86 0 65
3.96053 -8.4506 2.32995 
7.50438 -5.45855 0.737851
-6.14106 -8.05067 0.817158 
-4.34854 -5.80313 -2.79329
1.44097 -8.45858 1.21485 
3.71587 -8.40346 2.47985
2.36035 -5.00281 0.643229 
0.783535 -4.84484 4.6881
-2.46455 -4.67388 0.644525 
-1.69656 -3.9224 4.98157
-4.44932 -5.12516 -2.83581 
-1.69656 -3.9224 4.98157 
-6.14106 -8.05067 0.817158
4.5655 -0.75263 4.55843 
5.72631 -3.25747 3.31183
-6.82037 0.387225 -4.53154 
-4.44932 -5.12516 -2.83581
8.03535 0.55036 0.782912 
5.99606 -3.12313 3.08992
-6.05867 1.12254 -4.82657 
-6.82037 0.387225 -4.53154
6.20379 0.806809 -4.64209 
6.91705 -0.98679 -4.37444
-4.59806 3.23316 4.2559 
-4.60852 3.59809 4.08499 
-1.01386 7.40145 -0.336603
5.12373 4.54568 -0.265613 
5.95148 3.68316 2.79655
2.60385 6.62381 0.874941 
1.94919 7.22453 2.28401
1.9199 6.77975 -0.0563021 
0.821528 8.55907 0.119197
1.94919 7.22453 2.28401 
3.26442 5.31276 4.02315
-1.44941 8.78268 0.265747 
-1.44959 8.81467 0.28829
-1.47557 8.99845 0.358458 
-1.44941 8.78268 0.265747
4.86766 -4.27405 -2.7406 
5.09418 -4.39478 -2.98644
-3.92765 4.6355 -1.42539 
-4.50712 4.35989 -1.42113
-0.179125 2.38534 -3.44745 
0.29952 6.20509 -1.26814
-6.38935 3.96147 0.800261 
-6.38698 3.97704 0.896049
1.32057 -1.96869 5.86275 
1.26749 -2.05133 5.8274
5.09418 -4.39478 -2.98644 
5.89271 -6.7688 -2.59398
-6.38698 3.97704 0.896049 
-4.60852 3.59809 4.08499
-4.50712 4.35989 -1.42113 
0.29952 6.20509 -1.26814 
0.823055 8.756 0.204807 
-4.34854 -5.80313 -2.79329 
2.50179 3.9423 4.86966 
2.49792 3.9286 4.87808
0.783535 -4.84484 4.6881 
3.64329 -8.20746 2.71576
-0.491503 -2.67381 -2.7887 
-0.105503 -2.34381 -2.98524
5.95148 3.68316 2.79655 
2.04016 0.409521 5.6167 
3.26442 5.31276 4.02315 
2.50179 3.9423 4.86966
8.5377 -2.79744 -2.29392 
8.1563 -4.79805 -1.70647 
8.5377 -2.79744 -2.29392
-5.54428 1.12331 -5.14489 
-6.05867 1.12254 -4.82657
5.89271 -6.7688 -2.59398 
3.96053 -8.4506 2.32995
-0.105503 -2.34381 -2.98524 
-0.179125 2.38534 -3.44745
-8.65474 -2.93295 0.0856603 
-8.65474 -2.93295 0.0856603
7.50438 -5.45855 0.737851 
8.1563 -4.79805 -1.70647
2.04016 0.409521 5.6167
6.20379 0.806809 -4.64209
-1.01386 7.40145 -0.336603 
5.99606 -3.12313 3.08992 
1.26749 -2.05133 5.8274 
5.72631 -3.25747 3.31183 
3.64329 -8.20746 2.71576 
0 1
2 3
4 5
6 7
8 9
10 3
11 12
13 14
15 16
17 18
19 20
21 22
23 9
24 25
26 27
28 29
30 31
32 33
34 35
36 37
38 39
40 41
42 43
44 45
46 47
48 49
50 51
52 45
53 29
54 31
55 16
56 57
58 59
60 61
62 33
63 47
64 65
66 22
67 68
69 70
71 72
73 74
75 20
0 5
2 76
77 78
77 18
13 79
13 27
17 80
17 68
19 41
21 61
23 76
23 51
81 74
81 37
48 22
82 14
83 7
53 31
56 79
84 59
67 49
85 5
