1213 0 1003
-18.4875 -77.8847 -29.2176 
-15.3403 -78.9076 -27.7352
-15.227 -78.5735 -31.7055 
-12.1119 -78.6004 -34.4217
-2.37472 -76.0495 -31.698 
-1.53947 -73.9106 -36.4588
14.9993 -76.509 -15.7784 
6.44751 -71.1836 -13.4198
-8.21308 -74.3352 -8.6512 
-8.00879 -76.9728 -13.2516
-23.4154 -74.8427 -2.7231 
-12.326 -73.8114 -5.9653
-6.1152 -74.057 -44.8534 
23.3696 -74.1147 -12.2428 
27.6429 -71.5961 -18.7927
7.60155 -73.036 -24.5737 
11.2777 -73.4308 -37.0342
13.2361 -74.019 1.32992 
5.87051 -60.0914 3.83363
-35.0659 -71.2498 -10.8436 
-36.2732 -70.2694 3.23182
-12.326 -73.8114 -5.9653 
-27.6517 -72.2496 -11.1867
-12.3726 -73.722 8.49868 
-23.9296 -73.1351 1.59496
-27.6517 -72.2496 -11.1867 
-29.7216 -70.1473 -11.8812
13.0196 -71.678 -42.221 
8.94633 -70.3254 -37.1141
-12.8311 -70.5604 -51.499 
-6.97422 -71.4173 -48.744
-6.97422 -71.4173 -48.744 
-6.1152 -74.057 -44.8534
24.7771 -72.8142 -30.9166 
24.8005 -72.5435 -35.172
36.89 -67.3316 -7.446 
36.7284 -66.2668 -18.6771
-34.3329 -68.3125 7.01596 
-37.6313 -64.9304 9.05007
14.3533 -68.159 22.4727 
14.6621 -63.723 29.5078
26.8361 -71.5115 -30.2753 
36.4597 -65.7801 -31.9188
-24.7207 -68.1647 -50.3215 
-15.9565 -69.5434 -52.1372
-22.0881 -67.2074 13.7309 
-9.26207 -71.0429 12.5404
12.2181 -68.0928 20.8728 
3.31138 -60.2614 18.1284
13.9089 -68.4459 11.9765 
5.96312 -58.5764 4.07006
24.5862 -69.4968 -44.8001 
28.8393 -68.489 -7.677 
24.3276 -72.8412 -7.90124
37.5717 -66.3242 1.43974 
36.64 -60.4529 8.97245
-38.8205 -68.7868 -27.7325 
-46.0488 -64.9578 -10.9243
33.8968 -66.7438 -2.97739 
37.5717 -66.3242 1.43974
-6.13535 -62.7966 -49.2574 
-4.13595 -59.5681 -42.9666
-4.47239 -63.512 19.2699 
-2.04012 -58.7245 14.0802
38.9619 -64.5148 -20.1906 
40.895 -61.5872 -30.6753
-46.0488 -64.9578 -10.9243 
-35.0659 -71.2498 -10.8436
-18.8499 -63.2271 30.4789 
-26.5326 -48.9292 37.3785
1.29652 -66.0928 -16.3968 
5.63095 -52.8001 -10.2194
31.1878 -65.6954 -2.82649 
33.8968 -66.7438 -2.97739
-27.9907 -65.706 -0.472631 
-1.89303 -62.9678 -12.6473 
-3.09918 -71.7155 -10.762
3.31138 -60.2614 18.1284 
3.2496 -47.2883 12.2852
-13.4299 -62.8987 -7.19993 
3.07047 -58.7805 -19.3435 
1.29652 -66.0928 -16.3968
5.70188 -60.3779 3.97088 
10.582 -59.0491 34.3538 
29.9481 -62.5173 2.97977 
25.6975 -67.7658 6.40451
5.96312 -58.5764 4.07006 
36.64 -60.4529 8.97245 
28.5389 -59.4742 8.48093
-49.9699 -58.7491 0.00401839 
-42.0912 -56.7638 17.6441 
-32.9624 -51.7453 12.1922
-3.03201 -59.9779 -12.4155 
-13.4677 -52.9276 -13.3897
47.9548 -57.9224 -12.4783 
36.89 -67.3316 -7.446
-45.584 -57.432 -41.0784 
-43.2833 -59.3282 -42.8209
4.96493 -58.8556 -36.5613 
3.56016 -58.9818 -25.7297
3.96325 -57.2834 6.36332 
6.18421 -57.2423 2.54941 
9.12327 -55.1492 -1.17103
27.5514 -57.9329 -50.1503 
31.2456 -66.2084 -44.7046
-36.4174 -58.9413 10.7755 
-2.61659 -55.8255 -5.61614 
-12.3726 -73.722 8.49868
36.5491 -56.6979 10.9707 
-29.2417 -56.028 -52.3666 
-20.2494 -55.7781 -51.2748
-3.49486 -54.6294 -9.08504 
-3.03201 -59.9779 -12.4155
-3.56783 -55.1165 -18.438 
-0.353751 -71.8451 -25.6185
35.1861 -54.8722 14.4432 
32.6287 -59.9188 19.1841
-42.7432 -51.1121 -7.97387 
-46.4868 -62.843 -8.07191
-15.41 -52.6431 -44.2193 
-14.8128 -51.4158 -39.6263
34.4233 -53.4242 28.134 
34.6285 -53.3667 27.8879
40.1536 -51.6492 -44.4919 
41.8249 -60.7417 -32.8112
42.5559 -52.4768 18.3228 
56.8878 -47.6866 4.42203
49.7345 -52.5438 -12.5454 
52.1776 -51.5512 -8.72316
-13.4677 -52.9276 -13.3897 
-3.93624 -52.7762 -9.56955
5.00407 -50.6609 -8.04815 
5.63095 -52.8001 -10.2194 
8.18468 -70.4365 -3.6376
16.6612 -49.5511 -10.4709 
10.7009 -47.2253 -14.1452
37.9058 -52.0489 18.3514 
38.4596 -52.2318 18.4174
-58.4148 -47.3061 -11.9879 
-58.8577 -43.8672 -16.6825
-57.7877 -49.3175 7.12321 
-62.5649 -39.0418 9.23054
-33.7482 -52.2977 20.2968 
-32.3887 -56.0251 24.6714
-6.70955 -50.0762 -21.3712 
-3.56783 -55.1165 -18.438
-2.59258 -53.2375 -28.8235 
-5.77479 -49.0162 -24.0581
5.16489 -50.3108 -17.7425 
7.5022 -41.917 -19.4458
-2.9842 -47.9786 -9.56958 
37.8806 -51.9546 18.4376 
-41.1614 -46.0253 24.0004 
-42.0912 -56.7638 17.6441
-12.8421 -48.6555 -19.5281 
-16.7876 -45.4749 -23.0846
5.9736 -49.9228 -10.4928 
5.00407 -50.6609 -8.04815
39.0527 -47.4494 23.2183 
36.662 -49.1589 27.4036
-47.2951 -48.4567 -13.2593 
-51.4683 -53.4988 -17.443
54.1379 -44.176 -14.1644 
-54.4717 -45.4632 20.1805 
-57.7877 -49.3175 7.12321
-26.5326 -48.9292 37.3785 
-19.7862 -37.7806 45.61
-3.7215 -45.4431 10.4627 
-7.38378 -41.8193 11.8062
10.7009 -47.2253 -14.1452 
15.252 -45.6403 -17.4537
14.0345 -48.1683 -39.2612 
7.87484 -43.9895 -32.0452
-54.2774 -43.5468 -19.7216 
19.1717 -43.7 -39.3551 
23.6834 -45.7869 -42.0365
28.1349 -43.9024 -43.3073 
-7.31061 -43.7221 -25.4616 
49.8754 -41.9055 -35.9012 
54.3176 -41.2979 -24.9358
-29.1157 -42.6672 -45.9757 
-25.5988 -34.6848 -39.641
6.98699 -42.0095 19.9547 
5.23129 -41.6448 22.8915
-45.5585 -41.7447 -42.5113 
-43.898 -40.6871 -44.9097
-43.898 -40.6871 -44.9097 
-42.7439 -30.4353 -46.0311
-8.46129 -40.7932 -23.3063 
-15.9652 -21.433 -26.8869
7.5022 -41.917 -19.4458 
7.37981 -39.2983 -25.1408
11.8968 -40.7478 -17.4723 
48.3834 -42.2105 -15.6602 
54.1379 -44.176 -14.1644
-39.9013 -37.6012 31.0889 
-37.0081 -35.8033 21.8106
-22.2181 -39.1007 -37.783 
-22.5636 -38.0654 -36.0938
24.7819 -40.2859 35.9206 
24.3878 -41.2083 33.682
-62.0015 -36.3737 -15.4633 
-66.1665 -21.1929 -17.3043
-51.8048 -36.0557 18.2776 
-54.8332 -30.8979 23.4304
20.843 -38.1343 -19.2234 
20.8431 -38.1343 -19.2234
48.6531 -39.2389 -18.4918 
4.71844 -36.2182 14.2085 
3.02469 -31.2943 9.16442
41.6322 -37.5046 -40.1042 
40.2434 -41.4508 -42.695
61.4267 -36.0376 11.9529 
48.7349 -41.3385 25.6424
18.3288 -35.5185 -34.8762 
19.1717 -43.7 -39.3551
59.8544 -35.6363 -26.5527 
-58.8172 -38.4618 -37.969 
-45.584 -57.432 -41.0784
-43.7105 -35.4026 23.3432 
-46.3364 -43.0989 24.9377
-29.8795 -33.6473 42.8669 
-40.1556 -28.2798 40.7195
-4.88478 -31.8744 22.798 
-3.67065 -29.8761 21.3121
19.8843 -33.0377 -20.874 
19.8842 -33.0374 -20.874
33.0124 -34.0028 37.2801 
24.7819 -40.2859 35.9206
36.014 -36.3701 23.3159 
46.3154 -42.7811 25.7069
-61.1574 -32.9409 -9.17902 
-61.0543 -18.2871 -9.45261
-7.08557 -37.4169 -18.2526 
-2.68025 -40.3378 -1.85313
-51.9205 -31.7845 -43.3911 
-56.1139 -23.7441 -45.2677
-44.2346 -31.0815 36.2946 
-39.9013 -37.6012 31.0889
-11.4297 -30.7523 21.4102 
-11.4297 -30.7523 21.4102
10.7797 -31.8516 -18.5058 
4.11018 -40.3945 -11.0974
58.3883 -33.3622 1.31997 
60.8617 -38.5222 -2.82336
-56.2325 -30.0408 -3.14632 
-61.2323 -33.3433 -6.29249
55.7962 -28.0499 -8.48698 
64.8026 -22.2502 -5.9241
-23.4355 -30.09 40.9876 
-24.6685 -31.8952 42.6687
-4.8622 -27.138 48.8542 
-3.02188 -26.4474 45.9408
-2.4007 -28.6032 -1.85005 
0.289612 -12.0698 -24.6019
5.2833 -31.7107 45.7909 
3.62131 -27.6045 33.5025
34.9374 -30.6905 22.7041 
49.1426 -28.5161 30.4839
-47.7014 -26.2814 -41.0634 
-46.5564 -28.6 -43.8242
-46.5564 -28.6 -43.8242 
-51.9205 -31.7845 -43.3911
2.97443 -25.6137 3.09977 
2.79972 -25.5774 4.69469
10.7319 -27.2412 49.1967 
13.6756 -20.0655 52.2492
39.5948 -27.6755 -41.8643 
43.1902 -30.0741 -38.6067
-54.5526 -26.5654 26.3997 
-57.0429 -27.8129 23.1596
-38.6706 -26.7432 -45.4602 
-41.4799 -25.4852 -45.3392
38.8522 -26.0211 -42.4649 
43.595 -8.90419 -43.0256
48.0955 -27.4263 -39.4389 
52.0078 -28.5753 -40.1651
-41.4799 -25.4852 -45.3392 
-44.3392 -28.67 -44.9588
2.59135 -26.1108 6.80165 
-23.5131 -25.7262 46.1304 
-36.4129 -17.167 39.6189
-47.4171 -21.8849 -6.778 
-60.6964 -21.5978 -1.49726
-25.852 -22.8204 -36.6302 
-38.6706 -26.7432 -45.4602
-12.5456 -21.2062 53.175 
-15.0756 -7.19713 55.4344
6.37828 -22.06 26.7611 
4.68996 -23.1691 30.0614
-57.7469 -22.3489 -44.904 
-56.7916 -11.0982 -46.5073
-44.2903 -21.2097 36.6411 
-44.2346 -31.0815 36.2946
0.678544 -23.2689 11.476 
1.23183 -16.6852 19.9774
65.5821 -19.5928 -6.46232 
-60.6964 -21.5978 -1.49726 
-63.9165 -16.1269 6.61725
62.8286 -18.3365 11.3873 
62.9377 -16.0229 13.7913
-67.4242 -18.7839 -29.9633 
-64.8984 -11.8725 -34.1431
-61.8102 -19.5967 -14.8687 
-46.687 -19.0507 -46.2501 
-42.7302 -16.8661 1.19415 
-42.7302 -16.8661 1.19416
-4.86189 -18.0573 26.6807 
-3.14463 -16.833 27.0219
-1.6495 -18.4274 23.8651 
14.9146 -19.1614 -25.3837 
10.7797 -31.8516 -18.5058
58.467 -17.3462 6.36475 
65.2797 -13.768 -1.71725
-57.5545 -17.4501 -7.96465 
-41.284 -15.3918 32.8115 
-39.0892 -15.5905 29.4164
-28.4544 -13.0483 43.0843 
-34.0836 -12.6243 42.4915
-66.4944 -16.7797 -23.1865 
-67.7059 -18.6507 -27.0613
-63.3137 -12.5655 -22.6401 
-66.4944 -16.7797 -23.1865
-55.6097 -13.5768 -21.0895 
-63.0318 -11.0693 -12.3844
-42.3585 -14.1276 32.0288 
-42.6884 -13.9324 32.3809
-2.36226 -14.9795 29.4276 
-1.96389 -14.2161 33.4116
-1.86509 -13.2239 34.3078 
-3.19124 -4.02101 33.183
1.23183 -16.6852 19.9774 
-1.6495 -18.4274 23.8651
16.8334 -14.0804 -24.7804 
14.9146 -19.1614 -25.3837
49.7217 -12.4249 -1.63619 
48.451 -7.3775 -1.81808
65.2797 -13.768 -1.71725 
65.5821 -19.5928 -6.46232
62.9377 -16.0229 13.7913 
61.4799 -20.8307 22.1672
-23.8014 -10.6268 -25.9748 
-17.0016 -18.9207 -26.6201
40.6188 -12.2711 38.6404 
33.0124 -34.0028 37.2801
-34.0836 -12.6243 42.4915 
-36.5761 -4.65286 40.2643
4.57108 -14.7075 44.5882 
20.1458 -8.77358 -30.0096 
16.8334 -14.0804 -24.7804
23.7589 -10.2159 49.1388 
22.975 -7.56737 50.4517
22.9396 -10.5471 -32.9004 
20.1458 -8.77358 -30.0096
32.6367 -9.2386 -41.0536 
29.142 -11.977 -38.9052
38.5506 -9.14783 32.4978 
43.3049 -10.619 37.1505
-63.9165 -16.1269 6.61725 
-3.86309 -8.99144 52.4764 
51.6984 -10.2123 -1.73605 
49.7217 -12.4249 -1.63619
54.0334 -8.72087 -1.93142 
63.5174 -2.43972 -6.71561
61.6321 -10.9544 11.0004 
61.7984 -12.1953 11.232
67.0337 -10.454 -21.4978 
67.9715 -17.7361 -27.1526
65.2875 -6.34641 -8.90657 
-22.2903 -9.69864 -28.8369 
-52.4599 -6.52022 -1.24543 
-49.7366 -8.0562 -2.15944
-47.6247 -6.16274 31.3677 
-51.7817 5.79177 26.1443
-45.4088 -7.24442 33.1439 
43.595 -8.90419 -43.0256 
47.2955 -5.64385 -39.9249
54.7798 -5.81354 -19.1951 
64.5941 -2.81796 -10.284
-29.0369 -5.46072 -39.8766 
-31.1789 -4.33519 -41.6023
-0.011002 -8.29435 24.6623 
0.63368 -2.09573 24.9101
-36.5761 -4.65286 40.2643 
-33.2829 -1.04656 36.9164
-56.4374 -7.20143 23.0772 
-58.7242 -0.0112131 15.0704
-20.1888 -1.58338 53.5443 
-36.8494 12.2465 44.6524
29.3531 -4.09464 42.0641 
32.2728 -3.98437 43.2487
32.2728 -3.98437 43.2487 
33.7841 -5.27692 42.9959
39.465 -1.94175 -0.768595 
40.2988 18.8341 -9.59206
46.4984 -3.47431 36.0985 
44.8936 -9.97705 36.7286
-9.22105 -1.8789 -29.7523 
7.43969 -1.13209 -28.5276 
7.43969 -1.13209 -28.5276
-25.0075 -0.89665 -31.4557 
-26.1615 15.3135 -25.6661
0.63368 -2.09573 24.9101 
0.743628 14.1388 23.6702
51.3455 -0.671164 -40.5339 
52.5514 6.26562 -42.0405
63.5365 -1.1999 12.1693 
62.8185 2.26319 13.4835
-60.6849 -0.493343 2.73972 
-60.6812 -1.13071 12.7987
-51.1983 -1.03945 18.3783 
-43.0948 0.45346 -13.5312 
-43.0948 0.453467 -13.5312
-60.6812 -1.13071 12.7987 
-60.6843 -9.963 19.887
-53.5962 2.70435 -3.95146 
-52.4599 -6.52022 -1.24543
3.83603 -1.33057 42.7233 
5.66931 -2.85846 52.7814
58.6806 3.24231 -18.221 
65.13 6.58022 -21.9223
55.0577 2.19014 19.8703 
57.3182 1.70147 20.0179
-66.1154 2.81479 -23.3681 
31.5126 4.33482 45.7757 
-44.2534 6.05689 32.0076 
-46.3299 8.2236 27.8601
57.3117 9.10678 -18.5527 
62.7286 12.5439 -9.88397
-53.3089 4.90316 23.5961 
-21.2727 6.96988 52.5818 
-20.1888 -1.58338 53.5443
62.0918 5.82933 6.93079 
-59.5355 9.25494 -13.3437 
-61.4246 -7.0661 -9.25744
-4.95304 11.6897 52.6393 
-6.44339 19.2867 52.555
-1.919 9.22947 38.16 
-3.22968 -2.06685 51.5839
49.9908 8.57417 -1.72736 
49.9447 6.40807 -1.3333
-58.1355 10.2004 -10.3476 
-53.8595 15.8901 -9.52349
-42.126 12.6254 36.3071 
-41.1956 15.4615 32.725
-1.46252 14.3518 14.7983 
-1.35998 16.7333 15.9946
45.8307 11.0075 27.8376 
53.4583 10.6899 27.0649
52.6693 9.35494 -1.61934 
56.0136 19.9102 -5.53529
58.956 13.4379 17.9754 
55.9133 14.0519 23.6082
41.0272 13.7672 30.4972 
45.3788 8.76275 37.9148
-54.9105 14.9427 -45.9515 
-38.2628 25.8188 -49.4324
-41.2565 15.901 -1.52732 
-42.5749 26.5667 -1.53187
1.31939 16.4714 2.43004 
1.31944 16.4715 2.43003
23.3072 16.8544 -24.5187 
26.2635 -1.04415 -25.4963
43.8707 14.9997 22.9411 
49.3544 19.9602 27.5563
55.9133 14.0519 23.6082 
-58.252 15.5723 3.36392 
-54.8516 10.5183 19.4926
-49.5582 17.0633 18.1705 
-52.656 16.2909 16.8968
-0.318514 16.4726 21.9762 
40.8393 18.022 36.4177 
44.7387 22.3931 36.0597
58.4167 15.6204 18.1182 
58.956 13.4379 17.9754
3.67255 17.3855 38.0394 
3.74777 10.8889 51.1076
1.18817 20.3616 -22.1525 
-2.75546 21.0066 -22.415
37.4317 21.9035 0.511033 
41.3827 22.929 -4.06437
-46.0061 21.324 18.7601 
-49.653 22.8325 23.7093
-6.44339 19.2867 52.555 
-20.1247 19.6218 51.5451
-6.51047 21.7202 4.12348 
-6.51047 21.7202 4.12347
-0.146705 22.6217 22.4854 
1.26504 24.9133 25.4217
19.3576 23.3752 -40.2878 
20.5361 11.4969 -35.9171
51.8689 21.261 -3.09203 
-56.0124 21.0612 -42.3203 
-46.5259 32.1275 -42.9609
-49.653 22.8325 23.7093 
-48.1306 18.7905 27.4629
1.01399 22.4535 15.2858 
1.50358 -3.65146 14.5587
19.7175 25.6393 -28.8938 
17.9841 29.9198 -33.0166
49.1275 22.5641 -2.42099 
52.3291 31.0344 1.22682
48.4183 23.8491 16.6033 
57.1736 21.6658 8.20698
58.8927 21.0659 -36.3761 
51.0396 17.2231 -44.966
-37.107 28.1308 -2.31156 
-36.8324 29.3851 -9.70593
6.89316 26.1791 52.362 
19.616 35.976 48.6157
25.8592 24.0147 49.9791 
24.3017 -2.27011 48.627
-38.2628 25.8188 -49.4324 
-34.0755 9.94499 -46.8066
-27.415 27.1508 -45.6594 
-24.2254 18.9747 -40.7029
-2.03739 24.8355 12.0522 
-2.40802 30.1988 -2.13462
18.3092 28.0813 -39.8499 
26.4421 26.8974 47.7525 
-50.5232 26.6552 1.30981 
-52.9333 32.3688 9.5273
52.3291 31.0344 1.22682 
48.7733 36.0178 -3.55799
-38.7458 30.5372 -46.676 
-31.3366 36.4534 -43.3628
-41.4544 31.3834 -45.5571 
-39.2356 29.7216 0.124996 
-21.4052 31.5031 -23.3385 
-26.696 31.2001 -21.9834
-50.1503 31.7172 23.4028 
-32.0548 29.3276 39.7836 
-37.4538 28.0554 38.5444
-5.65244 33.9658 -18.2263 
-21.4052 31.5031 -23.3385
-0.965705 31.0191 20.2145 
-3.51853 49.5187 -2.91868
38.8524 32.177 -2.62412 
-52.9333 32.3688 9.5273 
-50.5232 26.6552 1.30981
-49.4455 34.1836 -19.2102 
-36.5412 33.7712 -7.82417 
18.2238 34.2219 -23.0417 
27.8209 36.1526 -20.8527
26.4691 33.7589 41.9344 
30.273 35.3273 41.4287
37.8476 31.8319 -10.2677 
37.6105 36.6436 -5.13714
41.3228 33.4649 -48.4684 
-39.7638 33.9841 33.3691 
26.6306 36.9613 -50.3105 
24.2086 37.1378 -48.616
-47.9507 36.9363 -6.85593 
-38.4819 32.86 -3.47292
3.62749 35.8452 -18.7483 
18.2238 34.2219 -23.0417
30.273 35.3273 41.4287 
30.9336 40.5175 38.6026
43.2969 36.3224 32.4872 
34.0915 42.2302 34.7255
-1.44592 39.4098 -12.399 
-0.0783004 39.306 -4.88172
-53.0156 39.1347 1.61825 
-47.9507 36.9363 -6.85593
-0.0783004 39.306 -4.88172 
1.76351 31.3017 24.4434
18.5582 35.993 -35.0703 
33.4105 47.1505 -28.7863
28.9392 41.6693 38.856 
41.7291 41.2718 -6.08505 
41.9128 45.8417 -10.2387
46.5837 42.3208 -34.7938 
55.1671 34.2207 -28.8742
-25.256 44.0005 32.0558 
-24.0112 50.6155 35.3552
29.1923 45.536 23.5535 
30.6071 46.7003 26.3653
18.7684 44.466 44.5605 
6.48801 40.5277 48.5367
-32.1445 48.0178 29.0985 
-31.9035 40.1281 31.4216
-27.0971 47.9139 29.1684 
-32.1445 48.0178 29.0985
3.13909 47.8135 23.8549 
2.42993 48.4619 26.0384
30.6071 46.7003 26.3653 
31.4148 46.3578 29.6369
-47.9133 46.6286 -8.92106 
-6.10104 45.1774 43.4942 
-4.03949 29.6282 46.9958
5.00464 45.8433 44.0616 
1.92535 55.4445 35.8189
42.8687 48.4836 28.8098 
43.2969 36.3224 32.4872
-2.60982 49.209 -14.1636 
-1.33821 46.4821 -12.9773
-3.51853 49.5187 -2.91868 
-1.44592 39.4098 -12.399
33.4105 47.1505 -28.7863 
38.3275 40.9054 -21.0107
52.3125 47.6253 3.00347 
47.019 52.5158 16.6283
-5.52389 50.7391 38.6638 
-4.66747 56.2757 30.6014
15.0674 53.3525 -18.4021 
16.5964 38.0624 -22.4956
27.7884 52.2786 25.8581 
20.9397 70.0986 25.4044
44.3754 53.6469 -9.09748 
43.4278 46.9258 -9.8256
46.4356 52.817 -7.11591 
44.3754 53.6469 -9.09748
-3.98397 53.5283 13.1855 
-2.45073 25.1427 33.2328
42.1525 50.3907 26.2998 
43.8778 48.98 26.74
47.019 52.5158 16.6283 
42.1525 50.3907 26.2998
-47.9344 54.3257 -3.70512 
-47.9133 46.6286 -8.92106
-25.3346 55.2372 32.0957 
-27.0377 53.3724 27.1584
1.92535 55.4445 35.8189 
4.77163 62.1575 30.4478
-5.32398 57.3516 31.0801 
-9.12056 64.8357 28.8506
-31.1297 59.3075 22.1047 
-28.4867 58.2751 22.6589
-24.0606 65.5876 23.11 
-22.1171 70.5089 19.6475
6.94665 63.7953 31.7513 
8.64018 69.3828 28.2314
1.18961 63.6158 6.51618 
-1.85188 49.4201 -12.4112
-9.12056 64.8357 28.8506 
-8.95961 65.9805 27.5817
-5.26776 67.6093 17.9723 
-4.47653 64.6782 16.0259
11.7109 64.9317 -15.6403 
15.0674 53.3525 -18.4021
-5.58254 68.7279 -12.2214 
-14.7728 60.1912 -16.451
35.9127 66.9218 -4.36003 
25.719 74.2889 0.321293
40.2649 67.5804 1.59478 
35.9127 66.9218 -4.36003
-32.4609 69.9012 5.74255 
-20.1189 75.1843 1.44219
-26.0941 69.5079 13.4499 
-23.3728 70.9976 16.4735
4.59345 69.9028 -15.4905 
11.7109 64.9317 -15.6403
32.1717 70.9378 11.7334 
40.2649 67.5804 1.59478
-15.996 73.1715 20.1835 
-6.4724 72.1415 -9.58378 
-5.58254 68.7279 -12.2214
-15.6317 75.7595 14.2244 
-13.9681 75.0573 16.2575 
-9.56282 74.5507 13.2835
6.33448 73.4544 18.634 
5.39836 70.4966 22.801
25.6975 -67.7658 6.40451 
14.796 -74.3322 1.86719
-30.5402 -56.8578 10.7279 
-29.6113 -60.7748 14.6579
25.1672 -51.4558 -43.0484 
40.1536 -51.6492 -44.4919
23.0242 -46.0619 -41.8135 
46.3306 -46.3744 -11.5176 
48.9238 -50.8182 -13.2355
4.5872 -41.9276 9.28509 
-35.3884 -41.1756 20.7356 
-41.1614 -46.0253 24.0004
-32.2446 -39.4027 22.686 
-32.1508 -45.1832 28.8509
30.024 -34.328 24.9123 
33.7062 -45.1505 31.8917
5.31764 -31.3008 25.3172 
4.11256 -38.9511 25.5628
48.5164 -19.58 -40.5506 
62.5727 1.04763 -37.6859
1.73191 -11.3753 23.318 
41.8888 -3.31372 -4.77948 
26.2635 -1.04415 -25.4963 
24.3017 -2.27011 48.627 
25.5567 -1.05794 40.6417 
-42.4855 1.47316 -1.40806 
-50.4693 3.54599 -4.02387
-41.4247 1.0879 33.0888 
-44.2534 6.05689 32.0076
-40.7841 8.90115 -2.41621 
-40.9684 17.7813 -9.6344
-35.2367 9.79624 -47.6153 
-40.2007 13.3502 -16.7054 
40.4856 13.6909 -1.00595 
40.6622 19.0412 -7.58183
-24.0645 14.0232 -24.6865 
27.3829 27.7813 44.3425 
26.4421 26.8974 47.7525
50.541 31.5942 14.8825 
48.7733 36.0178 -3.55799 
52.3125 47.6253 3.00347
-9.56282 74.5507 13.2835 
-7.3708 72.9588 12.193
14.7857 -37.2469 -17.0461 
47.887 2.38462 1.05074 
-26.8147 38.8129 28.936 
-50.6527 38.036 11.7166 
-52.2695 35.7984 9.62497
20.8468 74.5735 9.0623 
1.20694 70.7812 3.21137
54.7208 -21.9046 -11.7422 
59.49 -23.0007 -15.4838
-31.2841 -71.69 -32.8316 
-18.4875 -77.8847 -29.2176
24.8005 -72.5435 -35.172 
24.7771 -72.8142 -30.9166
-26.0146 -64.8372 -52.3079 
-29.2417 -56.028 -52.3666
24.2059 -65.2403 11.2424 
23.9585 -66.9961 9.27136
-1.93233 -58.134 8.81497 
-51.4683 -53.4988 -17.443 
-67.9299 -21.824 -22.2479
46.0976 -44.7484 -35.5818 
49.8754 -41.9055 -35.9012
-32.1508 -45.1832 28.8509 
-20.7026 -46.0959 -42.8352 
-15.41 -52.6431 -44.2193
5.23129 -41.6448 22.8915 
10.582 -59.0491 34.3538
54.3176 -41.2979 -24.9358 
50.3835 -50.6537 -26.8689
2.63955 -39.5766 -3.45753 
34.5968 -32.4264 -42.3799 
38.8522 -26.0211 -42.4649
-40.1556 -28.2798 40.7195 
-57.0429 -27.8129 23.1596 
24.3851 -27.1822 46.8128 
31.631 -22.161 42.866
2.58034 -24.5318 6.20606 
0.678544 -23.2689 11.476
-17.0016 -18.9207 -26.6201 
-51.6206 -15.8638 29.0697 
-43.6035 -16.4477 33.6077
53.0752 -10.8476 -0.0710841 
-60.6843 -9.963 19.887 
-56.4374 -7.20143 23.0772
56.348 -9.23773 27.4511 
-50.4649 -8.0838 25.035 
-47.6247 -6.16274 31.3677
30.1227 -5.86029 -39.4256 
-34.0755 9.94499 -46.8066 
-34.3054 0.253371 -43.97
-1.35998 16.7333 15.9946 
-0.318514 16.4726 21.9762
55.6893 15.6171 -22.1357 
59.2168 15.3646 -23.3932
59.2168 15.3646 -23.3932 
-27.6017 21.6075 -26.2268 
-0.206467 19.2953 22.0977 
0.0537932 21.0254 21.4471
-48.1306 18.7905 27.4629 
59.1154 18.8786 -7.07616 
-4.31234 26.4098 47.9835 
17.9841 29.9198 -33.0166 
18.5582 35.993 -35.0703
2.8573 31.8083 35.076 
3.86118 32.5837 47.8848
1.76351 31.3017 24.4434 
24.2086 37.1378 -48.616 
29.1206 23.7876 -50.3932
27.8209 36.1526 -20.8527 
37.8476 31.8319 -10.2677
-22.7378 39.8392 42.1862 
-32.0548 29.3276 39.7836
-1.33821 46.4821 -12.9773 
31.4148 46.3578 29.6369 
-16.2917 52.1913 40.7048 
14.5969 52.0814 42.1782 
18.7684 44.466 44.5605
-22.3403 61.316 -10.3205 
-18.392 74.0514 -2.20271
35.558 63.2975 20.5972 
21.6567 73.2058 19.3009
57.3182 1.70147 20.0179 
-6.91558 74.7493 0.244774 
-6.4724 72.1415 -9.58378
-0.353751 -71.8451 -25.6185 
-2.37472 -76.0495 -31.698
23.9585 -66.9961 9.27136 
13.9089 -68.4459 11.9765
-54.8332 -30.8979 23.4304 
-54.5526 -26.5654 26.3997
3.02469 -31.2943 9.16442 
2.63955 -39.5766 -3.45753
38.2931 -12.2752 39.3801 
-41.3293 8.36611 -11.5092 
-49.2492 38.7242 -28.084 
-44.4082 33.6393 -42.5609
24.2425 -73.2405 -28.7017 
14.9993 -76.509 -15.7784
-15.3403 -78.9076 -27.7352 
-15.227 -78.5735 -31.7055
-11.5396 -77.1015 -42.6354 
-8.00879 -76.9728 -13.2516 
24.3276 -72.8412 -7.90124 
23.3696 -74.1147 -12.2428
20.4127 -68.3804 -47.2761 
27.5514 -57.9329 -50.1503
36.7284 -66.2668 -18.6771 
45.5144 -60.4468 2.58636 
32.6287 -59.9188 19.1841 
26.5012 -64.0761 21.5674
3.56016 -58.9818 -25.7297 
3.07047 -58.7805 -19.3435
-2.92108 -56.5039 -38.7018 
-2.59258 -53.2375 -28.8235
21.7084 -51.6236 38.6416 
8.09229 -45.2404 42.5769
-46.3364 -43.0989 24.9377 
-54.4521 -43.8732 21.1773
-2.01242 -45.9785 0.883964 
-2.61659 -55.8255 -5.61614
7.87484 -43.9895 -32.0452 
60.6058 -37.5672 -12.5231 
46.3154 -42.7811 25.7069 
46.8915 -50.0108 20.5998
-62.5649 -39.0418 9.23054 
-61.6472 -35.4088 12.7803 
60.5828 -27.03 -36.4445 
59.8544 -35.6363 -26.5527
65.2154 -27.2984 1.44227 
61.9849 -35.0831 10.7335
4.68996 -23.1691 30.0614 
-47.2435 -12.521 -46.6382 
-48.3379 -0.321644 -44.3802
-63.0318 -11.0693 -12.3844 
61.7984 -12.1953 11.232 
53.0752 -10.8476 -0.0710841
68.0322 -9.06544 -23.2691 
5.66931 -2.85846 52.7814 
7.90123 -7.92122 53.5162
20.8559 -2.95527 -29.5145 
45.3788 8.76275 37.9148 
31.5126 4.33482 45.7757
-65.9309 11.0794 -24.2183 
-59.0614 22.0857 -29.7284
31.3407 13.8978 48.466 
62.7286 12.5439 -9.88397 
64.2143 -0.647262 -8.53987
-20.1247 19.6218 51.5451 
-22.7378 39.8392 42.1862
-59.743 19.8436 -21.6811 
51.2111 19.6532 -2.36478 
38.3112 24.9967 -15.2504 
40.0235 20.1748 -10.8835
-42.5749 26.5667 -1.53187 
-2.45073 25.1427 33.2328 
-1.919 9.22947 38.16
41.8741 26.473 39.1964 
37.8736 25.1402 42.2332
55.6113 29.9258 -35.5266 
51.966 31.9518 24.0541 
2.85523 39.1991 32.4577 
18.7991 36.0128 -40.6899 
22.6957 39.8455 -45.3652
-36.3529 41.6111 -30.7844 
-45.546 40.0311 -25.051
-15.207 47.9473 43.6295 
-16.2917 52.1913 40.7048
40.4534 49.9878 27.4564 
1.16806 63.6028 -16.2686 
3.62749 35.8452 -18.7483
-14.2267 63.5517 32.0869 
-5.32398 57.3516 31.0801
4.77163 62.1575 30.4478 
-5.56915 72.7235 6.58202 
-3.02723 52.4668 -12.6394
1.20694 70.7812 3.21137 
1.18961 63.6158 6.51618
21.6567 73.2058 19.3009 
-13.7131 76.3015 -0.309575 
-39.7698 13.0977 -0.631224 
-41.2565 15.901 -1.52732
-29.6113 -60.7748 14.6579 
-54.8516 10.5183 19.4926 
3.98252 29.0886 48.822 
6.89316 26.1791 52.362
20.9397 70.0986 25.4044 
11.2777 -73.4308 -37.0342 
13.0196 -71.678 -42.221
-8.24699 -47.0218 41.9496 
63.8494 -29.0357 12.5141 
-34.3054 0.253371 -43.97 
-6.57838 6.6106 54.2979 
-46.3299 8.2236 27.8601 
49.3544 19.9602 27.5563 
30.9336 40.5175 38.6026 
-7.3708 72.9588 12.193 
-5.26776 67.6093 17.9723
19.6249 57.3586 37.0232 
6.94665 63.7953 31.7513
-54.5427 -45.4644 20.1133 
-54.4717 -45.4632 20.1805
49.4038 -3.49749 25.137 
49.4038 -3.49749 25.137
-52.2695 35.7984 9.62497 
-53.0156 39.1347 1.61825
-18.7822 -77.7039 -31.3614 
-1.53947 -73.9106 -36.4588 
-39.271 -64.5145 -43.2151 
-24.7207 -68.1647 -50.3215
-15.8899 -63.5666 -54.8405 
-19.8532 -60.8857 -54.4652
8.09229 -45.2404 42.5769 
8.69564 -39.0947 47.2009
50.3835 -50.6537 -26.8689 
-2.1953 -44.3348 -2.11911 
-2.9842 -47.9786 -9.56958
4.11256 -38.9511 25.5628 
-1.87524 -31.4262 16.836 
-8.24699 -47.0218 41.9496
52.0078 -28.5753 -40.1651 
67.9715 -17.7361 -27.1526 
60.5828 -27.03 -36.4445
-66.9008 -19.7441 -20.7738 
49.4704 -13.0732 35.498 
50.1234 -1.70179 28.8632 
-61.4246 -7.0661 -9.25744 
48.6541 -1.04628 33.9205 
64.2143 -0.647262 -8.53987 
-50.4693 3.54599 -4.02387 
-58.0711 5.26178 -2.97531 
-60.6849 -0.493343 2.73972
3.74777 10.8889 51.1076 
40.2988 18.8341 -9.59206 
37.8736 25.1402 42.2332 
32.5383 34.6587 41.5236
-4.03949 29.6282 46.9958 
-6.10104 45.1774 43.4942
39.0117 28.092 -9.38452 
39.1679 24.9789 -11.6377
38.3275 40.9054 -21.0107 
38.3112 24.9967 -15.2504
-2.56047 50.4817 -12.8814 
-37.6806 49.0039 27.5562 
-50.1503 31.7172 23.4028
-15.4506 53.062 -18.8295 
-16.6059 44.14 -21.0189
43.9114 61.8794 12.8037 
35.558 63.2975 20.5972
-46.4868 -62.843 -8.07191 
60.8617 -38.5222 -2.82336 
-67.7059 -18.6507 -27.0613 
25.719 74.2889 0.321293 
32.1717 70.9378 11.7334
8.69564 -39.0947 47.2009 
5.2833 -31.7107 45.7909
65.1329 -6.59632 -7.45848 
-14.7728 60.1912 -16.451 
-22.3403 61.316 -10.3205
-24.173 -66.4907 16.3402 
-22.0881 -67.2074 13.7309
-1.96389 -14.2161 33.4116 
-54.0974 -9.32313 24.8379 
-50.4649 -8.0838 25.035
34.7012 -9.67141 43.3929 
62.7429 -0.0117253 6.3316 
0.0537932 21.0254 21.4471 
1.01399 22.4535 15.2858
3.86118 32.5837 47.8848 
3.98252 29.0886 48.822
-16.6059 44.14 -21.0189 
43.8778 48.98 26.74 
51.966 31.9518 24.0541
41.6177 66.2284 1.69463 
43.9114 61.8794 12.8037
48.451 -7.3775 -1.81808 
51.6984 -10.2123 -1.73605
3.59962 -54.8544 -22.948 
-5.17042 -44.4459 39.6549 
4.58787 -68.9904 -16.0887 
6.8301 -68.0766 -33.9393 
7.60155 -73.036 -24.5737
36.4597 -65.7801 -31.9188 
-42.0444 -59.9302 -44.1936 
-39.271 -64.5145 -43.2151
33.7062 -45.1505 31.8917 
21.7305 -36.522 43.8447 
-24.6685 -31.8952 42.6687 
-29.8795 -33.6473 42.8669
0.785948 -23.8467 12.5787 
-1.87524 -31.4262 16.836
61.4799 -20.8307 22.1672 
-2.18516 -14.7625 27.4722 
-0.011002 -8.29435 24.6623
43.3049 -10.619 37.1505 
40.6188 -12.2711 38.6404
64.5941 -2.81796 -10.284 
65.2875 -6.34641 -8.90657
-25.0684 16.4628 -40.9083 
-25.0075 -0.89665 -31.4557
-40.9684 17.7813 -9.6344 
56.4293 22.5011 -7.42035 
-31.9035 40.1281 31.4216 
-39.7638 33.9841 33.3691
22.6957 39.8455 -45.3652 
-45.546 40.0311 -25.051 
-49.4455 34.1836 -19.2102
-3.02723 52.4668 -12.6394 
-43.8825 -20.5708 -45.838 
-7.32199 -39.4086 -19.5221 
-34.423 49.4024 28.3628 
-1.94163 -51.8129 10.7974 
-1.93233 -58.134 8.81497
6.8523 -48.8274 -11.9156 
-42.4387 32.9573 -44.2018 
40.0235 20.1748 -10.8835 
7.21512 -56.2446 -42.157 
-6.13363 -33.7796 46.4967 
-23.5131 -25.7262 46.1304
14.6621 -63.723 29.5078 
-15.2094 -64.5087 28.307 
-24.173 -66.4907 16.3402
4.47614 -54.1235 0.253029 
-43.6035 -16.4477 33.6077 
-44.2903 -21.2097 36.6411
-38.0171 26.8406 -48.8026 
-27.415 27.1508 -45.6594
13.6756 -20.0655 52.2492 
24.3851 -27.1822 46.8128
-18.7822 -77.7039 -31.3614
-11.5396 -77.1015 -42.6354
4.58787 -68.9904 -16.0887
-38.8205 -68.7868 -27.7325
20.4127 -68.3804 -47.2761
-36.2732 -70.2694 3.23182 
-34.3329 -68.3125 7.01596
-6.13535 -62.7966 -49.2574
26.8361 -71.5115 -30.2753
24.2425 -73.2405 -28.7017
12.2181 -68.0928 20.8728
-26.0146 -64.8372 -52.3079
-31.2841 -71.69 -32.8316
-15.8899 -63.5666 -54.8405
-15.2094 -64.5087 28.307
47.9548 -57.9224 -12.4783
-1.89303 -62.9678 -12.6473
21.7084 -51.6236 38.6416
3.96325 -57.2834 6.36332
6.18421 -57.2423 2.54941
45.5144 -60.4468 2.58636
-58.4148 -47.3061 -11.9879
49.7345 -52.5438 -12.5454
-4.13595 -59.5681 -42.9666 
-2.92108 -56.5039 -38.7018
6.8301 -68.0766 -33.9393
7.21512 -56.2446 -42.157
3.59962 -54.8544 -22.948
4.47614 -54.1235 0.253029
-3.49486 -54.6294 -9.08504
-42.0444 -59.9302 -44.1936
-12.8421 -48.6555 -19.5281
5.9736 -49.9228 -10.4928
6.8523 -48.8274 -11.9156
52.1776 -51.5512 -8.72316 
56.8878 -47.6866 4.42203 
-2.01242 -45.9785 0.883964
-1.94163 -51.8129 10.7974
-58.8577 -43.8672 -16.6825 
-62.0015 -36.3737 -15.4633
34.5968 -32.4264 -42.3799
-22.2181 -39.1007 -37.783
-8.46129 -40.7932 -23.3063
-20.7026 -46.0959 -42.8352
-7.32199 -39.4086 -19.5221
21.7305 -36.522 43.8447
-61.1574 -32.9409 -9.17902
-19.7862 -37.7806 45.61 
-67.4242 -18.7839 -29.9633
-25.5988 -34.6848 -39.641 
-25.852 -22.8204 -36.6302
-3.67065 -29.8761 21.3121 
-12.5456 -21.2062 53.175
-6.13363 -33.7796 46.4967
10.7319 -27.2412 49.1967
-51.6206 -15.8638 29.0697
-3.02188 -26.4474 45.9408 
-5.17042 -44.4459 39.6549
2.79972 -25.5774 4.69469 
2.59135 -26.1108 6.80165
2.58034 -24.5318 6.20606
64.8026 -22.2502 -5.9241 
65.2154 -27.2984 1.44227
-29.0369 -5.46072 -39.8766
0.785948 -23.8467 12.5787
-61.6472 -35.4088 12.7803
-43.8825 -20.5708 -45.838
-47.2435 -12.521 -46.6382
-66.9008 -19.7441 -20.7738
-2.18516 -14.7625 27.4722
-3.86309 -8.99144 52.4764
1.73191 -11.3753 23.318
-56.7916 -11.0982 -46.5073 
-22.2903 -9.69864 -28.8369
38.2931 -12.2752 39.3801
30.1227 -5.86029 -39.4256
54.0334 -8.72087 -1.93142
68.0322 -9.06544 -23.2691
65.1329 -6.59632 -7.45848
-45.4088 -7.24442 33.1439
22.975 -7.56737 50.4517 
-54.0974 -9.32313 24.8379
48.6541 -1.04628 33.9205
-9.22105 -1.8789 -29.7523
63.5174 -2.43972 -6.71561 
-31.1789 -4.33519 -41.6023 
56.348 -9.23773 27.4511
62.7429 -0.0117253 6.3316
-53.3089 4.90316 23.5961
-58.0711 5.26178 -2.97531
-65.9309 11.0794 -24.2183
-42.126 12.6254 36.3071
-6.57838 6.6106 54.2979
52.6693 9.35494 -1.61934
-59.743 19.8436 -21.6811
-58.1355 10.2004 -10.3476
51.2111 19.6532 -2.36478
-56.0124 21.0612 -42.3203
-58.252 15.5723 3.36392
-26.1615 15.3135 -25.6661 
-27.6017 21.6075 -26.2268
58.4167 15.6204 18.1182
-0.206467 19.2953 22.0977
-4.31234 26.4098 47.9835
-0.965705 31.0191 20.2145
18.3092 28.0813 -39.8499
44.7387 22.3931 36.0597 
41.8741 26.473 39.1964
49.1275 22.5641 -2.42099
56.0136 19.9102 -5.53529 
59.1154 18.8786 -7.07616
56.4293 22.5011 -7.42035
41.3827 22.929 -4.06437 
39.0117 28.092 -9.38452
55.6113 29.9258 -35.5266
31.3407 13.8978 48.466
-38.0171 26.8406 -48.8026
18.7991 36.0128 -40.6899
-41.4544 31.3834 -45.5571
-42.4387 32.9573 -44.2018
-2.60982 49.209 -14.1636
-49.2492 38.7242 -28.084
19.616 35.976 48.6157 
-37.6806 49.0039 27.5562
-15.207 47.9473 43.6295
-5.52389 50.7391 38.6638
2.42993 48.4619 26.0384 
14.5969 52.0814 42.1782
2.85523 39.1991 32.4577
40.4534 49.9878 27.4564
-2.56047 50.4817 -12.8814
-3.98397 53.5283 13.1855
46.4356 52.817 -7.11591
-24.0112 50.6155 35.3552 
-25.3346 55.2372 32.0957
41.6177 66.2284 1.69463
-31.1297 59.3075 22.1047
-14.2267 63.5517 32.0869
-34.423 49.4024 28.3628
6.33448 73.4544 18.634
1.16806 63.6028 -16.2686
-23.3728 70.9976 16.4735 
-22.1171 70.5089 19.6475 
-15.996 73.1715 20.1835
-13.9681 75.0573 16.2575
-13.7131 76.3015 -0.309575
-20.1189 75.1843 1.44219 
20.8559 -2.95527 -29.5145
-3.14463 -16.833 27.0219 
-2.04012 -58.7245 14.0802 
-20.2494 -55.7781 -51.2748 
34.6285 -53.3667 27.8879 
49.4704 -13.0732 35.498
-25.0684 16.4628 -40.9083
-26.696 31.2001 -21.9834 
19.6249 57.3586 37.0232
8.64018 69.3828 28.2314 
-2.68025 -40.3378 -1.85313 
-2.1953 -44.3348 -2.11911
-5.56915 72.7235 6.58202
43.4278 46.9258 -9.8256 
-3.09918 -71.7155 -10.762 
34.7012 -9.67141 43.3929
48.7349 -41.3385 25.6424 
-42.7439 -30.4353 -46.0311 
63.8494 -29.0357 12.5141
-67.9299 -21.824 -22.2479 
-48.3379 -0.321644 -44.3802 
52.5514 6.26562 -42.0405 
-1.85188 49.4201 -12.4112 
-46.5259 32.1275 -42.9609 
50.1234 -1.70179 28.8632
8.18468 -70.4365 -3.6376 
65.13 6.58022 -21.9223 
-24.2254 18.9747 -40.7029 
6.48801 40.5277 48.5367 
41.8249 -60.7417 -32.8112 
8.94633 -70.3254 -37.1141 
-43.2833 -59.3282 -42.8209 
44.8936 -9.97705 36.7286 
0 1
2 3
4 5
6 7
8 9
10 11
12 5
13 14
15 16
17 18
19 20
21 22
23 24
25 26
27 28
29 30
31 32
33 34
35 36
37 38
39 40
41 42
43 44
45 46
47 48
49 50
51 34
52 53
54 55
56 57
58 59
60 61
62 63
64 65
66 67
68 69
70 71
72 73
74 24
75 76
77 78
79 11
80 81
82 18
83 40
84 85
86 18
87 88
89 38
90 91
92 93
94 95
96 97
98 99
100 48
101 102
103 104
105 38
106 107
108 55
109 110
111 112
113 114
115 116
117 118
119 120
121 122
123 124
125 126
127 128
129 130
131 71
132 133
134 135
136 137
138 139
140 141
142 143
144 145
146 147
148 149
150 130
151 137
152 153
154 155
156 157
158 159
160 161
162 128
163 164
165 166
167 168
169 170
171 172
173 139
174 175
176 175
177 147
178 179
180 181
182 183
184 185
186 187
188 189
190 191
192 149
193 194
195 196
197 198
199 200
201 202
203 204
205 206
207 179
208 209
210 211
212 213
214 215
216 179
217 218
219 220
221 222
223 224
225 226
227 228
229 230
231 232
233 234
235 236
237 238
239 240
241 242
243 244
245 246
247 248
249 250
251 252
253 254
255 256
257 258
259 260
261 262
263 264
265 266
267 268
269 270
271 272
273 274
275 276
277 278
279 209
280 281
282 283
284 285
286 287
288 289
290 291
292 293
294 295
296 248
297 298
299 300
301 302
303 202
304 236
305 306
307 308
309 224
310 311
312 313
314 232
315 316
317 318
319 320
321 322
323 324
325 326
327 328
329 330
331 332
333 334
335 336
337 338
339 340
341 342
343 344
345 346
347 266
348 349
350 351
352 353
354 355
356 357
358 270
359 287
360 361
362 363
364 365
366 367
368 338
369 342
370 371
372 373
374 326
375 376
377 378
379 380
381 382
383 384
385 386
387 388
389 390
391 392
393 394
395 396
397 254
398 399
400 401
402 403
404 405
406 407
408 409
410 386
411 412
413 414
415 416
417 418
419 420
421 422
423 291
424 390
425 426
427 428
429 373
430 431
432 407
433 434
435 436
437 438
439 440
441 442
443 444
445 446
447 448
449 450
451 452
453 454
455 456
457 458
459 460
461 462
463 464
465 448
466 467
468 469
470 403
471 472
473 474
475 476
477 478
479 480
481 482
483 484
485 486
487 488
489 490
491 450
492 493
494 495
496 497
498 499
500 501
502 503
504 505
506 507
508 509
510 511
512 513
514 515
516 517
518 499
519 509
520 521
522 523
524 525
526 493
527 458
528 529
530 482
531 532
533 534
535 536
537 523
538 539
540 442
541 507
542 543
544 545
546 547
548 505
549 532
550 551
552 553
554 555
556 557
558 559
560 561
562 563
564 565
566 567
568 557
569 570
571 572
573 574
575 576
577 578
579 580
581 582
583 584
585 586
587 529
588 589
590 591
592 593
594 595
596 597
598 599
600 601
602 603
604 605
606 607
608 609
610 611
612 613
614 615
616 617
618 619
620 621
622 623
624 625
626 627
628 629
630 631
632 633
634 635
636 637
638 639
640 641
642 643
644 645
646 647
648 649
650 651
652 653
654 635
655 656
657 649
658 659
660 661
662 663
664 665
666 667
668 175
669 670
671 78
672 673
674 675
676 677
678 679
680 681
682 488
683 440
684 349
685 351
686 511
687 688
689 690
691 692
693 513
694 692
695 696
697 401
698 699
700 501
701 702
703 704
705 311
706 440
707 580
708 709
710 711
712 713
714 715
716 717
718 719
720 721
722 46
723 724
725 726
727 69
728 729
730 731
732 733
734 242
735 736
737 293
738 204
739 740
741 742
743 189
744 745
746 361
747 748
749 422
750 751
752 355
753 754
755 756
757 758
759 420
760 515
761 762
763 426
764 428
765 589
766 767
768 769
770 488
771 772
773 774
775 776
777 597
778 559
779 574
780 781
782 783
784 785
786 407
787 788
789 790
791 792
793 794
795 796
797 740
798 371
799 800
801 802
803 804
805 3
806 1
807 808
809 810
811 14
812 59
813 814
815 816
817 818
819 820
821 822
823 824
825 191
826 194
827 828
829 246
830 141
831 832
833 834
835 256
836 837
838 232
839 840
841 420
842 843
844 353
845 846
847 848
849 846
850 851
852 853
854 848
855 503
856 857
858 539
859 860
861 862
863 572
864 593
865 584
866 867
868 869
870 871
872 576
873 874
875 876
877 661
878 879
880 881
882 607
883 783
884 885
886 143
887 469
888 889
890 631
891 892
893 166
894 340
895 380
896 438
897 373
898 472
899 559
900 901
902 903
904 905
906 907
908 909
910 804
911 61
912 913
914 915
916 917
918 124
919 920
921 183
922 923
924 726
925 926
927 202
928 258
929 448
930 416
931 454
932 378
933 442
934 935
936 889
937 696
938 939
940 941
942 943
944 945
946 879
947 948
949 950
951 952
953 20
954 126
955 724
956 957
958 959
960 313
961 962
963 964
965 252
966 967
968 392
969 336
970 971
972 973
974 534
975 976
977 978
979 980
981 816
982 923
983 7
984 985
986 104
987 988
989 159
990 344
991 992
993 994
995 258
996 997
998 999
1000 1001
1002 1003
1004 507
1005 572
1006 1007
1008 551
1009 1010
1011 656
1012 272
1013 920
1014 582
1015 1016
1017 242
1018 800
1019 943
1020 810
1021 1022
1023 814
1024 1025
1026 796
1027 1028
1029 1030
1031 1032
0 1033
4 3
6 808
8 76
8 11
10 24
10 22
12 1034
15 1035
17 133
17 663
19 1036
23 46
27 1037
1038 1039
29 44
29 1034
31 1040
33 1041
33 1042
35 73
37 964
39 814
39 1043
41 1042
43 1044
47 792
51 1037
51 104
56 1045
60 1046
62 1047
62 1047
64 36
64 1048
66 118
68 1047
68 143
70 114
70 1049
70 1035
75 112
80 71
83 1050
86 1051
86 1052
87 1053
89 1054
89 153
92 145
94 1055
96 161
1056 1057
1056 729
98 1058
98 1059
98 1060
100 78
101 1061
106 1062
109 1063
111 130
119 110
123 211
125 828
125 137
127 670
129 1064
131 1061
132 1065
138 164
144 1064
144 147
146 1057
148 1060
148 1066
1067 1053
1068 828
152 220
156 1066
163 822
167 1069
167 1070
169 1066
171 215
171 1059
1071 1072
176 211
176 1073
177 1074
177 1075
180 185
180 1076
188 1077
195 992
197 1076
197 181
199 1078
201 1079
1080 250
212 213
212 834
214 355
214 172
216 713
217 262
217 1081
231 246
1082 1083
233 189
233 1077
1084 994
251 1085
251 1086
255 256
255 1087
261 278
265 1032
267 736
267 1073
269 1088
271 187
1089 1090
1091 1092
1091 1093
279 1093
280 1085
1094 1095
284 1096
290 302
290 236
292 222
294 234
294 1097
297 1098
301 320
304 1099
304 1100
309 308
310 191
315 326
315 281
315 745
319 1101
327 308
327 1102
329 328
329 1103
331 1097
331 1104
339 365
1105 1100
341 1003
341 1106
343 1107
345 281
347 843
347 289
354 274
354 1108
358 414
359 438
360 1109
362 840
366 1110
366 713
368 1111
369 1003
370 935
370 371
372 1112
374 346
1113 843
379 1003
381 1104
385 1114
387 287
395 392
395 1115
397 1116
398 254
1117 851
1117 1111
1118 1099
402 403
406 1119
406 1120
410 1121
410 967
413 386
415 1122
415 688
423 1123
423 302
425 1124
429 467
430 484
430 1125
432 474
432 1126
432 1120
433 1127
433 1128
435 1125
435 860
439 1126
439 1129
441 1122
443 388
455 837
455 1130
457 1131
1132 1133
465 1134
466 469
466 1122
470 1135
473 503
483 1136
487 1137
487 762
489 490
489 1138
1139 1140
491 1141
491 1129
491 450
492 848
496 561
500 480
1142 1143
1142 1143
1142 1144
1145 696
1145 1146
504 758
504 1147
510 1148
510 699
512 1149
514 525
516 446
516 1137
518 1150
524 1149
524 1151
526 1152
530 1007
531 388
533 597
533 1153
535 565
538 709
540 1154
540 1133
1155 781
542 605
546 1146
548 867
548 772
552 619
554 597
556 939
562 1156
566 1150
571 567
571 1147
588 1157
588 1158
1159 591
590 1160
590 1161
590 578
592 1162
592 615
594 1163
596 1164
600 1165
1166 1167
602 871
604 605
608 1168
610 609
612 603
614 1162
616 978
618 1169
618 962
620 1170
624 603
626 1171
630 623
632 1172
634 1170
636 635
638 645
644 1168
650 643
650 1173
1174 629
1175 1176
652 952
654 1177
655 1178
1179 1178
1179 783
657 1177
657 659
660 785
662 721
684 1180
1181 1102
714 1033
718 915
722 63
1182 1070
1183 915
1184 159
1184 116
727 143
744 1114
749 1185
752 772
753 1186
761 762
763 532
1187 507
765 613
768 1161
768 973
773 570
775 1157
777 633
778 1188
780 1188
1189 661
1190 1191
787 1178
787 1192
1193 570
1194 9
797 1195
799 869
801 14
807 663
815 1060
815 1058
819 677
823 1191
1196 230
826 713
826 244
830 822
1197 278
831 276
833 1198
1199 1101
838 434
841 367
842 476
844 490
1200 754
847 1127
849 862
856 943
861 939
864 464
868 525
868 800
873 711
878 704
886 1025
1201 681
1201 505
891 28
894 834
1202 1163
1203 800
906 1204
1205 7
912 97
914 44
916 679
918 670
928 396
929 1115
1206 681
1207 1186
937 857
1208 769
944 1144
947 1171
949 950
949 641
958 1078
1209 65
968 740
982 1086
1210 1058
986 65
1211 1063
1212 357
1018 800
