2421 0 0
30.3557649748	1.59185841734
30.1941999702	1.72611428199
30.0288292024	1.85449226396
29.8902489059	1.9621382433
29.6985108442	2.08430216394
26.4613846701	10.8897596006
26.7814236452	10.931818347
26.9650544105	10.8999825743
27.2882351937	10.9513302004
27.5679964791	10.8240641184
27.6920766586	10.7474776948
27.8642534227	10.6320712681
27.9751623454	10.4174870271
28.5467731352	7.52578074575
28.7201018774	7.01954787411
28.7554481017	6.90061956867
28.8103670895	6.72610692626
28.8773633901	6.49953386761
28.9258653359	6.33133310851
28.982987793	6.12048035264
29.044367799	5.88145508013
29.0768996636	5.67672756046
29.1416546913	5.44612920794
29.1979300779	5.22143049623
29.247276633	5.03778214796
29.3105069396	4.73008916045
29.3455002588	4.53520281003
29.3935750992	4.30826519672
29.4669987998	3.93985303568
29.5317153676	3.54871193499
29.5878834819	3.23580206998
29.6185516473	3.07911502124
29.6401981955	2.95760774125
29.649661733	2.47549835948
29.6472930311	2.23886905011
29.6955191451	2.07414515196
24.4199054543	12.3213443731
24.3499427161	12.2582034419
24.2134597399	12.1746359807
24.1640933055	12.1276516658
24.1205990405	12.0169648762
24.0654995323	11.915146329
23.835355384	11.7473778441
17.9804387026	-11.2585220796
18.2906030548	-10.9928117296
18.4339512449	-10.9075640286
18.5110017951	-10.863830555
18.7013464983	-10.7955148104
18.959693846	-10.706716862
19.0118314914	-10.6888721549
19.3088213859	-10.534458367
19.4496337072	-10.4800622321
19.6098237487	-10.4500934458
19.9231270608	-10.3169352226
31.0569931514	-3.68217638847
31.1137472858	-3.57510030906
31.2512843135	-3.32326113169
31.3225643963	-3.1877507836
31.4204518012	-3.01569556295
31.5526530838	-2.78864975486
31.819904038	-2.36958937402
31.9021755732	-2.24689370057
32.0019744309	-2.07084542043
32.2270612948	-1.70025437421
32.2950764842	-1.57949764627
32.340727919	-1.49442055601
32.5050966139	-1.24110660406
32.6858889677	-1.06826125653
32.6615262294	-0.755853350226
28.5713316267	-2.29549670188
28.7391114307	-2.0004973286
28.8815072012	-1.70073883821
29.1935800905	-1.17905084603
29.3285160513	-0.921367748662
29.4194659512	-0.820256187584
29.6285741739	-0.477507189321
29.817587483	-0.228664580491
29.9705853128	-0.109868343507
30.185181193	0.01441205904
30.4042632199	0.0989161652762
30.6742731009	0.111827290626
30.8553086091	0.0994502544676
30.9718279108	0.0712476428764
31.1000916603	0.0326183102083
31.245233697	0.00933894028866
31.3502126215	-0.0963755325737
31.5430385197	-0.321440655944
31.6148682728	-0.370473467419
31.7348341258	-0.43319578838
32.018727066	-0.492904414238
32.3468396378	-0.5304167452
32.543071666	-0.58309091087
32.699497197	-0.78597215478
17.0991179886	13.4113513147
16.6804264337	13.4635275544
16.5615000348	13.4887402811
16.1585056384	13.5802064365
15.6172370219	13.6310899551
15.2988058475	13.6379827065
15.0356100037	13.6386835188
14.5800125847	13.6194814981
21.7898370787	13.0925814718
21.8441514121	13.0480356273
21.9319380908	12.9856650694
22.0077559564	12.93263225
22.0905283449	12.8634487142
22.2297399917	12.7527264809
22.3265526137	12.6599794458
22.4650134355	12.5511810409
22.6323706156	12.432108103
22.8254659725	12.2877516237
22.9451058849	12.2270393677
23.0482323795	12.1568065228
23.1978051482	12.0379253964
23.5835438833	11.8418500858
23.8346999726	11.7471815059
19.3442698488	13.8636099566
19.2896438155	13.8576824429
19.2105836282	13.8490473008
18.9994789852	13.8473403734
18.5530280081	13.8268168817
18.2650496435	13.7928746878
18.142399415	13.7792657699
17.8728393496	13.7275125584
17.721018738	13.6748629908
17.4096677754	13.5454312008
17.0991132747	13.4112372212
14.5801802492	13.6195722229
14.0656378786	13.4500442644
13.7507500552	13.4007481323
13.4710714569	13.3787181565
13.3004169313	13.3573015378
12.7038542518	13.329860268
12.1512650572	13.3374262419
11.7724683679	13.3619827845
11.3264626936	13.4076051177
10.9514143337	13.4551157014
10.7395217306	13.4732077034
10.3406287881	13.5486589987
9.91123080318	13.6119456986
9.54226940952	13.6912682821
9.21084211568	13.7412574452
8.98252889598	13.7889477771
8.77007890196	13.8370295999
8.33104655538	13.9582401843
9.50912612581	3.44682192372
9.36616349034	2.95791687925
9.26113698443	2.75218239183
9.23372813287	2.69374252103
9.17120412379	2.58337145735
9.00805028388	2.34031619989
8.8734753336	2.0646218932
8.62406905173	1.68524170935
8.52974250931	1.51522374894
8.47130820487	1.41053848298
8.33977949528	1.17540963719
8.1874686627	0.889404508708
8.06490877764	0.646143577585
7.98794758426	0.471250003697
7.88047879522	0.261862364738
7.79963741692	0.109947404123
7.72816275534	-0.0300438673564
7.64778322769	-0.173526308011
7.58387873228	-0.296629169069
7.48033817969	-0.491389134742
7.37859432968	-0.651220517828
7.27719282695	-0.87170523609
7.17591499905	-1.08331176662
7.09235233512	-1.28660701997
7.00083158267	-1.47603580472
6.85717135459	-1.81298804484
6.62951046275	-2.46432283105
6.49024614303	-2.78251925089
6.43086049427	-2.95607868433
6.41122939241	-3.03189681804
6.34752670757	-3.16515928161
6.25469167176	-3.38137488263
6.14022946804	-3.65688365164
5.95876716724	-4.10005840668
17.8330669771	7.85079313009
17.4436415856	8.20593544767
17.25386279	8.45665919924
16.9942174522	8.68528247636
13.8912961906	16.336665554
13.7043538559	16.3435812286
13.5228812267	16.354427419
13.2189778148	16.2996205871
13.0845230991	16.2725941109
12.9947183942	16.2368206796
12.8048951039	16.1190028061
12.7158826264	16.0422431089
12.4434622193	15.8064816266
7.34650774546	4.2353944536
7.36461245549	4.24021628891
7.37269532895	4.25105134843
7.41833764313	4.29680328722
7.54565710806	4.28539429368
7.75395456417	4.29494856446
7.94574835253	4.2446714213
8.09490383579	4.16051432235
8.38728706256	4.05592857743
8.5978480001	3.96352689208
8.91304759134	3.70916133428
9.05224591986	3.63385656828
9.12371767557	3.60947896774
9.16532144631	3.58072032111
9.50911157161	3.44699031203
14.7376807662	-15.2056422608
15.0701464762	-15.0491764206
15.3071961935	-14.9457525387
15.4928269131	-14.845920305
15.6751070898	-14.689741516
15.8935621237	-14.5045441454
16.0226763546	-14.3736854822
16.1216429447	-14.2729491043
16.1953055795	-14.2005266189
16.3039288042	-14.0695751422
16.4608704633	-13.9071508088
16.560672329	-13.7778231146
16.7195326847	-13.5965746028
16.8440233152	-13.45525289
17.0165496728	-13.2130450736
17.2508666512	-12.8300340714
17.342248028	-12.7639120109
17.4544881652	-12.5807393038
17.5217339081	-12.441113189
17.5729866772	-12.3493017873
17.6404252175	-12.2062713549
17.8452908292	-11.8908834905
17.8832552565	-11.7140490327
17.9390440454	-11.4887768302
17.9804387043	-11.2585220851
21.0950771439	-5.59903987203
21.0996678295	-5.57905002639
21.1314892273	-5.48252421677
21.07560705	-5.31034447311
21.1665704909	-5.09044346449
21.1948725658	-4.75955421031
21.1959522834	-4.7667031703
21.0686882968	-4.66805564466
20.8506685759	-4.58694984081
20.6062315374	-4.58262209414
20.2567723312	-4.57724650062
20.0766196116	-4.56227003728
19.8787757501	-4.55493868075
19.6507836801	-4.56773294707
4.08030480562	-23.7987192156
3.90785149313	-23.9092374028
3.77616106744	-23.982174432
3.67948965828	-24.0250949046
3.52800458879	-24.0890021924
3.20114740297	-24.2041463174
3.06455582241	-24.2434091043
2.89284527736	-24.3040268939
2.6771204773	-24.365332391
2.52076225574	-24.3935889012
2.16790864944	-24.4692720428
1.97380850239	-24.5003850199
1.69376115003	-24.5586280845
1.52972936512	-24.5679457661
0.937427852435	-24.5906073254
0.457878245422	-24.5265402917
0.19376203282	-24.4386837768
0.0529377204064	-24.4322927336
5.95887971541	-4.10007821675
6.14652897018	-4.55646581521
6.28396165509	-4.88673106814
6.40319469329	-5.09299647416
6.48435020876	-5.27352172868
6.66693222602	-5.54222014632
6.78554544194	-5.74944030877
6.91699923853	-5.88556160629
7.125001172	-6.16099363732
7.39408461723	-6.38977618984
7.603084779	-6.58180030933
7.75473820914	-6.69928622228
7.92492548284	-6.81092364895
8.34587426741	-6.96316471005
8.45770715615	-7.00143084813
8.62183224058	-7.02245168837
8.89125751334	-7.06657210055
9.04083894509	-7.09102941896
9.49924078224	-7.13281765109
9.94104612244	-7.02685928095
9.9909415861	-6.95057916908
10.2562984371	-6.8647135057
10.5023762576	-6.86598349866
19.8548460167	3.72178277936
19.8461906571	4.24423627529
19.7815070856	4.52681933119
19.7049621479	4.80164209989
19.6578516355	5.18957599941
19.3688222046	5.50447498815
2.74738183602	-4.07278400791
2.74744441134	-4.07279860082
2.74827814609	-4.07050446498
3.8759842351	-8.95013948781
3.64427112432	-8.63963657768
3.82235736928	-8.38584116433
3.89547904683	-8.13115617027
3.90656057467	-8.04990101213
3.98193240619	-7.86580164573
3.97781276214	-7.6686716883
3.98606216844	-7.56161638283
4.05299639144	-7.32461628624
4.14385219925	-7.18474176813
4.19539889559	-6.9093102366
4.23452849676	-6.72624292806
4.28352084873	-6.55910066812
4.37814595546	-6.28232350679
4.48294215935	-6.04695902448
4.67209113209	-5.68388490743
4.75710476851	-5.52125326054
4.87456785484	-5.29746328115
4.97003482982	-5.11737977653
5.14180629076	-4.98289174673
5.21849394938	-4.84082688322
5.32899939384	-4.71458103623
5.44536204841	-4.56691634897
5.56331714716	-4.41919538249
5.67164352159	-4.31117529857
5.95894478452	-4.1001911608
18.7848551079	-1.43403964138
18.7934478639	-1.41740987012
18.8204356597	-1.35817482445
18.8966049337	-1.22032739131
19.021194796	-0.923645565274
19.0653133204	-0.810957270346
19.0898666074	-0.74698354069
19.111090964	-0.679715758103
19.1824608101	-0.493868613617
19.2493234006	-0.31194070913
19.2885516886	-0.192054174076
19.3268961516	-0.0999408722506
19.4070718912	0.090160965889
19.4388749474	0.209730417667
19.5022132344	0.392185876157
19.5880962093	0.518157170727
19.620616605	0.710261134949
19.7163233448	0.980185740954
19.7478885102	1.24656154504
19.8678113616	1.45560112206
20.0998947687	1.90123808257
0.582438027507	20.0945266015
0.601174258176	20.3592430436
0.709614546059	20.7711632162
0.773694103804	20.9019200148
0.857913976035	21.0092435026
1.12609568245	21.2602034369
1.43693899823	21.4493393239
1.53503885968	21.4986044998
1.72033713651	21.5713083788
16.9467197297	4.09796938413
17.0269829165	4.11091915628
17.1165828047	4.07034030551
17.416090696	3.93009688757
17.5263164157	3.88302935745
17.6712658724	3.83804371884
18.0487258996	3.74230615033
18.2183243031	3.68815670458
18.3492263636	3.64392824331
18.5688950854	3.66361073692
18.6406502146	3.6569330933
18.768693879	3.64394927562
19.0016644792	3.60843539563
19.1547650265	3.58294455744
19.4604305256	3.57139550978
19.8548616829	3.72164166739
0.525382018788	18.5585089646
0.566404239787	18.504557054
0.638264321441	18.4099978796
0.731575400022	18.2645056487
0.880327181286	17.9854935535
0.885334458773	17.6316924691
0.940091168102	17.4691546637
0.936455949421	17.1806821452
1.00270595495	16.9235289966
0.220522138938	-0.333520100476
0.158503690707	-0.285539663167
0.0366225407857	-0.114418019086
-0.0760967726618	0.107655951485
-0.143406790034	0.254489369394
-0.26060103839	0.403561752346
-0.584051779517	0.677104089689
1.00744535709	-13.7700987681
1.32105176212	-13.9378958061
1.473030801	-13.9650569153
1.80134173524	-13.9268982213
2.12857438679	-13.8564418118
2.38438708226	-13.811784816
2.70118812689	-13.8221649716
2.81677664485	-13.7858692661
3.17622437441	-13.7292691714
3.86467963133	-13.6154835491
4.23925496584	-13.56448393
4.55819050837	-13.5250691149
4.77441480217	-13.4903734469
4.81653760708	-13.4820138815
5.03321658139	-13.4697303398
5.38524961331	-13.4156843073
5.54978743774	-13.3839392112
5.86326153868	-13.3228422012
6.20450319003	-13.2524482686
6.53585916661	-13.1849309183
6.85960563572	-13.0883845269
7.19978864522	-12.9805210388
7.50212067656	-12.8825937433
7.78758553779	-12.7902306548
7.88549199574	-12.7373210065
8.18199191049	-12.5825736964
8.64100740338	-12.3722582102
8.85424623548	-12.2216842096
9.03814328552	-12.0912810164
-5.09964809679	-27.7517172328
-5.100424791	-27.7520539234
-5.10086711357	-27.7521281111
-5.11366418524	-4.75715061176
-5.12297786715	-4.76308616425
-5.181210345	-4.77476561162
-5.23985724567	-4.81533420333
-5.31982862536	-4.86713432209
-5.42282312395	-4.9568181606
-5.64027545105	-5.11537223289
-5.92623834286	-5.21856998205
-6.04285780611	-5.23022878923
-6.19864604026	-5.20748186987
-6.44807552181	-5.06791142142
-6.51629809367	-5.0027260657
-6.68550250418	-4.85958030775
-6.80441992138	-4.63717745364
-6.84859894475	-4.48273879279
-6.93204310717	-4.28523467605
-7.05915297701	-4.04173579743
-7.26457314108	-3.66485269411
-7.34212451573	-3.57109646594
-7.44887580523	-3.46318554356
-7.59936266369	-3.15597551846
-2.19209078972	-15.8512655191
-2.58310079363	-15.7427148963
-2.85474370169	-15.8044047778
-3.00700830423	-15.8473286246
-3.14562939095	-15.841090082
-3.35490334725	-15.8873472851
-3.52792078488	-15.8869988517
-3.75597051049	-15.8710217312
-3.96176302647	-15.8953863572
-4.24678849322	-15.9367865559
-4.53259874441	-15.9762647186
-4.79716368758	-16.0221083327
-4.98326336747	-16.0511708732
-5.17370782538	-16.135273196
-5.36518757891	-16.1641564041
-5.61765490529	-16.2687835339
-5.9547068889	-16.4198208174
-6.39081253459	-16.6423264793
-6.58248392128	-16.7961082364
-6.7018632006	-16.867669382
-6.77852404686	-16.9224599136
-6.94086113972	-17.0453080127
-7.14330066571	-17.2308035855
-7.37963874233	-17.4129990732
-7.44056977962	-17.5000989519
-7.51608133736	-17.5759105799
-7.60550317079	-17.6682332512
-7.69114523896	-17.7826718646
-7.73464835467	-17.8407034604
-7.87096925319	-18.034323132
-8.00941078597	-18.2827058261
-8.0891493563	-18.4148863528
-8.10114410406	-18.4399349057
-8.21932757995	-18.5961082324
-8.38349959323	-18.711896287
-8.49507921319	-18.8879389805
-8.62788017683	-19.1310677245
-8.6734545277	-19.215985677
-8.73926263949	-19.3337840112
-8.8610671108	-19.5067571693
-8.91802458915	-19.6633360613
-8.94460819527	-19.7349155986
-9.00886892548	-19.8396188962
-9.12940967256	-19.9977305992
-9.19180614539	-20.0501931939
-9.30768742806	-20.14397633
-9.47444159981	-20.3396405886
-9.56911904347	-20.4305376461
-9.74543158845	-20.8187503606
-5.31387122537	-1.0288970469
-5.40871067127	-0.66457070617
-5.58144644911	-0.300272038708
-5.62088368013	-0.166165393051
-5.77539019537	0.21654866078
-5.79983560399	0.380224673518
-5.80178429952	0.549058843065
-5.78847768805	0.7395869598
-5.66689373639	0.913760673021
-5.60198785464	1.04307840996
-5.55187295144	1.161014268
-5.44032813535	1.31486333523
-5.19641514556	1.88589991163
-5.19641514556	1.88589991163
-4.83670985302	1.60763133005
-4.63570643214	1.46066698201
-4.54484178124	1.37255611935
-4.40556064899	1.23826628078
-4.18387755956	1.10234582327
-3.99571110239	0.928341904193
-3.83052659217	0.860391708315
-3.72892667188	0.595111037718
-3.62203358537	0.397526576665
-3.37586650771	0.218618989823
-7.59932472318	-3.15920680031
-7.38841333567	-2.92624964778
-7.20787251253	-2.72604291165
-6.98239134417	-2.52717908531
-6.71299259852	-2.30778313171
-6.23459311216	-1.83879002894
-6.04195387868	-1.65326290941
-5.88293910448	-1.47982297461
-5.66820670929	-1.30303650088
-5.31387209124	-1.02889768175
-28.2524530211	-7.06431555845
-28.2567065022	-7.05290022751
-28.2675569649	-7.01036509079
-28.2975369278	-6.92114088795
-28.3126014432	-6.87006646787
-28.3230816259	-6.7715709532
-28.4757954719	-6.49000729641
-28.5495645782	-6.20164636716
-28.6356085611	-6.00515126237
-28.6540790028	-5.92115804289
-28.713604464	-5.71041728275
-28.6705036631	-5.52115251066
-28.7577216016	-5.24408613819
-28.7907047882	-5.02963543215
-28.7251956958	-4.83520652511
-28.7252604159	-4.6762330226
-28.7208941129	-4.4958352123
-28.489343359	-4.32408907287
-10.7017944636	15.848381516
-10.4662727332	15.8572307412
-10.1538315073	15.8592864376
-10.0263458585	15.926288372
-9.84823381373	15.9765738207
-9.66439345791	15.99149715
-9.38758777288	16.0443243305
-9.16443117239	16.0955467221
-8.74025017239	16.1772653298
-8.51131532805	16.2195105373
-8.35029192989	16.2473109865
-8.22779458493	16.2606666672
-8.00056164277	16.2812847366
-7.90254059269	16.2849644378
-7.6287762199	16.2992787152
-7.38245446465	16.3022474022
-7.10753735679	16.3320368969
-6.8259698378	16.335670743
-6.53219739452	16.3216573873
-6.260446544	16.3003429118
-5.86896308051	16.2671673304
-5.58884403175	16.2260487997
-5.37956715103	16.2048018352
-5.17196303256	16.1879461474
-4.94624574374	16.1595837164
-4.65324434518	16.0995697295
-11.0424706832	2.43916644742
-10.9294017137	2.83592028869
-10.8433152971	2.98322068734
-10.7335134697	3.10154878634
-10.6326626318	3.26106116152
-10.5531792269	3.39895732278
-10.4043733595	3.51888649907
-10.2842327904	3.67440008225
-10.1803687524	3.81434880685
-9.9938652842	4.06725519196
-9.77271342544	4.34230123009
-9.5081020853	4.70164511832
-9.24173219682	5.0333114271
-9.06550952064	5.25095920676
-8.92681798245	5.41795083762
-8.67658583237	5.72356127778
-8.47277615093	5.97861664839
-8.26146350841	6.2359800234
-8.07585235478	6.48999521083
-7.90870980004	6.71948762681
-7.809425946	6.85686303362
-7.67469030083	7.08178063465
-7.59094672408	7.28374995692
-7.49939162743	7.5129530495
-7.42130213843	7.73612420709
-7.33721766267	7.99559308077
-7.29069923399	8.23668230821
-7.23460579186	8.39310729276
-7.14615338097	8.63311146437
-7.11624527721	8.76997386586
-7.04647753872	9.02015862002
-7.06642508051	9.35254751701
-28.374712322	-4.28993923603
-28.1238513294	-4.49881160899
-27.8834466643	-4.59004771401
-27.7251691571	-4.70514006994
-27.6973793565	-4.7216723812
-27.5000033956	-4.85216612536
-27.1753946614	-4.99842891022
-26.9718784189	-5.13383415266
-19.4104307855	-13.1494276345
-19.0899133256	-13.2750237284
-18.8292961969	-13.3357911684
-18.6397843737	-13.3630970932
-18.6107353707	-13.3650102426
-18.4929381194	-13.3759497914
-18.277530319	-13.3645575714
-18.0299412005	-13.3356841724
-17.8909518166	-13.3140753673
-17.6449792921	-13.2449177585
-17.3478814603	-13.1444591863
-17.085504202	-13.0312635712
-16.7833571674	-12.8648401298
-16.5497226806	-12.7509505928
-16.3898052143	-12.6192206484
-16.231528408	-12.4856696613
-15.7960150794	-12.20958202
-14.1833097902	-5.6946956004
-14.307170425	-5.47361957882
-14.3505767108	-5.37243732816
-14.4037314654	-5.23056852071
-14.4610743278	-4.90585693126
-14.5124826445	-4.73581327009
-14.5634587311	-4.60098840909
-14.5497088372	-4.37890946534
-14.5740112402	-4.1981061769
-14.568537954	-3.853596592
-14.5385837966	-3.23640752001
-14.5162256474	-2.83206251293
-14.4706950638	-2.3080408109
-14.4361291062	-2.05401433498
-14.3892286087	-1.67585707359
-14.2575265208	-1.15011327939
-14.2018486576	-0.927596079097
-14.0189471588	-0.544440055808
-13.9017763662	-0.296287339995
-13.815664946	-0.0954905297794
-13.6663961403	0.104269854571
-13.4555540285	0.369399221462
-13.3155154472	0.5219311243
-13.2347424547	0.60942838559
-12.944754228	0.894110483065
-12.5334325391	1.26641857836
-12.0767704552	1.66534125902
-11.6399704083	2.08442076152
-11.4181053594	2.27637178054
-11.0425492679	2.43903858152
-26.5823530252	-1.13426484722
-26.578549026	-1.11324527805
-26.5608823205	-0.994801847839
-26.5384856814	-0.888648445851
-26.5272964768	-0.818794008464
-26.4880624713	-0.644368411584
-26.4357540466	-0.403461336937
-26.397351196	-0.248496095041
-26.3563953894	-0.101216154097
-26.3169719833	0.0564019885181
-26.2966289069	0.106577448531
-26.2609093162	0.266320007729
-26.2053107175	0.444874395538
-26.1542510033	0.660462939927
-26.1483296356	0.686348011641
-26.1097917397	0.816134290649
-26.0428915468	1.01161953969
-26.0029386662	1.18513815113
-25.957283637	1.36130544524
-25.8063792266	1.59345176753
-25.6879991847	1.92670662922
-25.6515615091	2.14952528877
-25.4958105662	2.44021288212
-25.4336111683	2.62549601856
-25.3255517898	2.82976208671
-25.3125090389	3.06929776487
-25.2053885489	3.3453838333
-19.4996751543	0.803223934222
-19.2702021779	1.09351788992
-19.1675909169	1.27658527869
-19.0927054817	1.40297304786
-19.0405209921	1.62823997129
-18.8697807933	1.73185008679
-18.6447823326	1.90365172266
-18.3644060037	2.18119522745
-18.1565373797	2.35661251018
-17.9233701207	2.51683675882
-17.608369045	2.69371030562
-17.3905538025	2.75562277189
-17.1880082619	2.93009536994
-19.9937021417	10.2662840648
-20.0666152798	10.5511868218
-20.1730463089	10.8035115512
-20.1957628314	10.9387347428
-20.2365808241	11.0846402048
-20.2373923136	11.2314648036
-20.2344018374	11.4914538519
-20.3655266891	11.9116311337
-20.4725533175	12.2792518546
-21.5468004262	6.50296863615
-21.0876782118	6.42968908193
-20.797492955	6.29378051345
-20.4145767322	6.23240962264
-20.2866467492	6.23067188784
-20.0987906136	6.2428473859
-19.811312741	6.27600065466
-19.4206013613	6.30909816826
-19.3045069736	6.3142746773
-19.0012369528	6.32862122812
-18.7148404717	6.34378219731
-18.5398872923	6.36670993847
-18.3173054359	6.40304880249
-18.1236556677	6.40245990503
-17.7487151266	6.45582059567
-17.6246989495	6.46759380371
-17.452486728	6.47895444383
-17.2426001098	6.45338605798
-17.0962806367	6.42908392589
-16.8792450336	6.33538958711
-16.6992043709	6.20503367377
-16.6223859161	6.10780713756
-16.5872648795	6.0414068978
-16.5211160191	5.83706868932
-16.4519013125	5.49345779708
-16.383595303	5.31992867265
-16.4305487281	4.96699051912
-16.438321143	4.73705020088
-16.4524593849	4.60416125821
-16.460783928	4.30094311191
-16.551000231	3.93645885636
-16.640122615	3.62442330793
-16.6696697939	3.42457074079
-16.6915032189	3.33998680834
-16.7261654595	3.20953252736
-16.7622991045	3.10132418965
-16.8380854754	2.72248488244
-26.2868652212	8.10676296756
-26.602296114	8.15165971876
-26.8326098127	8.17857974029
-26.9871794898	8.12515233834
-27.2179386291	8.17646821948
-27.4772905112	8.14597893411
-6.542892601	-5.8441892644
-6.60426229133	-5.85881235244
-6.86239107138	-5.90963581825
-7.16465104873	-5.96247140576
-7.32933915616	-6.05291694895
-7.46543560175	-6.07122637606
-7.74240208633	-6.17593053601
-7.99952131668	-6.30073645615
-8.28333410602	-6.38422541909
-8.44432288841	-6.46087323624
-8.57300552247	-6.53614516568
-8.79086954079	-6.63611536397
-8.96141459781	-6.72214637322
-9.14262855594	-6.81369988794
-9.3507636374	-6.92201680637
-9.58379331262	-7.05286746239
-9.68507944345	-7.10777311946
-9.84531045854	-7.19815560023
-10.0088143808	-7.30161127506
-10.3128762322	-7.49561855913
-10.568542194	-7.68166938552
-10.8597028069	-7.88567681911
-10.9141111588	-7.92999134316
-11.0327972692	-8.01010708164
-11.2837495736	-8.19709388071
-11.5273758401	-8.39049844317
-12.0912033629	-8.8451662787
-12.3173328497	-9.03455287257
-12.610364111	-9.29893757242
-12.8598162762	-9.54166886682
-13.0662351976	-9.72908231028
-13.2376458962	-9.90373865559
-13.3824913778	-10.062293839
-13.5757321003	-10.2742943159
-13.7956929649	-10.5039970981
-14.0328340064	-10.7546329237
-14.2077438034	-10.947937727
-14.3776612223	-11.1151175156
-14.5669771031	-11.3117506618
-14.6804603188	-11.4318735028
-14.8314019889	-11.5865440231
-15.0021277905	-11.7601864445
-15.1425055164	-11.89481233
-15.2960064609	-12.0069761299
-15.5148104165	-12.1866300955
-15.7959812169	-12.2097387327
-11.4511770811	11.099612273
-11.3846904117	11.5071098875
-11.3749975794	11.9558824492
-11.3025328658	12.4045744622
-11.2721012666	12.6804278955
-11.2262543693	13.0527725712
-11.193505478	13.1125411243
-11.1768020145	13.2635085033
-11.156327538	13.4366789196
-11.1077255955	13.8115682065
-11.0783951171	13.9929601751
-11.0519643334	14.1438388517
-11.0319347528	14.2778033411
-10.9744664189	14.5908143423
-10.9381770398	14.7965676955
-10.8483549521	14.9069594802
-10.8042669498	15.1474252645
-10.7204518429	15.5063486882
-10.7020431775	15.8486655474
19.6618285496	5.51545078474
19.1765448008	5.56520335751
18.9650462527	5.81170520065
18.5955371611	6.39135687916
18.4602032295	6.56558652119
18.2310005949	6.95534046573
18.1918605497	7.25658027626
18.0121614758	7.58585236169
17.8330668496	7.85079313352
23.8352660981	11.7473731834
24.1069639504	11.5760731042
24.5908609857	11.5257151008
24.8803987379	11.5794730455
25.0748080808	11.5583795522
25.2823232543	11.528898509
25.6806126062	11.3577556252
26.0162285451	11.2206773662
26.2514313588	11.0488864468
26.4613846699	10.8897596011
14.0631707841	-11.4307876843
14.3681421575	-11.2754876809
14.6419442911	-11.1898269244
14.9485451474	-11.1653217189
15.1176049582	-11.1306512801
15.4879520373	-11.0893516372
15.983690882	-11.0442374073
16.4626639468	-10.984042302
16.6296444169	-10.9856902817
16.8517527825	-10.9736589357
17.2107499269	-10.9444140206
17.3654299443	-10.964659434
17.9804382564	-11.2585216122
12.4437081192	15.8068316626
12.6093625867	15.5728811226
12.8781359934	15.3083174517
13.0179051503	15.2092147722
13.2323679845	15.0061393347
13.4770588022	14.8475867203
13.8771431809	14.5544882478
14.1627292038	14.3372900625
14.3383006686	14.1655948428
14.4258111184	14.0205413763
14.4752039341	13.8376914411
14.5800971578	13.6196104085
9.0421477271	-12.0834245605
8.82308215028	-11.8287494815
8.57434977656	-11.715348236
8.02492390924	-11.4123410132
7.38720496523	-11.0279404294
7.18622858926	-10.8851906937
6.96358765175	-10.7239441625
6.68333130417	-10.5143761848
6.46908855458	-10.3700533292
6.33944458629	-10.2712461237
6.13336028852	-10.1332582186
5.96602860499	-10.0183515107
5.80115476167	-9.91776613874
5.63700285818	-9.85722745126
5.42751887091	-9.73980203364
5.21711489679	-9.59474728468
5.16493404964	-9.55676003705
5.04225709693	-9.46555103395
4.81607708468	-9.40175807245
4.49689502534	-9.16472316443
4.38575874717	-9.10421371235
4.28428396449	-9.08697796771
4.11214555589	-9.03566039942
3.8759842351	-8.95013948778
4.34013461373	16.1220022867
4.40622417606	15.7646141226
4.27103768552	15.5627024314
4.09176011929	15.3241457036
3.8331022013	14.9746159708
3.64874050035	14.7960422515
3.56877749802	14.713948817
3.51175749249	14.6485315261
3.37866366562	14.4937284237
3.20667941207	14.2313828262
3.1095773988	14.046179713
3.02997832817	13.9185898579
2.88000859025	13.6338179638
2.78964651127	13.4738337903
2.69995314309	13.2692235342
2.57569854037	12.9782191679
2.52320989451	12.8267657337
2.49101911305	12.7055975894
2.40576790504	12.3920817522
2.33412290747	12.0613972365
2.30406860939	11.8833727002
2.2764000448	11.6396774447
2.25652577426	11.3595275524
2.22557812936	10.9911921188
2.20607012788	10.7941257605
2.26205234644	10.419354307
2.21813988756	10.2151580356
2.17374393865	10.0026561156
2.10067097001	9.51762888181
2.10063470422	9.51770978696
1.75977311432	9.16174889434
1.4363954234	8.87816845842
1.12436047171	8.62032510233
0.959224165871	8.4851606291
0.806723891981	8.36895944035
0.401125425583	8.03982452503
0.0903052765738	7.80136305434
-0.060587684078	7.68090390528
-0.202684706963	7.57606930033
-0.313737746321	7.49900733396
-0.543158457011	7.33461016835
-0.703909301526	7.2165100979
-0.840951657105	7.12825630675
-0.926310076664	7.07086090033
-1.1280475027	6.93213490663
-1.33848958876	6.79099628655
-1.50967707604	6.67349590751
-1.68282822351	6.56696784615
-1.91557890969	6.41812371333
-2.18650577431	6.26862229681
-2.46522290377	6.08891763982
-2.60490116679	5.99818760336
-2.78742836437	5.89050362532
-3.0324251135	5.733228504
-3.2679663655	5.5688778744
-3.4333613865	5.45653071107
-3.58424242995	5.34358813626
-3.84045874447	5.12474203623
-4.09379600817	4.89391033968
-4.31765878577	4.66047461414
-4.50738982057	4.44417215405
-4.56571402763	4.36381014628
-4.67941411147	4.153227606
-4.83593005987	3.8648508751
-4.87447592361	3.76112720566
-4.91826724568	3.60796464536
-4.9378548245	3.49201320488
-4.973278155	3.27487565012
-4.99381416492	3.01494786368
-4.99950411364	2.85642343536
-5.00900562905	2.6453450402
-5.04239170728	2.33503982988
-5.19641514556	1.88589991163
-29.1736027583	5.49179330912
-28.8906917232	5.274722861
-28.674935651	5.21154082792
-28.4988623174	5.13650637005
-28.4139071544	5.11491130307
-28.1463096703	4.93131003298
-28.021156476	4.87344209868
-27.7332653496	4.73928468555
-27.5631622014	4.66346594375
-27.3124740915	4.55399748091
-27.1140098122	4.42128449645
-26.9576860575	4.34567263368
-26.7952432082	4.25456040361
-26.5925647646	4.15138619737
-26.3721504057	4.00693300765
-26.2167860556	3.90103221742
-26.042879562	3.78088326758
-25.6724220441	3.64167787288
-25.496291765	3.54811160511
-25.3427551065	3.49296402258
-25.2055208101	3.34522779975
22.8530140144	-4.24919632262
23.4119219879	-4.00565412119
23.8371233366	-3.93541626378
24.0684941927	-3.87912922579
24.4180005177	-3.7960729118
24.6895573858	-3.73489001453
24.9349275291	-3.66222204188
25.258434146	-3.56931246694
25.4652265924	-3.50491708428
25.7464134108	-3.40721248911
25.8704785317	-3.35937945084
26.0618000123	-3.30404277415
26.3927854942	-3.17494594431
26.6514670016	-3.06900737269
26.7762449158	-3.01733006901
27.0037278908	-2.91907546925
27.2171377684	-2.82501008819
27.495867	-2.68074719531
27.8374690403	-2.54423900461
28.1651933881	-2.43410050338
28.3461223373	-2.35589774381
28.5716777336	-2.29855278695
4.43420309965	4.04239196251
4.12259315035	4.11769162911
4.01302398441	4.08690117408
3.9145603948	4.03151134686
3.71646233959	3.89782203404
3.45586264076	3.81074855629
3.2995624074	3.71462095408
3.24321564157	3.68185672594
3.00894360193	3.58002498032
2.80082200573	3.44689435106
2.61455578762	3.32066832048
2.46541321866	3.21558342775
2.28613297876	3.05867165726
2.10988444334	2.93161684149
1.75222717053	2.70570363768
1.58439854805	2.55260468616
1.47337208262	2.4608307075
1.33561916175	2.34442515707
1.17672178814	2.21374488599
0.899830579946	1.98181500331
0.688790960881	1.78970133927
0.486483645513	1.60170808653
0.238576117864	1.3743277732
-0.0138261417181	1.14890458752
-0.196706381667	0.996145109092
-0.346567756701	0.863333329362
-0.584035110306	0.676675004158
19.5211148249	9.4220049201
19.656533387	9.0029792975
19.6766128825	8.60642598845
19.6806621716	8.22335448782
19.6726516227	8.0006251482
19.6581291513	7.76573765847
19.6475455023	7.53807798894
19.6439885093	7.36818198822
19.6113577455	7.11671802959
19.5966606901	6.98890745738
19.5918957804	6.8449432398
19.5754903989	6.64478949304
19.5568175392	6.47793430391
19.6089806897	6.12732513653
19.5091266649	5.91401166981
19.6084586432	5.70031228349
19.3688629993	5.5044672159
-3.74397640707	-22.062638613
-4.14389134368	-22.0466848047
-4.31501015634	-22.1367249119
-4.47846400133	-22.1389553282
-4.57914306901	-22.1323891585
-5.00671319576	-22.1112094938
-5.20629102272	-22.1233311817
-5.32779477745	-22.1357074921
-5.53128714258	-22.1376491789
-5.77397782467	-22.1399965211
-5.94535867111	-22.1914841906
-6.07804341515	-22.1661515311
-6.18199298237	-22.1853830621
-6.29793896877	-22.2027818849
-6.51070512654	-22.2216996592
-6.65442908378	-22.2163917717
-6.79067012072	-22.2068948877
-7.01187649277	-22.2056419462
-7.14608450951	-22.1821762787
-7.32473674918	-22.194958154
-7.60858625866	-22.1485194835
-7.67404516147	-22.1356961173
-7.82141033356	-22.097704664
-8.03796946677	-22.0627147792
-8.20144514124	-22.0094400839
-8.44767416138	-21.8866974728
-8.72284102942	-21.7262699856
-8.95499798513	-21.6423140688
-9.13111165399	-21.4690718531
-9.26092259482	-21.4042491608
-9.36762604323	-21.3288584722
-9.59676464586	-21.1139857497
-9.74597524503	-20.8207344478
-8.67476922156	-3.40915716767
-8.7979092958	-3.1292029529
-8.90031763738	-2.7700468563
-8.95966598822	-2.29144700795
-8.99730448397	-2.09324331988
-9.03388874157	-1.63530856645
-9.07481939356	-1.3656531752
-9.14204902387	-1.20535863122
-9.17035229862	-1.07731379356
-9.2304698331	-0.806261122573
-9.30141863018	-0.571893827753
-9.33740544363	-0.47345640549
-9.41387792572	-0.300693164333
-9.48159876574	-0.158735896811
-9.5549242013	-0.0138976607542
-9.64571739715	0.16124506534
-9.79804930673	0.415681926507
-9.92376058901	0.634860327331
-10.0789985235	0.89332925472
-10.1530324643	1.02361269919
-10.3760184956	1.33432285743
-10.4676065936	1.47046415449
-10.5969563099	1.71727074929
-10.7306724813	1.96490447538
-10.8447736451	2.20678694054
-11.0424704139	2.43923567694
-16.7899059763	-7.52984657702
-17.0548201928	-7.25453906351
-17.2272022807	-7.04846748093
-17.3665948862	-6.76323078937
-17.5209618097	-6.45261949907
-17.6441832897	-6.15769075689
-17.7113447294	-5.99107354847
-17.8986992756	-5.50032815026
-18.1793602466	-4.73232886441
-18.2623624877	-4.45192806585
-18.3499061879	-4.19159768982
-18.4195681073	-3.96537263785
-18.5300847058	-3.5886758657
-18.6312845412	-3.22855662935
-18.7263555376	-2.88662363348
-18.7826835346	-2.63502403779
-18.7996246544	-2.55813124427
-18.8595384702	-2.25004430655
-18.9074303094	-1.9610307218
-18.9594772927	-1.60519009111
-18.990448464	-1.27052682419
-19.0055768386	-1.00970134457
-18.9797596626	-0.67216690776
-19.1729207111	-0.417742031104
-19.1214637662	-0.153457069873
-18.8718640076	0.155823582317
-18.8721105423	0.155257118064
-18.5929478607	0.281931693153
-18.3469563656	0.397563806234
-18.1419610525	0.40596356291
-18.0334454475	0.525917975154
-17.8626650988	0.705012079211
-17.711930328	0.886584612534
-17.5963630649	1.01928171543
-17.3421655804	1.23848923195
-17.2183238217	1.41446753272
-17.1082582111	1.57149848278
-17.0142430701	1.74253915105
-16.902483696	1.90753370827
-16.851216592	2.29990597829
-16.8419696573	2.48538547062
-16.9421276279	2.62800177456
-17.1881681481	2.93121448022
20.1001159974	1.90114926224
20.080660755	2.35159195285
19.9739193478	2.455124874
19.9795660752	2.66635776609
19.9297941056	2.83944605664
19.8924511913	3.07087272486
19.8548773217	3.72163018108
26.821318915	9.1104472976
26.9201495448	9.38031220732
26.8304447817	9.580709278
26.8129453149	9.75616840084
26.7255050378	9.98321238136
26.5957041543	10.1641955801
26.5606685612	10.3046236987
26.4950614167	10.5174519475
26.4613846679	10.8897595986
-2.30798337576	-24.2866315
-2.54227371412	-24.4739647013
-2.93208421362	-24.6175325735
-3.10097414783	-24.7074371529
-3.22953277231	-24.7321562452
-3.38742638439	-24.7774577503
-3.55127688271	-24.8403789968
-3.790390428	-24.9303618291
-4.23473604567	-25.0582499396
-4.35746505873	-25.0807154457
-4.62232142793	-25.1407945513
-4.96127165856	-25.213278457
-5.18383299156	-25.2422915434
-5.55496193411	-25.2988485483
-5.84697808143	-25.3288196966
-6.03054295413	-25.3478718411
-6.17146497348	-25.3582849063
-6.31540822964	-25.3605903698
-6.51616854111	-25.3728797626
-6.77859905532	-25.366039532
-6.92056906073	-25.3493561027
-7.12084368465	-25.3300885129
-7.3475386351	-25.3019059314
-7.55739320863	-25.2672364062
-7.7426983765	-25.22976175
-7.88696981655	-25.1884355019
-8.01836751824	-25.1686959633
-8.30639090939	-25.0527756835
-8.4816796813	-24.983742986
-8.71869726083	-24.8779951493
-8.83980548256	-24.8225383184
-8.993188552	-24.7398067217
-9.14020270606	-24.6440644906
-9.2748432571	-24.5825049505
-9.54950738968	-24.4016857073
-9.73113993965	-24.2434179269
-9.84745377067	-24.1845263243
-10.1145029185	-23.9805325045
-10.2165891968	-23.9043969753
-10.4044600563	-23.7262472394
-10.6478202927	-23.4617837347
-11.1148779973	-22.8942310338
-11.3114082932	-22.6401465201
-11.3833554648	-22.5162596622
-11.5124335361	-22.2670385806
-11.5897121544	-22.1548932106
-11.7035101108	-21.9117818442
-11.7830762251	-21.6996227708
-11.8143284729	-21.5860878162
-11.8252327333	-21.551053321
-11.9244288953	-20.98513523
-11.9613514208	-20.6862314932
-11.9836682254	-20.3279349257
-11.9581308795	-20.0164824555
32.6884695581	-0.780013926889
32.992815002	-0.607419267857
33.0902121322	-0.459710758511
33.1966038546	-0.28570827486
33.3130124418	-0.0177312958565
33.4045127121	0.155424840759
33.521031769	0.224309602899
33.5488796576	0.493272415078
33.7006530367	0.68640064158
33.8300158097	0.842678873182
33.8812181113	0.954798506822
34.1498697588	1.11845112393
28.5705094259	-2.29801068747
28.6410125283	-2.44620147282
28.5232479846	-2.9998024208
28.3921927602	-3.29304709253
28.0623271645	-3.8991086881
27.8252415614	-4.24611761028
27.6945540091	-4.40822407745
27.5689968214	-4.55239997681
27.4231352087	-4.68350383895
27.2146386029	-4.85239884457
27.0459859655	-4.99364498835
26.9768321111	-5.03783838964
26.8174764782	-5.15006292468
26.5896277722	-5.28665384705
26.4158887149	-5.38512501829
26.2084008511	-5.49379215796
25.9613817465	-5.57167029544
25.698945086	-5.66524519079
25.442390837	-5.74160992455
25.0302578024	-5.80758032651
24.8767141083	-5.80603092413
24.7711232446	-5.78921591176
24.5139789946	-5.76623846407
24.340638782	-5.71454035346
24.1798447351	-5.64985746728
24.0033592614	-5.56037397907
23.9022022624	-5.49122966392
23.7487741761	-5.37512925945
23.5624488599	-5.26296257586
23.4196142052	-5.13917514969
23.2932132276	-5.02224322728
23.2025215034	-4.81517809168
23.0216042981	-4.61792685933
22.9685549583	-4.46876803446
22.8530139832	-4.24919629529
17.0992132785	13.4114679871
17.2568400554	13.090511347
17.6308698982	12.8162744618
17.7777553368	12.6955970332
18.1139534814	12.508678076
18.2931494206	12.4313522064
18.475345899	12.342829556
18.7008462344	12.2318571753
18.9021212034	12.1313400095
19.1403473231	11.9852227891
19.3130695005	11.8299389806
19.5073737642	11.6175854652
19.6489415617	11.3660229183
19.7385182049	11.1237418736
19.7589175099	10.9722859071
19.7831805581	10.7877249117
19.7970144871	10.676273831
19.7695697495	10.5099406664
19.6637931665	10.175683492
19.5460880161	9.7215745065
19.5211778765	9.4219815465
9.50894517415	3.44697315395
9.81794941884	3.65384544565
9.9269499708	3.82693773537
10.005283512	4.06626941114
10.1503020829	4.35335162133
10.2996209331	4.56272312096
10.3178856415	4.81075126844
10.3762398544	5.04705831291
10.4236574055	5.27726391726
10.4577012357	5.47559068442
10.4723115148	5.653448506
10.496063742	5.90908566241
10.5112372079	6.28389063092
10.4687241269	6.68482094784
10.4500550057	6.86884062134
10.3737359323	7.41414287594
10.2550366811	7.91439228388
10.1748642781	8.17262436535
10.1177104338	8.32622816433
10.0509839595	8.43887643847
9.92449522118	8.66549124827
9.74833726897	8.83193886566
9.54690844089	9.0061084135
9.46186631215	9.07882825931
9.20587901352	9.23395771961
8.98768065209	9.32744911251
8.84658252857	9.3699196857
8.68441917618	9.41558239767
8.49253943052	9.4525100484
8.05934864099	9.4971854065
7.90922605651	9.47150047566
7.62873112456	9.39566926246
7.48269123124	9.34916922169
7.37825323585	9.31086026434
7.19529769546	9.23450956217
6.9358882097	9.0575974343
6.70382577828	8.88921148132
6.46840278025	8.68424597692
6.30256813305	8.51178030986
6.08661524015	8.22909432802
5.96195285367	8.04417551986
5.88327512224	7.89960318525
5.75081724712	7.6486988989
5.69270735644	7.46226038
5.5745720309	7.22183621297
5.46610180857	6.87597780798
5.40492061028	6.71727956166
5.34992550497	6.57869154563
5.26180130704	6.33240065947
5.17683179263	6.09522639128
5.11782394238	5.90127994002
5.07039205399	5.79819832495
5.01707529564	5.67697162358
4.91302188242	5.393594304
4.87708017573	5.26111877549
4.82192310265	5.1252583597
4.77880810928	4.91287984582
4.61882454551	4.67143814754
4.4766050524	4.41460675866
4.43420310113	4.0423919624
17.8331026573	7.85108249757
18.1247922087	7.92316929641
18.3016933214	8.13261523376
18.4763801751	8.29071207694
18.6298362361	8.48057082019
18.7474740894	8.61039167049
18.8865856532	8.79171864908
19.0964814549	9.03405297081
19.2523949851	9.26184989657
19.5210646398	9.42202394269
14.737603129	-15.2055789282
14.7811735092	-14.8849254839
14.694907056	-14.6936317611
14.5993637914	-14.2859244552
14.5194465408	-14.0061454234
14.4265373344	-13.700267323
14.3372443771	-13.3908769134
14.2161667887	-13.0165877663
14.1886457556	-12.8782729882
14.1688162088	-12.7405061399
14.0746203523	-12.4959091892
14.0487214014	-12.3198767471
14.0318940721	-12.0467082509
14.0386461434	-11.7470982374
14.0632389015	-11.4308048738
14.7376179512	-15.2056146305
14.5678857092	-15.4252856735
14.3233979261	-15.6687781911
14.2127593155	-15.7733300052
14.1143367279	-15.8648947705
13.9514442533	-15.9889577249
13.8324861904	-16.0893793637
13.615510703	-16.2375132252
13.4866713722	-16.3468846601
13.3849651643	-16.431798574
13.1790718384	-16.6280826219
13.0180761357	-16.7556227918
12.8157245368	-16.9075628024
12.672670196	-17.019612736
12.3926087575	-17.2331714601
12.2209298813	-17.3583406925
1.60969506791	-23.0939118855
1.35137793511	-23.2804212654
1.18127681864	-23.4405643305
1.06200665714	-23.5746155279
0.869612889715	-23.7621321607
0.803453563299	-23.8298943653
0.526776262827	-23.9769697647
0.283992264918	-24.1162958986
0.00253141676389	-24.021402867
21.1949501451	-4.76288085417
21.4165081114	-4.63831611844
21.569841226	-4.51214025985
21.8049814149	-4.52137962811
22.0107201116	-4.45848593369
22.2176504809	-4.39614944723
22.4061276564	-4.35315604679
22.4993517061	-4.3157021423
22.8530139941	-4.24919633229
3.87577904793	-8.9509107067
3.55510146745	-9.05141660614
3.3849464727	-9.30171278271
3.28492195373	-9.47998855949
3.11283372155	-9.6981381465
2.88086937864	-9.93297465965
2.77314900716	-10.1054054821
2.60726276718	-10.3495357189
2.4760296566	-10.5400105652
2.3442585034	-10.7524380229
2.20401623309	-10.9802266141
2.07173480755	-11.2308591165
1.95506313509	-11.4266198325
1.85128048534	-11.6417397578
1.78922635975	-11.7691669721
1.72026650117	-11.9181220191
1.47409467588	-12.5311019477
1.37602809146	-12.7756596114
1.31036137651	-12.9211538201
1.23237842052	-13.0100114087
1.18298197137	-13.1020558564
1.14397728521	-13.1501555648
0.965596571107	-13.3575357054
0.995529835646	-13.5154220195
1.00991730985	-13.772229174
0.582423322908	20.0945443075
0.374783184421	20.0030452638
0.0373780663395	19.885935272
-0.213633006258	19.856943096
-0.411922144361	19.8328843056
-0.695841622336	19.8004007276
-0.969661974352	19.8036714427
-1.28104021926	19.8756416807
-1.49744888024	19.8892063738
-1.64974450533	19.8813544988
-1.81135391383	19.8649445334
-2.00821006456	19.8585093425
-2.15253512105	19.8569012394
-2.3882882277	19.8468038047
-2.44106064467	19.8448040544
-2.76523415451	19.8285706562
-3.02803239479	19.8147412899
-3.31021970365	19.7982438909
-3.51015221114	19.7884683182
-3.7532826361	19.7720747082
-4.08547910874	19.7518655578
-4.52065449067	19.7114470128
-4.79205106707	19.6838702295
-5.18352752169	19.6507914321
-5.38520988156	19.6212754955
-5.72633378557	19.5751412255
-6.06370028344	19.5211867475
-6.43750658061	19.4593285088
-6.89918221215	19.3798149445
-7.28075566678	19.311961057
-7.83188781406	19.2070950408
-8.26165573469	19.1246241164
-8.8862640705	19.0066675112
-9.29410302587	18.9192822671
-9.31192221254	18.915610549
-9.72732693427	18.8254637769
-9.97253018976	18.7689878999
-10.1667190176	18.7121458273
-10.2257177198	18.6863789068
-10.5461926966	18.6192917462
-10.8610537712	18.5474849405
-10.9816775617	18.5196021816
-11.1950289264	18.4693844205
-11.491366158	18.3969750164
-11.7598669768	18.3301598959
-12.1220151325	18.2388906643
-12.3807283205	18.1803583607
-12.728489865	18.0877760742
-13.031942481	18.0002983716
-13.2795978201	17.926557339
-13.7214562589	17.8103810375
-13.9954129678	17.7382004205
-14.2314297149	17.6804965468
-14.4556648169	17.6333884329
-14.7594386679	17.5687761562
-14.929019008	17.5174533593
-15.1532526469	17.4722445125
-20.093799117	15.641381202
-20.6196236439	15.4156747754
-20.9032862591	15.2886379158
-21.1501949087	15.1686352802
-21.3793473202	15.0462251744
-21.5504806687	14.9606266519
-21.772191852	14.8501852265
-22.2203691264	14.6206904016
-22.3404284802	14.5624765524
-22.5616825883	14.4517240394
-22.7420630009	14.3604972041
-22.8696517033	14.2980247314
-23.02516011	14.2217326836
-23.2640094633	14.0983153661
-23.3709306346	14.0458852219
-23.5080562841	13.9794959576
-23.7001902447	13.8799700492
-23.8970132965	13.7728733383
-24.0569048797	13.6906588059
-24.2785407546	13.5789956231
-24.5619417895	13.4384555672
-24.7975655317	13.3053967647
-24.9222790819	13.231521235
-25.1018100584	13.1280831629
-25.3184391144	12.9879942809
-25.4551651606	12.896007509
-25.5828459887	12.8040676619
-25.6758090849	12.7302852654
-25.887041646	12.5624063532
-25.9935439351	12.4701048688
-26.0790953267	12.385064232
-26.2061074855	12.2554850114
-26.3162196953	12.1398240495
-26.5762877167	11.8403559627
-26.7829257091	11.5778460955
-26.9798408688	11.2795968753
-27.0819919158	11.121002134
-27.1820490552	10.9286953511
-27.2760384084	10.7309460402
-27.3607866247	10.51231888
-27.4199042361	10.3277643497
-27.5094032798	10.1423102018
-27.5978023111	9.78730791908
-27.6944569014	9.48247515252
-27.7208180998	9.31095934853
-27.6132718955	9.18219626649
-27.6892143518	8.90243668268
-27.5936493572	8.62051939999
-27.5630688214	8.43165417565
-27.4750787642	8.14623082733
0.582476535577	20.0945002522
0.868254763771	19.88815211
0.976823997801	19.7935554375
1.11872458298	19.7357765339
1.35539289671	19.6848449902
1.55001879733	19.6090188125
1.79874320827	19.5851554368
2.04097180755	19.5350252192
2.24721994691	19.493949993
2.51389706635	19.4506148979
2.69415794556	19.4254131029
2.97014288315	19.3841084716
3.31592869543	19.3164742948
10.2575722592	17.0921436159
10.4676446987	17.0314496823
10.6985378653	16.9277328299
10.9827594232	16.7574404743
11.1581318196	16.6574632585
11.3990289685	16.5030694351
11.5319780284	16.4177424018
11.6688541879	16.3541574377
11.8458780109	16.3179172712
12.1836965496	16.0708642944
12.4434622193	15.8064816266
-0.583970624351	0.677028587981
-0.867041855536	0.655299220998
-1.05687940392	0.61381394508
-1.24745089234	0.539920039135
-1.42712139826	0.524607398684
-1.63757130961	0.52819430917
-1.83145146626	0.485181834821
-2.16590647429	0.407306157262
-2.65772485534	0.339364991682
-2.82612251137	0.292382078064
-2.99184367244	0.277408026505
-3.0405449503	0.297953273797
-3.37564871887	0.218763769281
1.00613982723	-13.7676212797
0.834012960389	-13.910940969
0.793524171051	-14.0769979926
0.466555915569	-14.1805168933
0.195078447757	-14.3130246966
-0.0358285434843	-14.4530346035
-0.359760862961	-14.676883673
-0.494428935348	-14.7699444978
-0.746490397921	-14.9250325841
-0.984906767932	-15.0658512319
-1.16423100749	-15.1766097333
-1.40896880909	-15.3483436776
-1.64781316393	-15.4399951155
-1.86153825381	-15.5329877048
-2.05740639938	-15.6221464223
-2.1921105576	-15.8513317918
-2.2685205331	-15.7421470571
-2.17266299686	-15.9977653728
-2.20457849844	-16.2644301687
-2.30945655346	-16.4542881706
-2.39707339973	-16.6635001452
-2.45810736517	-16.9085198071
-2.38338692063	-17.0536701566
-2.46903535201	-17.2280650038
-2.52869163998	-17.3974775116
-2.67840112385	-17.8703013663
-2.71549228639	-18.0317162299
-2.72391533968	-18.391185191
-2.85172549521	-18.8410905672
-2.97117003535	-19.3502350986
-3.08174872197	-19.8162885519
-3.19349005476	-20.3208793162
-3.21583772141	-20.4292609034
-3.2562914173	-20.6268901599
-3.3114567002	-20.8929904501
-3.42275209995	-21.1106985955
-3.47442718186	-21.2614358319
-3.49280752283	-21.4015899912
-3.47913039732	-21.6011256131
-3.48414158058	-21.7265160902
-3.50109835653	-21.7680198604
-3.74390941588	-22.0626831636
-5.31387209124	-1.02889768175
-5.05224295965	-0.961280955026
-4.64297598273	-0.739131607733
-4.36199407487	-0.577036670045
-4.161827752	-0.469857506758
-3.74555764753	-0.166485123208
-3.55850279674	-0.051019696572
-3.37562950515	0.215225757429
-7.59929960355	-3.15830136378
-8.05262256432	-3.20907763387
-8.2763144734	-3.24378014921
-8.67476921967	-3.40915715769
-9.74651358948	-20.822028002
-10.0796907529	-20.6330593018
-10.3224983494	-20.5759749199
-10.3983145326	-20.471260031
-10.5437477414	-20.3434955942
-10.6646713847	-20.415589308
-10.9014499983	-20.3092044778
-11.0737084275	-20.1761241014
-11.4109327294	-20.0940669856
-11.6331049683	-20.0914884521
-11.88971697	-20.0643488352
-11.9581308852	-20.0164824653
-10.7016224218	15.8483016439
-11.0293804214	15.9103806076
-11.2724672623	15.8814651834
-11.4547373067	15.8710662537
-11.7638927822	15.8726920884
-12.1824480463	15.8497549863
-12.3348372429	15.8407865558
-12.7484342235	15.8120861779
-13.2142562778	15.8023479147
-13.6393306845	15.7788927346
-14.1283598628	15.7440129834
-14.4046622902	15.7313736471
-14.7303768417	15.7027416092
-15.0281135323	15.6666618993
-15.2289466347	15.6511569398
-15.4226940767	15.623640219
-15.6307902789	15.5976975785
-15.8356767145	15.5661742738
-16.0170963319	15.5098067341
-16.2051357621	15.4481161785
-16.4702653339	15.3483081487
-16.6723052328	15.2581292738
-16.9058000616	15.1448435348
-17.120171924	15.0349619421
-17.3784210453	14.89813636
-17.755327606	14.6676749828
-18.185070189	14.3767037424
-18.4999021693	14.1227323912
-18.7729782179	13.8972241671
-19.1482590143	13.5443773524
-19.3814943442	13.3468158671
-19.5880219721	13.1476958172
-19.7773221276	12.9616713768
-19.9400328081	12.789914448
-20.0869035026	12.6416984735
-20.2472922225	12.4812664539
-20.4732162026	12.279708348
-28.4893593159	-4.32407156
-28.6777084431	-4.12570572953
-28.6903166508	-3.94751083145
-28.5368265869	-3.746099198
-28.5680187879	-3.54182708336
-28.7873414471	-3.4294428063
-28.780127629	-3.14836848318
-28.7798053738	-2.70619305236
-28.8598463395	-2.38874024747
-28.8636544465	-2.30281252759
-28.9410178004	-2.14419418199
-28.9685844123	-1.86241651695
-28.9984709975	-1.64765967621
-29.0426547764	-1.31702772834
-29.074902158	-1.10397771799
-29.0958964333	-0.954519115431
-29.1179800233	-0.800578116342
-29.1318839584	-0.677314496269
-29.1607164559	-0.451495450754
-29.1341267382	-0.312383071034
-29.1513587501	-0.138153704315
-29.2219412679	0.130582352431
-29.2470836377	0.242481709129
-29.2973768969	0.411687477913
-29.3070658473	0.515838427272
-29.3219684685	0.800600018599
-29.3820227624	1.00549241092
-29.4232678322	1.28048652535
-29.4730129145	1.62309141141
-29.5023579711	1.9006925378
-29.520451425	2.13539287284
-29.5634751837	2.69498380923
-29.5907914036	3.20487938113
-29.5971183113	3.38909276669
-29.577836051	3.64495346453
-29.5703636714	3.91498930894
-29.5575667238	4.17501267032
-29.5427393824	4.42182000559
-29.5539205841	4.61524219044
-29.5189602112	4.76344716517
-29.4313706076	5.04941875997
-29.3294656454	5.28636641171
-29.184652289	5.49262668196
-14.183487736	-5.694644826
-14.4078417984	-5.97334943949
-14.5555885588	-6.16983591507
-14.7448139995	-6.2592949888
-14.8954188923	-6.34452646894
-15.0279324804	-6.40267480147
-15.0746089304	-6.56627220582
-15.1927774334	-6.61516632322
-15.3960590592	-6.77626358401
-15.5933814443	-6.96617611776
-15.7748338045	-7.13656664104
-16.0702419199	-7.2737092705
-16.1671618079	-7.33525693228
-16.2708602445	-7.36436565153
-16.5022809146	-7.43273998371
-16.7898114641	-7.52991456203
-14.1835268896	-5.69430043053
-13.9394651906	-5.84254844012
-13.7503101805	-5.8679768834
-13.6206017197	-5.86220248832
-13.454627769	-5.86281741369
-13.219440404	-5.81426148629
-13.073660735	-5.78438327233
-12.9474056812	-5.76928777434
-12.6371994777	-5.74071621877
-12.3112340093	-5.63837279235
-11.9314587565	-5.48930356946
-11.7068770284	-5.42425246605
-11.3730063029	-5.29149748563
-10.9698778113	-5.06897535423
-10.6830792169	-4.90218054868
-10.3999185989	-4.70843192014
-10.2984246395	-4.65002309566
-10.1017707845	-4.49965586994
-10.062312493	-4.46894229263
-9.60532255936	-4.1288749819
-9.31855262447	-3.9091065976
-9.16017759755	-3.78318928446
-8.95598129992	-3.61500821833
-8.67481033265	-3.41057586964
-19.4948111016	0.803277562682
-19.3348894246	0.430784633122
-19.2565753937	0.396045374005
-18.8718530374	0.155827736461
-19.4936425952	0.804949723953
-19.6461271516	0.642833350834
-19.7057567651	0.604873517173
-19.9722589157	0.697841815494
-20.1734439003	0.842534475606
-20.3165505423	1.1231719386
-20.5360680281	1.29153439556
-20.84765699	1.48695399946
-21.0810178653	1.66363264042
-21.3734288512	1.85455628371
-21.544349553	1.95976409768
-21.7788969925	2.12020043221
-22.1006355714	2.30587084348
-22.6153813787	2.5897685186
-23.0496845347	2.79248065227
-23.4449982328	2.95756653223
-23.932247535	3.14615768052
-24.2088669708	3.16988777989
-24.3969605369	3.22866766251
-24.5426127697	3.26782692074
-24.9085163924	3.33358022735
-25.2053274214	3.34549884542
-19.993407908	10.2663776894
-19.800333238	10.1383099259
-19.5795335827	10.0454983
-19.346031626	9.94153579592
-19.1682748483	9.9020908431
-19.0372453064	9.84709197486
-18.8069121901	9.73655055958
-18.310747174	9.5007404676
-18.0089185392	9.3687170017
-17.8042870034	9.25209975955
-17.5220938393	9.09546852165
-17.1921736731	8.92461091707
-17.0372533073	8.87892368614
-16.8624496195	8.83235154937
-16.672114812	8.79551257163
-16.4444082359	8.76639929004
-16.2296488009	8.75380869464
-16.0511547098	8.76707627934
-15.9438375736	8.78478570951
-15.6919513377	8.86531800384
-15.4904709314	8.98621627032
-15.3634358283	9.03401576353
-15.1262062199	9.15044719335
-14.9682023019	9.23536925951
-14.81066692	9.30773294328
-14.6540092373	9.39683063961
-14.4794404676	9.49817461058
-14.2512921713	9.61879143238
-13.8699646279	9.83919900812
-13.6849182895	9.96868393491
-13.5045982704	10.0726173412
-13.1825198862	10.2511733601
-13.0322521602	10.3337819907
-12.7918033458	10.4716745659
-12.5675930497	10.582448286
-12.4501237114	10.6412501367
-12.282333533	10.7294456838
-12.1577252205	10.7938158923
-11.9956767077	10.89092379
-11.8570466529	10.9625673339
-11.4497320413	11.0990918614
-19.9837249024	10.2707265878
-20.0251997971	10.0017818671
-20.1530633306	9.76229048244
-20.196869214	9.60811045448
-20.3628020874	9.2852989519
-20.4516209459	9.02317715254
-20.6102904446	8.77585712194
-20.8653719271	8.31615295261
-20.9771287962	7.98957402358
-21.0960809106	7.67401911367
-21.2992814917	7.27931401643
-21.3564945199	7.08938292629
-21.3966195093	6.97467272535
-21.4579422058	6.80778830514
-21.5467352857	6.50274954179
-21.5467649589	6.50284948416
-21.8576255051	6.43000865503
-21.963253316	6.39073120657
-22.0171190885	6.36902624253
-22.1460828788	6.28903921401
-22.5244928291	6.21090410916
-22.6879486688	6.18425450523
-22.9590451014	6.18701247324
-23.2924353622	6.28860419225
-23.5321689102	6.37864575648
-23.7344959921	6.44159909845
-23.933838289	6.52365159059
-24.1749606835	6.64041167871
-24.3778877971	6.75158225419
-24.561311733	6.88044669455
-24.8326641232	7.0580240648
-25.0138072375	7.17160823014
-25.4456799629	7.50679228911
-25.7885534865	7.72017576972
-25.9064218711	7.79403423996
-26.0495447781	7.87776374553
-26.2879576671	8.10657767754
-26.2879482206	8.10662076309
-26.1395062517	8.48603522496
-26.1169322792	8.60448918479
-26.0449756289	8.76358491392
-25.9206263257	8.88978010029
-25.8508781458	8.98309154846
-25.7478231786	9.08009543019
-25.7000579299	9.16460300417
-25.3663707698	9.4508184233
-25.2337176033	9.57083178485
-25.1139919117	9.67248031543
-24.9374704818	9.83287144391
-24.7945078778	9.9647672176
-24.6399659723	10.0685415798
-24.4112580589	10.2379897025
-24.2684863678	10.3707604763
-24.1188692267	10.4789151819
-23.9915911782	10.5710900748
-23.7177909838	10.7620458951
-23.5118305691	10.8842163459
-23.0058468388	11.210575115
-22.3864304005	11.4946228147
-22.0359120712	11.6705133849
-21.5912885552	11.8620668047
-21.4767103226	11.8993923277
-21.224180873	12.0250932315
-20.9300286636	12.1233932823
-20.472542596	12.2793151357
-15.7959759259	-12.2097417027
-16.0690718627	-11.8518726221
-16.1522752901	-11.6515173159
-16.1777819578	-11.551046844
-16.1887079261	-11.2258743157
-16.168629173	-11.0109106796
-16.2020124739	-10.8525039071
-16.2187891704	-10.6704471379
-16.2367922249	-10.496560676
-16.207797231	-10.2947677435
-16.2445700671	-10.1667829712
-16.3384614125	-9.99205747474
-16.3672265436	-9.82063641059
-16.3867734062	-9.57222548195
-16.4211427926	-9.40553822602
-16.4635858288	-9.197706154
-16.4910635748	-9.0321117615
-16.5607098441	-8.76131408818
-16.6230202829	-8.49623966678
-16.70292335	-8.27940575533
-16.7018711986	-7.99401541159
-16.7905787985	-7.66698610159
-16.7900052315	-7.52979003568
-11.4497320418	11.0990918622
-10.9627886741	10.9749650404
-10.7304813411	10.9064017189
-10.5035603057	10.8217557132
-10.3168113887	10.7312708495
-10.156168488	10.6538379938
-9.77441965744	10.4802614485
-9.49472428257	10.3230316743
-9.23052961323	10.1937421091
-8.71243237225	9.94085854636
-8.27882674314	9.72191583424
-8.01791697434	9.58956652321
-7.73770020731	9.48186404685
-7.46583074917	9.36853040448
-7.06659793339	9.35263223708
29.6968689136	2.0881592575
29.5610153406	1.91748519298
29.4706323257	1.60146026763
29.3636922317	1.40413226727
29.3102176724	1.2683201328
29.263432445	1.13713545868
29.2103359263	1.00967157663
29.0528229386	0.802196965084
28.961030432	0.677006168292
28.8009809668	0.507235312907
28.5869377247	0.268262723025
28.4212021343	0.154311234682
28.276550821	0.0565096361498
28.1379237215	-0.0367125485019
27.8706379968	-0.198445616536
27.4850581146	-0.378708212161
27.1276061721	-0.608742746955
26.9124263011	-0.725909672526
26.8068099927	-0.786946854576
26.5372374862	-0.91267487968
26.113315467	-1.17894751621
25.926730758	-1.29615764876
25.6588550285	-1.4420457402
25.4441167997	-1.54284317307
25.3313607545	-1.58943271508
25.2175659068	-1.65315557663
25.1391714057	-1.68710580132
25.0615427628	-1.72509743291
24.9235552383	-1.78732179449
24.255398819	-2.04588191953
23.7764860737	-2.17200065401
23.6752062386	-2.17283670048
23.3157026276	-2.22191362526
22.9941122825	-2.19449835416
22.7637438335	-2.12649328753
22.5738862771	-2.02046465819
22.4238479274	-1.91296522346
22.0688057657	-1.52687745008
21.9533767592	-1.38326145383
21.7482885949	-1.09704701121
21.6250244231	-0.878106724455
21.5012476842	-0.637934044423
21.4031858888	-0.423647809208
21.2807444663	-0.161331231319
21.2056563715	0.0160453240064
21.1470447598	0.14562114815
21.0254338419	0.416075019048
20.7740969762	0.931017273708
20.6124869242	1.37521991903
20.4622373569	1.64954500064
20.4140885671	1.73723482454
19.9034559589	1.88854710615
14.0632646668	-11.430812261
13.7455274521	-11.3227282252
13.5620794977	-11.3476921566
13.2880838321	-11.3280656204
13.0170227891	-11.3228870828
12.8218569882	-11.3207784207
12.563729224	-11.2856295036
12.443612234	-11.3136124213
12.2661169366	-11.3496184077
11.9279555409	-11.4464724138
11.5330936073	-11.5409287137
11.2646125655	-11.6271668894
11.0604428996	-11.7087515197
10.8390376393	-11.7629260254
10.6596002623	-11.8020243527
10.4884362686	-11.8405027361
10.3263259789	-11.8605010946
9.82598910742	-11.9467857966
9.58894177535	-12.0169308704
9.26483326472	-12.0605595455
9.04225833423	-12.0916149957
4.34013461373	16.1220022867
4.02470731412	16.2617707643
3.83515247716	16.3465336545
3.48595858753	16.4368199927
3.25824362622	16.4955607473
3.07831556707	16.5377545476
2.69147869122	16.6210697803
2.35169844964	16.7139112543
2.11303927173	16.7591708956
1.82385859684	16.810394548
1.662954162	16.7438030788
1.47301208247	16.7596722404
1.38488703527	16.8200956781
1.00270451025	16.9224875622
4.34013461372	16.1220022867
4.74003536314	15.9447027479
4.96970803705	15.8178213677
5.41094343751	15.5732867775
5.68755209877	15.4533251276
5.87652965253	15.3691165826
6.02676982868	15.2940636216
6.27778650661	15.1698599276
6.54733437052	15.0355275394
6.85325679067	14.8823252583
7.06991346733	14.7111918561
7.5506536079	14.4402283085
7.80559593121	14.320988223
7.92540870491	14.2204013788
8.0255690021	14.1914287578
8.33078326141	13.9566465763
2.10025645874	9.51768398629
2.50199408305	9.50627198654
2.7093950639	9.55364851185
2.74408077366	9.55638250655
3.01331588307	9.58454449839
3.28855077236	9.59446748616
3.513859052	9.58501007462
4.04803256298	9.57214221746
4.50985582997	9.6354062379
5.10912938032	9.77194484448
5.21628014494	9.80585304451
5.4526528318	9.89093280056
5.55613313244	9.96189373379
5.90466458082	10.1302272653
6.19278571698	10.3109583477
6.58131875345	10.6061732092
6.78826616883	10.7839593954
6.91825828347	10.9354571037
7.02688884542	11.0587301665
7.11533880498	11.1916859406
7.26340474533	11.4278736399
7.39520910867	11.685154681
7.63990174644	12.1996235265
7.78858181258	12.4971595312
7.90529121786	12.7158252146
8.01552437929	12.9343667135
8.07959310179	13.1480562094
8.22115973024	13.3538425807
8.24846648041	13.4234970807
8.32307077229	13.537400194
8.33072984344	13.9566967026
-7.06653026255	9.35269792417
-6.8509818017	9.48568160431
-6.74441235917	9.55925025193
-6.4379219411	9.80011959793
-6.3076419216	9.91635643703
-6.16032058797	10.0936322785
-6.01676752438	10.2466631935
-5.76266719812	10.5085057681
-5.48354981383	10.8009617165
-5.44380799861	10.8527470395
-5.30674184553	11.0474793643
-5.07986699116	11.4026164569
-4.86688174165	11.7669851198
-4.73361444028	11.9395171609
-4.59308992901	12.2143534322
-4.54404202235	12.3571800524
-4.50459395056	12.4955565132
-4.4826597764	12.6034195715
-4.39224913456	12.8945079528
-4.34664429604	13.1391976769
-4.320112339	13.3266704671
-4.28899812636	13.5423913465
-4.25684989572	13.9003305358
-4.24595301718	14.0645432542
-4.25274137475	14.2074059992
-4.2504232837	14.3340466687
-4.24247336569	14.4973579809
-4.23688191519	14.6741680545
-4.23225302512	14.8342575515
-4.18750578724	15.1607648733
-4.32196008215	15.3469205478
-4.36251745725	15.4916625255
-4.4330994764	15.8351941947
-4.65324434516	16.0995697295
-29.1823701234	5.49243946182
-29.1444163151	5.83629979328
-29.0916653258	6.06531889952
-29.0964270494	6.23800421536
-29.0398966853	6.41010991509
-28.8875385068	6.5542187629
-28.7433635583	6.62724511042
-28.721308555	6.87663652752
-28.551329026	7.21790614477
-28.4678702764	7.40716270036
-28.33674019	7.57300471292
-28.0892389935	7.7164427396
-27.7988366507	7.78938301668
-27.6682466016	7.88811293678
-27.4758630416	8.14762653459
4.43420310427	4.04239196176
4.57731177824	3.84351598982
4.76101631523	3.54793092925
4.9359375003	3.3235003482
5.01549013582	3.06929288817
5.10049617293	2.90080933106
5.18815610731	2.66672788599
5.22449066423	2.46774472177
5.24075572853	2.16128775272
5.23198996191	1.78105777167
5.211554236	1.56201680195
5.11748739003	1.14248887914
4.95865497673	0.79374107033
4.76291885096	0.391360160674
4.69766550434	0.261962127373
4.54273578332	-0.0210949166226
4.42950142028	-0.220555596389
4.3087840405	-0.41851335224
4.14927120779	-0.670290132652
3.98345353748	-0.913472701392
3.64599265001	-1.37645761989
3.45607148458	-1.60286081807
3.28713492469	-1.76721524453
3.09749041195	-1.95532936614
2.69762397402	-2.3379973716
2.53835891864	-2.45760224185
2.35956258485	-2.57649518299
2.11952632504	-2.74435899006
1.92734659133	-2.87570173474
1.63337700264	-3.08094153942
1.42081403105	-3.22618531432
1.133498786	-3.4206201843
0.890395451408	-3.58138635869
0.691128236164	-3.70157797882
0.55577375975	-3.77791278107
0.209267392719	-3.97044182958
0.0699157206628	-4.04658295345
-0.132979795943	-4.14606166822
-0.411571277511	-4.28695762144
-0.563435471597	-4.36464089056
-0.786421438271	-4.47831411462
-0.913528326266	-4.54243812432
-1.14358298474	-4.66602505109
-1.48371120676	-4.85643124075
-1.69702560353	-4.98590445425
-1.81652099839	-5.06511685126
-2.27563598577	-5.38827368982
-2.47227067542	-5.57042319601
-2.65530782511	-5.73727914416
-2.88241337095	-5.95416990596
-3.21428683036	-6.28785758645
-3.62112562723	-6.73511821611
-3.94253577778	-7.10727466701
-4.06138311189	-7.24642836883
-4.12100898469	-7.31514691897
-4.22183249365	-7.42465999007
-4.35149401654	-7.57176691196
-4.51829175667	-7.78382812747
-4.68876170584	-7.98480851407
-4.9061424109	-8.23355468893
-5.08464879993	-8.43937534263
-5.28595094479	-8.64882715561
-5.42362579906	-8.81236302769
-5.57271774085	-8.95944247133
-5.73664661705	-9.12076446147
-5.93251470458	-9.2879781719
-6.18902988098	-9.47161261046
-6.24600930018	-9.51796757767
-6.56040770022	-9.72717915732
-6.80145513004	-9.88695882067
-7.02363063718	-10.0283804734
-7.23954200269	-10.1539361515
-7.36946882	-10.2225182139
-7.56383285383	-10.3264184722
-7.69967155464	-10.4030302184
-7.99756536711	-10.5692480633
-8.32692171077	-10.7512313955
-8.54395795691	-10.8528876782
-8.66985174059	-10.9375642519
-8.78539394418	-11.0025978173
-9.05182371859	-11.1413188429
-9.20087314515	-11.2272694243
-9.51030412825	-11.4216286172
-9.70919703424	-11.5468506947
-9.83955233638	-11.6272551422
-9.99067564035	-11.7203165503
-10.3574893618	-11.9526843635
-10.5949781139	-12.1008123784
-10.9112872187	-12.2980229235
-11.1946545187	-12.4677444043
-11.3690574839	-12.5924532375
-11.5291883667	-12.7098491904
-11.6936015695	-12.8177756611
-11.9113580848	-12.986671108
-12.0852009954	-13.1196007342
-12.2734509943	-13.2755944623
-12.48599035	-13.4758133074
-12.5731833067	-13.6039902838
-12.7068996773	-13.7740568254
-12.8694574567	-14.0429708871
-12.9742682512	-14.2511670984
-13.0243780518	-14.3396546532
-13.0908941399	-14.5208275422
-13.1314217154	-14.7066589202
-13.1627401556	-15.0012648788
-13.1729738241	-15.166616041
-13.1689638639	-15.3445605818
-13.1463036818	-15.7247887095
-13.116414155	-16.0164927008
-13.0784237694	-16.2669773732
-12.972005405	-16.8396027603
-12.9320264637	-17.0451787031
-12.8835534308	-17.2550932959
-12.824282868	-17.520150993
-12.7573543842	-17.764995093
-12.6759430058	-18.0424342895
-12.6201530454	-18.2317928903
-12.5331521608	-18.47449811
-12.4563943184	-18.6655804013
-12.4097366476	-18.8619462384
-12.2618287098	-19.2099429903
-12.2072569916	-19.4009211579
-12.1741006948	-19.5633855424
-12.1102041578	-19.6849286883
-11.9582035197	-20.0166857862
1.00270451025	16.9224875622
0.725867985989	16.8021615127
0.544316407153	16.7689984255
0.23996351838	16.72055778
0.0374930433262	16.7125533466
-0.182735633107	16.6975271319
-0.400195262341	16.6441227506
-0.593887179168	16.6286161824
-0.90852889614	16.5891858171
-1.06090375957	16.5746465383
-1.17449155839	16.5678822758
-1.42583510752	16.5404326548
-1.58563745934	16.5068702677
-1.80528023278	16.4816603758
-2.27240430139	16.4126961634
-2.4860584139	16.3767613085
-2.80647101284	16.3180116212
-3.22310554032	16.2549154911
-3.57249788112	16.2127371671
-3.96966719492	16.198444031
-4.20616792088	16.1899516407
-4.34875220335	16.1693348998
-4.65304429089	16.0999321931
-3.74396152748	-22.0626507433
-3.45970244878	-22.1652517784
-3.34633942701	-22.3517943494
-3.34482988269	-22.5608247295
-3.1057822214	-22.763214522
-2.88723787252	-22.8215310964
-2.76487077598	-22.9916857211
-2.54602504056	-23.1923094072
-2.44417652225	-23.2697045671
-2.43404520059	-23.5284367817
-2.36744036073	-23.7068580129
-2.30805217268	-24.2865633758
26.8213188916	9.11044730082
26.5344267146	9.03243809465
26.3829699895	8.97638737932
26.2590332688	8.93162018964
25.974680411	8.89244185219
25.6160920574	8.83823786221
25.4127623943	8.79825803323
25.2190971297	8.7478269706
25.0387147291	8.68814511627
24.8363979554	8.64514680346
24.7492723591	8.59710061492
24.5389001269	8.49570332652
24.3749481727	8.43521254433
24.2045665188	8.35851639561
24.0616810599	8.27712704502
23.9157224843	8.19257473474
23.8389447971	8.15840989414
23.6439224603	8.04327511957
23.491679755	7.94443187151
23.3553395965	7.84673371727
13.1611161826	2.53814820202
12.9143032457	2.33460099045
12.7872699732	2.1982473046
12.6293042519	2.02789990018
12.520461304	1.89875802129
12.3966967256	1.71538311271
12.2575371894	1.5043701758
12.1881136523	1.38515604866
12.1014404928	1.23842201685
11.9861843348	1.01804249922
11.9269909379	0.8851482769
11.868023863	0.776255988821
11.8192053193	0.64739398116
11.7382635132	0.452932456701
11.6117742618	0.0385124381275
11.583119088	-0.0600878907725
11.5459708549	-0.189177194353
11.5314341489	-0.247356542939
11.4334095378	-0.615311902324
11.3849187871	-0.823887646165
11.3412957043	-1.04257232116
11.3055366072	-1.21863526477
11.2755931701	-1.40020378003
11.252997185	-1.51738665444
11.2272709648	-1.67034663173
11.1761746467	-2.05854268207
11.1323324989	-2.35218636309
11.1361691472	-2.5060178426
11.1110646812	-2.66964449312
11.0916715301	-2.80898852456
11.0681640522	-2.94222185326
11.033210013	-3.11870779377
11.0170777414	-3.30032231108
10.9998396401	-3.47086661751
10.9557326978	-3.81806412696
10.929979421	-4.01233029482
10.9064725751	-4.14645899769
10.8784747921	-4.37042923151
10.8404721477	-4.6018932976
10.8292058766	-4.75905324959
10.8159576836	-4.94862894716
10.7635537342	-5.24691484825
10.7278694395	-5.46649674423
10.6943858197	-5.68444049974
10.6572435366	-5.94735708384
10.6057545391	-6.14966294499
10.5686689416	-6.33656974496
10.553455747	-6.5644364661
10.5020157957	-6.86587837192
26.8213188569	9.11044730304
27.12349566	9.10822645783
27.2958120876	8.96332398643
27.4034574342	8.91866225211
27.6981212643	8.86701552927
28.1833366466	8.67188449721
28.641980564	8.48718555047
31.3006204864	6.08164223495
31.6349143242	5.66860554965
31.8527177662	5.37129848888
32.0687963334	5.07741139893
32.1844627171	4.92687856215
32.2691652527	4.79848367242
32.4141799659	4.56393045167
32.5613407021	4.31920573549
32.6442463383	4.18157037541
32.700333289	4.08077065158
32.7752138921	3.9457984115
32.9604362703	3.58454670967
33.0749268235	3.35819207206
33.1896791632	3.10412358777
33.3674549291	2.73960565332
33.4509365101	2.55344353285
33.5139945412	2.41135418813
33.6441317935	2.09868910241
33.755452088	1.83338294125
33.791991886	1.75918122249
33.8267023112	1.70010219196
33.9468322652	1.51360937103
34.1480402046	1.11325270066
10.5021292969	-6.8659216938
10.6384954779	-6.95030299996
10.8414619958	-7.12053825608
11.0865339554	-7.38161357207
11.1655019596	-7.46519372395
11.2574595459	-7.65139319441
11.3543207445	-7.68847676303
11.5111929291	-7.77263121027
11.6139730472	-7.86041962009
11.7528205305	-7.98636084053
11.8643114985	-8.0446762347
12.1869556352	-8.31720632185
12.5560129569	-8.56300855375
12.6579925506	-8.6133020179
12.7994416255	-8.63898441032
13.0725256621	-8.75207798265
13.3896602226	-8.84473541022
13.6235685067	-8.88790145668
13.8728762916	-8.90398268052
14.0449272728	-8.90843140599
14.2580651731	-8.93178831195
14.4236513282	-8.92391854475
14.7164153473	-8.89931458383
14.8684243506	-8.88011137621
15.024009763	-8.85750777771
15.2510292796	-8.80747098488
15.4910616314	-8.73145659382
15.7761660735	-8.6490143585
15.8638842813	-8.62014923109
16.0625134431	-8.55953424721
16.2435598224	-8.4947431042
16.3442509117	-8.45954418405
16.4693986254	-8.41195476562
16.6849011332	-8.32958777382
17.0616059027	-8.17809003318
35.3857150876	-1.04795821091
35.3381643367	-0.849406810895
35.3016057646	-0.725220025285
35.2733265867	-0.614413952243
35.252951113	-0.530374287435
35.1397655276	-0.26580929642
35.1050810073	-0.204476215736
34.978949506	0.0287069310117
34.8761186781	0.210533730009
34.6910237758	0.465246348849
34.6026691266	0.663683431767
34.4059593527	0.832954466294
34.1492628654	1.11476887598
0.0529377207629	-24.4322927319
-0.329289784115	-24.3044860052
-0.50399646315	-24.2949608254
-0.631258485289	-24.2863053209
-0.87010748698	-24.2750273547
-0.999304859838	-24.2570339712
-1.13690117002	-24.2242066042
-1.42345102608	-24.2172029593
-1.65632837767	-24.2358651667
-1.92695899401	-24.2602022686
-2.30806372837	-24.2846309259
