2421 0 0
-9.29185359894	-8.84120449655
-9.24898203762	-8.68523044595
-9.24359747349	-8.59989643421
-9.23708165302	-8.5488925978
-9.24234803059	-8.49623094457
-11.3892904925	-6.32909389544
-11.3195953441	-6.43364262007
-11.2762208574	-6.47962243382
-11.1041284263	-6.531587445
-10.9685318298	-6.55508768443
-10.9140261472	-6.57496157128
-10.8434720136	-6.60677140188
-10.763208824	-6.65665284106
-10.5771711485	-6.7941458966
-10.5431426505	-6.91348215743
-10.5164253017	-6.96096705746
-10.4732333653	-7.03130748287
-10.4306969596	-7.12555882764
-10.4090724161	-7.21104749363
-10.3714407724	-7.30272208547
-10.3599935401	-7.4174363544
-10.3879294581	-7.49645457804
-10.3269325526	-7.59913851035
-10.2554470866	-7.68880216819
-10.1998062885	-7.76613622553
-10.170921037	-7.86703117698
-10.1104720771	-7.9334105639
-10.0566311227	-7.99632026144
-9.95270035204	-8.11039463351
-9.81276395888	-8.19399066087
-9.71055894706	-8.28673419108
-9.6400236141	-8.31986015915
-9.57952705934	-8.34594095402
-9.37651249896	-8.4442817762
-9.30473197982	-8.47095854095
-9.24254991532	-8.49643831511
-10.7938304056	-5.55130859599
-10.8364500579	-5.50233154617
-10.9290850542	-5.41082002802
-10.9690276975	-5.37743166419
-11.0139976988	-5.35375688428
-11.0527791878	-5.32878568026
-11.159505788	-5.23531780352
-4.18465335877	-8.62554475516
-4.42812941438	-8.6023689186
-4.53595343968	-8.60894582126
-4.60248244388	-8.61919049608
-4.68878038539	-8.65057019961
-4.85742758443	-8.68399852141
-4.89439594483	-8.69459560681
-5.10182553734	-8.78021698779
-5.21907064227	-8.80930608926
-6.76924532945	-10.627460101
-6.95617494631	-10.6124408095
-7.07941692071	-10.5963343329
-7.12702346639	-10.5856343076
-7.26513196222	-10.5490600403
-7.35054310688	-10.5233417562
-7.45657553481	-10.4882782009
-7.58942480897	-10.4509674945
-7.82378561183	-10.4514162106
-7.90148493605	-10.4423894754
-8.00977207406	-10.4375381297
-8.20576155018	-10.3957800086
-8.27577651891	-10.3900602909
-8.32708526027	-10.386158195
-8.44666571633	-10.3944807769
-8.57894093505	-10.3772248608
-8.74461407135	-10.336047065
-7.15946455791	-9.42245576531
-7.32643366944	-9.33417929275
-7.49064548047	-9.27033199712
-7.78566750336	-9.15911580867
-7.89847052848	-9.13680020856
-7.98718918007	-9.1248992437
-8.13493795888	-9.10079093844
-8.27368353833	-9.09908728444
-8.37567042568	-9.11192781947
-8.49558641607	-9.15440305178
-8.57283477068	-9.2107876569
-8.6622688344	-9.29750427454
-8.70532056733	-9.35132573963
-8.75984109601	-9.42479712016
-8.79689914152	-9.46761959882
-8.82522882424	-9.51627715649
-8.84567833878	-9.5707704487
-8.83267895757	-9.70002386462
-8.81715728845	-9.7825476854
-8.77232530448	-9.85737395807
-8.7507670178	-10.012297171
-8.7582992541	-10.1667988518
-8.77441828212	-10.2441249
-8.74465877366	-10.3360026167
-10.3322352442	-3.21279925364
-10.2589962404	-3.01304489253
-10.2501848155	-2.95737404757
-10.2197863576	-2.75693019456
-10.1754329194	-2.51700622442
-10.1591209134	-2.36558733099
-10.1264366648	-2.23749408231
-10.0737016211	-2.03610550035
-11.9819423095	-3.97545240233
-11.9360312951	-4.04165521985
-11.879034122	-4.10824748407
-11.8249996364	-4.20529935866
-11.7850875975	-4.26577805451
-11.7331438206	-4.35391767876
-11.687856212	-4.42135643835
-11.6381195022	-4.5015583061
-11.5811225752	-4.59692971467
-11.5094125352	-4.71374091643
-11.4754903403	-4.77375520274
-11.4257403519	-4.8236783759
-11.372026046	-4.91523847808
-11.2741296367	-5.08509764953
-11.159505788	-5.23531780352
-10.9544498169	-3.42822456602
-10.9389729803	-3.44740701818
-10.9195793448	-3.46426285108
-10.8767485006	-3.49091618087
-10.8103168484	-3.52189364812
-10.7490405686	-3.52830585534
-10.717950499	-3.51054117236
-10.6154217052	-3.44714911288
-10.5530277316	-3.40875440822
-10.4363098411	-3.3205766888
-10.3322345041	-3.21281162851
-10.07370066	-2.03610636875
-10.1413275224	-1.84366123559
-10.1685817228	-1.72860913742
-10.1772105136	-1.62370838404
-10.1836497235	-1.56454189005
-10.1739735644	-1.34679018957
-10.1593079308	-1.19400895143
-10.1499693677	-1.05935508607
-10.1277183032	-0.926223300629
-10.1046808955	-0.792675347199
-10.0926238595	-0.727027385612
-10.0620680437	-0.590738635385
-10.0277253804	-0.449134119245
-9.96426177501	-0.290562552885
-9.89746675087	-0.126441698311
-9.85993153566	-0.0301781551343
-9.81818480393	0.0804422442495
-9.71844886902	0.285565311672
-13.380548016	-1.46829961942
-13.5690538633	-1.53882148836
-13.6558062889	-1.56315764099
-13.6815253726	-1.57206131611
-13.7573189514	-1.54473404274
-13.8621558718	-1.59066411657
-13.9877800762	-1.59634369857
-14.1505318853	-1.60303794809
-14.2137569573	-1.60901664234
-14.253461193	-1.61681687791
-14.3615454868	-1.64391810062
-14.4713080441	-1.70363802588
-14.5552129772	-1.71804864632
-14.6096289318	-1.72291993988
-14.6722469377	-1.72538707593
-14.7172178925	-1.72551393932
-14.7539716538	-1.72359023634
-14.7903286958	-1.71953799743
-14.8223527047	-1.71327026189
-3.41528181738	-2.19189472796
-3.30819829412	-2.22161983641
-3.17851363387	-2.25739117248
-3.04037822402	-2.29628934042
-2.92745951605	-2.325077145
-2.83997917396	-2.32135225608
-2.68124660817	-2.35899721517
-2.38914494606	-2.41327065882
-2.20937631622	-2.47759577005
-2.13350206146	-2.49851243791
-2.10113411748	-2.50709275594
-2.03441973328	-2.50487549227
-1.93709646796	-2.54044849978
-1.79748302341	-2.57182645179
-1.55283586331	-2.6418675831
-8.28120208247	-3.51079886536
-8.30205587168	-3.20145721543
-8.34343304029	-3.00693340445
-8.35408772895	-2.83861934497
-8.43876563596	-2.5052629697
-8.44770876487	-2.3651819245
-8.47420804608	-2.23942822446
-8.51242432611	-2.02539610723
-8.52995524421	-1.92701120582
-8.54820501987	-1.84801414856
-8.59252141346	-1.70596836123
-8.61723793556	-1.63921917237
-8.67674552392	-1.46129089496
-12.9086019516	-0.100601754702
-12.9157068476	-0.125132354615
-12.9204812074	-0.143388742786
-12.9331436787	-0.183153065351
-12.9523663831	-0.255035538985
-12.9874333644	-0.347695499147
-13.0247890732	-0.442414432331
-13.0808579261	-0.525497852833
-13.2048015244	-0.732370264451
-13.2682311322	-0.880000174304
-13.3231384435	-1.11402336678
-13.3485406597	-1.20546560861
-13.3593215264	-1.24815241665
-13.3667941985	-1.28031369926
-13.380538016	-1.46830156439
-1.03538394966	-8.91062330895
-1.25311564048	-9.00516050252
-1.41532291355	-9.06464866215
-1.52064334258	-9.12057249098
-1.66185382663	-9.13415680865
-1.85545267	-9.13524230061
-1.96244281092	-9.13376578158
-2.04884739346	-9.12953369515
-2.12452674745	-9.13007966606
-2.21676624647	-9.11903712516
-2.35085766782	-9.09811212687
-2.45438189617	-9.07983754551
-2.583522227	-9.05644069331
-2.72187064714	-9.03063642226
-2.88755890677	-9.01634755224
-3.13572807165	-8.96872663388
-3.235215792	-8.94513384747
-3.37603854578	-8.89023561582
-3.47020930895	-8.87007798463
-3.53643399746	-8.85405562447
-3.63286270007	-8.83125009764
-3.87883658605	-8.7629818156
-3.97167313233	-8.71588371443
-4.08305063313	-8.6698477745
-4.18464555448	-8.62554286543
-1.9926056426	-10.3911889012
-2.00119734358	-10.4033221275
-2.04179636426	-10.462202628
-2.13151705098	-10.5431509365
-2.19886084883	-10.6214038969
-2.28699176381	-10.6928036813
-2.28699176386	-10.6928036813
-2.21783287889	-10.721941868
-2.03236062267	-10.767164979
-1.85449033755	-10.8041850399
-1.55617258359	-10.8444272538
-1.39539879725	-10.8506662082
-1.17120962127	-10.862418163
-0.961018154201	-10.865571666
-0.775277239431	-10.8642573938
-0.593184772859	-10.8645826961
-0.470692040934	-10.8567212719
-0.383805796507	-10.8435676415
-0.255677884704	-10.8166700282
0.0244449041103	-10.7397607303
0.207717675661	-10.6662665834
0.377004997907	-10.5923958628
0.581349454262	-10.4902441098
0.735455034486	-10.4080943731
1.03026152863	-10.2506737023
1.17588011059	-10.1454503537
1.4494412818	-10.0011926109
1.66130062718	-9.8687823284
6.2200856314	-7.49610797267
6.46070539037	-7.33240418477
6.58919018868	-7.24526874354
6.62965225853	-7.18749411029
-1.55282143425	-2.64189362375
-1.43640577073	-2.85561812325
-1.39259981039	-3.04523048415
-1.34023876314	-3.17171737235
-1.29715277894	-3.27744941667
-1.23646466661	-3.43637831647
-1.19520805464	-3.55746372005
-1.18199061811	-3.67493979559
-1.13816474364	-3.84033901257
-1.07512313305	-4.01693265322
-1.05090956447	-4.16560630579
-1.03814787986	-4.28007715321
-1.01870015965	-4.4049682727
-1.0973940822	-4.60247399573
-1.12526425765	-4.66130917869
-1.17683146098	-4.74518603636
-1.25584114233	-4.86101234544
-1.32288782405	-4.93365951935
-1.52051112132	-5.06016323936
-1.76379324448	-5.18814510689
-1.83243648349	-5.23576014322
-1.94959813416	-5.26249946107
-2.04680376534	-5.30734161219
-6.56668703131	-4.17326207221
-6.75342038496	-4.18156658186
-6.8740614295	-4.20603411442
-6.99240051116	-4.19798250718
-7.15094961064	-4.21011794644
-7.28819898075	-4.13976766128
-0.551234545501	-1.67956671103
-0.551242058774	-1.67956654443
-0.555162301695	-1.67791981989
1.04725262975	-3.35265195817
0.963982006189	-3.18829175819
0.833714991428	-3.1042236705
0.71358550949	-3.02901840319
0.677095345348	-3.0065156358
0.591638544927	-2.97087705166
0.502888284398	-2.92927771495
0.457454972779	-2.90504448982
0.343812837008	-2.87076419021
0.259605957043	-2.83431707965
0.135687758556	-2.78532265111
0.0509601785805	-2.75487492908
-0.0321906190888	-2.73326638409
-0.165699534641	-2.69105597944
-0.295202989298	-2.65694005692
-0.513976520537	-2.61267253771
-0.607164023289	-2.58998443003
-0.755123173559	-2.57804857018
-0.848808649763	-2.57070146641
-0.957873642772	-2.56897949468
-1.01740595348	-2.57568750296
-1.12630698816	-2.57958632659
-1.24123049507	-2.58321066056
-1.32630209944	-2.58396452946
-1.39978932521	-2.5989649825
-1.5528161781	-2.64182862531
-0.889165904738	-12.0004794161
-0.905767058451	-12.0081491138
-0.945159838249	-12.0006648674
-1.04524693577	-12.0367483671
-1.21994891598	-12.1013998239
-1.28609971955	-12.1261937477
-1.32386996174	-12.1399698045
-1.36040755994	-12.1527283338
-1.45391421531	-12.1845526324
-1.55879876826	-12.2193135854
-1.62655518138	-12.2403228848
-1.68924351853	-12.2613429881
-1.84304339487	-12.2869120942
-1.89801214998	-12.3108705081
-1.99840791065	-12.333581731
-2.10531289262	-12.3455019919
-2.20637091272	-12.3604322159
-2.36211730809	-12.3897482198
-5.98179675822	-5.30223385448
-6.00555605911	-5.18976280989
-6.0924881181	-4.96032107607
-6.79128456264	1.22030637392
-6.76039433193	1.04746960628
-6.73323661779	0.680848216396
-6.7386854306	0.482346458916
-6.75105783083	0.32338465868
-6.790859981	-0.0941948485425
-6.74245237436	-0.640583556459
-6.73412307521	-0.778393344131
-6.7220850386	-1.05628403352
-6.71715325634	-1.30003601667
-6.70779924637	-1.52794703035
-6.68786464512	-1.66923847483
-6.68857105448	-2.12903729259
-6.69097557601	-2.28355185454
-6.66274151408	-2.40829284888
-6.6259807192	-2.78112483019
-6.61217600903	-2.94233247504
-6.62611362373	-3.07100660103
-6.60837001423	-3.2305983877
-6.60091438124	-3.2868181893
-6.58276663845	-3.38401807384
-6.55660433024	-3.55242787943
-6.54290021026	-3.67488540576
-6.50940415583	-3.91144968806
-6.56661694571	-4.17280007044
-6.98225350382	2.2331215432
-6.99979792186	2.27575553372
-7.02999102953	2.35368441286
-7.06987811427	2.43462950159
-7.13847431731	2.58249190947
-7.24486443527	2.7741373575
-7.29558256616	2.86896446047
-7.37158505508	2.99214074717
-7.44106084166	3.05358936252
-0.54593165317	0.305147765518
-0.549000532895	0.353038247896
-0.53100227839	0.470637782413
-0.561822482312	0.617684078114
-0.579863496714	0.703621661877
-0.591882305738	0.81533949355
-0.508524374506	1.00767419009
3.95251850443	-3.682721519
3.92222082067	-3.80283885599
3.90763453736	-3.8813949861
3.78575333116	-4.06719793377
3.64013029425	-4.21297559306
3.53250552698	-4.32954732461
3.38316810991	-4.47209651243
3.33592331143	-4.51689160175
3.18631550709	-4.65417456947
2.89150070187	-4.91455637266
2.70533936392	-5.08477707092
2.55817715184	-5.22209658458
2.45467892717	-5.31189891098
2.43013429507	-5.33253512869
2.33042960743	-5.39583318211
2.15907992704	-5.54105985788
2.06125337331	-5.60290968913
1.86986933159	-5.7053715942
1.68192589198	-5.83734281076
1.51659226798	-5.96174626367
1.34536056878	-6.07599372398
1.14325105202	-6.17712320368
0.968021558518	-6.27343009922
0.817667987372	-6.30894307877
0.74122371492	-6.34036419675
0.558631787382	-6.34866394647
0.302934522569	-6.38297422846
0.174658445316	-6.37950358141
0.0739314448677	-6.36898927793
9.66894247128	-7.40749539812
9.6707249859	-7.40740777023
9.67163877672	-7.40721067724
2.13198699975	0.565307765045
2.13371068401	0.555338336492
2.16214178216	0.560897066701
2.22344467844	0.548710496122
2.28904001459	0.52746937578
2.36702088958	0.516680035493
2.5095476866	0.509409775656
2.66732762864	0.4886038653
2.74154782416	0.481238339392
2.85286403245	0.479544974025
2.98395239442	0.487288941826
3.00407672435	0.508538122679
3.1015374867	0.530504477552
3.18090968718	0.616928008726
3.22286635569	0.66690246995
3.26666150818	0.753118183479
3.32275991238	0.872696356364
3.3762669729	1.11991700229
3.38198592368	1.18585529659
3.40763399854	1.27534997918
3.41370368938	1.41651983551
5.89669416132	-3.32887748956
6.02244809092	-3.19171693881
6.13677559603	-3.09691358835
6.20704450332	-3.04827918562
6.26728480586	-3.00113810832
6.38077153066	-2.92442592898
6.46751395142	-2.85708222048
6.57711960914	-2.78526790781
6.71549898967	-2.69312849804
6.84222408822	-2.63031248167
6.98812090811	-2.54999124114
7.11980143736	-2.48392193618
7.22189194462	-2.42947205588
7.35586755788	-2.39724662677
7.45039120706	-2.37866767979
7.5776105119	-2.3571641242
7.77307329147	-2.32856789482
8.01537843828	-2.34731741688
8.13973290211	-2.38163947038
8.20981199719	-2.39757097236
8.25655234467	-2.41269474001
8.36014676761	-2.45037186363
8.4840732789	-2.50677311693
8.61990166148	-2.48660089262
8.67652979905	-2.51456845981
8.72692446812	-2.54263070009
8.77756486808	-2.57239292047
8.83350859099	-2.60681153168
8.8627735018	-2.62705507513
8.94331264049	-2.67669655918
9.04224094604	-2.74733269502
9.09902895778	-2.76217615689
9.10971549016	-2.76720435146
9.20385824264	-2.81461370698
9.30291052484	-2.86675502508
9.3740812562	-2.92535855795
9.48117378445	-2.98195834915
9.5241712263	-3.00289516942
9.58967582043	-3.02668361308
9.70655210366	-3.03079338544
9.78179603903	-3.04743526796
9.82144849337	-3.06539717489
9.8758096735	-3.0704797296
9.98246268598	-3.06777616511
10.0249197171	-3.06534810442
10.0958131442	-3.05425331001
10.2333707739	-3.04273624314
10.3015924974	-3.03625039534
10.4523721487	-3.07262477562
1.94596132245	1.73285379277
1.9431862592	1.88222511351
1.95059801463	2.07281581869
1.95999553879	2.16553293306
1.97972532421	2.37707609795
1.95998480634	2.48379229179
1.91420202344	2.55252145827
1.84330618023	2.61778816436
1.72278636712	2.66798667399
1.64440207184	2.70223384277
1.58385782668	2.72924758734
1.47326446155	2.76238202197
1.16868744857	2.87844510043
1.16868744548	2.87844509799
1.08752187313	2.66526775196
1.02725910187	2.54310661985
1.00767538325	2.48618841025
0.963641590554	2.38724062611
0.909672373444	2.23840061854
0.881466522113	2.10660917265
0.858775363441	2.00225904341
0.852331890924	1.86475920018
0.871972661398	1.76405366519
0.871638017334	1.6307574614
3.41370360268	1.41651980051
3.27777466041	1.47141433031
3.13460121255	1.51073580426
2.95868316626	1.52096565655
2.79431026306	1.5720253901
2.53948513212	1.63632884944
2.3735581018	1.65309495483
2.25454088211	1.67007360662
2.1246144222	1.69098546008
1.94597248666	1.73285073425
3.96994744911	9.79630001944
3.97496426727	9.80396826012
3.98878077202	9.82671409627
4.01783140633	9.87029703591
4.03349810159	9.89270895167
4.06207613924	9.93232106759
4.15056617301	10.0477781939
4.24783433889	10.1726286973
4.3324056736	10.2717391902
4.36704934261	10.3066740098
4.45198220273	10.3842002419
4.52556984023	10.4449802785
4.64921433834	10.5394354873
4.74700277089	10.6117971767
4.82384960625	10.6610323138
4.90347987883	10.6684115716
4.9675361769	10.7121289273
5.04754448391	10.695249064
-3.63324194999	7.7536547365
-3.71736932801	7.68353709438
-3.81293395973	7.57325477918
-3.8743764214	7.51206930089
-3.95154553705	7.43956213782
-4.01015533873	7.38474473615
-4.11626191762	7.2863301241
-4.22918727402	7.20292327189
-4.35195742831	7.06425078274
-4.42905409468	6.9936307029
-4.49034892724	6.93817692973
-4.52840687863	6.89847781338
-4.59870010763	6.83359761583
-4.63858329928	6.7915449073
-4.72828326032	6.722513911
-4.83305083544	6.61430872104
-4.92461868534	6.48079307629
-5.01110333841	6.38537288013
-5.11922184564	6.27328694285
-5.2049445071	6.18280668106
-5.33476256251	6.01877698234
-5.45665686214	5.8923079954
-5.5553401124	5.79460311239
-5.61868116687	5.69710402811
-5.7392414602	5.56007245344
-5.79559347133	5.42709313914
3.49059423047	4.86012495486
3.30341892581	4.98151231064
3.21414965989	5.01744786518
3.09916840935	5.04220240252
2.99366266924	5.07313768972
2.88779421272	5.08781175195
2.78502421735	5.10029529889
2.6659370636	5.12726728278
2.5305931367	5.13872913021
2.29739163508	5.15488660535
2.04148787761	5.17566603602
1.65246064354	5.20169134412
1.35815982412	5.19265915417
1.11034817176	5.18036246717
0.94079490445	5.16701775623
0.65768966201	5.13254145394
0.47486001422	5.11122403907
0.269183402335	5.04271348786
0.0595453452246	5.01542556238
-0.104528735804	4.99349819989
-0.20033264424	4.98166827999
-0.345280677188	4.98488107669
-0.46989457405	4.97364087223
-0.606166631371	4.98220819136
-0.769379499911	5.0098840201
-0.938692361078	5.0293809333
-1.07061473331	5.04957321587
-1.17508424393	5.0641739185
-1.34721392361	5.09558581425
-1.43758025349	5.11782571046
-1.55623364532	5.15277017641
-1.71911878347	5.21103617686
5.04755392406	10.6952167662
5.0480764233	10.552860645
5.06564919729	10.3966181543
5.08542674323	10.2699661443
5.09113890874	10.2396616683
5.11457660181	10.0734907834
5.14814222502	9.85377325026
5.20540266759	9.67056279261
5.25169053554	9.43560512371
11.3719810982	0.485682417366
11.2815225958	0.419784939087
11.214463965	0.400275930863
11.2060229651	0.398597603842
11.1374945276	0.390243490505
11.0458401957	0.389788530156
10.9446333487	0.397204936833
10.8794640706	0.405943748156
10.7704833673	0.423013625575
10.6302389543	0.463452377624
10.4832342859	0.501052037443
10.3212098436	0.569421242098
10.2153544379	0.634354472884
10.1045303435	0.687710150452
9.99913064122	0.723803220698
9.74685752412	0.806378651319
7.13320215036	2.66637098949
7.13877413038	2.79780590848
7.13284538119	2.85661450169
7.12556773936	2.94701931295
7.09182684548	3.11743838945
7.07115172239	3.23105805069
7.05616444525	3.30636840534
7.04359529532	3.40938599651
7.03022503259	3.49985349733
7.02821528859	3.61173712829
6.96108923119	3.85156512195
6.91079180151	4.01627392601
6.83982135857	4.20385904802
6.79425763146	4.29995227613
6.76532156829	4.41595421017
6.6035278126	4.59260591293
6.53578834582	4.65637246211
6.3479843694	4.75943327372
6.20627430933	4.81086465594
6.0793878481	4.83850485114
5.96480100541	4.87156720621
5.72712592879	4.89247938269
5.58537342064	4.89777961774
5.49447805485	4.89804066379
5.19268842975	4.88918560969
4.8471300889	4.92136633662
4.37432431337	4.90044827943
3.97224083625	4.90655260729
3.77146060705	4.90577982022
3.49059305721	4.86010846875
6.33752461894	10.1158612604
6.34790585467	10.1210263869
6.41725651443	10.1486560311
6.46266032266	10.1651777187
6.49171733947	10.1757320092
6.56796134948	10.2029391436
6.66296635752	10.2339991635
6.7218971564	10.2423796383
6.79610362497	10.2768925938
6.8585766759	10.2943549143
6.88018036584	10.2987534651
6.94761590493	10.3111282694
7.01722960416	10.3196115918
7.10006172258	10.3295485295
7.11065597738	10.3304119465
7.16267786118	10.3380838881
7.27649892224	10.3401744748
7.35316163886	10.3531482564
7.4341964907	10.3645456054
7.57238706332	10.3891982834
7.73430087268	10.4140096018
7.84376128331	10.4286444047
7.97709716535	10.4390394182
8.05704914457	10.4648245355
8.14235717909	10.4697173431
8.2211704792	10.4822639908
8.29474260311	10.4780363333
8.11338037126	7.14974377893
8.19857555886	7.14291195332
8.30072911565	7.16874489242
8.38883299453	7.19453643032
8.5050371766	7.21273697715
8.5937141853	7.20435109756
8.72910668626	7.15742975301
8.88808273441	7.11864511846
8.98716667643	7.04511663691
9.10192374873	6.95098790113
9.19774532593	6.78703264737
9.25392020546	6.68241373609
9.33743162614	6.55864248067
11.5199632522	9.77498233779
11.5911488765	9.880622006
11.6587030576	9.98852129091
11.681504109	10.0447844089
11.6970336026	10.1162831851
11.7233401789	10.1666428844
11.7505176817	10.2831942828
11.7407368944	10.5432106045
11.7913075819	10.7124028314
9.7634167691	9.56597144506
9.78201960379	9.32931061175
9.74359263993	9.13745879187
9.7105223939	8.93177374043
9.73518368333	8.86581971537
9.77333335663	8.78240757448
9.8420440451	8.65611087243
9.94958791039	8.50219741834
9.98254895386	8.45397218785
10.053856781	8.34001614511
10.1153376461	8.22018791761
10.1533641345	8.15151058206
10.2008904789	8.06653924006
10.2493579295	7.97794814545
10.3297976262	7.82813842981
10.3574770743	7.77240370099
10.4063909818	7.69033636341
10.430168898	7.61691356918
10.4469731663	7.54239870789
10.4285462297	7.44585706854
10.4353570964	7.35438438839
10.4326411009	7.30227450551
10.4299928012	7.25852309316
10.3967896047	7.16832332754
10.3113283201	7.03095550001
10.2589875872	6.95398108865
10.1879952672	6.86237371582
10.1077125875	6.79572236497
10.0667419149	6.76588884617
9.95006377591	6.70501728518
9.8046130078	6.60283387906
9.65682123136	6.52937588861
9.58009253748	6.51860581497
9.54448521171	6.51666476486
9.48818868093	6.51772472001
9.44529241282	6.51304063307
9.33744470937	6.55866235514
9.5241084974	11.946695895
9.46236172265	12.0906504609
9.39799723658	12.2019245743
9.34891870377	12.2686620837
9.31658181059	12.4029964971
9.2806904016	12.4894604477
3.26981591295	0.36336103227
3.34294561374	0.361799397433
3.60702723309	0.410257140941
3.82489655507	0.46365250515
3.97013604004	0.507917957944
4.0970026598	0.551158274442
4.26726334473	0.599337570727
4.42360048035	0.651635939902
4.57045664067	0.708594771525
4.68786059977	0.758788214729
4.7491465015	0.782809495834
4.88144990601	0.842071313036
4.98960373814	0.896736105518
5.09733656025	0.935586235949
5.24101421969	0.989099577208
5.38458322248	1.02795337732
5.44835232262	1.04466385143
5.56003740259	1.05695384482
5.68215005522	1.05126463764
5.84609614078	1.0677256804
6.05922974459	1.09205958251
6.2400044746	1.1281945028
6.27909638367	1.12997604274
6.37153317746	1.13236815234
6.54230816384	1.13561423278
6.69095065962	1.1328834419
7.04031975257	1.10586082748
7.17874017606	1.08551279876
7.32735314842	1.12646618876
7.49311116322	1.10966083109
7.65558698117	1.08516971302
7.80278935025	1.0704531238
7.91035144358	1.04089394646
8.05984207548	1.00393201666
8.24522174688	1.0012133837
8.37467323323	0.949755910065
8.50458503626	0.920465970789
8.63679586213	0.890262081954
8.83744582061	0.845685636075
8.94197281214	0.823118028918
9.0668980728	0.790220137335
9.23924540765	0.755915207585
9.36775742712	0.774522949293
9.47949242922	0.770976522278
9.65078396017	0.776937312755
9.74682465262	0.806423490171
-1.31644567009	7.28755428436
-1.49989113234	7.34486775158
-1.71729630131	7.43666385817
-1.93679837501	7.50057574527
-2.0640239698	7.51964659631
-2.25793238015	7.55049436306
-2.29597925377	7.553155476
-2.36297082869	7.55674959605
-2.43857320985	7.55943116275
-2.63415048862	7.5778720822
-2.72937237721	7.5780312133
-2.79991211803	7.58418501386
-2.85541325164	7.61566213759
-3.02257334832	7.60997281592
-3.1506052452	7.61977874412
-3.21231598402	7.62818181142
-3.33871223086	7.6832648085
-3.5172309752	7.70680792927
-3.63322700562	7.75366261651
-7.28813853058	-4.13975561901
-7.33744697605	-4.03658461242
-7.43880552686	-3.97534797439
-7.65930873712	-3.80164246747
-7.74165073835	-3.7647831905
-7.91323670603	-3.69335163191
-8.04618410118	-3.65099448382
-8.19052438462	-3.59700125562
-8.28115723018	-3.51075985739
-11.159505788	-5.23531780352
-11.1668442863	-5.29779675462
-11.1476561389	-5.43373017161
-11.1126341655	-5.55200440854
-11.0656695874	-5.65801195352
-11.0740962622	-5.72428832718
-11.1676150666	-5.9082221189
-11.2994870973	-6.07492544663
-11.3698569106	-6.20744973672
-11.3892904925	-6.32909389532
-2.39108216207	-7.62122231673
-2.56219559838	-7.66154107362
-2.70882460046	-7.69496991023
-2.85427223279	-7.7554158979
-2.95839415556	-7.80240151987
-3.0755991951	-7.88031562104
-3.3024681284	-7.98117959849
-3.54239415705	-8.08643404748
-3.62748256623	-8.12674561295
-3.74135634789	-8.18897588356
-3.92280281263	-8.3098327243
-3.99050703262	-8.37860231546
-4.18464291986	-8.6255441865
-8.67675007374	-1.46128715944
-8.79568489382	-1.49638646628
-8.9578280308	-1.57230259946
-9.0317907855	-1.60693851357
-9.16532488501	-1.68342960813
-9.30772647215	-1.76372224568
-9.54875999863	-1.87793222078
-9.73340505647	-1.92197681675
-9.83874152354	-1.97881726915
-9.91251533731	-1.98657221437
-9.99305649495	-1.99750613051
-10.0736894623	-2.03611730461
0.0738927960741	-6.3689187575
0.0926734497708	-6.21563702926
0.15416142742	-6.08667828346
0.25135758085	-5.78269001086
0.378095281934	-5.42741524013
0.413161067351	-5.28828193507
0.459255618225	-5.15976529165
0.519326499794	-4.98258423664
0.571112320514	-4.85098692899
0.62809562418	-4.77013514726
0.67267491665	-4.63643824225
0.717305075595	-4.53509943743
0.762573910697	-4.42843189937
0.789741062438	-4.339207667
0.825865535034	-4.22170158918
0.844587712259	-4.10071533909
0.854103199491	-4.06884707846
0.892341226522	-3.99753905861
0.929867396931	-3.85899932522
0.95636337947	-3.65043763971
0.993988145586	-3.57698225948
1.01053354975	-3.52623918369
1.03245885542	-3.45522169072
1.04723004078	-3.35269098618
-8.51907912351	1.8783527583
-8.60621474632	1.93425271261
-8.62679127468	2.04112291347
-8.68582411164	2.20242207887
-8.7028950764	2.42252040834
-8.75153380661	2.52397208819
-8.7508777314	2.58307503511
-8.74916585126	2.63314107409
-8.75960169134	2.73286773971
-8.75212082748	2.91031745969
-8.74721087833	3.00472301334
-8.74333016794	3.08939529986
-8.74534492585	3.24776356567
-8.7561609623	3.33609344692
-8.78458781153	3.44038496571
-8.83457822922	3.56916560205
-8.86800352441	3.62724983963
-8.90834060343	3.67554863848
-9.00325946542	3.73821794513
-9.08279578751	3.79893569912
-9.14785390354	3.8189705609
-9.19871547099	3.83137081828
-9.3176150316	3.83881158638
-9.47354397247	3.80343016965
-9.55328000756	3.76984464118
-9.72868649466	3.70159023451
-9.80880303734	3.6511609696
-9.88425782657	3.62124288478
-10.0315253286	3.55675653322
-10.0317346997	3.55676643226
-10.0391772348	3.66311098774
-4.26868728459	2.83641999032
-3.95345153245	2.8511752807
-3.82963825153	2.85677928752
-3.69992900974	2.86732376503
-3.40116540529	2.87198247936
-3.18311512513	2.87737671581
-3.07284059008	2.88114034774
-2.97839761743	2.88502346255
-2.89656608656	2.88916067342
-2.73674270672	2.89680508295
-2.6197981341	2.9201852031
-2.53974016969	2.91363261023
-2.48168788754	2.92018857311
-2.34808032217	2.93472319391
-2.19810202449	2.95670047976
-2.06631039986	2.97743013346
-1.93665530195	2.99738466099
-1.78294786836	3.03294824654
-1.59088384232	3.08185498014
-1.40497208243	3.125881808
-1.35604518033	3.16298953911
-1.29531306514	3.19145281779
-1.14132861893	3.25218749474
-0.995996603469	3.307570929
-0.896028679438	3.34525036582
-0.808917964022	3.37501391407
-0.628573733604	3.43577216944
-0.456288098032	3.47443423422
-0.288310996178	3.49524232093
-0.12227419464	3.5044347326
-0.0676583704977	3.50509162784
0.0599672420231	3.49355560006
0.244383833254	3.47384660747
0.299037667493	3.45751554228
0.377699923625	3.42709842428
0.436833855238	3.40734265709
0.537373109324	3.36625476498
0.654604054865	3.26765525901
0.720381843313	3.20376855515
0.802888346889	3.12573951618
0.945870421456	3.05656374514
1.16866598739	2.87833109107
8.16920761406	12.9327540868
8.13815807086	12.7304031364
8.13054279885	12.5643179645
8.06652768402	12.54219894
8.063516578	12.4909947874
8.09797171833	12.2742736201
8.11179532014	12.1828274327
8.15794295485	11.9790352782
8.18017256883	11.8848349587
8.20428892906	11.7731794054
8.20973735042	11.6619756039
8.22606068039	11.5744399007
8.22734705016	11.5061674924
8.27195701427	11.3828246616
8.28464860192	11.2394791621
8.29424088391	11.1311648798
8.30457269441	11.0059566459
8.2959082018	10.7735218718
8.30746074907	10.6663124476
8.30879541995	10.5835444117
8.29472257826	10.4780322799
-3.36185445696	-10.6246573891
-3.6741413897	-10.4202660113
-3.91909468689	-10.2687749113
-4.06212729675	-10.1882748385
-4.34669841597	-10.0658209075
-4.55144401956	-9.98478388085
-4.67288158189	-9.93917100668
-4.9068580369	-9.84783751099
-5.04204490135	-9.77461055253
-5.19657736416	-9.72622323483
-5.29736213711	-9.70224852181
-5.46160555373	-9.64994067277
-5.68302161437	-9.60314414779
-5.8714932425	-9.57419823184
-5.96021783787	-9.57598656231
-6.144384873	-9.58174053208
-6.32829340851	-9.55691570793
-6.52566422209	-9.55087214929
-6.75052717122	-9.50971216859
-6.96276511683	-9.46306485995
-7.06552077905	-9.44560150772
-7.15947117237	-9.42246900567
-3.8619532232	0.429970952874
-3.77565041787	0.518085635035
-3.71140902472	0.537982850442
-3.65486383506	0.558453488138
-3.52671989679	0.602886141587
-3.37249691654	0.649959794045
-3.27605226313	0.672417934593
-3.24116401162	0.682985952162
-3.09014248178	0.694995875263
-2.98936621789	0.700428067536
-2.8568469917	0.741031194795
-2.75220266187	0.771816079468
-2.60335671489	0.811389769879
-2.49761965303	0.833412722491
-2.30476818501	0.867866273301
-2.15173029613	0.892677866032
-2.06439944556	0.90423715933
-1.95147713213	0.923199490031
-1.82839155991	0.948807233347
-1.603648357	0.975513047005
-1.45699517656	0.964876813007
-1.29457766544	0.99048813535
-1.07582866458	1.00578142848
-0.926653409011	1.00283625714
-0.789221587091	1.01113643447
-0.673434417332	0.995219514769
-0.508524374506	1.00767419009
-8.97138231625	-4.92685469659
-8.81209526032	-4.95465565104
-8.61341001136	-4.91147988408
-8.42570736645	-4.84819059087
-8.32016750204	-4.81677108982
-8.20674331172	-4.77410546523
-8.11778588442	-4.75210326524
-8.04466854796	-4.71998400219
-7.93276668948	-4.6791673445
-7.875655601	-4.64752943757
-7.80530953436	-4.6090441221
-7.73038943572	-4.55529467685
-7.64697755927	-4.49976696299
-7.51013322906	-4.38682480534
-7.42536778147	-4.31885131577
-7.34304216018	-4.26280597518
-7.28813522658	-4.13975399482
8.18308915861	-5.0813073414
8.37800105889	-4.99390351295
8.46386649448	-4.95731584511
8.55707100086	-4.90063867687
8.59219734018	-4.90467708153
8.79288435659	-4.76763499236
8.88432731918	-4.7135639339
8.91578711079	-4.6631272938
9.01114337707	-4.62412651432
9.09378023741	-4.56451613393
9.17195308253	-4.53475634769
9.24727428631	-4.51016707126
9.30252567222	-4.49026275986
9.36093207631	-4.45994181989
9.44149307189	-4.44263333082
9.48362282526	-4.38844140416
9.55019576159	-4.35990408177
9.64358957543	-4.3302713494
9.70874845589	-4.3160404946
9.83879630327	-4.32125295314
9.95417716633	-4.23680877479
9.98662403986	-4.21629880673
10.0790729758	-4.15636478432
10.1739132734	-4.08830425547
10.2387008772	-4.02150206322
10.2784461842	-3.90887231976
10.3353792745	-3.75737481039
10.4234144379	-3.6460976851
10.4716396918	-3.51890852177
10.4921867184	-3.4454905128
10.5053939468	-3.3810960663
10.5153517106	-3.22673771032
10.4518068744	-3.0727261159
3.95322744633	1.68598463409
3.93105825521	1.8147847238
3.90156515423	2.00358531826
3.81370733006	2.27213706258
3.79343595228	2.34977431463
3.67853499528	2.53549231799
3.61725212319	2.65880465729
3.57007351088	2.70412436179
3.55093053749	2.76636574169
3.50507653282	2.8993079867
3.48435386359	3.01889072506
3.46903858934	3.07194436186
3.4539076469	3.17198547996
3.43999187397	3.2497731102
3.42692354863	3.3310740696
3.41246726917	3.43828286653
3.39412464199	3.59475982276
3.38820425612	3.73605461068
3.38805366935	3.89433458966
3.38859172192	3.97985993569
3.49684092113	4.14479817894
3.50057608759	4.24012742213
3.49772049008	4.41276097845
3.49788966373	4.57122702371
3.48234213714	4.71968641223
3.49058269295	4.86012469102
8.76886054197	2.65615562279
8.81186970567	2.84646040721
8.84385114234	3.00364736266
8.85467252978	3.13661880023
8.836403102	3.29969020622
8.80995928518	3.45186760187
8.79584782497	3.5287834478
8.76279926013	3.74654180914
8.66767521341	4.0281173757
8.60998403405	4.17117877223
8.62067096888	4.27624437445
8.58486319241	4.39666890885
8.56316652915	4.54888555634
8.51155703125	4.73574678618
8.44371781687	4.92348897791
8.39047552835	5.05775384093
8.37229066161	5.09659250528
8.30753510691	5.21494277716
8.24061706292	5.37782038193
8.14555436445	5.58526940596
8.05340321638	5.7781287367
7.99075540472	5.95120095849
7.93754352895	6.1963459264
7.92183282706	6.43291951355
7.94751082184	6.57491039123
8.00029492271	6.65485153734
8.00029513129	6.65484934897
8.04831795149	6.55095463954
8.17174089282	6.48990258909
8.24502166882	6.41040864928
8.29231420146	6.36123974261
8.37220022469	6.29916736393
8.45715409695	6.25437176486
8.52068354845	6.22762401761
8.66938974982	6.13897080794
8.76459961896	6.12871052254
8.84572075273	6.13455537569
8.92747010372	6.17909892796
9.01326991419	6.21863176695
9.17872177945	6.3668442132
9.24679174547	6.43280767151
9.28889491834	6.47688010443
9.33742089763	6.55866207359
-6.09247163827	-4.9603549602
-6.19754392074	-4.75792336923
-6.21555583973	-4.69036373712
-6.26613405964	-4.55555698713
-6.3185189996	-4.49254743998
-6.38439767344	-4.35064049555
-6.56670167843	-4.17317276778
-12.186868648	-6.70735998027
-12.0785652794	-6.73858242814
-12.0153132042	-6.6893623212
-11.9163958238	-6.62769880202
-11.799604575	-6.55571556634
-11.7114580982	-6.50087742437
-11.638602627	-6.45103997598
-11.5343733331	-6.41647621643
-11.3892904925	-6.32909389544
7.90342763014	-6.42713845291
8.04596905443	-6.43378454759
8.309729503	-6.415411352
8.40099331505	-6.40402761552
8.45647250071	-6.39877780657
8.53872752654	-6.38299181356
8.62065461089	-6.36496413612
8.77536623632	-6.32373738828
9.01831761067	-6.26785363359
9.07947306209	-6.24151024064
9.20893839885	-6.190498733
9.37391197691	-6.12239620305
9.4880740699	-6.07564002735
9.67475168438	-5.99709731062
9.84663891257	-5.9091628812
9.91997101648	-5.86549634303
9.98339146196	-5.82796012372
10.0468765539	-5.77137484085
10.1395343579	-5.73259736501
10.2421874499	-5.64515880656
10.3005525651	-5.59206510075
10.381148325	-5.52848838906
10.4583909081	-5.46083488075
10.5319942526	-5.38867711775
10.6121851613	-5.31812933314
10.6780841805	-5.25302532023
10.7280562916	-5.19252378107
10.8358072685	-5.05737668796
10.8989958933	-4.97411553455
10.9774622667	-4.86009184817
11.0183117022	-4.80028406028
11.071374916	-4.72054769599
11.1133751715	-4.64955871592
11.1565480869	-4.57389096116
11.2521631018	-4.40023645751
11.3229408012	-4.24990837816
11.3766584622	-4.1195964208
11.4269989757	-3.98376701362
11.450835243	-3.90102878116
11.4923487868	-3.74596829154
11.5348847326	-3.50969270601
11.5747367202	-3.07486325307
11.5732190475	-2.86873747968
11.5570904015	-2.79200662154
11.5186530123	-2.63855225007
11.4858723997	-2.54109568082
11.4269042902	-2.41029423925
11.3849480117	-2.34020511806
11.3509830966	-2.28934314605
11.3374961853	-2.27084895218
11.1450797016	-2.07002342199
11.0139753328	-1.99147916691
10.8762564795	-1.93354977468
10.7673970262	-1.91234345611
-8.74460981465	-10.3360511813
-8.91695218029	-10.3528718196
-8.98209889814	-10.373831368
-8.99291581756	-10.3756244934
-9.13942953466	-10.39654344
-9.26717515293	-10.4134887231
-9.34136602044	-10.4300400913
-9.41977262377	-10.4446604615
-9.5444004618	-10.4747827476
-9.60459557415	-10.4849269574
-9.65293098183	-10.4704508017
-9.72352259366	-10.5016863048
-7.15946455791	-9.42245576531
-7.17789377676	-9.42539008987
-6.99635740596	-9.51814143638
-6.88487375371	-9.60079905514
-6.56139214139	-9.83804113731
-6.33548173333	-9.99550408372
-6.25455325338	-10.0473876894
-6.16712771207	-10.1075657896
-6.10323547348	-10.1441715282
-5.97450059569	-10.2110093811
-5.88496841558	-10.2755693725
-5.85127398544	-10.3053245996
-5.77891973586	-10.3627806939
-5.65556106145	-10.4246382002
-5.56528568538	-10.4605448396
-5.44997192931	-10.5015210766
-5.31328403265	-10.5238973026
-5.15837266683	-10.5578183593
-5.00726954438	-10.5914575865
-4.76083669959	-10.6222682896
-4.69719151177	-10.6211489059
-4.63749065088	-10.6227163619
-4.51056174961	-10.6141969544
-4.39860693981	-10.6206296983
-4.30718084687	-10.6258619744
-4.21547365434	-10.6397995097
-4.15247392444	-10.6448176854
-4.04977405709	-10.6308895083
-3.93188160863	-10.6684370685
-3.83667366579	-10.67029333
-3.7539225488	-10.6728201949
-3.62713714369	-10.6600241978
-3.46621150477	-10.6482755935
-3.42968478981	-10.6360363497
-3.36185445696	-10.6246573891
-10.3321792477	-3.2128336597
-10.2434833813	-3.39121631441
-10.2023330302	-3.65943092345
-10.2146857506	-3.7922069577
-10.2120120211	-4.00959999164
-10.206642979	-4.11369606034
-10.1903415868	-4.20672366323
-10.1779885596	-4.31029981549
-10.1517125257	-4.44934440292
-10.1096865743	-4.59584812589
-10.0603323936	-4.73883511531
-9.96372902441	-4.89832307481
-9.86111728528	-5.08256712956
-9.75162596997	-5.2142504422
-9.6764697507	-5.23769920791
-9.58303626558	-5.26413520908
-9.51944058018	-5.27664022435
-9.43011731503	-5.2340769724
-9.26059398995	-5.12412687792
-9.0685259263	-4.9810697893
-8.96625546113	-4.92237369712
-13.3805488038	-1.46829935506
-13.2987546483	-1.65021756676
-13.2431871906	-1.73996745864
-13.1596784393	-1.83215326991
-13.0594437242	-1.94519997595
-12.9680658159	-2.01453625341
-12.8691172859	-2.07700589178
-12.7731180207	-2.11889470809
-12.6875941916	-2.12429007853
-12.6193039544	-2.1066164015
-12.5513552697	-2.09398410099
-12.4569139839	-2.06346033807
-12.3145587508	-1.96726748482
-12.1865022637	-1.85786681327
-12.1262760235	-1.79906674796
-11.9597732544	-1.63237487694
-11.8066523028	-1.41432183734
-11.7355649163	-1.27890497169
-11.7016220322	-1.21850198919
-11.6627248514	-1.13461558573
-11.5993136808	-1.00500871337
-11.5630497337	-0.838264210752
-11.5220875315	-0.656401596891
-11.5059897618	-0.584634445456
-11.4492753464	-0.375287784301
-11.4364454831	-0.230977943957
-11.4328245715	-0.1371393113
-11.4250191248	-0.032769411422
-11.4200220064	0.0813228051827
-11.4082947044	0.361542317178
-11.4047072314	0.440432006689
-11.4002582492	0.588311490893
-11.4007769178	0.663594500243
-11.4020143867	0.717515610929
-11.4096183586	0.803295359775
-11.4296030988	0.929360106173
-11.4522217122	1.05455383983
-11.4466005021	1.20853118118
-11.4662381303	1.29857557615
-11.5017913852	1.43632474089
-11.5350007324	1.51841286411
-11.5606951629	1.57607955346
-11.5963700282	1.659751139
-11.6283730193	1.71327271627
-11.5908043412	1.7982696868
-11.646133643	1.88936801685
-11.6692061785	1.93498054293
-11.6866133831	1.97353895448
-11.7131281226	2.03913240475
-11.729124509	2.10005134266
-11.735547455	2.15412774924
-11.734776266	2.1923183806
-4.74902031777	0.533258976998
-4.64753230905	0.510560682823
-4.57773670443	0.539439238852
-4.49760355498	0.531599679742
-4.37741236719	0.505180623752
-4.20340404123	0.521537239859
-4.00973030375	0.493537687801
-3.86195915059	0.429972230022
-8.2811572314	-3.51075985682
-8.34015511676	-3.70908705747
-8.42870520652	-3.84082786164
-8.5018769134	-4.01334479042
-8.59086185931	-4.13064135217
-8.63394289779	-4.21766502827
-8.70893062484	-4.34149678173
-8.82833153062	-4.54992481691
-8.92789211494	-4.73179302557
-8.97072154636	-4.92789078516
-1.03540494734	-8.91059136484
-1.1811894893	-8.81725178074
-1.21335931942	-8.73008666688
-1.31513926649	-8.58221830018
-1.40943205963	-8.46359743189
-1.50443222182	-8.3441497303
-1.61920456387	-8.23294685554
-1.76569881832	-8.1069685993
-1.82845623625	-8.06412556878
-1.89957745739	-8.01015713182
-1.96237304316	-7.93134426089
-2.04310678483	-7.87780526592
-2.17255429862	-7.79163639257
-2.27897256374	-7.6897479806
-2.39108044254	-7.62122345859
-1.03540972464	-8.91059175842
-0.902394444349	-8.95700891299
-0.762764249602	-9.00527492371
-0.643638357277	-8.99466472374
-0.550004170974	-8.98320591944
-0.411516811184	-8.97755958322
-0.308344444865	-8.98031921085
-0.141751927025	-8.9601825874
-0.021884130794	-8.94925736334
0.0677827552656	-8.94289953191
0.265865783323	-8.9431994471
0.407302226695	-8.94682915621
0.599426971935	-8.95033865061
0.73232643242	-8.96795408805
0.935912115568	-8.98490981198
1.09574915191	-8.98482894478
1.35310835879	-8.99432497331
1.63034674108	-8.99287624563
1.87251552984	-8.96197928689
2.08651137253	-8.9490917339
5.85635196456	-7.48889331025
5.98654526731	-7.43865115768
6.19228291506	-7.37266972005
6.42506489452	-7.26340271555
6.62946337425	-7.18729372677
-2.28699895732	-10.6928154157
-2.42860926855	-10.7095497054
-2.54916030495	-10.715207303
-2.71269693553	-10.7200536746
-2.83604634976	-10.7113001194
-2.97006001074	-10.6956421714
-3.09477573471	-10.6810293553
-3.15705206756	-10.6734302013
-3.36185445696	-10.6246573891
1.04724885744	-3.35267571132
1.17047478141	-3.27192057996
1.355354909	-3.25906060278
1.47407761024	-3.23819099724
1.62770859263	-3.22411207187
1.78385312636	-3.21786808321
1.89152964231	-3.22360278741
2.0410663489	-3.22653864846
2.17218987688	-3.21934154749
2.30410216438	-3.22532395799
2.4464856334	-3.23374479073
2.6219155697	-3.20724669246
2.71861627735	-3.24270520824
2.83616609495	-3.26694994642
2.90829404496	-3.29040465238
2.98807653553	-3.31807572637
3.34422673679	-3.41556901802
3.48938692001	-3.46810684672
3.57531939737	-3.49291977488
3.62836239244	-3.51631669654
3.69567589295	-3.53556245884
3.72560775787	-3.54756978437
3.82955856585	-3.58052488053
3.88023084578	-3.6288305708
3.95256937273	-3.68278973898
-6.79131466875	1.22029526142
-6.72887501705	1.35353515124
-6.64026620854	1.6521405854
-6.56911333776	1.84916624261
-6.51268299774	2.00341980238
-6.44224214951	2.26817776787
-6.381000989	2.48433879275
-6.32295003557	2.73777411025
-6.2971228456	2.89822970132
-6.27695907124	3.00872219759
-6.25588720238	3.13381113973
-6.2374708837	3.25828260768
-6.22547820118	3.34239206389
-6.20831358057	3.50068439294
-6.20576664355	3.53278190095
-6.21243877753	3.77098630178
-6.25519890282	3.94909687861
-6.90843249947	5.21890492656
-6.89400727581	5.41005444215
-6.84769999862	5.63652550119
-6.74604153853	5.89600035296
-6.61774912954	6.17042680492
-6.53893002831	6.32136529043
-6.42207314214	6.52830220097
-6.3290497301	6.63846296099
-6.23193561757	6.77975129225
-6.13092671291	6.9114874848
-6.02597650261	7.04398643948
-5.92544353064	7.18035408555
-5.83772808006	7.28126400547
-5.72400541081	7.43392374718
-5.59717348434	7.53663478461
-5.44758856573	7.70288335552
-5.32704960403	7.83242403829
-5.32100611498	7.83881448774
-5.19264687997	7.96910686439
-5.09358668378	8.06666323525
-5.02342874189	8.13718373622
-5.00081078792	8.15870256065
-4.90672808849	8.24907282133
-4.80404909519	8.3496529567
-4.7679633382	8.3860945251
-4.73042087193	8.46077422115
-4.65867472384	8.54645372178
-4.56852744277	8.64489450672
-4.4823378044	8.74945666162
-4.39751608056	8.84993192238
-4.30244198899	8.9602869631
-4.20863607257	9.06807228267
-4.11660108337	9.15063029115
13.5534800718	12.0073748809
13.4797222583	11.9897709003
13.4106570104	11.9828169724
13.3049475099	12.020585088
13.2186995942	12.0114454317
13.1656756936	12.007194625
13.0973130234	12.0019372046
12.9642339057	11.9720048416
12.8217538161	11.9717632336
12.7432789485	11.9743444023
12.6574633999	11.9879036717
12.5823484581	11.9994123564
12.519990277	12.0113020247
12.4330426389	12.0308668934
12.2658903526	12.0910979881
12.2188131718	12.1100171788
12.1490309728	12.1497059342
12.0902014653	12.1928111785
12.0114289773	12.185531527
11.9745322723	12.2199572855
11.8853893199	12.2932314693
11.8519242461	12.3177237011
11.8043436316	12.3467565347
11.730646712	12.4075212253
11.6657853864	12.4638120947
11.5862890276	12.5222065148
11.5125543797	12.5871342586
11.4133716805	12.6759369205
11.3247692791	12.756620798
11.2607328694	12.8072419159
11.1874425634	12.8534599962
11.0885110865	12.9244912468
11.0260676773	12.9594733499
10.9634380305	12.9931479818
10.9148291909	13.0157544159
10.8229284859	13.0608518829
10.7611600407	13.0758293355
10.70195002	13.0880029909
10.6305172137	13.103495024
10.5692514977	13.1064881823
10.4341940606	13.1072950681
10.3191178751	13.1676656725
10.1718441865	13.204230064
10.0906009569	13.2067707114
10.0228452505	13.1931398899
9.95707783053	13.1860401244
9.8876264878	13.1786617273
9.76408417953	13.1929956786
9.69563574798	13.1698026648
9.5932048899	13.1133601259
9.50275650295	13.0628989422
9.46719546039	13.0095749478
9.43798205106	12.9497153739
9.37751095118	12.8126259556
9.38489210257	12.6302648965
9.33195793187	12.5687413408
9.28071378886	12.4894818685
-6.79128397889	1.22029695861
-6.89995887348	1.27996239547
-6.95909326322	1.26487494597
-7.00271581618	1.26528782305
-7.0807127196	1.18170545658
-7.16496989335	1.1151513306
-7.27689290675	0.993407263282
-7.36775058409	0.88542451939
-7.44650149867	0.783983248071
-7.56153428172	0.631729266326
-7.61332309515	0.570595323619
-7.71456566035	0.42718954638
-7.84116893089	0.234258605586
-7.93614923815	0.0521636931663
-8.01190120279	-0.0931995477713
-8.08533365462	-0.241578476062
-8.16541039869	-0.437225801702
-8.2329357739	-0.566386522214
-8.31798989131	-0.73627959351
-8.36248568203	-0.829739652495
-8.40446596754	-0.917501221896
-8.43573183479	-1.03974718439
-8.57411119648	-1.26177685735
-8.67674512649	-1.46129879481
-0.50852095592	1.00772413654
-0.402923216093	1.10521714176
-0.324030536198	1.15780878033
-0.208500117898	1.19789571878
-0.125574047497	1.259496158
-0.025663433708	1.31236116859
0.0617802182449	1.36281715554
0.233641580559	1.38949688949
0.484569669152	1.48931398745
0.562380263092	1.5201955144
0.669657686534	1.53983939468
0.728356241955	1.56220828386
0.871517197776	1.63107773623
3.95256940577	-3.68279034563
4.07995728444	-3.68300893444
4.1514517962	-3.67008866672
4.30230792898	-3.61107692967
4.4785843576	-3.56057693924
4.6113017058	-3.5274478582
4.81312091595	-3.48108708399
4.90178299097	-3.45692239
5.01047105028	-3.42576255922
5.08846204567	-3.40280549879
5.21834661528	-3.42313138376
5.38079629273	-3.40456382424
5.54361409854	-3.37935072787
5.66343902598	-3.36222928923
5.76458753604	-3.34513854004
5.89669416132	-3.32887748951
5.89669416132	-3.32887748956
5.9353263536	-3.37709523149
6.02169279636	-3.45709896952
6.12941133181	-3.51938068013
6.22996415705	-3.59545792348
6.32081071527	-3.67651286861
6.37854311063	-3.71588106963
6.46967047482	-3.77594376002
6.54553309781	-3.83143621222
6.75153323623	-3.97761847899
6.81952907821	-3.99239164682
6.97587950115	-4.09847598541
7.12640202878	-4.18779177441
7.24171626728	-4.27766714672
7.40305659046	-4.38678925851
7.56837122844	-4.57073045011
7.60892599513	-4.60533866717
7.68001313811	-4.66077341138
7.77055813422	-4.69990127961
7.87334891889	-4.77313719155
7.89389655382	-4.84825692817
7.94658492944	-4.88056630194
7.99207276376	-4.95644203164
8.02721891672	-5.00003200573
8.04008247386	-5.0148117059
8.18308915858	-5.0813073414
1.94597427061	1.73287720399
1.85262921197	1.68007939933
1.60550911829	1.60374566312
1.41908652815	1.54640134236
1.30288528526	1.52094849589
1.01649101985	1.55643153014
0.958992483318	1.57713157029
0.871409686994	1.63092732463
3.41335404477	1.41609318948
3.59575065828	1.53994704237
3.73350857059	1.59584613884
3.95324249701	1.68596346608
10.4522199856	-3.0721544594
10.5091374248	-2.9142872174
10.5723607038	-2.8161658054
10.5819164022	-2.76199980801
10.6129033897	-2.67586098281
10.6264053722	-2.61480499851
10.6722896204	-2.50342784362
10.6876544219	-2.39204642268
10.7260723034	-2.2094256617
10.7728642247	-2.09091482565
10.7759135666	-1.98235497082
10.7662637699	-1.91402465738
-3.63322798561	7.75366193817
-3.59118772464	7.88322531197
-3.54720054095	7.96282426046
-3.50878815276	8.04371304823
-3.43423080265	8.19896667267
-3.34663459986	8.36819758503
-3.31477355952	8.42767993862
-3.22113479141	8.58617231443
-3.11812784857	8.74779751067
-3.03681922295	8.85324087192
-2.89784141433	8.99542651828
13.8245890182	10.945105533
13.7538850339	10.954569619
13.6796062571	10.9596934025
13.6355162627	10.9590613957
13.5848697283	10.9570911723
13.5419508707	10.9003280726
13.4877833557	10.9073064219
13.4275922676	10.8709367384
13.3548180535	10.8503226559
13.2683111035	10.841169797
13.1998861095	10.8355865483
13.1267380102	10.8306635733
13.0535584061	10.8282404766
12.9577350567	10.8232106667
12.8420077781	10.8185631709
12.7302200092	10.7188254123
12.6604675395	10.7109813283
12.5627115893	10.7003823134
12.413146523	10.6945892402
12.3019720085	10.691813735
12.2141617312	10.6912112457
12.1699002055	10.708147402
12.0775895452	10.7086560507
11.99320398	10.7056599668
11.9166321719	10.694913471
11.7913075815	10.7124028329
5.04755392406	10.6952167662
5.0811521232	10.8058187344
5.13482888044	10.8898183219
5.17956724611	10.9457737969
5.21918113433	10.9967610489
5.27210137014	11.0565022928
5.36933942145	11.1544771494
5.53410937435	11.2956330089
5.61967762022	11.4384281685
5.66373443178	11.4762746355
5.72395624513	11.5252272469
5.80747480911	11.5904699416
5.8869143786	11.6528032623
6.01349664353	11.751714455
6.08819139414	11.8073529582
6.13972804841	11.846038178
6.19276880788	11.8822953083
6.23746826225	11.9057542584
6.29178526354	11.9498972344
6.34757656058	11.9968973985
6.41887406647	12.0506697546
6.50270528124	12.1292819246
6.54185038807	12.1669923858
6.59859185267	12.22690042
6.61088886813	12.2957472957
6.6922298931	12.3605832215
6.75549042577	12.4274349776
6.82839740562	12.5006903404
6.93016101288	12.5944094818
7.00181470066	12.6573217914
7.06140865239	12.7100754863
7.23643342696	12.8005390008
7.39114844154	12.9198052674
7.44434590343	12.9551678634
7.52291311951	13.0004609611
7.6242404332	13.053283683
7.71695175318	13.098153584
7.82774378135	13.1389783044
7.89465201356	13.1485556973
7.95101003861	13.1586689792
8.0413060125	13.134659861
8.11207589685	13.1352120604
8.16920760899	12.9327539614
7.13320249103	2.66636807411
7.29846003359	2.60433690123
7.43101118622	2.55432937662
7.53878727795	2.60625313442
7.61541449977	2.62063672668
7.71201400549	2.59753979485
7.7835263607	2.5806899759
7.8596467413	2.59305796454
7.98098427981	2.58015620136
8.11951081243	2.56560973197
8.25513411146	2.57258264246
8.42149828871	2.54733017367
8.48161407506	2.5618363548
8.57510589557	2.58741244897
8.67831700166	2.61393752205
8.76886277824	2.65615569554
7.13320000298	2.66640295222
7.06419543079	2.54773058553
6.99001175129	2.47983875538
6.94384679375	2.450327057
6.8875648236	2.40549550164
6.78667800843	2.36060491187
6.71124278694	2.31403704234
6.67106001336	2.31322985385
6.49645446434	2.22846992967
6.31735620722	2.13588354137
6.12729098745	2.07225205057
5.97027402149	2.05744916401
5.76550125764	2.017132966
5.52421244911	1.97758968429
5.33971351237	1.9549270567
5.16038449305	1.91976763029
5.07792649904	1.89434087488
4.93754596363	1.8915307024
4.91046758143	1.87603849816
4.6265331062	1.81181750102
4.39527992377	1.72939656677
4.28759894039	1.71559910774
4.13484299191	1.70094698314
3.95322407654	1.6859813538
8.11339702776	7.14976374721
8.04652078952	6.99617117279
8.03145211373	6.93788862159
8.00029561215	6.65487299916
8.11339925298	7.14976566466
8.09399759549	7.1826213234
8.09247177002	7.21570180495
8.11818433224	7.37896245195
8.15809177505	7.53970218567
8.20600595551	7.70809330301
8.25529989432	7.87695726868
8.31151900882	8.09437710686
8.35339417921	8.25775228481
8.3794058656	8.37544601348
8.39918546158	8.48849953134
8.39169442425	8.64313847608
8.41104985157	8.81119961244
8.41973823111	9.07704137727
8.42568777724	9.29394450315
8.42456990844	9.48850453068
8.38961259549	9.75555478213
8.3789022998	9.89375035101
8.3693106023	10.0078325836
8.36410750436	10.1075492909
8.33897578232	10.3209171801
8.29472366488	10.4780325696
11.519988282	9.77497923269
11.516070179	9.67201616762
11.5348718762	9.55553439222
11.5560522469	9.44797081182
11.5570239533	9.35487997215
11.558654798	9.28002613825
11.5651936074	9.16840261915
11.5461779651	8.94493178777
11.5250332773	8.78884872774
11.5079572742	8.68849701166
11.4794286968	8.54750818642
11.4502399222	8.38648808179
11.4510555448	8.30914969305
11.4369242624	8.2238054086
11.4434298556	8.13727826665
11.4836377558	8.01405123653
11.4805774559	7.92771084387
11.4805278714	7.85052930206
11.4900686736	7.80499237816
11.5122527744	7.70318737143
11.5411169827	7.63113650384
11.5565723045	7.57641320349
11.5823834652	7.48659648035
11.6050910653	7.42378372292
11.6335699009	7.36792590151
11.6467714057	7.34220708788
11.6660389144	7.28418190789
11.6955750415	7.19734729146
11.728660671	7.06890896195
11.749070681	6.98143251835
-0.258156777718	7.77834887046
-0.472572490559	7.73310577396
-0.558293023778	7.70783830664
-0.690980828229	7.6433153348
-0.818850467382	7.59719223707
-0.899432617096	7.56807054406
-0.983830923425	7.52762327721
-1.04291199087	7.49989353287
-1.13731826505	7.45244994065
-1.15306664888	7.41841411278
-1.31656512236	7.28752515192
11.5199714246	9.77498082957
11.4355478635	9.72032776433
11.2757222553	9.70165351553
11.2046775134	9.70675631226
11.0160583522	9.70583425714
10.8973890033	9.70276068612
10.7768316577	9.70703242639
10.5728957377	9.71832727537
10.4414692482	9.7185692153
10.2992371188	9.69180174735
10.0939766499	9.62864500546
10.0088854613	9.61148266163
9.95327727114	9.59650178359
9.8841106697	9.58326636232
9.76341644409	9.56597015513
9.76341644451	9.56597015649
9.68015350015	9.7015838333
9.65418514979	9.74498172036
9.63800094969	9.77370359297
9.59836289029	9.83473127706
9.54027129182	10.0033573341
9.50457763078	10.0845084984
9.47925090834	10.2412877219
9.48043356149	10.4300780245
9.47419058568	10.5640885338
9.46546164156	10.6480779787
9.47058862464	10.7095449887
9.45529121136	10.8242363055
9.4584496181	10.9295813227
9.49279328264	11.037633105
9.4672018157	11.1834884928
9.46486723081	11.2760619638
9.47819573247	11.5200498045
9.50617806482	11.712845341
9.51691696624	11.7837991957
9.52858032844	11.87336312
9.52410837424	11.9466947281
9.52410879082	11.946676998
9.69261322705	11.9844669026
9.72935926898	11.9842212631
9.79867066117	11.984171857
9.86260978332	11.9600373452
9.90945483302	11.9438360567
9.96443393205	11.9278928734
10.0220255567	11.9007334673
10.1953663367	11.8634846541
10.2409354636	11.8863737433
10.3013159052	11.8496144182
10.3748831744	11.8108633068
10.4460257249	11.7823756294
10.5087460306	11.7626222363
10.6154074595	11.7375112734
10.6799122651	11.7092202903
10.7530591032	11.6777425297
10.8103946433	11.6424764416
10.9111045096	11.5700373852
10.9919886767	11.5018866303
11.1290118443	11.3894232456
11.2683162513	11.1984901106
11.3487581784	11.1160012159
11.4208832813	10.9832206788
11.4627687732	10.9427216435
11.5552123546	10.8693340565
11.6463279749	10.7742146534
11.7913075815	10.7124028327
9.74683755806	0.806390234235
9.71169757358	0.920434800606
9.66842258715	0.953623300337
9.65045129499	0.994938316061
9.57616013494	1.11279175287
9.51743026054	1.20878266085
9.47633050773	1.28832477035
9.44144358255	1.34632026641
9.40173255593	1.40601322945
9.343568721	1.49010649875
9.3020553167	1.53992373882
9.250888777	1.61710108062
9.21924700581	1.6860065433
9.16729666481	1.79815515871
9.13425090062	1.87023052119
9.03472134974	1.88508279448
9.03405760411	1.98196954078
8.99798519551	2.08763129897
8.94536749512	2.15167992344
8.94233438372	2.30753671264
8.87283529499	2.44885929468
8.80216944323	2.59707917837
8.76888765907	2.65615495604
-1.3165546333	7.28752799587
-1.34231880651	7.09695687972
-1.36489353065	6.97970728571
-1.37924739142	6.86199785025
-1.39789608657	6.76880300478
-1.41602613172	6.6968451234
-1.46463196281	6.54663729705
-1.48254612454	6.42109057035
-1.50875132663	6.27132700596
-1.53667534722	6.02544668662
-1.56425537047	5.79851575709
-1.59126035279	5.65214411064
-1.63301330732	5.50489745124
-1.64870518754	5.33769114686
-1.71911878347	5.21103617794
-9.24254734076	-8.49642234353
-9.14812150855	-8.47693790888
-8.99116158872	-8.45516473961
-8.87448823965	-8.46435917365
-8.79399415523	-8.46338227865
-8.74949360064	-8.44501258758
-8.67012471796	-8.44511516362
-8.53047176596	-8.44824400194
-8.42618746178	-8.4510176656
-8.32745816827	-8.43649507619
-8.1468211289	-8.43433485615
-8.05096305367	-8.41955204424
-7.96567425175	-8.41703809921
-7.87889187355	-8.41336526278
-7.71034210037	-8.41005677188
-7.49573204416	-8.4048060821
-7.27351444407	-8.40400378604
-7.13890054006	-8.41793208611
-7.06927186557	-8.4304766416
-6.91038312505	-8.47054619566
-6.658404741	-8.58522031646
-6.52899404003	-8.64518499262
-6.34241041807	-8.73735513363
-6.22619886366	-8.8092513786
-6.14815993272	-8.84923969774
-6.0744937371	-8.9030941211
-6.02485553355	-8.94354288321
-5.97192031026	-8.98796544483
-5.87320702001	-9.07830699369
-4.9171376038	-10.7553616544
-4.61687730648	-11.062132375
-4.52385097375	-11.1240863576
-4.30349064561	-11.2133342786
-4.10509737234	-11.2959873321
-3.95953320828	-11.3729576421
-3.82407650316	-11.4178696944
-3.73927303193	-11.4581470563
-3.52333636282	-11.5488357324
-3.45240595003	-11.5928570958
-3.2980683733	-11.659757008
-3.22279580497	-11.7192686481
-3.15716204417	-11.7855390821
-3.09972069176	-11.8360376892
-3.07944065328	-11.8966738206
-3.0767668278	-11.93481243
-3.06562704092	-11.9610779887
-3.04071275577	-12.0191612022
-6.06268584434	-5.6625208377
-6.1000812326	-5.39577386736
-6.13157262752	-5.2383874415
-6.13979258467	-5.1836988874
-6.09247308172	-4.96067601723
-2.39110748332	-7.62120447664
-2.29792401644	-7.53308744772
-2.21561954338	-7.46903844627
-2.10736977027	-7.36717079724
-1.96895556646	-7.26023880081
-1.87010042351	-7.19859721658
-1.72326120074	-7.12045714974
-1.65954964602	-7.08656370227
-1.54757488455	-7.03691329841
-1.37910767138	-6.97239819155
-1.16257654245	-6.90677080311
-1.02539008793	-6.87085107678
-0.929525029806	-6.85457571777
-0.834017660808	-6.81396439051
-0.754430511604	-6.77857892078
-0.664893286433	-6.75757135504
-0.581988569404	-6.71600081965
-0.350411034926	-6.60331341946
-0.184797512368	-6.52116435883
-0.024743652275	-6.43805653358
0.0739366059313	-6.36897515129
-8.51907912351	1.8783527583
-8.41493120564	1.94073198862
-8.324686261	2.00069889268
-8.22739715713	2.05988577556
-8.14213228393	2.15368946132
-8.08719923522	2.21724134157
-7.9560927291	2.40314115396
-7.85155906984	2.51920979093
-7.79038410082	2.63974619593
-7.70905348022	2.75241076816
-7.66484638875	2.80539381309
-7.60364602137	2.88888884584
-7.55292786491	2.94999948118
-7.44106086093	3.05358937546
-8.51907912351	1.8783527583
-8.65441304007	1.74632129377
-8.72821972194	1.65143240638
-8.8725752065	1.4448350797
-8.94892869887	1.32285499137
-8.99219747742	1.2513949147
-9.02587350249	1.19539995509
-9.06941174652	1.10288647859
-9.15516862571	1.01109315252
-9.23202650067	0.898468893599
-9.29512747966	0.804381997494
-9.44513986876	0.600501833777
-9.53685403623	0.471324826071
-9.60123218897	0.389649175487
-9.62869880771	0.358850324325
-9.71845593525	0.285569756379
-10.0315467463	3.55671536126
-10.1372273585	3.37599479433
-10.1839329008	3.29212340274
-10.1929483029	3.27566210665
-10.2718480433	3.13847307801
-10.3355328477	3.01444235739
-10.3911141848	2.89627468131
-10.5137785705	2.63168753009
-10.5521070157	2.43724521815
-10.595195768	2.15166213745
-10.5985299258	2.0817039579
-10.6087566076	1.96124492709
-10.6138164088	1.89630933803
-10.6309049341	1.71192813269
-10.6292593116	1.56288475886
-10.6189175848	1.33600756726
-10.5965451024	1.23646102387
-10.5695019496	1.17489395889
-10.5459822715	1.1144770304
-10.4955050812	1.06846322642
-10.4529884714	0.99896892019
-10.4181981956	0.891792190554
-10.2860331665	0.736589606137
-10.2068398091	0.655384993989
-10.1371220763	0.577825376728
-10.0616388391	0.492942549802
-9.99217315107	0.424406430396
-9.9146042721	0.36364562026
-9.88948683284	0.346765605524
-9.84701705152	0.310815968372
-9.71841735632	0.285580675808
-1.71911878347	5.21103617683
-1.84334403594	5.14893554478
-1.91241190102	5.12460033096
-2.13248041686	5.0461635684
-2.25384205035	5.01995613422
-2.39205171693	4.99470873027
-2.53152862846	4.97374472431
-2.75467131182	4.9334348197
-3.00607442306	4.88862482874
-3.04548510866	4.88180199398
-3.19744344656	4.86646246094
-3.46311663647	4.846342695
-3.74063338762	4.8262247886
-3.87183130855	4.76935647611
-4.07889321133	4.76723651025
-4.16887206981	4.76900889084
-4.27394795933	4.77499627863
-4.33775516032	4.77944072891
-4.49139816262	4.79188652605
-4.61816932378	4.82625953231
-4.72723080955	4.84562885518
-4.83763946392	4.86751006602
-5.02068913748	4.91380504814
-5.09368877766	4.93575738289
-5.15493450264	4.95558253984
-5.20992577003	4.97173726751
-5.25338821502	5.00014933792
-5.31960938565	5.02791648508
-5.39773031961	5.05744492937
-5.54919810946	5.11364197437
-5.62430190401	5.18276234301
-5.6776672608	5.23020627827
-5.77508807391	5.31640416206
-5.79561938775	5.42709974531
8.1692076365	12.9327543313
8.27103134282	13.0529651856
8.35201472314	13.1152229265
8.41164858167	13.1602679354
8.49632939571	13.1006371117
8.58463688937	13.0902494871
8.62272007258	13.0756358364
8.71732192972	13.0515757816
8.81854423436	12.9446309716
8.85797047889	12.8858187846
8.91940853449	12.7937112107
8.99346016669	12.6437821732
9.12179585811	12.557064435
9.17781400951	12.5263007346
9.28068908045	12.4894302827
-3.8619912832	0.429977286073
-3.85862562513	0.313682860979
-3.86510534682	0.105933631813
-3.85902290336	-0.0499579956037
-3.87231561191	-0.178590722002
-3.84642405451	-0.280230395616
-3.80943702962	-0.403953443703
-3.73575991705	-0.484326372287
-3.65279006094	-0.596250500816
-3.53056971456	-0.720591717779
-3.43231445867	-0.778204310585
-3.29902278894	-0.832629764643
-3.12475748844	-0.84379759564
-2.91442152269	-0.917033438989
-2.84513934524	-0.935965530706
-2.70869468468	-0.970669710808
-2.59514107335	-0.995908634348
-2.47343723729	-1.02051797344
-2.34731848696	-1.02615601818
-2.18605509686	-1.05592330477
-1.85571435756	-1.0996159373
-1.69214989151	-1.11206428589
-1.5610643265	-1.11979766842
-1.41810201894	-1.12585011773
-1.10669645352	-1.13081728936
-0.980717057218	-1.12522240176
-0.878421788342	-1.11546886704
-0.717706075861	-1.10057604223
-0.575106709301	-1.08576822863
-0.378249267167	-1.06673234874
-0.229075859845	-1.04915647477
-0.0570136861509	-1.01852400324
0.0815973702523	-1.00494744922
0.212530347834	-0.967324742032
0.301785610436	-0.939056761539
0.497952119848	-0.874678408105
0.582183405059	-0.843999741602
0.704315863785	-0.797895902568
0.864180204201	-0.738536260415
0.940022121668	-0.710539610382
1.04598519726	-0.666795524055
1.12255502846	-0.638000230238
1.23087609246	-0.553184515614
1.43444193314	-0.518897751087
1.57309669262	-0.504502646149
1.65914572906	-0.501418050339
1.95177762105	-0.590315414609
2.11790371437	-0.608764011002
2.25667185254	-0.622386365514
2.41070645307	-0.634359487463
2.63137609945	-0.647213514352
2.87900074718	-0.713796047438
3.09136179192	-0.727022350679
3.1827571094	-0.744309906199
3.22559309691	-0.749852078888
3.29858700939	-0.758586439564
3.4004084472	-0.781014465647
3.52556924527	-0.811537362219
3.66974114805	-0.846940853866
3.80679408257	-0.901023086212
3.93881608178	-0.93729447479
4.0802083752	-0.971483485897
4.20554319819	-0.997813197417
4.30397312429	-1.01127932478
4.42752859297	-1.0280362898
4.57437647623	-1.02315629103
4.72839975441	-0.973408661484
4.76055066911	-0.943981951437
4.92966705961	-0.896655325757
5.09539968181	-0.86118749362
5.23565128361	-0.83679229795
5.36873598382	-0.780872046201
5.44215185214	-0.74708562947
5.5592449768	-0.70113525784
5.64430248065	-0.678202134212
5.84137459206	-0.617663177854
6.0652657811	-0.563484953218
6.1935014576	-0.52523140669
6.28013521444	-0.500200542735
6.35129025404	-0.480961816228
6.51388772474	-0.441684181887
6.58217154858	-0.436358752903
6.75697608933	-0.404618216985
6.87993481638	-0.383061920566
6.95223513814	-0.374910884803
7.04540557202	-0.362339277162
7.26092055544	-0.332645680179
7.40462870208	-0.315378103991
7.59198599508	-0.297894609956
7.74995508619	-0.271375172403
7.85819566914	-0.247328222696
7.95976091088	-0.217178716369
8.06232191016	-0.197425977826
8.19304800366	-0.17901874353
8.30697604699	-0.150883759865
8.41664128454	-0.12756001123
8.52428129363	-0.12113892815
8.60812175836	-0.175190845855
8.71966894761	-0.196276201185
8.86184055239	-0.227244093056
8.9636884678	-0.234446531975
9.01814135939	-0.250489026465
9.10832343919	-0.281683432921
9.19089060578	-0.316080299951
9.34336311068	-0.383791599152
9.40550146121	-0.415315988222
9.47683863367	-0.453119143333
9.62407097791	-0.535798205112
9.76157717084	-0.606788680098
9.87405977186	-0.674089018217
9.98859374541	-0.849162021178
10.06100282	-0.912356922729
10.11869628	-0.971437687849
10.1937897253	-1.04828837426
10.2488679995	-1.1098531166
10.3453718807	-1.20882880994
10.3971751943	-1.26519286781
10.4651804132	-1.35016697846
10.5263080977	-1.43856142297
10.5693887305	-1.50954564467
10.652476945	-1.66004899858
10.6874830131	-1.70435382009
10.7313813028	-1.75718500777
10.7460564864	-1.81590178528
10.7680712928	-1.91078140507
-7.4410608472	3.0535893664
-7.42698874709	3.19645992685
-7.41039890737	3.27984192047
-7.37726036277	3.44056861407
-7.34812949581	3.54707236945
-7.31144489804	3.66497495722
-7.27814397579	3.76338559814
-7.23631948975	3.86900129278
-7.16735964284	3.99584209205
-7.13799728855	4.06480083311
-7.08914461866	4.14131591345
-7.02602836344	4.22661356738
-6.96771275156	4.29506477531
-6.8614014245	4.40262833506
-6.72147659977	4.54143438575
-6.64849412788	4.6092070584
-6.52299284884	4.70464247643
-6.34638229241	4.86216579367
-6.20187236753	4.99355206988
-6.03440832329	5.17972269887
-5.9456400794	5.27325605724
-5.89279507499	5.33134374319
-5.79559347133	5.42709313914
8.18308821989	-5.08133322728
8.10728064932	-5.18024659879
8.0767399065	-5.30600680719
8.06612875998	-5.39233169025
7.99969830103	-5.56974987413
7.97037787503	-5.65817732163
7.94124750229	-5.75540677147
7.90172158485	-5.897396139
7.88026534797	-5.94993382219
7.84852065294	-6.08832845243
7.83130190394	-6.21426796359
7.90343219535	-6.42717658849
-12.1862071903	-6.70801079805
-12.2793344756	-6.57399472516
-12.337926007	-6.4980498585
-12.381315095	-6.43017818706
-12.4627302102	-6.28177157407
-12.5445857237	-6.09130917044
-12.5981430544	-5.96800010888
-12.6713711041	-5.85077492021
-12.7244889871	-5.75937452585
-12.7989375568	-5.63176149475
-12.84157388	-5.5539152668
-12.9068690646	-5.43100603714
-12.9630371449	-5.39590426787
-13.018256235	-5.31415490717
-13.0609597998	-5.24282618751
-13.117356581	-5.12916014379
-13.1434141608	-5.07725360638
-13.2003741847	-4.9442112165
-13.2470389903	-4.83440761613
-13.2864098311	-4.73731087854
-13.3323680808	-4.63491851051
-13.3939254973	-4.51289967482
-13.4366595824	-4.50200771321
-13.4673442463	-4.39740652063
-13.4985705307	-4.32500596692
-13.5549057941	-4.201847561
-13.6106500978	-4.09135154404
-13.6456345304	-4.0298966579
-13.6904387988	-3.95596018979
-13.7736196905	-3.88919154513
-13.816670916	-3.84468070494
-13.852647044	-3.81090740422
-13.9071526296	-3.76634948591
-13.9751059293	-3.71710737507
-14.1188720057	-3.62896058154
-14.1554604717	-3.60982718921
-14.2054526479	-3.57150249716
-14.2261218493	-3.56370897205
-14.3518799557	-3.51084693799
-14.4495036721	-3.48593835473
-14.5297421566	-3.46135525059
-14.5956683663	-3.44188543547
-14.6407018582	-3.43743037066
-14.6761927549	-3.42986461598
-14.7227261464	-3.42089288652
-14.853597174	-3.40055191054
-14.9386292008	-3.397163318
-14.9792488838	-3.39838062815
-15.0182748363	-3.4020048708
-15.0520310052	-3.40806557005
-3.6639436713	-4.57434513028
-3.57796425061	-4.59032637628
-3.48740209345	-4.60849830913
-3.41607023926	-4.61227672121
-3.25819133762	-4.6323573765
-3.17324021084	-4.65449086771
-3.10753814905	-4.67126636722
-3.01628357792	-4.70032797831
-2.90796464529	-4.71493525676
-2.84434868519	-4.76284437956
-2.76881409058	-4.79564946533
-2.64669716634	-4.85237055325
-2.57331354762	-4.90297042955
-2.48927759306	-4.95710768425
-2.37399208855	-5.0188311918
-2.26626967166	-5.08898927644
-2.20057691046	-5.15210961455
-2.10783033472	-5.22004592761
-2.0468165782	-5.30734026932
-12.1871557261	-6.70730824599
-12.0811733802	-6.86071570975
-12.0655358867	-6.98114509866
-12.0368885218	-7.05809701798
-11.9652017376	-7.25774700077
-11.8379666004	-7.54277708721
-11.7293371171	-7.74445369458
-11.6148400157	-7.84386602292
-11.5225778647	-7.98636206599
-11.4425750584	-8.1701992735
-11.350826757	-8.31168690731
-11.283016784	-8.4386235813
-11.2232367508	-8.53910364083
-11.1226711576	-8.7029556846
-11.0422402096	-8.83785052403
-10.9860505281	-8.92426188795
-10.9391023012	-8.98741148796
-10.8763768436	-9.07256890991
-10.6879973378	-9.27055003363
-10.6079765412	-9.39908479515
-10.5158132362	-9.52771015813
-10.3717682925	-9.70793005271
-10.2990767451	-9.79949291492
-10.2514549082	-9.88768552418
-10.1346723345	-10.0438608741
-10.0332823439	-10.1698405425
-10.0029606575	-10.2087413166
-9.97141963421	-10.2443581499
-9.89745543011	-10.328399461
-9.72338411602	-10.5015999116
-2.04682298512	-5.30732767598
-2.06694975003	-5.37149901686
-2.09889612927	-5.50488647972
-2.14008307524	-5.66668721788
-2.12949666624	-5.73110893942
-2.15947395368	-5.8288829356
-2.16653861002	-5.8618381724
-2.21276828157	-5.92648217528
-2.25125868464	-5.9758026532
-2.30487347641	-6.0416820649
-2.36404692228	-6.10273607843
-2.49475291784	-6.26060277113
-2.6567280955	-6.40732791876
-2.6742369477	-6.43717808159
-2.74688880938	-6.47755631317
-2.86312838658	-6.56900144707
-3.02137402964	-6.68274186469
-3.14363918379	-6.76551148843
-3.26995420994	-6.84186759837
-3.35252159807	-6.88254937535
-3.45222858655	-6.93231975565
-3.54476600111	-6.97605644922
-3.66739464513	-7.04610807651
-3.76372239647	-7.09195533841
-3.85919113708	-7.14209102722
-4.00238694204	-7.16971726555
-4.17372379762	-7.24662211545
-4.35529869006	-7.32150812248
-4.4251084247	-7.34903976929
-4.55927938909	-7.40406311581
-4.67588499757	-7.44470706805
-4.75168210611	-7.47986031538
-4.84828567924	-7.52410370233
-5.0570633267	-7.61633099497
-7.98335589781	-11.5250382381
-8.22408377217	-11.4565086139
-8.43335675073	-11.4288117704
-8.54611964252	-11.4055001452
-8.62961906681	-11.3838640305
-8.69348138429	-11.3629950008
-8.90519933829	-11.2883167982
-8.92039530468	-11.2477329681
-9.07053827012	-11.1497538821
-9.21679032624	-11.0703904035
-9.38583996361	-10.9378091214
-9.50773573579	-10.8158299858
-9.61578003841	-10.6705116442
-9.72352264969	-10.501702603
6.6294633431	-7.18729369885
6.80231658903	-7.07924402667
6.92039040241	-6.99869262528
6.99545400072	-6.94865366269
7.11255128801	-6.87162256112
7.20395012255	-6.81975026055
7.27419163522	-6.76739803444
7.44586600782	-6.65654925278
7.57598222529	-6.58169606393
7.70907438073	-6.51173658691
7.90343550014	-6.42714043941
