182 0 142
-7.94061 -25.7898 6.90262 
-6.16021 -25.4223 6.38511
8.72237 -25.9288 5.75332 
4.84331 -25.5964 4.55447
-11.5749 -24.2122 13.5651 
-12.521 -29.4811 5.26296
-6.16021 -25.4223 6.38511 
-3.16499 -20.7049 13.9812
6.76129 -25.244 2.13553 
8.67096 -16.5391 -1.91911
6.71576 -19.2137 9.39184 
3.0727 -20.6939 8.32223
2.58719 -20.3728 8.1289 
4.92942 -24.8437 3.85751
-3.93285 -17.2184 12.3711 
-3.61873 -16.6224 12.291
2.21985 -16.2148 13.6044 
5.34984 -11.2679 18.8844
-10.3878 -13.5828 15.345 
-23.8246 -9.5861 6.86263
-10.8543 -10.9987 -9.13859 
-12.455 -5.9009 -16.419
-9.7209 -11.5618 -2.47438 
-9.7209 -11.5618 -2.47438
15.7891 -10.6406 14.3425 
22.8953 -11.954 6.9631
22.8953 -11.954 6.9631 
25.2235 -10.38 -2.99075
10.009 -12.3495 -8.21056 
8.96222 -17.5093 -2.22858
-17.6671 -7.42754 14.1918 
-21.622 0.621881 8.93658
-22.6222 -6.91112 0.832935 
-23.3792 -4.1799 1.70174
11.3095 -6.55583 -16.1859 
15.2287 -6.49213 -16.6508
-1.14605 -6.82604 10.8108 
-3.42597 -14.3614 14.8447
-12.455 -5.9009 -16.419 
-22.0775 -4.28186 -12.2568
6.57417 -2.09479 -11.8621 
6.6685 2.39292 -16.8373
-6.22925 -1.90521 -12.5771 
-7.52097 3.03826 -18.3942
-22.0775 -4.28186 -12.2568 
-12.1513 8.13526 -18.3779
7.75551 1.20554 -18.2236 
8.25674 4.87835 -17.9177
-21.622 0.621881 8.93658 
-6.2805 -8.13978 19.2697
-7.52097 3.03826 -18.3942 
18.2374 3.98467 -2.35805 
17.8387 6.67319 -4.47968
-22.1544 3.97974 -0.000125112 
15.5376 7.27531 12.7315 
3.13348 0.791959 17.3074
-17.546 6.74246 -5.16147 
-17.7115 3.27238 -1.85846
3.3954 8.6608 -8.93085 
4.36366 11.5721 -8.82819
-21.7595 9.88382 2.50029 
-22.1544 3.97974 -0.000125112
11.7869 7.96583 -17.6559 
15.7891 -10.6406 14.3425
22.6487 8.11491 0.320581 
15.5376 7.27531 12.7315
-16.0478 9.36366 11.1196 
-4.74639 17.9397 11.6141
5.04303 14.6844 14.2506 
9.45819 16.7497 -5.55186 
9.45819 16.7497 -5.55185
-8.07337 17.3995 -6.42756 
-8.07337 17.3996 -6.42754
17.6944 19.3501 1.82263 
10.7558 22.6976 7.97254
-17.528 17.3879 -6.33785 
-21.8178 10.5964 -1.86453
4.43691 20.3306 11.0482 
5.5692 27.689 4.34039
-16.7406 21.0449 0.177909 
-5.6082 26.1062 5.69638
10.7558 22.6976 7.97254 
4.43691 20.3306 11.0482
1.34852 25.0607 -4.53762 
2.51487 27.4104 -6.05444
3.5302 29.7415 -4.85384 
-0.767313 29.766 -0.801827 
-1.14605 -6.82604 10.8108
-6.55532 -15.6937 12.4418 
-3.95515 -15.7943 13.2314
0.660408 -11.7302 2.90141 
0.338751 -8.29375 9.98426
1.24019 -0.173825 -10.1295 
0.353377 -7.65391 -8.93708
-7.47175 -16.9864 11.0962 
-3.93285 -17.2184 12.3711
-24.6263 -13.1198 -1.5293 
-24.9932 -9.9221 -1.74828
-6.92237 -25.7931 3.41427 
-8.06641 -30.221 1.41577
-7.97998 -12.2675 13.314 
-10.3878 -13.5828 15.345
2.71658 26.9939 -7.07826 
2.71476 27.1298 -6.94405
-22.9996 -20.2409 1.07722 
21.8627 -1.77129 7.36152 
-9.0813 -16.3201 -0.381186 
-9.63762 -18.6829 -1.09594
-22.9571 -20.338 1.04904 
-22.9996 -20.2409 1.07722
4.84331 -25.5964 4.55447 
1.43498 -23.5354 9.8926
-5.50671 -23.8054 4.63884 
-3.16499 -20.7049 13.9812 
-11.5749 -24.2122 13.5651
-9.63762 -18.6829 -1.09594 
-6.92237 -25.7931 3.41427
20.8839 -17.4489 -6.44776 
6.57995 -30.5829 0.210418
0.353377 -7.65391 -8.93708 
15.2287 -6.49213 -16.6508 
20.5154 -0.0332318 -15.0009
-23.3792 -4.1799 1.70174 
20.5154 -0.0332318 -15.0009 
19.4072 1.22991 -16.2101
3.74996 29.1444 2.00448 
2.71476 27.1298 -6.94405 
8.67096 -16.5391 -1.91911 
10.009 -12.3495 -8.21056
-1.17108 -11.5185 2.81641 
19.4301 1.20845 -16.1857 
-24.3911 -17.0047 3.78279 
25.2235 -10.38 -2.99075 
20.8839 -17.4489 -6.44776
6.6685 2.39292 -16.8373 
7.75551 1.20554 -18.2236
19.2197 15.8125 -3.94845 
17.6944 19.3501 1.82263
-1.39307 29.9193 -5.40524 
-0.767313 29.766 -0.801827
5.34984 -11.2679 18.8844 
-22.6683 -5.21464 -11.0909 
-12.1513 8.13526 -18.3779 
-8.06641 -30.221 1.41577 
3.0727 -20.6939 8.32223 
-3.42597 -14.3614 14.8447 
6.57995 -30.5829 0.210418 
6.76129 -25.244 2.13553
10.8874 -26.494 10.8504 
-3.83434 4.71506 16.5817 
-16.0478 9.36366 11.1196
-21.8178 10.5964 -1.86453 
2.51487 27.4104 -6.05444 
23.3171 -19.1088 3.63513 
11.5439 -29.4047 5.54177 
-23.8246 -9.5861 6.86263 
-4.74639 17.9397 11.6141 
-3.83434 4.71506 16.5817
-24.3911 -17.0047 3.78279
2.21985 -16.2148 13.6044
-3.61873 -16.6224 12.291 
-5.50671 -23.8054 4.63884
-17.6671 -7.42754 14.1918
-9.0813 -16.3201 -0.381186
11.3095 -6.55583 -16.1859
-22.6683 -5.21464 -11.0909
5.04303 14.6844 14.2506
21.8627 -1.77129 7.36152
19.2197 15.8125 -3.94845
3.5302 29.7415 -4.85384
-1.39307 29.9193 -5.40524
-16.7406 21.0449 0.177909
-5.6082 26.1062 5.69638 
3.74996 29.1444 2.00448
-1.17108 -11.5185 2.81641
8.96222 -17.5093 -2.22858 
4.36366 11.5721 -8.82819 
-6.2805 -8.13978 19.2697 
0.338751 -8.29375 9.98426 
-3.95515 -15.7943 13.2314 
11.5439 -29.4047 5.54177
23.3171 -19.1088 3.63513
0 1
2 3
4 5
6 7
8 9
10 11
12 13
14 15
16 17
18 19
20 21
22 23
24 25
26 27
28 29
30 31
32 33
34 35
36 37
38 39
40 41
42 43
44 45
46 47
48 49
50 21
51 52
53 31
54 55
56 57
58 59
60 61
62 63
64 65
66 67
68 55
69 70
71 72
73 74
75 76
77 78
79 80
81 82
83 84
85 84
86 87
88 89
90 91
92 93
94 95
96 97
98 99
100 101
102 103
104 5
105 63
106 107
108 109
110 111
112 1
113 114
115 116
117 118
119 93
120 121
122 45
123 124
125 78
126 59
127 128
129 87
130 124
131 109
132 133
134 135
136 137
138 139
140 55
141 97
142 43
143 5
144 111
145 49
146 147
148 111
149 150
151 61
152 103
153 25
154 118
155 97
156 157
4 158
8 29
12 159
12 11
14 7
160 161
160 89
16 91
18 162
20 107
20 163
28 164
30 33
34 135
44 165
54 166
60 76
60 150
62 124
62 47
64 167
64 168
68 82
73 169
75 170
75 171
79 170
81 78
172 67
172 139
85 173
90 13
90 174
98 163
175 9
105 17
176 168
110 13
112 174
117 35
177 157
178 173
123 27
131 19
134 47
141 99
179 37
148 180
148 181
153 180
