1964 0 1894
-12.5961 -29.6785 5.05293
-12.375 -29.8317 4.74146
-11.9412 -29.9947 4.66742
-11.6471 -30.1402 4.40629
-11.2578 -30.3245 4.07184
-10.9983 -30.4387 3.84684
-10.795 -30.5186 3.65759
-10.5844 -30.5899 3.48704
-10.3488 -30.6656 3.29387
-9.94024 -30.7738 2.93043
-9.58049 -30.7794 2.51634
-9.33233 -30.7711 2.26666
-9.0387 -30.7409 1.98977
-8.39288 -30.602 1.38828
-8.0757 -30.4155 1.16112
-5.86196 -25.3805 6.3582
-5.69429 -25.0882 5.97257
-5.59465 -24.7131 5.49574
-5.53172 -24.4672 5.18844
-5.44544 -24.2465 4.9291
-11.5389 -24.2846 13.616
-11.6887 -24.707 13.1956
-11.7169 -24.8315 13.0774
-11.7009 -25.2308 12.7368
-11.6855 -25.4392 12.5614
-11.6625 -25.7794 12.2711
-11.6422 -26.0167 12.0519
-11.6456 -26.4553 11.5934
-11.6406 -26.6167 11.4188
-11.6519 -26.7748 11.2346
-11.6571 -26.9436 11.0361
-11.6704 -27.1986 10.7202
-11.6814 -27.3581 10.5142
-11.7109 -27.6258 10.1057
-11.7405 -27.9059 9.67164
-11.7792 -28.2668 9.10382
-11.8008 -28.4114 8.84636
-11.8337 -28.6067 8.4801
-11.8819 -28.8247 8.0261
-11.9303 -28.9824 7.64835
-11.949 -29.0443 7.50091
-11.978 -29.141 7.27007
-12.032 -29.2753 6.90117
-12.0909 -29.394 6.54429
-12.1652 -29.5096 6.1368
-12.2154 -29.5866 5.84683
-12.2624 -29.6405 5.62592
-12.5961 -29.6785 5.05293
-7.65335 -16.905 11.0229
-7.49659 -16.9761 11.1527
-7.20512 -17.1076 11.384
-6.82972 -17.2293 11.556
-6.41017 -17.3645 11.7429
-5.93423 -17.5047 11.9206
-5.61386 -17.5963 12.0338
-5.14457 -17.7327 12.1827
-4.62291 -17.8246 12.31
-3.8154 -15.5798 13.5795
-4.28593 -15.7294 13.5846
-4.84158 -15.8719 13.5098
-5.56274 -15.9645 13.2898
-5.75497 -15.9554 13.1509
-5.96272 -15.8793 12.9434
-6.63189 -15.6067 12.2974
-9.06654 -16.2417 -0.334276
-8.73951 -16.0438 -0.81004
-8.60111 -15.5969 -0.976154
-8.52186 -15.3727 -1.10785
-8.42017 -15.06 -1.29005
-8.25784 -14.5468 -1.67239
-8.14673 -14.1397 -2.00047
-8.09025 -13.8794 -2.23276
-8.06419 -13.6641 -2.45449
-8.03297 -13.3919 -2.73612
-8.00654 -12.9959 -3.16864
-8.03879 -12.6522 -3.60954
-8.11006 -12.3955 -3.99693
-8.20151 -12.2582 -4.27095
-8.26138 -12.1603 -4.461
-8.46193 -11.867 -5.05509
-8.73055 -11.7364 -5.52915
-8.97725 -11.6155 -5.96572
-9.25354 -11.4764 -6.46091
-9.6738 -11.3448 -7.15133
-10.0414 -11.2527 -7.72535
-10.2352 -11.2067 -8.02667
-10.6476 -11.1567 -8.60668
-10.0544 -13.2742 15.4966
-10.3044 -13.4336 15.5632
-10.5217 -13.7353 15.4497
-10.7154 -13.9294 15.393
-10.7758 -13.9782 15.381
-11.1988 -14.3255 15.2746
-11.6135 -14.6564 15.1623
-11.6459 -14.6815 15.1529
-12.0038 -14.9375 15.0429
-12.3468 -15.1722 14.9338
-12.6882 -15.3936 14.8223
-13.1645 -15.5473 14.6834
-13.1941 -15.5549 14.6754
-13.4851 -15.6042 14.5779
-13.8638 -15.6688 14.452
-14.1165 -15.7103 14.3675
-14.3651 -15.7502 14.2842
-14.477 -15.7645 14.2465
-15.0775 -15.8135 14.0408
-15.4238 -15.8124 13.9194
-15.6247 -15.7954 13.8523
-16.0355 -15.6833 13.7374
-16.644 -15.5293 13.5629
-16.9893 -15.3263 13.4981
-17.2198 -15.2343 13.4364
-17.6949 -14.876 13.3543
-17.9393 -14.6755 13.3137
-18.1826 -14.4681 13.2653
-18.4745 -14.2146 13.2092
-18.6905 -14.026 13.1656
-19.056 -13.6963 13.0928
-19.3711 -13.439 12.9918
-19.6818 -13.1475 12.8529
-19.8857 -12.9205 12.7479
-20.1218 -12.639 12.5922
-20.1951 -12.5453 12.5417
-20.3579 -12.3439 12.4235
-20.5185 -12.1426 12.2888
-20.6752 -11.9376 12.1485
-20.7591 -11.8343 12.0674
-20.9895 -11.5353 11.8319
-21.2186 -11.2343 11.5618
-21.4495 -10.936 11.2416
-21.6877 -10.635 10.8556
-21.9356 -10.3773 10.457
-22.0569 -10.2263 10.2189
-22.3024 -10.0634 9.73131
-22.5047 -9.96562 9.35031
-22.6139 -9.9155 9.14513
-22.7389 -9.85827 8.90536
-22.8762 -9.79676 8.63579
-23.1137 -9.69293 8.17469
-23.2668 -9.65141 7.89944
-23.4166 -9.60657 7.60078
-23.979 -9.77328 6.82608
-9.62292 -11.5473 -2.5698
-9.62292 -11.5473 -2.5698
-9.62292 -11.5473 -2.5698
-24.2407 -6.70385 -4.91391
-23.9384 -6.46083 -4.68799
-23.697 -6.27227 -4.51214
-23.528 -6.13867 -4.39775
-23.3511 -6.01397 -4.26177
-23.0148 -5.79176 -4.04476
-22.8107 -5.6694 -3.92928
-22.3725 -5.6796 -3.72005
-21.9031 -5.69404 -3.51134
-12.4124 -5.42039 -16.9851
-12.1278 -5.73756 -16.6468
-12.0486 -5.97423 -16.4172
-11.9714 -6.17813 -16.2162
-11.8363 -6.53109 -15.8265
-11.7589 -6.75318 -15.5618
-11.6466 -7.08097 -15.1458
-11.5533 -7.34785 -14.7931
-11.4624 -7.60747 -14.4455
-11.2613 -8.17935 -13.6594
-11.2065 -8.35538 -13.4163
-11.1598 -8.55414 -13.1249
-1.09027 -6.08957 10.2423
-1.10514 -6.47585 10.4512
-1.11722 -6.58221 10.5988
-1.12469 -6.68234 10.697
-1.14425 -6.95581 10.9649
-1.17508 -7.41874 11.4033
-1.18833 -7.62062 11.5952
-1.20285 -7.85922 11.8137
-1.20609 -8.10449 11.9927
-1.21278 -8.47382 12.2782
-1.2189 -8.84953 12.5608
-1.22206 -9.24942 12.8483
-1.20552 -9.70431 13.1381
-1.19247 -10.07 13.3466
-1.19185 -10.127 13.3779
-1.21397 -10.5061 13.5703
-1.2391 -10.7343 13.6785
-1.29664 -11.1018 13.8465
-1.36745 -11.4403 13.9862
-1.46773 -11.7885 14.1402
-1.63235 -12.2065 14.3502
-1.7734 -12.481 14.5159
-2.04417 -12.8983 14.5946
-2.40319 -13.3339 14.6851
-2.76406 -13.7851 14.7464
-3.24936 -14.3312 14.8689
-22.8387 -5.31638 -10.8924
-22.7807 -6.04893 -10.8717
-22.6888 -6.60882 -10.9459
-22.6068 -6.99731 -11.0079
-22.5229 -7.55171 -11.0053
-22.4571 -7.96617 -11.0064
-22.3726 -8.50071 -10.9996
-22.256 -9.18673 -10.9581
-22.1941 -9.66912 -10.7413
-22.1616 -9.89096 -10.6415
-22.1006 -10.3388 -10.4205
-21.9926 -11.1636 -9.99185
-21.9658 -11.572 -9.72859
-21.9412 -11.7929 -9.58862
-21.9346 -11.9429 -9.47757
-21.915 -12.3448 -9.17381
-21.9062 -12.6898 -8.88909
-21.9027 -13.0191 -8.59859
-21.9002 -13.2778 -8.36245
-21.8971 -13.6115 -8.05417
-21.8945 -13.809 -7.87124
-21.875 -14.1188 -7.57758
-21.8516 -14.4591 -7.25481
-21.8106 -14.8823 -6.85898
-21.7642 -15.207 -6.56796
-21.6939 -15.4869 -6.34413
-21.6755 -15.5757 -6.26992
-21.6067 -15.8398 -6.06393
-21.5214 -16.0344 -5.94233
-21.4257 -16.3158 -5.74576
-21.288 -16.6772 -5.51115
-21.0134 -17.1874 -5.2534
-20.886 -17.4244 -5.1337
-20.8009 -17.6071 -5.02835
-20.6614 -17.8063 -4.9652
-20.4453 -18.155 -4.82838
-20.2545 -18.4585 -4.71113
-19.9881 -18.8809 -4.54839
-19.7118 -19.317 -4.38094
-19.3998 -19.8021 -4.1967
-19.2394 -20.0475 -4.10446
-19.0026 -20.3996 -3.97342
-18.7288 -20.7943 -3.8285
-18.4113 -21.2308 -3.67089
-18.2504 -21.4425 -3.59504
-18.0496 -21.6986 -3.50338
-17.9109 -21.877 -3.43905
-17.7336 -22.0856 -3.36526
-17.5198 -22.3313 -3.27765
-17.3808 -22.4829 -3.22415
-17.2131 -22.6548 -3.16295
-16.8917 -22.9496 -3.05582
-16.4904 -23.2663 -2.93785
-16.2713 -23.4169 -2.88031
-16.0237 -23.5666 -2.82111
-15.8092 -23.6839 -2.77342
-15.5688 -23.7961 -2.72529
-15.2102 -23.9414 -2.65784
-14.9894 -24.0158 -2.61926
-14.652 -24.1232 -2.56196
-14.2694 -24.2262 -2.5001
-13.9113 -24.3195 -2.44262
-13.5948 -24.4062 -2.38931
-13.3082 -24.4276 -2.34208
-13.0498 -24.4578 -2.28807
-12.736 -24.4925 -2.21857
-12.489 -24.5167 -2.16422
-12.1588 -24.5486 -2.09243
-11.7922 -24.5941 -2.01181
-11.2901 -24.6713 -1.9014
-10.6968 -24.8002 -1.77144
-10.3396 -24.9285 -1.69514
-9.70633 -25.2597 -1.5616
-9.29176 -25.5129 -1.4732
-9.08173 -25.6897 -1.42501
-8.70778 -26.0474 -1.33763
-8.32878 -26.6986 -1.20443
-8.12462 -27.0691 -1.11967
-7.95353 -27.3776 -1.03548
-7.84556 -27.638 -0.9556
-7.71789 -28.2263 -0.6869
-7.67763 -28.4638 -0.574174
-7.61509 -28.7923 -0.403939
-7.64848 -29.3834 0.0389392
-7.67316 -29.6307 0.250654
-7.73654 -29.9106 0.503347
-7.95613 -30.2274 0.90421
-8.0757 -30.4155 1.16112
-22.0575 -4.02645 -12.5064
-22.1752 -4.16483 -12.2939
-22.3544 -4.29072 -11.9896
-22.414 -4.4226 -11.8609
-22.5088 -4.60221 -11.6594
-22.5838 -4.781 -11.4874
-22.8387 -5.31638 -10.8924
-6.40648 -2.11577 -12.2943
-6.30183 -1.96582 -12.3843
-6.18418 -1.79128 -12.4933
-6.053 -1.58885 -12.625
-5.87349 -1.30302 -12.8118
-5.70958 -1.01328 -13.0324
-5.53969 -0.698327 -13.2755
-5.40374 -0.427476 -13.4864
-5.28708 -0.172516 -13.7258
-5.17574 0.123108 -13.9748
-5.13783 0.318911 -14.217
-5.06947 0.654728 -14.614
-5.07047 0.773367 -14.7733
-5.06886 1.04993 -15.1254
-5.13056 1.33774 -15.5016
-5.19224 1.60263 -15.8239
-5.32722 1.75304 -16.0862
-5.48221 1.9259 -16.3827
-5.75284 2.23095 -16.891
-5.97828 2.4071 -17.2137
-6.19994 2.4965 -17.4386
-6.4401 2.59309 -17.6821
-6.66812 2.67108 -17.8807
-7.25982 2.69714 -18.4157
-2.81219 -0.546179 -10.1379
-2.88368 -0.755131 -10.1016
-3.04195 -1.21784 -10.0212
-3.1134 -1.42595 -9.98463
-3.21642 -1.72562 -9.93183
-3.30559 -1.98418 -9.88583
-3.37754 -2.19262 -9.84858
-3.44331 -2.3831 -9.81443
-3.50868 -2.5723 -9.78033
-3.6358 -2.94026 -9.71349
-3.77577 -3.34555 -9.63903
-3.8505 -3.5623 -9.59875
-4.06697 -4.19253 -9.47993
-4.29491 -4.85957 -9.35232
-4.35572 -5.03967 -9.31708
-4.51857 -5.52538 -9.22115
-4.68236 -6.0274 -9.11745
-4.7851 -6.35772 -9.04165
-4.8588 -6.60789 -8.98212
-4.94618 -6.93362 -8.90321
-5.05743 -7.34595 -8.80088
-5.15282 -7.75728 -8.69172
-5.21317 -8.09262 -8.58391
-5.24599 -8.45503 -8.46486
-5.24539 -8.74529 -8.358
-5.21876 -9.14289 -8.17784
-5.11601 -9.61317 -7.88208
-4.99051 -9.94913 -7.60371
-4.85588 -10.2987 -7.27123
-4.77179 -10.5018 -7.03785
-4.71061 -10.6221 -6.82794
-4.63783 -10.753 -6.55694
-4.58231 -10.8344 -6.32346
-4.50202 -10.9403 -5.97194
-4.41698 -11.02 -5.56166
-4.33592 -11.0751 -5.14592
-4.17886 -11.1685 -4.42636
-4.11231 -11.0475 -4.01279
-4.03706 -10.8974 -3.60664
-3.9494 -10.7385 -3.18821
-22.4898 4.69175 -0.0418533
-22.2885 4.31858 -0.145677
-22.2115 3.93287 0.0148099
-22.1129 3.26353 0.378111
-22.0338 2.70464 0.688714
-22.0146 2.53838 0.791697
-22.0049 2.40027 0.891408
-21.9915 2.13555 1.09419
-21.9946 1.90665 1.30163
-21.9986 1.68031 1.50911
-22.0153 1.41279 1.77715
-22.042 0.858383 2.33034
-22.142 0.75976 2.60524
-22.2445 0.624489 2.96382
-22.3671 0.53069 3.36699
-22.4595 0.459925 3.74121
-22.5462 0.407571 4.10701
-22.6746 0.343159 4.69711
-22.7293 0.321628 5.0467
-22.7633 0.313001 5.63415
-22.7405 0.328703 6.23849
-22.6708 0.385271 6.66604
-22.471 0.41472 7.23046
-22.2842 0.426013 7.72494
-22.1543 0.425216 8.00966
-22.0741 0.392601 8.20619
-21.9379 0.446148 8.45859
-21.7926 10.2946 2.59019
-21.9543 9.85648 2.88216
-22.1428 9.51972 2.89981
-22.2894 9.24051 2.88248
-22.4856 8.84835 2.85859
-22.9302 7.89112 2.79891
-23.0707 7.58697 2.73619
-23.1512 7.36486 2.65049
-23.2712 6.95348 2.45403
-23.3489 6.57948 2.21996
-23.4033 6.1189 1.86731
-23.3988 5.77119 1.57941
-23.3414 5.53302 1.32548
-23.1359 5.22849 0.953672
-22.8348 4.89734 0.482201
-22.4898 4.69175 -0.0418533
-8.09393 17.3396 -6.32854
-8.09392 17.3396 -6.32852
-8.09392 17.3396 -6.32851
0.322647 18.6873 -2.56745
0.327472 18.7886 -2.55861
0.343102 19.1162 -2.53052
0.348041 19.2213 -2.52109
0.368075 19.6531 -2.48142
0.374765 19.8074 -2.46565
0.395881 20.3385 -2.40691
0.405662 20.6276 -2.3707
0.416379 20.9967 -2.31956
0.423838 21.275 -2.27866
0.435329 21.829 -2.18675
0.443482 22.4566 -2.05874
0.446036 22.658 -2.01743
0.447913 22.9039 -1.95821
0.445581 23.2029 -1.85621
0.444595 23.352 -1.80901
0.433038 24.0283 -1.52862
0.430595 24.5835 -1.18388
0.42984 25.0279 -0.897464
0.4295 25.0657 -0.874024
0.419469 25.3876 -0.641683
0.393986 25.5235 -0.503993
0.333155 25.639 -0.10715
-4.5198 18.0331 11.6675
-4.31636 17.6109 11.9204
-3.90652 17.1805 12.1942
-3.76669 16.7872 12.419
-3.65379 16.4227 12.6241
-3.47905 15.743 12.9997
-3.34326 15.223 13.2868
-3.2857 14.9769 13.4226
-3.22976 14.7665 13.5326
-3.15405 14.4352 13.7031
-3.08967 14.0618 13.8936
-3.02693 13.7348 14.0485
-2.99096 13.4142 14.195
-2.95165 13.1169 14.3252
-2.9124 12.7818 14.4696
-2.88193 12.4952 14.5895
-2.85091 12.1257 14.7392
-2.84292 11.8113 14.8576
-2.83389 11.33 15.0373
-2.84274 10.7887 15.2302
-2.87776 10.2469 15.4076
-2.90926 9.90031 15.5153
-2.94993 9.53344 15.6223
-2.9961 9.15793 15.7254
-3.01799 8.96718 15.7718
-3.08589 8.64629 15.8606
-3.15798 8.29722 15.9545
-3.18419 7.96301 16.0149
-3.24616 7.50607 16.1047
-3.38308 6.64351 16.2771
-3.43573 6.17477 16.3513
-3.46106 5.93421 16.3853
-3.50449 5.55919 16.44
-3.5589 5.17775 16.4996
-3.70641 4.85639 16.5941
-3.7603 4.63741 16.6375
-16.9099 20.9167 0.282482
-17.1671 20.6715 -0.262307
-17.2293 20.6552 -0.503289
-17.3031 20.5782 -0.808235
-17.3333 20.5448 -0.964229
-17.4046 20.4519 -1.35869
-17.4494 20.3866 -1.62391
-17.5273 20.258 -2.12004
-17.5713 20.1723 -2.42495
-17.6131 20.0755 -2.73816
-17.6708 19.926 -3.19546
-17.6909 19.7605 -3.57222
-17.6908 19.6982 -3.69223
-17.693 19.5513 -3.98024
-17.6986 19.3528 -4.38794
-17.6838 19.0579 -4.74637
-17.679 18.8882 -4.95847
-17.6757 18.6421 -5.24289
-17.6772 18.3774 -5.52677
-17.7066 18.0836 -5.77433
-17.8103 17.7458 -5.91896
-17.8394 17.6541 -5.95675
-17.9271 17.3643 -6.07897
-18.1464 16.7431 -6.31145
-6.14664 26.1984 5.55962
-5.52201 26.0398 5.94107
-5.33106 25.8297 6.20344
-5.18282 25.6475 6.41799
-4.99559 25.4152 6.68516
-4.79155 25.1261 6.99402
-4.63666 24.886 7.23676
-4.54953 24.7278 7.38509
-4.3116 24.1788 7.8488
-4.19127 23.8756 8.09721
-4.09242 23.5309 8.35479
-4.01396 23.2553 8.56037
-3.91899 22.9223 8.80882
-3.87237 22.6853 8.97335
-3.80518 22.2264 9.27982
-3.76398 21.7747 9.5692
-3.73953 21.3191 9.85279
-3.73542 21.103 9.98511
-3.73673 20.9205 10.094
-3.76741 20.4474 10.3706
-3.7947 19.9167 10.6752
-3.92204 19.6793 10.7987
-4.0639 19.3173 10.9892
-4.1761 19.0332 11.1385
-4.40025 18.4595 11.4402
-4.5198 18.0331 11.6675
-0.595054 29.7349 -1.01616
-0.249515 29.1829 -0.96173
-0.0741715 28.8625 -0.896297
0.0357173 28.6407 -0.851245
0.108699 28.4175 -0.838187
0.16724 28.0618 -0.751847
0.222797 27.5439 -0.631876
0.270298 26.966 -0.509556
0.319562 26.1948 -0.33878
0.333155 25.639 -0.10715
-8.00739 -12.2054 13.2304
-8.12777 -12.3538 13.4698
-8.29833 -12.5616 13.7928
-8.46357 -12.7609 14.0735
-8.58796 -12.8902 14.2803
-8.99189 -13.089 14.7039
-9.34382 -13.1887 14.9655
-9.63776 -13.2528 15.1655
-10.0544 -13.2742 15.4966
-22.6475 -6.81914 0.903688
-22.9354 -6.23145 1.14702
-23.0855 -5.90929 1.27318
-23.1832 -5.40631 1.47226
-23.3024 -4.79757 1.67649
-23.4663 -4.07882 1.6623
-17.7449 3.36577 -1.99946
-17.7623 3.63204 -2.25942
-17.7815 4.02233 -2.62297
-17.7901 4.33797 -2.91418
-17.7923 4.73503 -3.27873
-17.7839 4.98084 -3.50122
-17.7645 5.28708 -3.77601
-17.7402 5.56976 -4.02801
-17.7215 5.75595 -4.1932
-17.6984 5.9794 -4.38957
-17.6556 6.34424 -4.70864
-17.6073 6.57091 -4.91597
-17.5376 6.8411 -5.19199
-10.4467 -24.9361 7.35867
-10.2289 -25.0226 7.37276
-9.96597 -25.1141 7.33335
-9.51043 -25.2597 7.24837
-8.81645 -25.452 7.10307
-8.44548 -25.5006 7.03158
-8.14224 -25.5379 6.96889
-7.51549 -25.6078 6.83431
-7.11579 -25.6402 6.73542
-6.81578 -25.6537 6.66531
-6.27396 -25.5486 6.56018
-5.86196 -25.3805 6.3582
-24.3886 -17.2215 3.52623
-24.1733 -17.7166 3.05953
-24.081 -17.9217 2.81531
-24.0708 -17.9445 2.78878
-23.9853 -18.1349 2.56667
-23.916 -18.2856 2.38973
-23.7733 -18.5928 2.15326
-23.6665 -18.8206 1.9875
-23.5662 -19.0349 1.84263
-23.5213 -19.1309 1.78184
-23.4039 -19.3804 1.62738
-23.2164 -19.7761 1.40061
-23.0544 -20.133 1.24501
-22.9578 -20.3208 1.14265
-22.6804 -20.9331 0.991344
-22.557 -21.1907 0.907596
-22.402 -21.5103 0.791655
-22.2946 -21.7372 0.740713
-22.1841 -21.969 0.705572
-22.0765 -22.1919 0.642106
-21.9429 -22.4643 0.602257
-21.7211 -22.9086 0.529897
-21.4971 -23.3449 0.423921
-21.2909 -23.7125 0.433954
-21.0124 -24.1581 0.471845
-20.6119 -24.7893 0.541273
-20.2231 -25.3717 0.630274
-20.0236 -25.6519 0.67295
-19.822 -25.9107 0.760111
-19.4334 -26.3479 0.899057
-19.1621 -26.6413 1.00606
-18.9342 -26.8813 1.09969
-18.8144 -27.0062 1.14259
-18.6633 -27.1517 1.21
-18.4144 -27.3874 1.30325
-17.8719 -27.7997 1.64321
-17.4733 -28.0921 1.89395
-17.1355 -28.3046 2.12738
-16.8825 -28.4589 2.32376
-16.5754 -28.5855 2.48144
-15.9292 -28.8441 2.8718
-15.6169 -28.962 3.08229
-15.3712 -29.0541 3.22887
-15.0956 -29.1363 3.40347
-14.8553 -29.2059 3.53687
-14.7688 -29.2302 3.58532
-14.4935 -29.307 3.73683
-14.1095 -29.414 3.9485
-13.4493 -29.5795 4.3295
-13.21 -29.6225 4.48188
-12.5961 -29.6785 5.05293
-23.979 -9.77328 6.82608
-24.3627 -10.1906 6.72208
-24.6526 -10.5496 6.59175
-24.7624 -10.7492 6.46768
-24.959 -11.1364 6.18367
-25.099 -11.4284 5.9613
-25.1726 -11.5957 5.82611
-25.2309 -11.7356 5.70925
-25.363 -12.0778 5.41043
-25.4157 -12.2224 5.28031
-25.4614 -12.3504 5.16364
-25.5417 -12.6025 4.93605
-25.5526 -12.8031 4.71139
-25.5068 -13.0433 4.49229
-25.4274 -13.4437 4.14144
-25.4096 -13.5301 4.06612
-25.3405 -13.8457 3.80955
-25.2524 -14.2436 3.54548
-25.1736 -14.5701 3.39233
-25.078 -14.9485 3.29923
-24.9516 -15.4265 3.16927
-24.8692 -15.732 3.12114
-24.7654 -16.1318 3.22946
-24.6056 -16.5985 3.24081
-24.4847 -16.9381 3.35634
-24.3886 -17.2215 3.52623
-11.1929 -8.60347 -13.0823
-11.1598 -8.55414 -13.1249
-16.2083 9.53125 10.8928
-15.9563 9.20136 11.2984
-15.8197 8.96121 11.5463
-15.7496 8.77058 11.7063
-15.6898 8.64094 11.8258
-15.5904 8.41413 12.0302
-15.5027 8.19983 12.2072
-15.3933 7.89107 12.4229
-15.2901 7.61904 12.6146
-15.1895 7.37093 12.7742
-15.0696 7.09105 12.9456
-14.779 6.4314 13.3392
-14.5897 6.00602 13.5859
-14.4689 5.74022 13.7347
-14.2436 5.47605 13.9266
-14.101 5.35834 14.0342
-13.9991 5.2504 14.1132
-13.671 4.88544 14.3642
-13.411 4.67404 14.5422
-13.1819 4.49046 14.6936
-12.6509 4.21047 15.023
-12.2273 3.97875 15.2857
-11.8686 3.78813 15.5058
-11.6563 3.71879 15.6292
-11.277 3.59327 15.8453
-10.8915 3.55011 16.0608
-10.5937 3.54283 16.2309
-10.3441 3.53568 16.3732
-10.0146 3.5225 16.5609
-9.79775 3.52542 16.6793
-9.33364 3.52194 16.9259
-9.02299 3.5599 17.0745
-8.494 3.6899 17.3094
-7.77286 3.86783 17.6019
-7.40265 3.97295 17.6853
-7.0971 4.07046 17.6816
-6.61652 4.16943 17.6463
-6.30796 4.23023 17.6121
-5.90285 4.29073 17.4868
-5.49536 4.33554 17.3538
-5.02442 4.40658 17.1844
-4.74173 4.4428 17.0779
-4.49916 4.48684 16.973
-4.17291 4.56592 16.8237
-3.7603 4.63741 16.6375
-7.1957 -25.7258 3.59585
-6.96449 -25.2827 3.17255
-6.9475 -25.0352 2.99472
-6.87298 -24.6925 2.70818
-6.9262 -24.4827 2.55638
-6.98463 -24.2045 2.3183
-7.04081 -24.0002 2.14449
-7.13814 -23.7341 1.92667
-7.27478 -23.3898 1.64667
-7.37545 -23.1576 1.4667
-7.46483 -22.9622 1.31103
-7.53046 -22.8186 1.20467
-7.67981 -22.5484 0.982869
-7.79589 -22.3257 0.82145
-7.89798 -22.1402 0.690784
-8.07646 -21.7524 0.466002
-8.35007 -21.3129 0.162611
-8.51285 -21.0504 -0.0137932
-8.56953 -20.9526 -0.0753661
-8.73124 -20.6683 -0.251276
-8.964 -20.2851 -0.498007
-9.16849 -19.8715 -0.709657
-9.33448 -19.5125 -0.876829
-9.45089 -19.2452 -0.994105
-9.74998 -19.0497 -1.28547
-9.74998 -19.0497 -1.28547
-9.98659 -19.1365 -1.511
-10.237 -19.1097 -1.73733
-10.5578 -18.9983 -2.0278
-10.6985 -18.9459 -2.15456
-10.8735 -18.8803 -2.31192
-11.0563 -18.7913 -2.47701
-11.2498 -18.6962 -2.6518
-11.5697 -18.5371 -2.94103
-11.8152 -18.3943 -3.16444
-12.1185 -18.2024 -3.44233
-12.3978 -18.0111 -3.70504
-12.5338 -17.847 -3.87142
-12.6126 -17.6914 -4.00768
-12.7292 -17.494 -4.18717
-12.9297 -17.1598 -4.49295
-13.1141 -16.5773 -4.97583
-13.1779 -16.2516 -5.24176
-13.212 -15.8705 -5.54811
-13.1926 -15.2905 -6.08704
-13.174 -15.11 -6.25094
-13.1241 -14.8491 -6.48085
-13.0422 -14.3802 -6.89851
-13.0031 -14.1669 -7.09153
-12.9377 -13.9396 -7.28743
-12.5226 -13.389 -7.55994
-12.1035 -12.8024 -7.87629
-11.8495 -12.518 -7.97654
-11.5096 -12.0729 -8.23879
-11.3237 -11.8296 -8.38436
-11.0367 -11.4751 -8.58545
-10.6476 -11.1567 -8.60668
-17.9953 -7.36506 13.9159
-17.7231 -7.51179 14.1262
-17.4262 -7.42996 14.5253
-17.0768 -7.57383 14.804
-16.8146 -7.65611 15.0215
-16.6219 -7.72413 15.1714
-16.4248 -7.81608 15.3067
-16.242 -7.8929 15.4336
-16.0668 -7.96836 15.5523
-15.7584 -8.10937 15.7535
-15.5248 -8.21022 15.9035
-15.0136 -8.47482 16.2216
-14.75 -8.5866 16.3541
-14.4857 -8.78077 16.4705
-14.0677 -9.03179 16.6383
-13.3402 -9.46242 16.8889
-13.0293 -9.64708 16.982
-12.5763 -9.96579 17.0714
-12.3438 -10.1749 17.0844
-12.0924 -10.4056 17.0867
-11.7795 -10.702 17.0373
-11.368 -11.113 16.9363
-11.1689 -11.333 16.8689
-10.9557 -11.5971 16.7727
-10.6505 -12.0999 16.5343
-10.4764 -12.4132 16.3659
-10.2701 -12.7801 16.0822
-10.0544 -13.2742 15.4966
-3.13696 -20.231 13.6294
-3.13248 -19.6748 13.3527
-3.30823 -19.2069 13.1139
-3.55347 -18.89 12.9107
-3.85553 -18.5162 12.7064
-4.19221 -18.25 12.5583
-4.39846 -18.0983 12.4477
-4.62291 -17.8246 12.31
-0.81221 29.7827 -5.37038
-1.38042 29.982 -5.35186
-1.76787 30.0834 -5.38799
-2.16427 30.191 -5.41048
-2.67857 30.1639 -5.24586
-3.4116 30.132 -4.9604
-3.62845 30.0496 -4.88012
-4.24276 29.7919 -4.52802
-4.40321 29.7291 -4.42656
-4.53847 29.6706 -4.34078
-4.71876 29.5897 -4.22214
-4.9592 29.4752 -4.06331
-5.35791 29.2956 -3.75378
-5.56858 29.1806 -3.61298
-5.68298 29.1168 -3.54359
-5.84447 29.0254 -3.45146
-5.98047 28.9484 -3.37417
-6.15377 28.8507 -3.27355
-6.35061 28.7427 -3.12388
-6.7273 28.5219 -2.89994
-7.30965 28.115 -2.77749
-7.66431 27.8694 -2.69643
-7.88055 27.7213 -2.64666
-8.03881 27.6172 -2.60446
-8.20719 27.5057 -2.56332
-8.44188 27.3621 -2.48657
-8.64981 27.2406 -2.40941
-8.919 27.0831 -2.31344
-9.1216 26.9733 -2.2257
-9.29208 26.8891 -2.13889
-9.42707 26.8219 -2.07084
-9.5787 26.746 -1.99517
-10.3291 26.3723 -1.61315
-10.6078 26.2186 -1.50584
-10.8124 26.1269 -1.37024
-11.1805 25.9542 -1.13247
-11.6509 25.7406 -0.770899
-11.8882 25.6034 -0.66562
-12.1115 25.4799 -0.539954
-12.2493 25.4027 -0.427791
-12.4194 25.3016 -0.308404
-12.6321 25.1695 -0.167739
-12.7822 25.071 -0.0749577
-13.1481 24.824 0.142179
-13.7547 24.3875 0.464373
-14.0817 24.1248 0.596617
-14.4285 23.8333 0.721075
-14.6527 23.6297 0.77956
-14.8943 23.4085 0.834537
-15.0532 23.2495 0.860056
-15.3214 22.9741 0.904315
-15.511 22.764 0.922812
-15.6389 22.6092 0.880811
-15.885 22.3117 0.778484
-16.0604 22.0976 0.704494
-16.325 21.7699 0.585948
-16.5815 21.4395 0.471723
-16.9099 20.9167 0.282482
-23.4663 -4.07882 1.6623
-23.381 -4.11319 1.92891
-23.2495 -4.02342 2.42336
-23.1412 -4.06598 2.6964
-22.9659 -4.12771 3.10977
-22.7975 -4.19179 3.48556
-22.6689 -4.24029 3.75226
-22.5451 -4.2891 4.00215
-22.4303 -4.33864 4.22003
-22.2354 -4.42523 4.57775
-21.9819 -4.54364 5.02082
-21.8274 -4.6175 5.28522
-21.6931 -4.6823 5.51074
-21.4035 -4.78111 5.9717
-21.2265 -4.90805 6.195
-21.0057 -5.13058 6.45454
-20.7995 -5.32214 6.68121
-20.6694 -5.4633 6.8201
-20.4119 -5.74181 7.08085
-20.1875 -6.04403 7.28983
-20.0037 -6.31355 7.44952
-19.8463 -6.54913 7.58194
-19.7357 -6.72577 7.67008
-19.6096 -6.92548 7.7701
-19.4238 -7.22807 7.91541
-19.1678 -7.65433 8.11795
-18.9663 -7.99269 8.28473
-18.7933 -8.28341 8.42785
-18.6405 -8.54321 8.5645
-18.5217 -8.74682 8.67855
-18.3494 -9.05708 8.92867
-18.3335 -9.12513 9.17452
-18.3239 -9.19654 9.52515
-18.3192 -9.22967 9.7297
-18.3089 -9.29591 10.2147
-18.3053 -9.31217 10.4181
-18.3038 -9.31299 10.5086
-18.2886 -9.28872 11.3868
-18.2779 -9.24101 11.8359
-18.2523 -9.14985 12.2497
-18.164 -8.76541 12.6572
-18.0788 -8.4064 13.0491
-18.0161 -8.11276 13.3479
-17.931 -7.77037 13.6972
-17.9953 -7.36506 13.9159
-21.9046 10.2281 -2.30313
-21.9743 9.72789 -2.31425
-22.0226 9.35713 -2.32312
-22.0721 8.92865 -2.31086
-22.1168 8.24674 -2.18764
-22.1367 7.92524 -2.1221
-22.1599 7.46736 -1.9983
-22.1737 7.19895 -1.92711
-22.1935 6.80393 -1.82058
-22.2149 6.37404 -1.70334
-22.2316 5.82151 -1.34822
-22.2579 5.32596 -0.961675
-22.2703 5.1015 -0.773962
-22.2945 4.88991 -0.571958
-22.4898 4.69175 -0.0418533
-3.84104 -16.7209 12.3636
-3.53506 -16.5389 12.1647
-3.33906 -16.6248 11.7898
-3.2212 -16.7186 11.4235
-2.95022 -16.8633 10.6894
-2.90463 -16.8878 10.5531
-2.81846 -16.9586 10.1792
-2.73679 -17.1195 9.46686
-2.67391 -17.2483 8.87451
-2.64488 -17.3385 8.47407
-2.59729 -17.4102 7.99376
-2.61431 -17.5408 7.36618
-2.61953 -17.5903 7.05647
-2.60715 -17.5598 6.64254
-2.7036 -18.0298 6.37386
-2.77599 -18.3944 6.04866
-2.81578 -18.6304 5.87848
-2.89159 -19.1328 5.58866
-2.9747 -19.7429 5.33985
-3.00002 -19.9394 5.27349
-3.03047 -20.1779 5.1944
-3.086 -20.6506 5.0665
-3.15168 -21.3193 4.93278
-3.18099 -21.6083 4.86643
-3.19251 -21.9034 4.8444
-3.22574 -22.3623 4.80385
-3.30027 -22.8325 4.76665
-3.5162 -23.0597 4.73408
-4.12325 -23.6304 4.68327
-4.84677 -24.0455 4.78472
-5.44544 -24.2465 4.9291
-6.2439 -8.22258 19.4208
-6.20532 -8.90387 19.3774
-6.11421 -9.345 19.3582
-5.97845 -9.96453 19.3095
-5.73224 -10.8759 19.2202
-5.61987 -11.2247 19.1247
-5.53369 -11.4562 19.0494
-5.42193 -11.7802 18.9373
-5.32873 -12.0331 18.83
-5.07539 -12.5472 18.506
-4.9056 -12.8648 18.2854
-4.79989 -13.0208 18.1351
-4.65591 -13.2038 17.919
-4.44174 -13.4315 17.577
-4.20902 -13.6592 17.1787
-4.03641 -13.7893 16.8695
-3.81429 -13.9025 16.4759
-3.65635 -14.044 16.1266
-3.39367 -14.109 15.5407
-3.24936 -14.3312 14.8689
-3.7603 4.63741 16.6375
-3.43886 4.36618 16.5197
-3.35632 4.13725 16.5028
-3.15502 3.69989 16.4496
-3.01975 3.39759 16.4151
-2.80327 2.95629 16.3438
-2.56932 2.25063 16.2659
-2.36708 1.64716 16.1913
-2.2268 1.20818 16.1388
-2.13211 0.885734 16.1025
-2.03788 0.556864 16.0664
-1.84573 -0.102621 15.9815
-1.82021 -0.47207 16.0169
-1.77935 -1.03245 16.0612
-1.78798 -1.63033 16.1853
-1.79713 -1.89455 16.2509
-1.81335 -2.23503 16.3437
-1.83553 -2.81888 16.4936
-1.871 -3.31998 16.6459
-1.9269 -3.5522 16.8537
-1.99031 -3.7891 17.0621
-2.09092 -4.11695 17.3595
-2.22102 -4.47664 17.7169
-2.49726 -5.18371 18.4567
-2.60316 -5.39805 18.5855
-2.81231 -5.7129 18.8375
-2.95297 -5.89723 18.971
-3.1037 -6.04077 19.0605
-3.17639 -6.11271 19.1005
-3.30482 -6.24572 19.182
-3.54147 -6.47657 19.3032
-3.8471 -6.74134 19.369
-4.28472 -7.11786 19.4758
-4.53079 -7.33117 19.523
-4.80648 -7.50026 19.5513
-5.3949 -7.92588 19.5547
-5.95466 -8.18184 19.4673
-6.2439 -8.22258 19.4208
-12.2339 8.24027 -18.4642
-11.7463 7.97803 -18.5626
-11.4063 7.848 -18.5956
-10.9269 7.68464 -18.6371
-10.757 7.60029 -18.6523
-10.5017 7.44502 -18.6744
-10.0385 7.18354 -18.705
-9.77577 7.00343 -18.7093
-9.50509 6.8014 -18.7051
-9.30799 6.62597 -18.7089
-9.09268 6.4431 -18.7011
-8.78832 6.12041 -18.695
-8.57184 5.87529 -18.6834
-8.33842 5.62796 -18.6549
-8.20458 5.28233 -18.677
-7.97813 4.90898 -18.637
-7.85461 4.62289 -18.6287
-7.72226 4.33942 -18.6003
-7.6202 3.98808 -18.559
-7.58073 3.85738 -18.542
-7.50953 3.63413 -18.5092
-7.40129 3.33743 -18.4533
-7.25982 2.69714 -18.4157
-18.1464 16.7431 -6.31145
-17.6324 16.8782 -6.69875
-17.2455 16.8904 -7.02719
-17.0044 16.8028 -7.23325
-16.8139 16.7229 -7.3986
-16.4481 16.5742 -7.69577
-16.1443 16.509 -7.85899
-15.7545 16.3518 -8.06982
-15.1466 16.0591 -8.39485
-14.6734 15.7285 -8.62619
-14.2945 15.4506 -8.77311
-14.0944 15.2934 -8.84411
-13.6616 14.9194 -8.99405
-13.2853 14.6509 -9.1137
-13.0055 14.4304 -9.21253
-12.7302 14.2608 -9.28666
-12.4397 14.0919 -9.3567
-11.9894 13.845 -9.4514
-11.4869 13.6335 -9.5175
-10.9772 13.4436 -9.56721
-10.7276 13.3624 -9.58276
-10.4124 13.2655 -9.59793
-10.0014 13.149 -9.60977
-9.7756 13.0901 -9.61192
-9.52871 13.0262 -9.61345
-9.17206 12.9366 -9.61229
-8.93768 12.8791 -9.60986
-8.73427 12.8312 -9.6051
-8.37754 12.7494 -9.59369
-8.01978 12.6706 -9.57698
-7.70266 12.6032 -9.55854
-7.49307 12.5596 -9.54522
-7.09937 12.4828 -9.51329
-6.78468 12.4235 -9.4848
-6.5153 12.3761 -9.45789
-5.51764 12.2217 -9.345
-4.95385 12.1138 -9.27565
-3.83368 12.0825 -9.0229
-3.3985 12.0874 -8.92004
-3.33319 12.0908 -8.90381
-2.93416 12.1975 -8.78971
-2.42472 12.4652 -8.62102
-2.19954 12.7356 -8.53174
-1.84012 13.1928 -8.37955
-1.56969 13.5726 -8.25303
-1.35825 13.9697 -8.15475
-1.20918 14.3064 -8.08697
-1.08831 14.5917 -8.03139
-0.901256 15.1436 -7.95369
-0.76319 15.6169 -7.90114
-0.680107 15.9384 -7.87235
-0.521509 16.616 -7.82227
-0.423906 17.1234 -7.80117
-0.35813 17.4879 -7.78884
-0.321662 17.7289 -7.78612
-0.317596 17.7658 -7.78699
-0.244864 18.4305 -7.79642
-0.213892 18.8615 -7.81634
-0.197864 19.3576 -7.85592
-0.193589 19.8132 -7.90051
-0.201073 20.3048 -7.9571
-0.213033 20.7123 -8.0041
-0.236215 21.1709 -8.06374
-0.247414 21.5467 -8.09813
-0.26339 21.943 -8.13828
-0.27742 22.4035 -8.17182
-0.282477 22.8249 -8.18889
-0.283175 22.889 -8.19088
-0.285853 23.3188 -8.19798
-0.285662 23.439 -8.19714
-0.283112 23.7985 -8.1904
-0.280399 24.0034 -8.18208
-0.274404 24.2834 -8.16575
-0.269117 24.5041 -8.14842
-0.263882 24.7397 -8.12635
-0.254192 25.0466 -8.08955
-0.24863 25.211 -8.06319
-0.241335 25.5578 -8.00875
-0.253804 25.8468 -7.96579
-0.253599 26.2654 -7.86402
-0.251173 26.6589 -7.74817
-0.26722 27.181 -7.57372
-0.317914 27.6555 -7.41502
-0.300879 27.9105 -7.27442
-0.372947 28.3355 -6.95726
-0.45134 28.7431 -6.62913
-0.531536 29.0671 -6.33403
-0.608353 29.3306 -6.08261
-0.699543 29.5231 -5.83787
-0.81221 29.7827 -5.37038
-21.9379 0.446148 8.45859
-21.9372 0.140666 8.68627
-21.9186 -0.288871 9.03779
-21.9205 -0.584714 9.21375
-21.921 -0.853886 9.36777
-21.9171 -1.28736 9.61775
-21.8737 -1.74205 9.91682
-21.8398 -1.95071 10.0548
-21.7822 -2.24368 10.2584
-21.6803 -2.54433 10.5081
-21.5611 -2.86107 10.7718
-21.2157 -3.58816 11.4059
-20.9633 -3.99733 11.7803
-20.9225 -4.05902 11.8363
-20.7328 -4.32374 12.0735
-20.6239 -4.47433 12.1961
-20.3387 -4.85429 12.5094
-20.1623 -5.0969 12.676
-19.7395 -5.44813 13.0114
-19.5666 -5.66348 13.1297
-19.2714 -5.93522 13.3323
-19.1397 -6.06591 13.4178
-18.9514 -6.2512 13.5375
-18.777 -6.42437 13.6439
-18.6563 -6.55846 13.705
-18.3206 -6.93198 13.85
-17.9953 -7.36506 13.9159
-5.86196 -25.3805 6.3582
-5.6118 -25.6026 6.72186
-5.34011 -25.8188 7.09869
-5.25282 -25.89 7.22251
-5.12402 -25.9992 7.41938
-4.66192 -25.9386 7.90383
-4.24145 -25.8432 8.33167
-4.03859 -25.7851 8.53435
-3.72826 -25.6918 8.84389
-3.39656 -25.4577 9.13945
-3.19984 -25.1956 9.39446
-2.97241 -24.9089 9.65194
-2.87279 -24.6722 9.75822
-2.80368 -24.4608 9.8772
-2.68427 -24.0857 10.1151
-2.63116 -23.9072 10.2364
-2.52838 -23.5605 10.4717
-2.44146 -23.2033 10.7434
-2.39156 -22.9575 10.9487
-2.35353 -22.7028 11.1829
-2.32808 -22.3786 11.5174
-2.34783 -22.1903 11.7374
-2.45565 -21.7568 12.2656
-2.60703 -21.446 12.6584
-2.70574 -21.2451 12.9106
-2.92141 -20.8188 13.4128
-3.13696 -20.231 13.6294
-5.44544 -24.2465 4.9291
-5.71728 -23.9072 4.48683
-5.93674 -23.585 4.07935
-6.05273 -23.2633 3.76271
-6.10777 -23.0508 3.56715
-6.25805 -22.5194 3.13389
-6.31864 -22.1826 2.92323
-6.40952 -21.768 2.6911
-6.4161 -21.3778 2.48966
-6.43895 -20.9638 2.28883
-6.38948 -20.6318 2.14374
-6.36215 -20.4662 2.07407
-6.28212 -20.1644 1.95854
-6.19509 -19.8106 1.82223
-6.05429 -19.2946 1.62934
-5.88757 -18.683 1.40309
-5.75315 -18.37 1.29932
-5.60909 -17.9652 1.19002
-5.43023 -17.4623 1.05503
-5.30878 -17.1647 0.990935
-5.24075 -16.9175 0.934188
-5.16757 -16.6815 0.886286
-5.01172 -16.2891 0.826448
-4.91358 -16.0333 0.788052
-4.84625 -15.752 0.719778
-4.63741 -15.2762 0.693913
-4.55704 -15.0753 0.676286
-4.48515 -14.8948 0.660657
-4.35694 -14.5803 0.638547
-4.18307 -14.164 0.617007
-4.03002 -13.8022 0.601998
-3.91536 -13.5538 0.610266
-3.67047 -13.0962 0.69238
-3.53754 -12.8434 0.733355
-3.31592 -12.4446 0.821414
-3.16071 -12.2997 1.01122
-3.01147 -12.1568 1.20066
-2.88238 -12.0427 1.38518
-2.74452 -11.914 1.58669
-2.53545 -11.7299 1.93786
-2.35519 -11.5684 2.24237
-2.29755 -11.5167 2.33985
-2.10435 -11.3428 2.66823
-1.92767 -11.1599 3.01796
-1.8644 -11.0823 3.15821
-1.68419 -10.8421 3.57785
-1.56321 -10.6509 3.88594
-1.46093 -10.478 4.15606
-1.32268 -10.215 4.54228
-1.24905 -10.0346 4.77367
-1.16018 -9.76803 5.08468
-1.03828 -9.31188 5.57312
-1.00659 -9.16916 5.72006
-0.948787 -8.82792 6.06028
-0.926369 -8.67689 6.21105
-0.898219 -8.45088 6.4396
-0.8711 -8.15406 6.75144
-0.862311 -7.91709 7.02595
-0.864102 -7.6782 7.32611
-0.869362 -7.49867 7.56129
-0.881209 -7.28851 7.85435
-0.890168 -7.16124 8.03452
-0.914276 -6.9395 8.40381
-0.933204 -6.78722 8.66138
-0.957903 -6.67006 8.94033
-1.0097 -6.49021 9.45616
-1.03431 -6.41692 9.7004
-1.05446 -6.38576 9.90515
-1.09027 -6.08957 10.2423
-11.5389 -24.2846 13.616
-12.1089 -24.0641 13.5947
-12.3864 -23.8255 13.6923
-12.8247 -23.4523 13.8261
-13.1956 -23.1512 13.9116
-13.5267 -22.8852 13.9832
-13.9511 -22.4779 14.1244
-14.2182 -22.2852 14.1468
-14.5513 -22.0882 14.1401
-14.7607 -21.9421 14.1509
-14.9937 -21.7779 14.1648
-15.3984 -21.4964 14.1726
-15.6588 -21.316 14.1676
-15.9367 -21.1573 14.1156
-16.3234 -20.9124 14.055
-16.8005 -20.6038 13.9776
-17.2258 -20.3298 13.9041
-17.875 -19.9202 13.7133
-18.0534 -19.8082 13.6607
-18.4118 -19.5759 13.5244
-18.7754 -19.3415 13.3696
-19.2242 -19.0544 13.1706
-19.4933 -18.9188 13.0105
-19.7219 -18.8088 12.8616
-19.9948 -18.6769 12.6785
-20.1834 -18.59 12.546
-20.4964 -18.4585 12.3153
-20.8824 -18.2973 12.0146
-21.3847 -18.1082 11.5518
-21.5966 -18.0337 11.3327
-21.9019 -17.926 11.0007
-22.2024 -17.8186 10.6525
-22.3896 -17.756 10.4255
-22.5903 -17.692 10.1586
-22.9418 -17.5957 9.62816
-23.1494 -17.5452 9.28811
-23.3117 -17.5118 9.00302
-23.4099 -17.5051 8.8063
-23.6766 -17.4647 8.29652
-23.8113 -17.4228 7.99381
-23.8977 -17.4255 7.73009
-23.9914 -17.4205 7.3994
-24.1339 -17.4142 6.81476
-24.2127 -17.411 6.46573
-24.2869 -17.3986 6.11041
-24.3236 -17.3885 5.89695
-24.3961 -17.3436 5.33604
-24.403 -17.332 5.09435
-24.4026 -17.3245 4.93459
-24.4 -17.3176 4.72324
-24.3932 -17.3104 4.35642
-24.3651 -17.3445 3.90572
-24.3886 -17.2215 3.52623
-11.5389 -24.2846 13.616
-11.3226 -24.1316 13.8284
-11.0718 -23.9973 14.0371
-10.8636 -23.8707 14.216
-10.7073 -23.8067 14.3141
-10.0902 -23.4868 14.7465
-9.65873 -23.2414 15.0572
-9.44192 -23.1161 15.1924
-9.11376 -22.9439 15.3728
-8.46245 -22.6508 15.6864
-7.93157 -22.4048 15.8798
-7.69112 -22.2883 15.9497
-7.36595 -22.166 16.017
-7.00093 -22.0281 16.095
-6.59516 -21.832 16.1286
-6.44427 -21.7578 16.1204
-6.06663 -21.5903 16.0807
-5.42689 -21.3529 15.9574
-4.97886 -21.1823 15.8643
-4.61551 -21.0478 15.7749
-4.27873 -20.9429 15.5108
-3.98385 -20.8565 15.266
-3.70734 -20.7586 15.0279
-3.55487 -20.7227 14.7861
-3.39471 -20.6 14.3748
-3.13696 -20.231 13.6294
-3.8154 -15.5798 13.5795
-3.56391 -15.2563 13.8579
-3.45149 -15.0249 14.079
-3.34719 -14.7768 14.3134
-3.29069 -14.5965 14.5064
-3.24936 -14.3312 14.8689
-3.8154 -15.5798 13.5795
-3.70103 -15.813 13.2446
-3.67703 -16.0506 12.9446
-3.6686 -16.325 12.6079
-3.84104 -16.7209 12.3636
-9.06654 -16.2417 -0.334276
-9.06965 -16.778 -0.488982
-9.05043 -16.9151 -0.55973
-9.03025 -17.063 -0.631238
-9.14481 -17.4647 -0.72901
-9.21696 -17.72 -0.79527
-9.233 -17.7756 -0.809884
-9.37736 -18.2797 -0.940941
-9.47448 -18.5881 -1.02929
-9.74998 -19.0497 -1.28547
-9.06654 -16.2417 -0.334276
-9.41942 -16.2394 0.236344
-9.82721 -16.1811 0.769863
-10.2792 -16.1167 1.33376
-10.549 -16.1829 1.56739
-10.9033 -16.3171 1.872
-11.0655 -16.4163 2.01832
-11.2345 -16.5366 2.17581
-11.3815 -16.6774 2.32574
-11.4871 -16.7941 2.43957
-11.6168 -17.012 2.60994
-11.8335 -17.5198 2.95654
-11.8943 -17.7246 3.08053
-12.0124 -18.2452 3.37426
-12.0555 -18.5629 3.53654
-12.0657 -18.8224 3.65318
-12.0564 -19.0967 3.76328
-12.02 -19.6637 3.97981
-11.9596 -20.1742 4.15549
-11.8891 -20.6205 4.2968
-11.8132 -20.9808 4.3974
-11.7256 -21.329 4.48421
-11.6766 -21.4995 4.52182
-11.5075 -22.0673 4.64229
-11.3935 -22.3601 4.69047
-11.2727 -22.6429 4.72914
-11.0035 -23.1505 4.77213
-10.757 -23.6012 4.80331
-10.604 -23.8901 4.81959
-10.4689 -24.1045 4.82607
-10.3246 -24.3146 4.82026
-9.94493 -24.6678 4.77644
-9.59783 -24.9533 4.72693
-9.19628 -25.2773 4.66536
-9.00771 -25.4107 4.62619
-8.84013 -25.5255 4.58941
-8.33796 -25.8094 4.44379
-7.74227 -25.9648 4.13205
-7.1957 -25.7258 3.59585
-10.6476 -11.1567 -8.60668
-10.8314 -10.9824 -9.10224
-10.8341 -10.7942 -9.39868
-10.8375 -10.6665 -9.60207
-10.8429 -10.5408 -9.80468
-10.8442 -10.5113 -9.85228
-10.859 -10.3201 -10.1684
-10.8954 -10.0863 -10.5784
-10.9039 -9.9368 -10.824
-10.92 -9.78889 -11.0747
-10.9166 -9.58561 -11.3887
-10.9314 -9.49735 -11.5409
-11.0099 -9.27345 -11.9537
-11.0408 -9.10187 -12.2264
-11.0938 -8.87571 -12.6011
-11.1326 -8.70285 -12.8862
-11.1598 -8.55414 -13.1249
-24.2407 -6.70385 -4.91391
-24.2762 -6.6363 -5.12369
-24.3291 -6.52943 -5.44603
-24.3719 -6.35504 -5.89056
-24.3901 -6.23443 -6.24292
-24.3859 -6.05781 -6.69293
-24.3569 -5.96094 -6.97768
-24.2694 -5.80605 -7.41145
-24.1752 -5.57278 -7.91272
-23.953 -5.50741 -8.47814
-23.8063 -5.42703 -8.8704
-23.7102 -5.37723 -9.12276
-23.4697 -5.4058 -9.61032
-23.2954 -5.4061 -9.96782
-23.1915 -5.38742 -10.1832
-22.8387 -5.31638 -10.8924
-24.2407 -6.70385 -4.91391
-24.4464 -7.14192 -4.54619
-24.5291 -7.28094 -4.46904
-24.6871 -7.55514 -4.30694
-24.758 -7.72564 -4.16519
-24.8314 -7.91969 -3.99142
-24.8898 -8.0871 -3.83219
-24.964 -8.32755 -3.5828
-25.0434 -8.60906 -3.27105
-25.0998 -8.89982 -2.77689
-25.1777 -9.32308 -2.01922
-25.1686 -9.34286 -1.78301
-25.1523 -9.35224 -1.48076
-25.1228 -9.3209 -1.11886
-25.0727 -9.27931 -0.454783
-25.0163 -9.16091 -0.0677038
-24.9843 -9.11501 0.187838
-24.9642 -9.07912 0.318964
-24.9185 -8.99411 0.609791
-24.8638 -8.89519 0.922331
-24.7925 -8.77499 1.33897
-24.6959 -8.61581 1.8659
-24.5023 -8.3106 2.8374
-24.4089 -8.29992 3.19771
-24.294 -8.28536 3.57631
-24.1028 -8.25953 4.107
-23.9888 -8.49202 4.82239
-23.9613 -8.58532 5.03618
-23.9095 -8.76593 5.4461
-23.8622 -8.92421 5.79784
-23.8301 -9.16294 6.22471
-23.8355 -9.3849 6.53383
-23.979 -9.77328 6.82608
-12.4124 -5.42039 -16.9851
-12.1617 -5.17986 -17.1442
-11.9695 -4.80612 -17.4311
-11.839 -4.5859 -17.5933
-11.7919 -4.51629 -17.6425
-11.4995 -4.06982 -17.9582
-11.3379 -3.75272 -18.1831
-11.1226 -3.45073 -18.3416
-10.9697 -3.19554 -18.4893
-10.8043 -2.94351 -18.6247
-10.6501 -2.7397 -18.6934
-10.5357 -2.57981 -18.7522
-10.3107 -2.25729 -18.8737
-10.1318 -2.0005 -18.9555
-9.94189 -1.72872 -19.0299
-9.79639 -1.51828 -19.0847
-9.58263 -1.20854 -19.1505
-9.37985 -0.911841 -19.198
-9.17037 -0.605387 -19.2464
-8.96466 -0.294401 -19.26
-8.80623 -0.0492577 -19.255
-8.644 0.210413 -19.2322
-8.32403 0.733329 -19.1691
-8.03195 1.2791 -19.0365
-7.74255 1.81999 -18.897
-7.61755 2.0989 -18.8176
-7.25982 2.69714 -18.4157
-12.4124 -5.42039 -16.9851
-13.1871 -5.3908 -17.1624
-13.6622 -5.43016 -17.2094
-14.129 -5.44414 -17.2368
-14.2581 -5.44099 -17.2509
-14.5329 -5.44193 -17.2699
-15.0349 -5.45621 -17.254
-15.5335 -5.46752 -17.2204
-15.7954 -5.47093 -17.1698
-16.4418 -5.46288 -17.0162
-17.0555 -5.47713 -16.8181
-17.34 -5.43721 -16.7212
-17.7798 -5.40764 -16.5087
-18.4607 -5.31884 -16.184
-18.931 -5.24266 -15.9274
-19.3755 -5.11766 -15.5768
-19.6953 -5.00425 -15.2837
-19.9332 -4.9252 -15.0629
-20.3332 -4.77195 -14.6734
-20.5012 -4.70712 -14.4948
-20.7286 -4.62131 -14.2293
-21.0113 -4.5106 -13.9
-21.1916 -4.46234 -13.6809
-21.3648 -4.42605 -13.4634
-21.6158 -4.32005 -13.1204
-21.8265 -4.1738 -12.8295
-22.0575 -4.02645 -12.5064
-1.09027 -6.08957 10.2423
-1.08571 -5.56009 10.1231
-1.08518 -4.94628 10.0357
-1.07293 -4.65512 9.94256
-1.06603 -4.35729 9.89464
-1.05894 -3.99679 9.84858
-1.05046 -3.57566 9.80032
-1.03581 -2.85015 9.72928
-1.02783 -2.45574 9.69185
-1.0248 -2.30794 9.67811
-1.02199 -2.17198 9.6656
-1.00494 -1.34918 9.59039
-0.977367 -0.933325 9.51886
-0.978653 -0.564553 9.51046
-0.958693 -0.104071 9.45473
-0.945081 0.339077 9.41946
-0.938673 0.740696 9.40274
-0.936308 1.1661 9.39708
-0.943262 1.59366 9.40686
-0.965742 2.02009 9.44051
-0.943669 2.45831 9.40782
-0.939281 2.88903 9.40003
-0.944666 3.31946 9.40613
-0.952232 3.75035 9.41276
-0.961373 4.18238 9.41837
-0.975325 4.61336 9.42807
-1.00168 5.05089 9.45303
-1.00143 5.42608 9.44072
-0.963734 5.80984 9.37253
-0.957622 6.03025 9.35789
-0.948171 6.45263 9.33312
-0.929671 6.91819 9.29008
-0.873131 7.5366 9.16845
-0.85899 7.75835 9.13183
-0.849018 7.98614 9.10001
-0.800918 8.53572 8.97399
-0.769423 8.99683 8.86992
-0.743913 9.48321 8.76138
-0.741819 9.83399 8.69847
-0.736415 10.2762 8.60863
-0.720392 10.6941 8.49471
-0.708547 11.0319 8.4036
-0.711682 11.2855 8.35344
-0.711265 11.5824 8.28659
-0.690052 11.8286 8.19295
-0.668926 12.2092 8.06093
-0.666281 12.6987 7.9309
-0.646197 13.1294 7.77581
-0.643751 13.4314 7.68506
-0.635148 13.7834 7.56266
-0.635265 13.924 7.51867
-0.626754 14.2822 7.38432
-0.618575 14.594 7.26569
-0.613963 14.854 7.16607
-0.614863 15.2386 7.02103
-0.617524 15.5295 6.9104
-0.608229 15.8416 6.77121
-0.609633 16.1153 6.65914
-0.608407 16.5411 6.47568
-0.609296 16.7367 6.38996
-0.610374 16.9445 6.29841
-0.605688 17.2283 6.15638
-0.595103 17.5486 5.98644
-0.58816 17.9494 5.77849
-0.591087 18.1946 5.66325
-0.579707 18.5091 5.48245
-0.563789 18.7677 5.3203
-0.551873 19.1371 5.10753
-0.498413 19.7574 4.6816
-0.431601 20.2618 4.29042
-0.370943 20.6717 3.96217
-0.291178 21.1654 3.55699
-0.232463 21.5259 3.26311
-0.192469 21.7759 3.06152
-0.154911 22.0212 2.86699
-0.122301 22.2272 2.70211
-0.0768301 22.5755 2.43722
-0.0463992 22.8098 2.25906
-0.0154596 23.0611 2.06897
0.0193172 23.3496 1.85333
0.0515128 23.6454 1.61774
0.0777175 23.8988 1.42074
0.130723 24.2888 1.07381
0.171628 24.5153 0.875136
0.217278 24.7732 0.644782
0.251859 25.0119 0.452769
0.333155 25.639 -0.10715
-22.0575 -4.02645 -12.5064
-22.1132 -3.45504 -12.5473
-22.0463 -2.86136 -12.7642
-21.9744 -2.28312 -12.9732
-21.9226 -1.90564 -13.0903
-21.8977 -1.68644 -13.1502
-21.8196 -1.11948 -13.3206
-21.7054 -0.722891 -13.4991
-21.5929 -0.334367 -13.6522
-21.4934 0.00349129 -13.7828
-21.3826 0.368327 -13.9257
-21.3152 0.584369 -14.0112
-21.2142 0.820599 -14.1369
-21.0556 1.0862 -14.3325
-20.9304 1.32907 -14.4752
-20.7642 1.55134 -14.6721
-20.6043 1.75553 -14.8579
-20.4388 1.96663 -15.0457
-20.2977 2.12146 -15.207
-20.1046 2.32507 -15.4263
-19.9327 2.47498 -15.6213
-19.6986 2.67699 -15.8866
-19.4261 2.90214 -16.1953
-19.1723 3.10771 -16.4825
-18.9335 3.29287 -16.7525
-18.6662 3.44237 -17.0447
-18.2946 3.58117 -17.4462
-18.1054 3.70394 -17.6195
-17.866 3.79728 -17.8402
-17.6376 3.88812 -18.0507
-17.4027 3.98153 -18.2664
-17.3438 3.98306 -18.3262
-16.9191 4.20257 -18.6306
-16.6161 4.40039 -18.8228
-16.5393 4.45649 -18.8672
-16.0977 4.82855 -19.0811
-15.7023 5.19212 -19.2476
-15.4167 5.45182 -19.3372
-15.1185 5.7487 -19.3972
-14.7464 6.0762 -19.4129
-14.3625 6.39866 -19.361
-14.1448 6.57994 -19.3223
-13.8632 6.7946 -19.2715
-13.409 7.16351 -19.163
-13.0343 7.50334 -18.9732
-12.7809 7.75812 -18.8274
-12.5639 7.91756 -18.7191
-12.2339 8.24027 -18.4642
-21.7926 10.2946 2.59019
-21.6521 10.2403 3.11825
-21.5237 10.3074 3.4203
-21.3311 10.3905 3.77428
-21.1464 10.4192 4.11748
-21.0207 10.4294 4.35192
-20.8479 10.4519 4.65352
-20.6904 10.4661 4.91941
-20.2942 10.5055 5.56298
-19.871 10.4919 6.22542
-19.8412 10.4886 6.27092
-19.6554 10.4852 6.53971
-19.3007 10.4308 7.05309
-19.039 10.3888 7.43403
-18.8583 10.3643 7.69153
-18.72 10.349 7.87036
-18.4508 10.2778 8.24262
-18.2297 10.2204 8.5234
-18.0494 10.1639 8.75499
-17.7177 10.0332 9.19351
-17.4453 9.94601 9.50461
-17.1577 9.85248 9.83778
-16.8786 9.76081 10.1559
-16.5505 9.65459 10.5191
-16.2083 9.53125 10.8928
-21.7926 10.2946 2.59019
-21.8656 10.4866 1.95336
-21.8766 10.634 1.44202
-21.8993 10.6753 0.971052
-21.9077 10.694 0.770849
-21.9348 10.7523 0.113917
-21.9421 10.7537 -0.198733
-21.9495 10.7417 -0.614739
-21.9294 10.6402 -1.14296
-21.9173 10.5471 -1.53562
-21.9055 10.4712 -1.85358
-21.9046 10.2281 -2.30313
-4.5198 18.0331 11.6675
-4.817 18.0491 11.6324
-5.07078 17.9198 11.6815
-5.4858 17.7975 11.7121
-5.72975 17.7692 11.7061
-6.38803 17.614 11.7167
-7.02806 17.4381 11.7437
-7.32677 17.3528 11.722
-7.86223 17.1517 11.7029
-8.11854 17.0512 11.6957
-8.39129 16.9467 11.687
-8.73411 16.8098 11.6637
-9.71787 16.1371 11.4685
-10.1386 15.701 11.4326
-10.5721 15.2509 11.3856
-11.0793 14.7517 11.3138
-11.2936 14.5318 11.3264
-11.4934 14.3208 11.347
-11.5597 14.2518 11.3529
-11.6346 14.1744 11.3594
-11.9573 13.8299 11.4045
-12.0364 13.7457 11.4153
-12.417 13.3382 11.4721
-12.6816 13.0545 11.5095
-13.0781 12.6271 11.5573
-13.2599 12.4322 11.5752
-13.4669 12.2151 11.587
-13.7228 11.9602 11.5684
-13.926 11.7582 11.5506
-14.2154 11.4546 11.5083
-14.511 11.1444 11.4569
-14.8674 10.7447 11.4118
-15.1705 10.4702 11.3041
-15.3974 10.2222 11.2424
-15.775 9.93563 11.0607
-16.2083 9.53125 10.8928
-16.9099 20.9167 0.282482
-17.1077 20.4553 0.508416
-17.233 19.9673 0.974472
-17.2944 19.663 1.26208
-17.3393 19.4041 1.51849
-17.3818 19.1439 1.7631
-17.4449 18.6887 2.19243
-17.4172 18.2454 2.5718
-17.3079 17.7227 3.02426
-17.2013 17.4179 3.30861
-17.1181 17.2464 3.48176
-17.009 17.0664 3.67659
-16.8615 16.8762 3.90167
-16.735 16.7431 4.07437
-16.6493 16.6594 4.18711
-16.4734 16.5014 4.40948
-16.3313 16.3822 4.58388
-16.131 16.2622 4.80058
-15.9554 16.1616 4.98651
-15.7685 16.0647 5.18093
-15.549 15.9552 5.40724
-15.2446 15.9016 5.70142
-14.7738 15.9423 6.13057
-14.5229 16.0867 6.32683
-14.2956 16.1917 6.50267
-14.1072 16.2775 6.64292
-13.8389 16.5965 6.80095
-13.7336 16.7803 6.85125
-13.5291 17.1413 6.91568
-13.3112 17.5694 6.97241
-13.1077 17.9727 7.02302
-12.9272 18.4612 6.99792
-12.7856 18.8766 6.94818
-12.6954 19.1526 6.90349
-12.5781 19.513 6.84158
-12.4707 19.8542 6.75922
-12.3696 20.1657 6.66956
-12.2734 20.4649 6.57572
-12.1395 20.8646 6.45446
-11.9967 21.25 6.31826
-11.8381 21.71 6.13092
-11.6832 21.9372 6.08493
-11.5736 22.1236 6.0154
-11.42 22.3784 5.92368
-11.1526 22.8098 5.76964
-10.8926 23.2165 5.62668
-10.6029 23.6063 5.51335
-10.4942 23.7539 5.45641
-10.0479 24.1605 5.43205
-9.64673 24.5392 5.39069
-9.22798 24.9177 5.34159
-8.88089 25.1435 5.34731
-8.73469 25.2177 5.36095
-8.41786 25.3604 5.38022
-8.04119 25.5234 5.41016
-7.55401 25.7087 5.46992
-6.93837 25.9446 5.49648
-6.61178 26.0576 5.51968
-6.14664 26.1984 5.55962
-6.14664 26.1984 5.55962
-5.63057 26.5997 5.35026
-5.53508 26.7988 5.18421
-5.45434 26.9765 5.02662
-5.28818 27.2921 4.74722
-4.95906 27.9131 4.19125
-4.70837 28.2953 3.81348
-4.05142 29.0883 2.96545
-3.56672 29.6374 2.35585
-3.27305 29.859 2.03946
-3.15413 29.9346 1.90881
-3.00418 30.0166 1.74771
-2.77289 30.1098 1.50584
-2.42628 30.2296 1.139
-2.12901 30.2848 0.818461
-1.85292 30.2968 0.515147
-1.65308 30.2802 0.289232
-1.47564 30.2419 0.0832713
-1.28839 30.1795 -0.141302
-1.03445 30.0479 -0.458284
-0.595054 29.7349 -1.01616
-0.595054 29.7349 -1.01616
-0.496071 29.833 -1.50604
-0.466131 29.884 -1.72157
-0.437281 29.9317 -1.92873
-0.391412 30.0631 -2.40106
-0.411612 30.0777 -2.99468
-0.429431 30.0713 -3.23603
-0.477082 30.0363 -3.71107
-0.572252 30.0214 -4.15509
-0.640335 29.9948 -4.45002
-0.722983 29.9565 -4.76285
-0.81221 29.7827 -5.37038
-7.1957 -25.7258 3.59585
-7.02574 -26.3158 3.80837
-6.66154 -26.6374 3.72097
-6.557 -26.7302 3.69589
-6.01648 -27.2299 3.58134
-5.80271 -27.4491 3.46849
-5.49846 -27.7997 3.24805
-5.28586 -28.0979 3.03104
-5.20172 -28.2405 2.90029
-5.29336 -28.4999 2.61696
-5.3805 -28.7334 2.35629
-5.53619 -29.0336 2.03528
-6.13642 -29.6024 1.53737
-6.70779 -29.8907 1.31301
-7.21344 -30.111 1.10766
-7.65669 -30.2562 1.08999
-8.0757 -30.4155 1.16112
-4.62291 -17.8246 12.31
-4.42564 -17.5462 12.2597
-4.25721 -17.1907 12.3518
-3.84104 -16.7209 12.3636
-23.4663 -4.07882 1.6623
-23.589 -3.69829 1.52548
-23.7179 -3.37909 1.19597
-23.8108 -3.04934 0.831395
-23.8738 -2.8013 0.519408
-23.9176 -2.60702 0.259782
-23.9393 -2.3776 -0.0153365
-23.9446 -2.22284 -0.215145
-23.9439 -1.97276 -0.55239
-23.9201 -1.78425 -0.826195
-23.8758 -1.53332 -1.18811
-23.8397 -1.35599 -1.43299
-23.7944 -1.18205 -1.66224
-23.7094 -0.971906 -2.01765
-23.5813 -0.727045 -2.50641
-23.5256 -0.630027 -2.70823
-23.3926 -0.39689 -3.1812
-23.1144 0.139882 -4.12008
-23.0046 0.345606 -4.47778
-22.8817 0.60916 -4.85661
-22.8725 0.632313 -4.88423
-22.77 0.902153 -5.18964
-22.6743 1.16472 -5.47147
-22.5755 1.46355 -5.75401
-22.4986 1.71604 -5.96687
-22.4536 1.87255 -6.08867
-22.343 2.29584 -6.37347
-22.1804 2.93474 -6.78484
-22.0992 3.31422 -6.96599
-21.9428 3.92291 -7.30634
-21.8502 4.2425 -7.5642
-21.7866 4.4727 -7.70635
-21.7168 4.70847 -7.85748
-21.6019 5.10595 -8.05072
-21.4783 5.49256 -8.27378
-21.3788 5.77908 -8.48776
-21.3033 5.98673 -8.60565
-21.1886 6.29174 -8.77226
-21.1454 6.40128 -8.84808
-21.0186 6.70773 -9.0392
-20.9489 6.86959 -9.14191
-20.8286 7.13883 -9.31839
-20.7279 7.35185 -9.46892
-20.5719 7.628 -9.64739
-20.3125 8.0862 -9.98715
-20.1103 8.43159 -10.24
-19.9518 8.67496 -10.4354
-19.7368 8.96563 -10.663
-19.4528 9.31178 -10.9789
-19.3404 9.44905 -11.1
-19.203 9.61674 -11.2464
-19.0378 9.80618 -11.4188
-18.8588 9.99242 -11.6113
-18.7769 10.0748 -11.6985
-18.6484 10.188 -11.854
-18.4799 10.3393 -12.0378
-18.3003 10.4907 -12.2262
-18.0077 10.6969 -12.5489
-17.7808 10.8455 -12.7925
-17.5615 10.9505 -13.0431
-17.2527 11.1002 -13.3623
-17.0071 11.1607 -13.6605
-16.8101 11.1909 -13.8937
-16.4144 11.2457 -14.3126
-16.0703 11.2269 -14.7043
-15.7367 11.1598 -15.0873
-15.5472 11.1278 -15.2914
-15.2271 11.0239 -15.6571
-15.0443 10.9459 -15.8538
-14.6772 10.7868 -16.2117
-14.5305 10.7314 -16.3401
-14.2474 10.4638 -16.66
-14.094 10.3237 -16.803
-13.8133 10.0524 -17.0799
-13.5758 9.82045 -17.3077
-13.3887 9.63548 -17.4856
-13.112 9.35435 -17.7383
-12.9061 9.14484 -17.912
-12.7359 8.9282 -18.0817
-12.5261 8.59456 -18.2761
-12.2339 8.24027 -18.4642
-21.9046 10.2281 -2.30313
-21.802 10.6994 -2.72151
-21.6932 11.1433 -3.19185
-21.5474 11.5709 -3.51248
-21.4527 11.8444 -3.71992
-21.3234 12.1116 -4.01338
-21.2347 12.3109 -4.18049
-21.1906 12.4059 -4.26317
-21.071 12.6361 -4.46851
-20.9755 12.8146 -4.6285
-20.8815 12.9825 -4.77204
-20.7093 13.2777 -5.01458
-20.5183 13.59 -5.2614
-20.4536 13.6954 -5.34261
-20.3098 13.9225 -5.52075
-20.0667 14.3169 -5.797
-19.8404 14.5736 -5.94014
-19.6878 14.7523 -6.01372
-19.5537 14.9153 -6.07438
-19.3836 15.1215 -6.14978
-19.1863 15.3615 -6.23367
-18.817 15.8275 -6.32572
-18.6015 16.1042 -6.33491
-18.1464 16.7431 -6.31145
-6.2439 -8.22258 19.4208
-6.70721 -7.99651 19.3547
-7.1492 -7.73168 19.2651
-7.40618 -7.56947 19.2072
-7.63095 -7.40991 19.1528
-8.01345 -7.12862 19.0561
-8.21406 -6.97865 19.0013
-8.56726 -6.72114 18.8951
-8.79941 -6.59419 18.8022
-9.10194 -6.39563 18.6778
-9.33687 -6.2666 18.5678
-9.50929 -6.08404 18.4886
-9.70196 -5.91511 18.393
-9.94955 -5.73553 18.263
-10.2854 -5.43334 18.0772
-10.5219 -5.1896 17.9405
-10.7163 -4.98282 17.825
-10.8805 -4.80337 17.726
-11.0068 -4.6575 17.6482
-11.1287 -4.51555 17.5726
-11.2546 -4.36662 17.4938
-11.4622 -4.11386 17.3625
-11.7516 -3.76056 17.1788
-11.8854 -3.58443 17.0934
-12.0381 -3.38538 16.996
-12.1616 -3.21017 16.9202
-12.3389 -3.02856 16.8133
-12.48 -2.78826 16.7262
-12.6074 -2.60885 16.6477
-12.8153 -2.29523 16.5185
-13.0813 -2.05303 16.3611
-13.3412 -1.78254 16.2043
-13.5945 -1.51334 16.0489
-13.8758 -1.22994 15.8725
-14.1037 -1.00118 15.7227
-14.3074 -0.808219 15.5875
-14.5053 -0.611119 15.4504
-14.6689 -0.448865 15.3354
-14.89 -0.222856 15.1732
-15.2074 0.106064 14.9353
-15.3329 0.233972 14.8411
-15.7248 0.57833 14.5509
-16.0665 0.782255 14.307
-16.2767 0.918883 14.152
-16.5411 1.15239 13.9244
-16.7417 1.41016 13.7079
-16.9008 1.52703 13.5635
-17.0759 1.68094 13.3814
-17.3609 1.94661 13.0782
-17.8569 2.21493 12.5223
-18.2837 2.45369 12.033
-18.712 2.65353 11.5472
-19.0974 2.78867 11.1179
-19.3204 2.77288 10.8856
-19.4776 2.76982 10.7206
-19.8594 2.56925 10.3659
-20.3932 2.24693 9.87909
-20.5729 2.11534 9.71886
-20.8144 1.92439 9.50582
-21.0172 1.73178 9.33045
-21.3304 1.35355 9.06839
-21.6789 0.805291 8.74753
-21.9379 0.446148 8.45859
0 1
1 2
2 3
3 4
4 5
5 6
6 7
7 8
8 9
9 10
10 11
11 12
12 13
13 14
15 16
16 17
17 18
18 19
20 21
21 22
22 23
23 24
24 25
25 26
26 27
27 28
28 29
29 30
30 31
31 32
32 33
33 34
34 35
35 36
36 37
37 38
38 39
39 40
40 41
41 42
42 43
43 44
44 45
45 46
46 47
48 49
49 50
50 51
51 52
52 53
53 54
54 55
55 56
57 58
58 59
59 60
60 61
61 62
62 63
64 65
65 66
66 67
67 68
68 69
69 70
70 71
71 72
72 73
73 74
74 75
75 76
76 77
77 78
78 79
79 80
80 81
81 82
82 83
83 84
84 85
85 86
87 88
88 89
89 90
90 91
91 92
92 93
93 94
94 95
95 96
96 97
97 98
98 99
99 100
100 101
101 102
102 103
103 104
104 105
105 106
106 107
107 108
108 109
109 110
110 111
111 112
112 113
113 114
114 115
115 116
116 117
117 118
118 119
119 120
120 121
121 122
122 123
123 124
124 125
125 126
126 127
127 128
128 129
129 130
130 131
131 132
132 133
133 134
134 135
135 136
136 137
137 138
138 139
139 140
140 141
142 143
143 144
145 146
146 147
147 148
148 149
149 150
150 151
151 152
152 153
154 155
155 156
156 157
157 158
158 159
159 160
160 161
161 162
162 163
163 164
164 165
166 167
167 168
168 169
169 170
170 171
171 172
172 173
173 174
174 175
175 176
176 177
177 178
178 179
179 180
180 181
181 182
182 183
183 184
184 185
185 186
186 187
187 188
188 189
189 190
190 191
192 193
193 194
194 195
195 196
196 197
197 198
198 199
199 200
200 201
201 202
202 203
203 204
204 205
205 206
206 207
207 208
208 209
209 210
210 211
211 212
212 213
213 214
214 215
215 216
216 217
217 218
218 219
219 220
220 221
221 222
222 223
223 224
224 225
225 226
226 227
227 228
228 229
229 230
230 231
231 232
232 233
233 234
234 235
235 236
236 237
237 238
238 239
239 240
240 241
241 242
242 243
243 244
244 245
245 246
246 247
247 248
248 249
249 250
250 251
251 252
252 253
253 254
254 255
255 256
256 257
257 258
258 259
259 260
260 261
261 262
262 263
263 264
264 265
265 266
266 267
267 268
268 269
269 270
270 271
271 272
272 273
273 274
274 275
275 276
276 277
277 278
278 279
280 281
281 282
282 283
283 284
284 285
285 286
287 288
288 289
289 290
290 291
291 292
292 293
293 294
294 295
295 296
296 297
297 298
298 299
299 300
300 301
301 302
302 303
303 304
304 305
305 306
306 307
307 308
308 309
309 310
311 312
312 313
313 314
314 315
315 316
316 317
317 318
318 319
319 320
320 321
321 322
322 323
323 324
324 325
325 326
326 327
327 328
328 329
329 330
330 331
331 332
332 333
333 334
334 335
335 336
336 337
337 338
338 339
339 340
340 341
341 342
342 343
343 344
344 345
345 346
346 347
347 348
348 349
349 350
351 352
352 353
353 354
354 355
355 356
356 357
357 358
358 359
359 360
360 361
361 362
362 363
363 364
364 365
365 366
366 367
367 368
368 369
369 370
370 371
371 372
372 373
373 374
374 375
375 376
376 377
378 379
379 380
380 381
381 382
382 383
383 384
384 385
385 386
386 387
387 388
388 389
389 390
390 391
391 392
392 393
394 395
395 396
397 398
398 399
399 400
400 401
401 402
402 403
403 404
404 405
405 406
406 407
407 408
408 409
409 410
410 411
411 412
412 413
413 414
414 415
415 416
416 417
417 418
418 419
420 421
421 422
422 423
423 424
424 425
425 426
426 427
427 428
428 429
429 430
430 431
431 432
432 433
433 434
434 435
435 436
436 437
437 438
438 439
439 440
440 441
441 442
442 443
443 444
444 445
445 446
446 447
447 448
448 449
449 450
450 451
451 452
452 453
453 454
454 455
456 457
457 458
458 459
459 460
460 461
461 462
462 463
463 464
464 465
465 466
466 467
467 468
468 469
469 470
470 471
471 472
472 473
473 474
474 475
475 476
476 477
477 478
478 479
480 481
481 482
482 483
483 484
484 485
485 486
486 487
487 488
488 489
489 490
490 491
491 492
492 493
493 494
494 495
495 496
496 497
497 498
498 499
499 500
500 501
501 502
502 503
503 504
504 505
506 507
507 508
508 509
509 510
510 511
511 512
512 513
513 514
514 515
516 517
517 518
518 519
519 520
520 521
521 522
522 523
523 524
525 526
526 527
527 528
528 529
529 530
531 532
532 533
533 534
534 535
535 536
536 537
537 538
538 539
539 540
540 541
541 542
542 543
544 545
545 546
546 547
547 548
548 549
549 550
550 551
551 552
552 553
553 554
554 555
556 557
557 558
558 559
559 560
560 561
561 562
562 563
563 564
564 565
565 566
566 567
567 568
568 569
569 570
570 571
571 572
572 573
573 574
574 575
575 576
576 577
577 578
578 579
579 580
580 581
581 582
582 583
583 584
584 585
585 586
586 587
587 588
588 589
589 590
590 591
591 592
592 593
593 594
594 595
595 596
596 597
597 598
598 599
599 600
600 601
601 602
602 603
603 604
604 605
605 606
607 608
608 609
609 610
610 611
611 612
612 613
613 614
614 615
615 616
616 617
617 618
618 619
619 620
620 621
621 622
622 623
623 624
624 625
625 626
626 627
627 628
628 629
629 630
630 631
631 632
633 634
635 636
636 637
637 638
638 639
639 640
640 641
641 642
642 643
643 644
644 645
645 646
646 647
647 648
648 649
649 650
650 651
651 652
652 653
653 654
654 655
655 656
656 657
657 658
658 659
659 660
660 661
661 662
662 663
663 664
664 665
665 666
666 667
667 668
668 669
669 670
670 671
671 672
672 673
673 674
674 675
675 676
676 677
677 678
678 679
680 681
681 682
682 683
683 684
684 685
685 686
686 687
687 688
688 689
689 690
690 691
691 692
692 693
693 694
694 695
695 696
696 697
697 698
698 699
699 700
700 701
701 702
702 703
703 704
705 706
706 707
707 708
708 709
709 710
710 711
711 712
712 713
713 714
714 715
715 716
716 717
717 718
718 719
719 720
720 721
721 722
722 723
723 724
724 725
725 726
726 727
727 728
728 729
729 730
730 731
731 732
732 733
733 734
734 735
735 736
737 738
738 739
739 740
740 741
741 742
742 743
743 744
744 745
745 746
746 747
747 748
748 749
749 750
750 751
751 752
752 753
753 754
754 755
755 756
756 757
757 758
758 759
759 760
760 761
761 762
762 763
763 764
765 766
766 767
767 768
768 769
769 770
770 771
771 772
773 774
774 775
775 776
776 777
777 778
778 779
779 780
780 781
781 782
782 783
783 784
784 785
785 786
786 787
787 788
788 789
789 790
790 791
791 792
792 793
793 794
794 795
795 796
796 797
797 798
798 799
799 800
800 801
801 802
802 803
803 804
804 805
805 806
806 807
807 808
808 809
809 810
810 811
811 812
812 813
813 814
814 815
815 816
816 817
817 818
818 819
819 820
820 821
821 822
822 823
823 824
824 825
825 826
826 827
827 828
828 829
829 830
831 832
832 833
833 834
834 835
835 836
836 837
837 838
838 839
839 840
840 841
841 842
842 843
843 844
844 845
845 846
846 847
847 848
848 849
849 850
850 851
851 852
852 853
853 854
854 855
855 856
856 857
857 858
858 859
859 860
860 861
861 862
862 863
863 864
864 865
865 866
866 867
867 868
868 869
869 870
870 871
871 872
872 873
873 874
874 875
876 877
877 878
878 879
879 880
880 881
881 882
882 883
883 884
884 885
885 886
886 887
887 888
888 889
889 890
891 892
892 893
893 894
894 895
895 896
896 897
897 898
898 899
899 900
900 901
901 902
902 903
903 904
904 905
905 906
906 907
907 908
908 909
909 910
910 911
911 912
912 913
913 914
914 915
915 916
916 917
917 918
918 919
919 920
920 921
922 923
923 924
924 925
925 926
926 927
927 928
928 929
929 930
930 931
931 932
932 933
933 934
934 935
935 936
936 937
937 938
938 939
939 940
940 941
942 943
943 944
944 945
945 946
946 947
947 948
948 949
949 950
950 951
951 952
952 953
953 954
954 955
955 956
956 957
957 958
958 959
959 960
960 961
961 962
962 963
963 964
964 965
965 966
966 967
967 968
968 969
969 970
970 971
971 972
972 973
973 974
974 975
975 976
976 977
977 978
978 979
980 981
981 982
982 983
983 984
984 985
985 986
986 987
987 988
988 989
989 990
990 991
991 992
992 993
993 994
994 995
995 996
996 997
997 998
998 999
999 1000
1000 1001
1001 1002
1003 1004
1004 1005
1005 1006
1006 1007
1007 1008
1008 1009
1009 1010
1010 1011
1011 1012
1012 1013
1013 1014
1014 1015
1015 1016
1016 1017
1017 1018
1018 1019
1019 1020
1020 1021
1021 1022
1022 1023
1023 1024
1024 1025
1025 1026
1026 1027
1027 1028
1028 1029
1029 1030
1030 1031
1031 1032
1032 1033
1033 1034
1034 1035
1035 1036
1036 1037
1037 1038
1038 1039
1039 1040
1040 1041
1041 1042
1042 1043
1043 1044
1044 1045
1045 1046
1046 1047
1047 1048
1048 1049
1049 1050
1050 1051
1051 1052
1052 1053
1053 1054
1054 1055
1055 1056
1056 1057
1057 1058
1058 1059
1059 1060
1060 1061
1061 1062
1062 1063
1063 1064
1064 1065
1065 1066
1066 1067
1067 1068
1068 1069
1069 1070
1070 1071
1071 1072
1072 1073
1073 1074
1074 1075
1075 1076
1076 1077
1077 1078
1078 1079
1079 1080
1080 1081
1081 1082
1082 1083
1083 1084
1084 1085
1085 1086
1086 1087
1087 1088
1088 1089
1089 1090
1090 1091
1091 1092
1093 1094
1094 1095
1095 1096
1096 1097
1097 1098
1098 1099
1099 1100
1100 1101
1101 1102
1102 1103
1103 1104
1104 1105
1105 1106
1106 1107
1107 1108
1108 1109
1109 1110
1110 1111
1111 1112
1112 1113
1113 1114
1114 1115
1115 1116
1116 1117
1117 1118
1118 1119
1120 1121
1121 1122
1122 1123
1123 1124
1124 1125
1125 1126
1126 1127
1127 1128
1128 1129
1129 1130
1130 1131
1131 1132
1132 1133
1133 1134
1134 1135
1135 1136
1136 1137
1137 1138
1138 1139
1139 1140
1140 1141
1141 1142
1142 1143
1143 1144
1144 1145
1145 1146
1147 1148
1148 1149
1149 1150
1150 1151
1151 1152
1152 1153
1153 1154
1154 1155
1155 1156
1156 1157
1157 1158
1158 1159
1159 1160
1160 1161
1161 1162
1162 1163
1163 1164
1164 1165
1165 1166
1166 1167
1167 1168
1168 1169
1169 1170
1170 1171
1171 1172
1172 1173
1173 1174
1174 1175
1175 1176
1176 1177
1177 1178
1178 1179
1179 1180
1180 1181
1181 1182
1182 1183
1183 1184
1184 1185
1185 1186
1186 1187
1187 1188
1188 1189
1189 1190
1190 1191
1191 1192
1192 1193
1193 1194
1194 1195
1195 1196
1196 1197
1197 1198
1198 1199
1199 1200
1200 1201
1201 1202
1202 1203
1203 1204
1204 1205
1205 1206
1206 1207
1207 1208
1208 1209
1209 1210
1210 1211
1211 1212
1212 1213
1213 1214
1214 1215
1216 1217
1217 1218
1218 1219
1219 1220
1220 1221
1221 1222
1222 1223
1223 1224
1224 1225
1225 1226
1226 1227
1227 1228
1228 1229
1229 1230
1230 1231
1231 1232
1232 1233
1233 1234
1234 1235
1235 1236
1236 1237
1237 1238
1238 1239
1239 1240
1240 1241
1241 1242
1242 1243
1243 1244
1244 1245
1245 1246
1246 1247
1247 1248
1248 1249
1249 1250
1250 1251
1251 1252
1252 1253
1253 1254
1254 1255
1255 1256
1256 1257
1257 1258
1258 1259
1259 1260
1260 1261
1261 1262
1262 1263
1263 1264
1264 1265
1265 1266
1266 1267
1267 1268
1269 1270
1270 1271
1271 1272
1272 1273
1273 1274
1274 1275
1275 1276
1276 1277
1277 1278
1278 1279
1279 1280
1280 1281
1281 1282
1282 1283
1283 1284
1284 1285
1285 1286
1286 1287
1287 1288
1288 1289
1289 1290
1290 1291
1291 1292
1292 1293
1293 1294
1295 1296
1296 1297
1297 1298
1298 1299
1299 1300
1301 1302
1302 1303
1303 1304
1304 1305
1306 1307
1307 1308
1308 1309
1309 1310
1310 1311
1311 1312
1312 1313
1313 1314
1314 1315
1316 1317
1317 1318
1318 1319
1319 1320
1320 1321
1321 1322
1322 1323
1323 1324
1324 1325
1325 1326
1326 1327
1327 1328
1328 1329
1329 1330
1330 1331
1331 1332
1332 1333
1333 1334
1334 1335
1335 1336
1336 1337
1337 1338
1338 1339
1339 1340
1340 1341
1341 1342
1342 1343
1343 1344
1344 1345
1345 1346
1346 1347
1347 1348
1348 1349
1349 1350
1350 1351
1351 1352
1352 1353
1353 1354
1355 1356
1356 1357
1357 1358
1358 1359
1359 1360
1360 1361
1361 1362
1362 1363
1363 1364
1364 1365
1365 1366
1366 1367
1367 1368
1368 1369
1369 1370
1370 1371
1372 1373
1373 1374
1374 1375
1375 1376
1376 1377
1377 1378
1378 1379
1379 1380
1380 1381
1381 1382
1382 1383
1383 1384
1384 1385
1385 1386
1386 1387
1388 1389
1389 1390
1390 1391
1391 1392
1392 1393
1393 1394
1394 1395
1395 1396
1396 1397
1397 1398
1398 1399
1399 1400
1400 1401
1401 1402
1402 1403
1403 1404
1404 1405
1405 1406
1406 1407
1407 1408
1408 1409
1409 1410
1410 1411
1411 1412
1412 1413
1413 1414
1414 1415
1415 1416
1416 1417
1417 1418
1418 1419
1419 1420
1421 1422
1422 1423
1423 1424
1424 1425
1425 1426
1426 1427
1427 1428
1428 1429
1429 1430
1430 1431
1431 1432
1432 1433
1433 1434
1434 1435
1435 1436
1436 1437
1437 1438
1438 1439
1439 1440
1440 1441
1441 1442
1442 1443
1443 1444
1444 1445
1445 1446
1446 1447
1448 1449
1449 1450
1450 1451
1451 1452
1452 1453
1453 1454
1454 1455
1455 1456
1456 1457
1457 1458
1458 1459
1459 1460
1460 1461
1461 1462
1462 1463
1463 1464
1464 1465
1465 1466
1466 1467
1467 1468
1468 1469
1469 1470
1470 1471
1471 1472
1472 1473
1473 1474
1475 1476
1476 1477
1477 1478
1478 1479
1479 1480
1480 1481
1481 1482
1482 1483
1483 1484
1484 1485
1485 1486
1486 1487
1487 1488
1488 1489
1489 1490
1490 1491
1491 1492
1492 1493
1493 1494
1494 1495
1495 1496
1496 1497
1497 1498
1498 1499
1499 1500
1500 1501
1501 1502
1502 1503
1503 1504
1504 1505
1505 1506
1506 1507
1507 1508
1508 1509
1509 1510
1510 1511
1511 1512
1512 1513
1513 1514
1514 1515
1515 1516
1516 1517
1517 1518
1518 1519
1519 1520
1520 1521
1521 1522
1522 1523
1523 1524
1524 1525
1525 1526
1526 1527
1527 1528
1528 1529
1529 1530
1530 1531
1531 1532
1532 1533
1533 1534
1534 1535
1535 1536
1536 1537
1537 1538
1538 1539
1539 1540
1540 1541
1541 1542
1542 1543
1543 1544
1544 1545
1545 1546
1546 1547
1547 1548
1548 1549
1549 1550
1550 1551
1551 1552
1552 1553
1553 1554
1554 1555
1555 1556
1556 1557
1557 1558
1558 1559
1559 1560
1560 1561
1562 1563
1563 1564
1564 1565
1565 1566
1566 1567
1567 1568
1568 1569
1569 1570
1570 1571
1571 1572
1572 1573
1573 1574
1574 1575
1575 1576
1576 1577
1577 1578
1578 1579
1579 1580
1580 1581
1581 1582
1582 1583
1583 1584
1584 1585
1585 1586
1586 1587
1587 1588
1588 1589
1589 1590
1590 1591
1591 1592
1592 1593
1593 1594
1594 1595
1595 1596
1596 1597
1597 1598
1598 1599
1599 1600
1600 1601
1601 1602
1602 1603
1603 1604
1604 1605
1605 1606
1606 1607
1607 1608
1608 1609
1610 1611
1611 1612
1612 1613
1613 1614
1614 1615
1615 1616
1616 1617
1617 1618
1618 1619
1619 1620
1620 1621
1621 1622
1622 1623
1623 1624
1624 1625
1625 1626
1626 1627
1627 1628
1628 1629
1629 1630
1630 1631
1631 1632
1632 1633
1633 1634
1635 1636
1636 1637
1637 1638
1638 1639
1639 1640
1640 1641
1641 1642
1642 1643
1643 1644
1644 1645
1645 1646
1647 1648
1648 1649
1649 1650
1650 1651
1651 1652
1652 1653
1653 1654
1654 1655
1655 1656
1656 1657
1657 1658
1658 1659
1659 1660
1660 1661
1661 1662
1662 1663
1663 1664
1664 1665
1665 1666
1666 1667
1667 1668
1668 1669
1669 1670
1670 1671
1671 1672
1672 1673
1673 1674
1674 1675
1675 1676
1676 1677
1677 1678
1678 1679
1679 1680
1680 1681
1681 1682
1683 1684
1684 1685
1685 1686
1686 1687
1687 1688
1688 1689
1689 1690
1690 1691
1691 1692
1692 1693
1693 1694
1694 1695
1695 1696
1696 1697
1697 1698
1698 1699
1699 1700
1700 1701
1701 1702
1702 1703
1703 1704
1704 1705
1705 1706
1706 1707
1707 1708
1708 1709
1709 1710
1710 1711
1711 1712
1712 1713
1713 1714
1714 1715
1715 1716
1716 1717
1717 1718
1718 1719
1719 1720
1720 1721
1721 1722
1722 1723
1723 1724
1724 1725
1725 1726
1726 1727
1727 1728
1728 1729
1729 1730
1730 1731
1731 1732
1732 1733
1733 1734
1734 1735
1735 1736
1736 1737
1737 1738
1738 1739
1739 1740
1740 1741
1742 1743
1743 1744
1744 1745
1745 1746
1746 1747
1747 1748
1748 1749
1749 1750
1750 1751
1751 1752
1752 1753
1753 1754
1754 1755
1755 1756
1756 1757
1757 1758
1758 1759
1759 1760
1760 1761
1761 1762
1763 1764
1764 1765
1765 1766
1766 1767
1767 1768
1768 1769
1769 1770
1770 1771
1771 1772
1772 1773
1773 1774
1775 1776
1776 1777
1777 1778
1778 1779
1779 1780
1780 1781
1781 1782
1782 1783
1783 1784
1784 1785
1785 1786
1786 1787
1787 1788
1788 1789
1789 1790
1790 1791
1792 1793
1793 1794
1794 1795
1796 1797
1797 1798
1798 1799
1799 1800
1800 1801
1801 1802
1802 1803
1803 1804
1804 1805
1805 1806
1806 1807
1807 1808
1808 1809
1809 1810
1810 1811
1811 1812
1812 1813
1813 1814
1814 1815
1815 1816
1816 1817
1817 1818
1818 1819
1819 1820
1820 1821
1821 1822
1822 1823
1823 1824
1824 1825
1825 1826
1826 1827
1827 1828
1828 1829
1829 1830
1830 1831
1831 1832
1832 1833
1833 1834
1834 1835
1835 1836
1836 1837
1837 1838
1838 1839
1839 1840
1840 1841
1841 1842
1842 1843
1843 1844
1844 1845
1845 1846
1846 1847
1847 1848
1848 1849
1849 1850
1850 1851
1851 1852
1852 1853
1853 1854
1854 1855
1855 1856
1856 1857
1857 1858
1858 1859
1859 1860
1860 1861
1861 1862
1862 1863
1863 1864
1864 1865
1865 1866
1866 1867
1867 1868
1868 1869
1869 1870
1870 1871
1871 1872
1872 1873
1873 1874
1874 1875
1875 1876
1877 1878
1878 1879
1879 1880
1880 1881
1881 1882
1882 1883
1883 1884
1884 1885
1885 1886
1886 1887
1887 1888
1888 1889
1889 1890
1890 1891
1891 1892
1892 1893
1893 1894
1894 1895
1895 1896
1896 1897
1897 1898
1898 1899
1899 1900
1901 1902
1902 1903
1903 1904
1904 1905
1905 1906
1906 1907
1907 1908
1908 1909
1909 1910
1910 1911
1911 1912
1912 1913
1913 1914
1914 1915
1915 1916
1916 1917
1917 1918
1918 1919
1919 1920
1920 1921
1921 1922
1922 1923
1923 1924
1924 1925
1925 1926
1926 1927
1927 1928
1928 1929
1929 1930
1930 1931
1931 1932
1932 1933
1933 1934
1934 1935
1935 1936
1936 1937
1937 1938
1938 1939
1939 1940
1940 1941
1941 1942
1942 1943
1943 1944
1944 1945
1945 1946
1946 1947
1947 1948
1948 1949
1949 1950
1950 1951
1951 1952
1952 1953
1953 1954
1954 1955
1955 1956
1956 1957
1957 1958
1958 1959
1959 1960
1960 1961
1961 1962
1962 1963

