88 0 70
-12.5961 -29.6785 5.05293 
-8.0757 -30.4155 1.16112
-5.86196 -25.3805 6.3582 
-5.44544 -24.2465 4.9291
-11.5389 -24.2846 13.616 
-12.5961 -29.6785 5.05293
-7.65335 -16.905 11.0229 
-4.62291 -17.8246 12.31
-3.8154 -15.5798 13.5795 
-6.63189 -15.6067 12.2974
-9.06654 -16.2417 -0.334276 
-10.6476 -11.1567 -8.60668
-10.0544 -13.2742 15.4966 
-23.979 -9.77328 6.82608
-9.62292 -11.5473 -2.5698 
-9.62292 -11.5473 -2.5698
-24.2407 -6.70385 -4.91391 
-21.9031 -5.69404 -3.51134
-12.4124 -5.42039 -16.9851 
-11.1598 -8.55414 -13.1249
-1.09027 -6.08957 10.2423 
-3.24936 -14.3312 14.8689
-22.8387 -5.31638 -10.8924 
-22.0575 -4.02645 -12.5064 
-22.8387 -5.31638 -10.8924
-6.40648 -2.11577 -12.2943 
-7.25982 2.69714 -18.4157
-2.81219 -0.546179 -10.1379 
-3.9494 -10.7385 -3.18821
-22.4898 4.69175 -0.0418533 
-21.9379 0.446148 8.45859
-21.7926 10.2946 2.59019 
-22.4898 4.69175 -0.0418533
-8.09393 17.3396 -6.32854 
-8.09392 17.3396 -6.32851
0.322647 18.6873 -2.56745 
0.333155 25.639 -0.10715
-4.5198 18.0331 11.6675 
-3.7603 4.63741 16.6375
-16.9099 20.9167 0.282482 
-18.1464 16.7431 -6.31145
-6.14664 26.1984 5.55962 
-4.5198 18.0331 11.6675
-0.595054 29.7349 -1.01616 
-8.00739 -12.2054 13.2304 
-10.0544 -13.2742 15.4966
-22.6475 -6.81914 0.903688 
-23.4663 -4.07882 1.6623
-17.7449 3.36577 -1.99946 
-17.5376 6.8411 -5.19199
-10.4467 -24.9361 7.35867 
-5.86196 -25.3805 6.3582
-24.3886 -17.2215 3.52623 
-23.979 -9.77328 6.82608 
-24.3886 -17.2215 3.52623
-11.1929 -8.60347 -13.0823 
-16.2083 9.53125 10.8928 
-7.1957 -25.7258 3.59585 
-9.74998 -19.0497 -1.28547
-9.74998 -19.0497 -1.28547 
-17.9953 -7.36506 13.9159 
-3.13696 -20.231 13.6294 
-0.81221 29.7827 -5.37038 
-16.9099 20.9167 0.282482
-23.4663 -4.07882 1.6623 
-17.9953 -7.36506 13.9159
-21.9046 10.2281 -2.30313 
-3.84104 -16.7209 12.3636 
-6.2439 -8.22258 19.4208 
-3.7603 4.63741 16.6375 
-6.2439 -8.22258 19.4208
-12.2339 8.24027 -18.4642 
-18.1464 16.7431 -6.31145 
-0.81221 29.7827 -5.37038
-21.9379 0.446148 8.45859 
-3.13696 -20.231 13.6294
-5.44544 -24.2465 4.9291 
-1.09027 -6.08957 10.2423
-3.84104 -16.7209 12.3636
-7.1957 -25.7258 3.59585
-10.6476 -11.1567 -8.60668 
-22.0575 -4.02645 -12.5064
-12.2339 8.24027 -18.4642
-16.2083 9.53125 10.8928
-21.9046 10.2281 -2.30313
-6.14664 26.1984 5.55962
-0.595054 29.7349 -1.01616
-4.62291 -17.8246 12.31 
0 1
2 3
4 5
6 7
8 9
10 11
12 13
14 15
16 17
18 19
20 21
22 1
23 24
25 26
27 28
29 30
31 32
33 34
35 36
37 38
39 40
41 42
43 36
44 45
46 47
48 49
50 51
52 5
53 54
55 19
56 38
57 58
59 11
60 45
61 7
62 63
64 65
66 32
67 3
68 21
69 70
71 26
72 73
74 65
2 75
76 77
4 54
4 75
8 21
8 78
10 58
10 79
80 19
16 24
16 13
18 26
18 81
20 36
23 82
31 83
31 84
37 83
39 85
41 86
43 73
57 1
87 78
64 82
66 40
68 30
