90 0 73
11.207 -30.0258 5.04665 
23.1183 -19.5297 1.64089
11.6406 -26.41 10.7482 
23.4421 -19.0069 2.85735
8.83567 -25.8404 5.72573 
5.20261 -25.1788 4.12917
4.63143 -25.2129 4.21313 
1.4827 -23.5151 9.69258
7.02183 -19.0625 9.68951 
8.76375 -17.8007 -2.23615 
10.39 -12.7562 -8.15125
22.4835 -17.8589 -0.700008 
2.03124 -15.9511 13.7762 
5.6999 -10.8137 19.0711
8.64116 -16.7034 -1.64997 
7.16797 -25.1716 2.42382
21.7499 -8.42108 -0.187517 
23.5101 -5.67918 0.37246
0.347887 -7.13989 9.71864 
2.03124 -15.9511 13.7762
11.8072 -6.3654 -16.6177 
15.5205 -6.78365 -16.7084
5.13466 -4.06625 -9.91795 
6.17615 2.46354 -16.7682
20.1844 -0.338878 -15.3699 
25.2465 -9.95638 -3.47131
3.56136 -0.282902 -9.95461 
5.13466 -4.06625 -9.91795
3.09759 0.981148 17.3869 
18.2572 3.86069 -2.38385 
17.7465 6.92714 -4.66716
2.52912 7.65231 -8.74838 
2.97238 11.8485 -8.36196
12.0831 8.04477 -17.782 
8.68825 5.5389 -18.128
9.50913 16.6483 -5.47812 
9.50913 16.6483 -5.47812
1.37391 24.8028 -4.44069 
2.66903 28.242 -5.94698
3.06562 -11.1642 -2.96281 
20.1849 0.896846 10.1562 
20.2031 0.880121 10.1374
7.16797 -25.1716 2.42382 
6.24765 -30.6709 -0.0546212
21.0232 -16.6419 -6.90077 
22.8278 -12.0171 7.11132 
8.20045 0.231992 -18.7173 
11.8072 -6.3654 -16.6177
25.2465 -9.95638 -3.47131 
21.0232 -16.6419 -6.90077
23.5101 -5.67918 0.37246 
16.2012 -10.3146 14.5027
20.2031 0.880121 10.1374 
16.2012 -10.3146 14.5027 
22.8278 -12.0171 7.11132
10.9016 22.5238 7.97263 
17.897 19.4026 1.38111
2.97238 11.8485 -8.36196 
19.3874 15.6911 -4.32989
17.897 19.4026 1.38111 
17.9217 10.8109 -12.1603 
18.012 10.7629 -12.0828
21.9048 -1.61967 7.61435 
5.56538 27.7814 4.33176 
3.38333 28.9624 2.05799
18.012 10.7629 -12.0828 
8.68825 5.5389 -18.128 
8.20045 0.231992 -18.7173
19.3874 15.6911 -4.32989 
22.7198 8.15092 0.604633
15.6933 7.13153 12.676 
3.09759 0.981148 17.3869
5.13477 15.0139 14.1854 
3.50272 29.5742 -5.35155 
4.33022 19.8733 11.4063 
5.13477 15.0139 14.1854
22.7198 8.15092 0.604633 
21.9048 -1.61967 7.61435
3.38333 28.9624 2.05799 
0.347887 -7.13989 9.71864
11.6406 -26.41 10.7482
5.20261 -25.1788 4.12917 
23.4421 -19.0069 2.85735 
8.64116 -16.7034 -1.64997
12.0831 8.04477 -17.782
2.66903 28.242 -5.94698 
3.50272 29.5742 -5.35155
6.17615 2.46354 -16.7682 
5.56538 27.7814 4.33176
4.33022 19.8733 11.4063
0 1
2 3
4 5
6 7
8 7
9 10
11 1
12 13
14 15
16 17
18 19
20 21
22 23
24 25
26 27
28 13
29 30
31 32
33 34
35 36
37 38
39 27
40 41
42 43
44 43
45 25
46 47
48 49
50 51
52 13
53 54
55 56
57 58
59 58
60 61
62 51
63 64
65 17
66 67
68 69
70 71
72 71
73 64
74 75
76 77
78 79
0 80
0 43
2 7
6 5
6 19
81 79
82 54
82 1
9 83
9 15
14 10
20 10
24 84
24 21
33 61
85 32
85 86
44 21
87 34
87 67
52 77
55 88
55 89
59 86
63 89
70 69
70 75
