3861 1 3
0.207215
0.110097
0.000000
0.402582
0.420839
0.343386
-0.119555
0.000000
0.000000
0.000000
0.369580
-0.096547
0.098325
-0.268126
0.738298
0.329566
0.618470
0.412515
0.000000
0.443077
0.000000
0.508913
-0.298845
-0.364201
0.319736
0.000000
0.000000
0.600266
0.331242
-0.161008
0.000000
0.404688
0.327086
0.245494
0.315018
0.250640
0.000000
0.328950
0.443039
-0.122828
-0.127038
-0.340426
0.397180
0.302453
0.000000
0.162337
0.306755
0.000000
0.000000
0.428908
0.232804
-0.530517
0.362777
0.306739
-0.091754
0.261836
0.166469
0.091659
0.169842
0.301109
-0.396971
-0.383517
-0.181241
-0.138172
0.157132
0.000000
0.310004
0.258131
0.272213
-0.227469
0.000000
-0.115429
0.000000
0.000000
0.223726
0.172854
0.000000
0.390337
-0.494128
0.000000
0.000000
-0.224428
0.400066
-0.503619
-0.453989
0.120216
0.000000
-0.367220
0.112592
-0.290004
-0.470334
-0.119587
0.000000
-0.244877
-0.386760
-0.099344
-0.178231
-0.409757
-0.351016
0.216764
-0.207168
-0.319039
-0.429578
0.148098
0.158875
-0.503520
-0.401763
0.000000
0.000000
-0.342772
-0.115066
0.000000
-0.386671
0.266691
-0.430512
0.240603
-0.411467
-0.348925
-0.361689
0.347510
-0.184686
-0.443308
0.000000
0.000000
-0.351746
-0.161856
0.000000
0.000000
-0.100000
0.000000
0.000000
0.000000
0.000000
-0.132729
-0.179319
-0.631131
0.181882
0.000000
0.189906
0.248143
0.171904
0.000000
-0.161834
0.279604
-0.361528
0.000000
-0.425986
-0.769614
0.000000
-0.486845
0.400787
-0.218057
-0.671377
-0.623125
-0.518720
0.000000
-0.159056
0.293298
-0.614203
-0.316701
0.120536
-0.437451
-0.096009
-0.584783
0.000000
0.242651
-0.141352
0.000000
0.145547
0.495280
0.365509
-0.230944
-0.425335
0.529801
0.000000
-0.219963
-0.340003
0.529526
0.407398
-0.332982
0.000000
0.000000
-0.392421
0.000000
0.000000
0.294885
0.241628
-0.426997
-0.110667
-0.242458
0.516820
0.000000
0.000000
-0.274153
-0.558600
-0.215213
0.161914
-0.480398
0.417643
0.000000
-0.395755
0.000000
-0.350186
0.310773
0.376299
0.104700
0.000000
-0.249597
0.314256
0.000000
0.402289
-0.566309
-0.208762
-0.304019
0.343518
0.174669
0.267407
-0.496950
-0.126446
-0.343682
0.000000
0.000000
0.466275
0.094995
-0.129920
0.161648
0.000000
-0.422596
0.103283
0.289359
-0.333300
-0.448060
-0.360124
-0.391678
-0.347212
0.235728
0.256311
0.206310
0.000000
0.210713
0.206941
-0.574008
-0.208993
-0.139678
0.000000
0.399360
0.208340
0.000000
-0.321933
-0.546884
0.000000
-0.468962
-0.488819
-0.343617
0.209362
0.177919
-0.450690
0.329743
0.000000
-0.108820
-0.444242
-0.428006
0.000000
-0.274177
0.280716
0.683158
-0.442579
0.224603
0.379029
0.000000
-0.427601
0.185813
0.000000
0.384329
0.000000
-0.558389
-0.247643
0.402950
0.192881
-0.176007
-0.336826
-0.401226
0.000000
0.348123
-0.147673
0.000000
-0.322958
0.314862
0.000000
-0.534604
-0.386501
0.154280
0.429701
-0.231690
-0.363331
-0.243030
0.000000
0.469097
-0.355969
0.265913
0.116607
0.000000
0.000000
-0.465630
0.000000
-0.276375
-0.259374
-0.321479
-0.247471
-0.413490
0.100738
0.519559
0.832730
0.000000
0.419602
-0.255028
0.106147
-0.101410
-0.096402
0.215704
0.000000
0.000000
0.000000
0.000000
0.387020
-0.251311
-0.421312
0.389224
-0.333335
0.000000
-0.208665
-0.267477
0.000000
-0.296551
0.250355
-0.547602
0.187880
-0.296530
-0.204656
0.000000
0.292179
0.000000
-0.098927
0.322316
-0.337119
0.322423
0.276134
-0.444572
0.263062
0.000000
-0.256376
0.302730
0.275246
0.000000
0.105245
0.097555
0.317998
0.239822
0.515167
-0.219717
0.255432
0.000000
0.000000
0.241933
0.100650
-0.163920
-0.329072
-0.182345
0.000000
0.000000
-0.117268
0.660318
0.208518
0.426764
0.398135
0.166470
0.314440
0.549991
0.283030
0.258046
0.000000
0.438449
0.482249
0.345733
0.000000
0.357251
0.355522
0.279810
0.167632
0.000000
0.466562
0.268721
0.289232
0.000000
0.307669
0.631885
0.598543
0.560241
0.306324
0.140995
0.346883
0.000000
0.459981
0.149986
0.583561
0.000000
0.000000
0.347430
0.519261
0.384817
0.432944
0.194928
0.167718
0.000000
0.495845
0.409827
0.171331
-0.138021
0.190753
0.272726
0.563509
0.000000
-0.251687
0.559078
0.000000
0.475945
0.330393
0.631656
0.706952
0.251740
0.274063
0.203670
0.264755
0.123058
0.563924
0.648733
0.585908
0.493715
0.356148
0.000000
0.260750
0.099340
0.000000
0.000000
0.419593
0.352613
0.340860
0.627985
0.491402
0.611819
0.418916
0.439377
0.190956
0.128027
0.000000
0.334776
0.000000
0.359511
0.463383
0.267071
0.666712
0.509663
0.426059
0.000000
0.283396
0.095575
0.395357
0.487779
0.507264
0.518565
0.512750
0.372255
0.161999
0.247586
-0.216539
0.293386
0.437429
0.344129
0.000000
0.218553
0.472676
0.538449
0.517285
0.187240
-0.372816
0.449786
0.000000
0.000000
0.387474
0.354938
0.455849
0.222524
-0.351845
0.339870
0.484385
0.407807
0.380163
0.290965
0.421794
0.201314
0.304237
0.391665
0.611775
0.366408
0.206555
0.000000
0.367390
0.364387
0.133250
-0.179673
0.374006
0.639614
0.403309
0.422091
0.613064
0.000000
0.467558
-0.112371
0.406788
0.274505
0.000000
0.580421
0.204391
0.640246
0.453409
0.425835
0.104668
0.347574
0.277649
0.323454
-0.099845
-0.146009
0.529761
0.322907
0.508339
0.506236
0.429345
0.310283
0.000000
0.000000
-0.145962
0.000000
0.618422
0.433353
0.307078
0.351796
-0.136502
0.329524
0.612356
0.548585
0.391242
0.220742
0.400384
-0.137214
0.454658
0.000000
-0.096060
0.000000
-0.321291
0.314677
0.433909
0.441757
0.258056
0.451467
0.303512
0.364577
-0.232117
-0.101664
0.340664
0.199216
0.368957
0.000000
0.375762
-0.499455
0.000000
0.141690
-0.121077
0.000000
-0.248315
0.467274
0.472684
0.308363
0.206639
0.192063
0.262777
-0.308036
0.377951
0.183243
-0.231971
0.218463
0.134039
0.347756
0.382497
0.440815
0.000000
0.397777
0.468014
-0.361648
-0.379923
0.000000
0.436098
0.000000
0.329599
0.305046
0.403765
0.373159
0.585686
0.000000
-0.092832
0.401238
0.000000
0.208002
0.462352
0.548746
0.373765
0.196211
0.351632
-0.194331
0.389353
-0.126914
0.000000
0.109776
0.452664
0.216500
-0.118993
0.480314
0.239117
-0.257272
0.193740
0.126562
0.404090
-0.318280
0.181972
0.351453
0.000000
0.334089
-0.266655
0.268487
0.417781
0.418701
0.346669
0.362646
0.354694
0.486224
0.000000
0.116267
0.000000
0.356573
0.000000
0.000000
0.400534
0.000000
-0.334287
0.286889
0.263005
-0.402063
-0.324240
0.000000
0.473155
0.000000
0.000000
0.473288
0.000000
0.311158
0.358317
-0.244604
0.450162
0.606088
0.000000
0.562279
0.359173
0.399844
0.000000
0.225153
0.332049
0.366629
-0.119033
0.360722
0.000000
-0.186592
-0.496869
0.169775
0.333677
0.000000
0.096583
0.374680
0.341830
0.359741
-0.285553
-0.221554
0.117459
-0.314007
0.000000
0.142159
0.180825
0.346507
0.457223
0.091311
0.402533
0.136902
-0.266963
0.118334
-0.152312
0.368421
0.322288
0.275716
0.397472
-0.125591
-0.127164
-0.128063
0.347631
0.435843
0.319975
0.490502
0.258434
0.385090
0.425787
0.000000
-0.093466
0.107436
0.227252
0.268481
0.000000
0.000000
-0.219881
0.327813
0.263975
-0.395546
0.448929
0.541914
0.000000
0.200423
0.132911
0.358245
0.388563
-0.303942
-0.433851
0.464898
0.128104
0.202443
0.395629
-0.137585
0.246093
0.000000
0.000000
0.000000
0.297634
0.357023
0.308391
0.154068
0.290944
0.143426
0.372820
0.341745
0.417401
-0.242802
-0.418689
-0.372363
-0.537574
0.000000
0.162185
0.095712
0.275187
0.000000
0.000000
0.443464
-0.637141
-0.176744
-0.264201
0.219818
0.331827
0.112451
0.000000
-0.111317
0.169826
0.100637
0.226757
0.291354
-0.144087
-0.253889
0.320998
0.437315
0.000000
0.376805
0.000000
-0.109793
0.000000
-0.166596
0.122494
0.246697
0.267104
-0.523596
-0.470208
0.373869
-0.151567
0.000000
0.227934
0.126725
0.093465
0.000000
0.343462
0.266779
0.317761
0.279994
0.194898
-0.159047
0.243167
-0.348195
0.201823
0.300592
-0.162321
0.098327
-0.326818
-0.287693
0.102356
0.146119
0.268578
-0.097411
0.447083
0.000000
0.262911
0.000000
0.164469
0.219279
0.358609
0.258931
-0.312697
0.097502
0.408374
0.000000
-0.455361
0.000000
0.000000
-0.093116
-0.259068
0.221480
0.344372
0.189837
0.383190
0.000000
0.000000
-0.140536
-0.414546
0.213747
0.200428
0.000000
0.000000
0.272363
0.000000
-0.259645
0.129376
0.194619
0.091509
0.000000
-0.535984
0.000000
0.168655
0.000000
0.407513
0.000000
-0.108516
0.500245
0.000000
-0.311078
0.114623
0.210172
0.000000
-0.162111
0.000000
0.158254
0.232808
0.000000
0.000000
-0.124617
0.434429
-0.207847
0.000000
0.000000
0.228553
0.241061
0.230321
0.108448
0.000000
0.000000
0.157434
-0.176184
-0.257939
0.366441
0.388124
0.300002
0.377063
0.303135
0.194726
-0.235020
-0.350206
0.165460
-0.334969
0.545765
-0.281276
0.000000
-0.246235
0.110988
0.196732
0.264063
0.220314
0.331176
-0.468264
-0.303071
-0.256257
0.420596
-0.092983
0.000000
0.415321
0.000000
0.411375
-0.221488
0.239323
0.269627
-0.490268
0.366006
0.000000
0.000000
0.190734
0.258937
0.097822
0.414580
0.000000
-0.112257
0.000000
0.103280
0.308013
-0.131818
0.000000
-0.330382
0.512115
-0.671131
0.164258
-0.308462
-0.250253
-0.376852
0.000000
-0.302751
0.346453
0.000000
0.124933
-0.441862
0.263653
0.334686
0.000000
0.000000
-0.445912
0.165533
-0.185503
0.000000
-0.552848
-0.555280
0.151151
0.000000
0.309730
-0.174249
-0.373969
0.414336
0.250767
0.000000
0.000000
-0.154868
-0.312593
0.472951
0.118557
0.422308
0.000000
-0.158734
0.000000
0.179472
-0.357461
0.000000
0.000000
0.227840
-0.242023
0.260631
0.303391
0.229088
0.000000
-0.166664
0.000000
0.000000
0.000000
0.185470
-0.282640
-0.112739
-0.167869
-0.220177
0.000000
0.341526
-0.100298
-0.164986
0.440495
0.431743
0.000000
-0.201077
0.101690
0.000000
0.225938
0.098883
-0.375584
-0.410538
0.281748
0.000000
0.134762
0.277536
-0.368373
0.091398
0.000000
-0.322716
-0.251330
-0.431344
0.000000
0.193644
0.355521
-0.360662
0.211923
0.000000
0.179553
-0.392881
0.223594
0.417701
0.000000
0.315449
-0.110722
0.000000
-0.544649
0.170301
-0.407201
0.000000
0.236913
-0.481238
0.375822
-0.135424
0.144950
-0.118572
0.110923
0.000000
-0.424005
0.000000
-0.173136
0.103862
-0.144550
-0.433916
-0.274148
-0.171169
0.433363
0.117008
0.000000
-0.223784
0.102697
0.300167
0.000000
-0.411546
0.422999
0.000000
0.000000
-0.144580
0.294590
0.000000
0.096785
0.278237
-0.192711
-0.194786
-0.254571
-0.127416
0.393084
0.274952
0.000000
0.127708
0.480363
0.000000
0.295664
0.184734
-0.199686
0.154290
0.336136
-0.242940
-0.329143
-0.476592
0.000000
-0.099349
-0.344079
-0.132620
0.392875
-0.246785
0.364618
-0.138205
0.215749
0.383938
0.181876
0.309700
-0.611653
0.000000
0.473074
-0.313745
0.000000
0.220127
0.000000
-0.585035
0.438660
0.000000
-0.163168
0.000000
0.000000
-0.205781
0.194899
0.171960
0.264594
0.000000
0.444985
-0.337394
0.280062
0.000000
0.000000
-0.101693
0.000000
-0.136830
-0.382315
0.181986
0.000000
-0.454246
-0.270043
-0.368834
-0.290799
0.000000
0.000000
0.000000
0.000000
0.371242
-0.166642
-0.486228
0.000000
0.367532
0.258732
0.000000
0.501853
0.000000
0.209451
-0.407614
0.195026
0.376310
0.318158
0.378357
-0.125258
-0.464095
0.284707
0.000000
-0.589074
-0.368549
0.000000
0.000000
-0.112594
-0.407226
0.330230
-0.253266
-0.475515
0.343406
0.529415
0.000000
0.000000
-0.287519
0.000000
0.000000
-0.341251
0.000000
0.477348
0.146974
-0.158786
0.313324
0.298645
0.000000
0.124282
0.401154
0.221671
0.000000
0.304445
0.107838
-0.228847
-0.590352
0.368937
-0.410688
0.403607
0.151008
0.316867
0.414721
-0.297709
0.218747
-0.157061
-0.266406
0.502070
0.305658
0.000000
-0.486868
0.483442
0.112742
0.698889
-0.201097
-0.113409
-0.242414
-0.094833
-0.393063
0.000000
-0.176419
0.429525
-0.164048
0.000000
0.274649
0.455576
-0.442263
-0.201642
0.444605
0.000000
0.240622
-0.103803
0.000000
-0.449013
-0.652071
-0.592284
0.466815
0.196279
-0.247058
0.000000
0.000000
0.392223
0.361845
0.000000
0.000000
0.344338
0.000000
0.000000
0.372641
0.000000
0.000000
0.000000
0.000000
-0.253337
0.280745
0.273675
0.324815
0.306584
0.000000
-0.587355
0.000000
0.423659
0.000000
-0.137882
0.000000
0.000000
0.000000
-0.692828
0.162318
0.405390
-0.362064
0.371192
0.168463
-0.263288
0.000000
0.000000
0.000000
0.674297
0.241874
0.000000
0.000000
-0.395062
0.491589
-0.293246
-0.280306
0.307671
-0.721221
-0.115357
0.000000
0.469806
-0.129126
0.000000
0.292551
0.000000
0.000000
0.202243
0.302008
0.000000
0.417368
-0.740553
0.000000
-0.260352
-0.343730
0.228310
0.165049
0.098999
0.139478
-0.180213
-0.278835
0.316787
0.402539
0.428340
0.436733
0.000000
0.235783
0.249151
0.000000
0.481095
0.000000
0.400865
0.475943
-0.193611
-0.193834
-0.317022
-0.399262
-0.505477
0.000000
0.436728
0.218674
-0.348118
0.000000
-0.109328
-0.553442
0.000000
-0.469729
0.000000
0.000000
0.213355
0.000000
0.000000
0.000000
-0.368865
0.000000
-0.201885
-0.436917
0.283312
0.130362
0.507935
0.000000
-0.443114
-0.549755
-0.458112
-0.412014
0.378511
0.183039
-0.348574
-0.184296
-0.385894
-0.326803
0.317165
0.415088
-0.373602
0.000000
0.348456
0.000000
0.304090
-0.262125
0.524340
0.099979
0.000000
0.000000
0.127131
-0.900858
0.000000
0.518715
-0.439872
-0.420812
0.281462
-0.396497
-0.423520
-0.289727
0.397204
0.552554
0.127552
0.000000
0.240958
0.383454
0.501560
-0.118338
0.000000
-0.215021
-0.609883
-0.257491
0.000000
0.105038
0.000000
0.312022
0.000000
-0.251019
0.123561
0.000000
-0.575251
0.189463
0.422480
0.199357
0.000000
-0.225093
-0.281703
-0.620273
0.387924
0.126810
0.260376
0.000000
-0.438572
-0.327550
0.226035
0.213440
0.162506
0.107139
0.099554
0.000000
-0.921107
-0.112956
-0.194931
-0.393909
0.000000
0.000000
-0.573487
-0.133534
0.242339
0.306693
0.776044
0.444546
0.099044
0.158344
-0.465187
0.108773
-0.442069
0.346766
-0.099599
0.310971
-0.098138
0.000000
-0.469037
-0.252527
-0.683797
0.591451
0.270988
0.242483
0.000000
0.300060
0.000000
-0.480962
0.411120
0.180652
-0.371461
0.354739
0.000000
-0.109654
-0.132340
0.000000
-0.190397
-0.474159
-0.128584
-0.351346
0.000000
0.000000
0.000000
0.500331
-0.150492
-0.219462
-0.131873
0.418688
-0.416775
0.216721
0.475791
0.163252
-0.559992
-0.378740
-0.498006
0.318105
-0.333359
-0.223660
0.000000
0.000000
0.299882
0.113266
0.129305
-0.318966
-0.428194
-0.271572
-0.105793
0.267556
-0.226453
0.000000
0.375214
0.000000
0.000000
0.188396
0.395966
0.180050
0.166891
-0.144891
-0.168623
0.000000
0.120740
-0.524127
0.459182
0.000000
0.373316
0.000000
0.154218
-0.161143
0.000000
-0.465707
-0.168738
0.000000
0.000000
0.000000
0.496810
-0.471893
-0.152335
-0.354635
0.137328
-0.478044
0.000000
0.000000
0.155625
0.176000
0.420837
0.000000
-0.116523
0.095170
-0.177355
-0.308821
0.114103
-0.155789
-0.325622
-0.158363
0.000000
0.314822
0.360112
0.502476
0.460028
-0.201459
-0.247001
0.275889
-0.477991
0.145628
0.000000
0.000000
0.000000
0.328739
-0.590546
0.497439
0.116301
0.000000
-0.302992
-0.719618
0.000000
0.383175
0.205625
0.248719
0.000000
-0.167593
0.000000
0.151826
0.313927
-0.479413
-0.344597
-0.481576
0.000000
0.000000
0.419670
-0.390626
-0.295905
-0.116925
0.000000
0.000000
-0.281537
-0.459320
-0.169464
0.408834
-0.194137
0.000000
0.519816
0.117392
0.283421
0.000000
0.401703
0.393798
0.000000
0.144070
-0.416142
-0.167114
-0.398029
-0.180875
0.471903
-0.358122
-0.151616
-0.156971
0.113674
-0.290626
-0.651331
-0.568289
0.386324
0.210615
0.103602
-0.242460
-0.206656
-0.107878
-0.460968
0.000000
0.338908
0.451909
-0.101748
0.160321
0.137962
0.207511
0.180590
0.272771
0.000000
0.000000
0.000000
-0.184042
0.000000
-0.254535
0.095300
-0.597913
0.000000
0.380986
0.000000
-0.308181
-0.262343
0.000000
0.000000
0.127324
0.094753
-0.100123
-0.271278
0.256248
0.310941
-0.252717
-0.303707
0.548220
-0.366999
0.418467
0.274424
-0.370805
0.172261
0.467125
-0.440907
0.274662
0.000000
0.120739
-0.203601
0.309147
-0.353839
-0.443055
-0.420627
0.176546
0.000000
0.233243
0.535600
0.150768
0.137565
0.189738
0.303917
0.335534
0.000000
0.091959
0.229636
0.202360
-0.470464
0.145243
0.000000
0.000000
-0.170810
0.331721
0.493393
0.204145
0.210986
0.352598
0.229115
0.223548
-0.248178
-0.178849
0.000000
-0.727441
0.111528
0.356716
-0.150501
0.281486
-0.441588
0.101490
0.000000
0.000000
0.000000
0.000000
0.611368
-0.549257
0.210150
0.329614
-0.213809
0.382950
0.417791
-0.443264
-0.257051
0.281420
-0.310539
0.342665
0.384441
-0.275006
-0.460144
-0.396456
-0.502845
0.342729
0.000000
0.179713
0.000000
0.253208
0.317744
0.233046
0.334282
0.587378
0.112783
0.000000
0.000000
-0.617083
0.536740
-0.556008
-0.585886
0.435520
0.000000
0.117538
0.000000
0.253612
0.122284
0.311296
-0.359120
-0.592875
0.596685
0.410957
0.393172
0.161586
-0.108026
0.291851
0.277137
0.353873
0.000000
0.272144
0.361186
0.000000
0.159190
0.415548
0.192698
0.487709
0.319521
-0.394026
0.000000
0.448124
-0.098043
0.198896
0.248572
0.095334
0.000000
-0.384468
0.138091
0.000000
0.000000
0.000000
0.324211
-0.636716
-0.140247
0.552726
0.473594
0.601903
0.196658
-0.155984
0.126930
0.093371
0.455275
0.254607
0.213584
0.416836
0.313887
0.000000
0.137111
0.181005
0.147183
0.562338
0.523556
0.476100
-0.227732
-0.313494
0.000000
-0.487944
0.130092
-0.234122
-0.272739
0.452931
0.184670
-0.292439
-0.422846
0.482282
0.453892
0.286416
0.369014
0.374068
-0.185654
-0.440717
-0.572109
-0.310276
0.093371
0.099740
-0.173159
-0.531214
0.000000
0.000000
0.411031
0.256660
0.457681
0.262788
0.275185
0.161411
0.141610
0.166812
0.331636
0.091910
0.592249
0.414661
0.000000
0.502251
0.092203
-0.163468
0.000000
0.000000
0.000000
0.140068
0.320300
0.289396
0.503410
0.000000
0.244730
0.250566
-0.381711
0.093129
0.186064
-0.296929
0.142176
-0.606427
-0.133062
0.099697
0.188408
-0.307620
-0.606278
0.000000
-0.516056
-0.526329
0.336195
0.371849
0.296944
0.240146
0.424624
-0.290281
-0.400821
-0.200525
0.000000
-0.301964
0.116748
0.294403
-0.419869
-0.638809
-0.522234
0.176329
0.329390
-0.521246
0.000000
0.000000
-0.133184
-0.205242
0.309387
-0.291767
0.362649
0.000000
-0.351650
0.000000
-0.199938
-0.433640
0.095540
0.227707
-0.156516
-0.303502
-0.389087
0.242335
0.231022
0.316813
-0.180775
-0.307986
0.197821
-0.511276
0.000000
0.132565
0.250375
0.000000
0.000000
0.308116
0.278972
0.359868
0.111606
-0.393196
0.190653
-0.110042
-0.332650
0.120929
0.224434
-0.103338
0.239163
-0.181707
0.125849
-0.124646
0.000000
-0.095544
-0.162676
-0.159793
-0.128165
-0.569542
0.359697
-0.476007
0.375905
0.327724
-0.492224
0.393877
0.197849
0.513024
0.000000
0.485756
0.308252
-0.196001
0.000000
0.000000
0.525004
0.000000
0.326964
-0.091218
0.127877
0.000000
-0.131610
0.137796
-0.146655
-0.304437
-0.117527
-0.105705
0.000000
0.295830
0.113226
0.000000
-0.446006
-0.280537
-0.605188
0.000000
0.000000
-0.123156
0.121405
0.000000
0.349259
0.299755
0.562843
0.000000
0.159612
-0.215706
-0.168314
-0.415962
0.000000
0.000000
0.175016
0.000000
0.146475
0.329006
-0.422054
0.296106
0.424963
0.344145
0.579011
0.240736
-0.263076
0.000000
-0.488265
-0.244133
-0.525912
-0.377173
-0.476922
-0.398859
-0.456158
0.185545
0.290529
0.264483
-0.260775
-0.516976
-0.343306
-0.347635
0.368681
0.603096
0.285089
0.388345
0.165940
0.000000
-0.286409
0.000000
0.434522
0.241090
0.412013
-0.305165
-0.496229
0.236022
0.000000
-0.108979
0.000000
0.220556
-0.451087
0.431632
0.000000
-0.321756
0.308569
0.249519
0.244500
0.000000
-0.100166
-0.229221
0.277043
0.000000
0.000000
-0.241273
-0.228182
-0.559174
-0.152969
-0.391158
-0.212671
-0.175309
0.282321
-0.456029
-0.346098
0.107476
0.000000
-0.337897
-0.154001
0.000000
0.252528
-0.155179
0.000000
0.533171
0.250653
0.176108
0.000000
0.000000
0.414888
-0.092795
0.000000
0.239156
0.138467
-0.519349
0.173641
-0.366868
0.291468
0.216390
0.323352
0.391586
0.416508
-0.454398
-0.144736
-0.251648
-0.448503
0.000000
-0.467302
0.377151
0.644783
-0.243507
0.000000
-0.308784
0.169459
0.000000
0.000000
0.000000
-0.262126
0.000000
0.289595
0.210287
0.432697
0.000000
-0.331517
0.170429
0.000000
0.146088
0.319959
-0.253697
0.000000
0.000000
0.000000
0.121572
0.284350
-0.111908
0.347382
0.000000
0.328731
0.309657
0.378906
0.123146
0.000000
0.108488
0.000000
0.000000
-0.136043
-0.180387
0.456798
0.000000
-0.428795
-0.599214
-0.142806
-0.227320
0.000000
-0.164864
0.102061
0.148728
0.287547
-0.269146
-0.119466
0.488043
0.098395
0.392102
-0.437558
0.208460
-0.444390
-0.347980
0.000000
0.000000
-0.374913
-0.286052
-0.144540
-0.313185
0.261282
-0.131797
0.000000
-0.569397
-0.258893
0.414772
0.000000
0.000000
0.415653
0.260703
0.000000
-0.175791
0.382459
-0.188588
-0.525556
0.000000
-0.126891
-0.121011
-0.192218
0.136134
0.219770
0.364228
0.000000
0.211815
-0.233373
0.330218
0.155323
0.000000
-0.479331
0.000000
0.375939
0.000000
0.000000
0.000000
-0.312132
0.000000
-0.108084
0.105336
-0.126707
-0.356352
0.275306
0.168049
0.485522
0.497017
0.257688
0.000000
0.340829
0.374595
-0.268171
-0.217354
0.562347
0.000000
0.477258
-0.388291
-0.209310
-0.306253
0.000000
0.126533
0.353652
-0.328212
0.119861
0.225226
-0.439506
-0.461681
0.000000
0.000000
-0.188757
-0.445667
0.000000
0.574629
0.333093
0.000000
0.337840
0.000000
-0.371582
-0.173470
0.204673
0.154302
-0.411382
0.429207
0.000000
0.000000
0.000000
0.000000
-0.253543
0.281631
-0.130748
0.293667
0.373081
0.000000
0.422156
0.000000
-0.239630
-0.093724
0.432423
-0.178287
0.393263
0.357654
0.194405
0.334093
0.210746
-0.366010
0.127948
0.257788
0.368232
0.294636
-0.399750
0.097239
0.000000
-0.123045
0.000000
0.000000
0.000000
-0.117425
0.000000
0.416438
0.178305
0.000000
-0.276947
0.000000
0.592244
0.456454
0.384772
-0.248913
0.000000
0.292500
0.248756
0.304269
0.000000
-0.134447
0.000000
0.217097
0.408645
0.205095
0.417584
0.282717
-0.225950
-0.195333
0.228475
-0.132628
0.223890
-0.178940
0.000000
0.110138
-0.094631
0.000000
0.000000
0.232416
-0.307098
-0.311846
0.136472
0.213726
0.314927
0.376544
0.271366
0.309698
0.000000
0.000000
-0.099904
-0.218556
0.223988
-0.446011
-0.217146
-0.125627
0.118733
0.169325
-0.281825
0.437392
0.144246
0.517972
0.280318
0.125884
0.156757
0.000000
0.000000
0.215029
0.179561
0.099546
0.225415
0.150352
-0.107472
0.655991
0.000000
0.000000
-0.297232
0.204623
-0.336700
-0.330526
-0.352318
0.000000
0.000000
0.427275
0.106802
0.000000
-0.381695
0.000000
0.552840
0.504635
0.193087
0.400212
-0.132450
-0.237691
-0.165068
-0.163882
0.000000
0.118916
-0.381713
-0.266949
0.266071
-0.133998
0.191856
0.270747
0.000000
0.173149
0.209664
0.000000
-0.227785
0.000000
-0.531490
0.108177
-0.163459
0.000000
0.144743
-0.133913
0.000000
0.395994
0.421150
0.569898
-0.274632
-0.357363
0.000000
0.467784
0.432881
0.000000
-0.409625
0.395238
0.000000
0.149054
-0.337694
0.215723
0.249035
-0.348450
-0.298441
0.000000
0.252748
0.000000
0.469585
0.000000
0.000000
-0.333654
-0.251432
0.334318
0.263959
0.247664
0.219462
-0.282038
-0.328626
0.211209
0.000000
0.000000
-0.150377
0.000000
0.000000
0.366509
-0.309673
-0.096346
0.221071
0.199013
0.000000
-0.158520
0.181514
-0.330705
-0.400837
-0.159328
0.000000
0.000000
0.256562
-0.232309
0.344521
0.394856
0.168478
0.395085
-0.164454
-0.275578
0.000000
0.135418
0.000000
0.273330
-0.156519
0.000000
-0.282574
0.169349
0.000000
-0.364924
0.408105
0.175683
-0.368542
-0.100000
0.242853
-0.369789
0.000000
0.477541
0.221990
0.158998
0.612662
-0.276071
0.137240
0.136419
-0.426910
0.331550
0.387053
0.230097
0.000000
0.133645
0.290270
-0.270546
0.163015
-0.473875
-0.264676
0.254850
0.265095
-0.250471
-0.164354
-0.292733
-0.360506
-0.362701
0.360583
-0.112172
0.163923
0.311904
0.197204
0.307280
0.096179
0.000000
0.000000
0.900000
0.674506
0.462062
-0.308475
0.178054
-0.256234
-0.279037
-0.366733
0.360633
0.199178
0.237511
0.000000
-0.126587
-0.446662
-0.411739
0.154326
0.116981
0.268021
-0.399879
-0.346150
-0.224783
-0.159348
0.368658
0.238024
0.208069
0.268005
0.351748
0.000000
-0.118025
-0.469828
0.140594
0.000000
0.287300
0.449171
0.000000
0.000000
0.000000
0.000000
0.217342
0.205260
0.132226
0.207134
-0.330139
-0.334509
-0.102056
0.099893
0.000000
0.150405
0.161224
0.248007
-0.224968
-0.154625
-0.160809
0.260574
0.000000
0.000000
-0.121192
-0.109387
-0.100001
-0.377992
-0.231597
-0.497369
0.000000
0.000000
0.298652
0.324366
-0.282776
0.467091
-0.245794
-0.203902
-0.141678
0.398769
0.000000
-0.360815
-0.197163
-0.200451
-0.125184
-0.197474
-0.353269
0.298051
-0.285753
-0.297838
-0.331953
-0.366480
-0.092992
0.454108
0.214418
0.189536
0.227357
0.409208
0.344888
0.152127
-0.092654
-0.173871
0.000000
0.000000
0.550934
0.203938
-0.266990
0.000000
0.000000
-0.263241
0.142459
0.000000
0.140596
0.900000
0.115984
0.407686
0.395489
0.310517
0.381433
0.309127
0.000000
0.000000
-0.468937
-0.506964
-0.472937
0.105641
-0.383631
-0.385906
0.000000
-0.295867
-0.221118
0.000000
0.900000
0.581955
0.381524
-0.216130
0.532819
-0.112660
-0.428074
-0.502637
0.318706
0.000000
-0.172375
-0.280919
-0.154805
-0.125405
0.000000
0.775160
0.398147
0.306301
-0.207562
-0.113277
0.000000
0.000000
0.113573
0.322008
0.276209
0.099938
-0.287844
-0.173291
0.168664
0.000000
0.540655
-0.168845
-0.552450
-0.425038
0.389898
-0.115492
0.000000
0.168156
0.300070
0.419456
-0.174609
0.341172
0.000000
0.000000
0.262708
0.000000
-0.222371
0.184729
-0.197401
0.000000
0.484577
0.211671
0.000000
0.000000
-0.169354
0.000000
0.330851
0.120786
-0.095883
0.384877
0.000000
0.000000
0.000000
-0.100000
-0.121781
-0.178342
0.190255
0.000000
0.369610
-0.106097
-0.176132
-0.211957
-0.153245
-0.150626
-0.261261
0.000000
0.000000
0.000000
0.000000
0.000000
-0.222495
0.420883
0.211404
0.572842
0.131969
0.000000
0.274613
0.000000
0.000000
-0.316218
-0.386234
0.363101
-0.326428
-0.405230
0.000000
0.000000
0.000000
0.150102
0.000000
-0.400646
0.000000
-0.247497
0.000000
0.000000
-0.097135
0.000000
0.000000
0.000000
0.260155
-0.175836
0.000000
0.000000
0.101691
-0.250366
0.000000
-0.201807
-0.355683
-0.517758
0.000000
0.000000
0.525658
0.577301
0.572474
0.417909
0.571212
-0.141511
0.412669
-0.165598
0.000000
0.000000
0.000000
-0.363786
-0.355743
0.338414
-0.364224
0.417426
0.300795
0.000000
-0.272026
-0.268502
-0.107064
-0.093360
-0.205761
0.359913
0.172952
0.334722
0.634007
0.421753
0.687005
-0.156734
0.000000
-0.327904
-0.170158
0.000000
0.706550
0.000000
0.360652
-0.147028
-0.218308
0.000000
0.638685
0.498553
0.519881
0.602618
0.430094
0.398981
0.000000
-0.104838
0.435321
-0.312967
-0.402235
0.274786
0.195068
-0.254522
0.139405
-0.315944
-0.173929
0.352565
-0.222087
-0.192018
0.453194
0.000000
-0.140958
0.092648
0.161615
0.000000
0.496138
0.442467
0.193930
0.000000
-0.347930
0.160519
-0.112543
0.000000
0.445671
0.105173
-0.233071
-0.126229
0.203622
0.154761
0.461226
0.278113
-0.163485
-0.465693
-0.116387
0.000000
0.204830
0.501382
0.477233
0.283697
0.168267
0.251872
-0.385366
0.000000
0.439965
0.000000
0.000000
-0.319594
0.000000
0.342627
0.000000
0.000000
0.324096
0.000000
0.000000
0.403539
0.165545
0.000000
0.447796
0.531371
0.539700
0.479420
0.195408
0.000000
0.000000
-0.205465
0.000000
0.000000
-0.226720
-0.316203
0.184050
-0.233586
0.000000
0.162706
0.286821
0.448105
0.427786
0.210311
0.532324
0.497614
-0.281261
0.000000
0.102467
0.397612
0.117969
0.399453
0.485023
0.297860
0.259739
0.187590
0.180879
-0.099975
-0.329529
0.229284
-0.168221
0.000000
0.103812
0.000000
0.162366
-0.181639
0.236108
0.110654
0.516089
0.438224
0.384774
0.000000
0.328738
0.414192
-0.267011
0.542343
0.501158
0.355139
0.000000
0.335393
0.181733
0.000000
0.257677
0.495802
-0.163851
-0.103714
0.483051
0.186345
0.318430
0.339266
0.395726
0.255632
0.540323
0.357740
0.440894
0.371092
0.307156
0.145139
0.000000
-0.118484
0.228416
0.133676
0.107587
0.526566
0.390218
0.000000
0.000000
0.518481
0.466601
0.000000
0.000000
0.313932
0.000000
0.379756
0.580933
0.521436
0.113219
0.506152
0.153124
-0.126913
0.000000
0.244914
0.254391
-0.274611
0.641289
0.000000
0.169786
-0.179217
0.638345
0.588939
0.503781
0.256207
-0.200574
0.186092
0.195172
0.296215
0.410773
0.000000
0.000000
-0.165063
-0.110769
0.392436
0.331651
0.095139
-0.129051
0.000000
0.552846
0.627535
0.573506
-0.112561
0.000000
0.000000
0.000000
0.204312
0.307474
0.683922
0.331606
0.383928
0.699927
0.150993
0.177164
0.379340
0.000000
0.466316
0.274278
0.153431
0.365316
0.550072
0.528431
0.483514
0.625892
0.000000
0.201895
0.348280
0.427071
0.634241
0.133189
0.229661
0.160629
0.000000
-0.128848
-0.145745
-0.261895
0.118864
0.455899
0.426760
0.240933
0.103377
-0.161257
0.288274
0.415294
0.598147
0.197082
0.508157
0.315859
0.404944
0.209214
0.000000
0.362907
0.000000
-0.352126
0.221736
0.343429
-0.242502
0.272148
0.204173
0.157253
0.358459
0.172821
0.348395
-0.112560
0.000000
0.000000
0.139975
0.162955
0.204140
0.000000
0.128073
0.000000
0.379276
-0.091937
0.331046
0.166877
-0.147924
-0.134473
0.271613
0.000000
0.312196
0.000000
0.000000
0.000000
-0.194986
0.000000
0.000000
0.410085
0.000000
0.198905
-0.104906
-0.092168
-0.534804
0.000000
-0.123748
0.000000
-0.227598
0.000000
0.000000
-0.255344
0.161605
0.370077
-0.217577
-0.363320
0.000000
-0.321628
0.227341
0.128408
-0.131008
-0.455845
-0.498673
0.459041
0.168331
-0.139735
0.394249
0.000000
0.112797
0.000000
0.221534
0.134553
0.144256
0.000000
-0.210798
0.176424
-0.285235
0.000000
0.255276
-0.247705
-0.321119
0.000000
0.000000
-0.235773
0.000000
0.000000
0.241122
-0.277835
0.317542
0.216792
0.216601
0.240434
-0.319990
-0.524625
0.000000
0.328272
0.000000
0.240193
0.000000
0.242629
-0.261733
-0.331117
-0.401127
0.194914
0.209438
0.402806
0.155280
0.000000
0.374917
0.332072
0.189016
0.184432
0.000000
0.000000
0.219532
-0.162459
-0.538269
0.000000
0.000000
0.452546
0.188054
0.259486
0.386569
-0.222916
-0.501736
-0.552074
0.000000
-0.401018
0.000000
-0.472931
-0.286604
-0.280533
0.000000
-0.426314
-0.233575
0.542744
0.408222
0.000000
-0.407754
0.000000
0.214812
-0.462811
0.522047
-0.131105
0.000000
0.247988
0.000000
-0.133306
0.000000
-0.228081
-0.487003
0.000000
0.250691
0.189231
0.000000
0.000000
0.000000
0.399285
0.214829
0.254811
0.000000
0.000000
0.000000
-0.489864
-0.328476
0.282082
0.000000
0.329300
0.000000
-0.112549
0.136784
0.116476
0.000000
-0.100001
-0.316485
0.000000
0.000000
0.000000
0.113553
-0.109666
0.000000
-0.185201
-0.183435
0.204737
-0.092878
0.159743
0.442279
0.147583
0.000000
-0.146645
0.000000
0.408435
0.169417
0.117090
0.000000
0.788518
0.299578
0.215038
-0.106077
-0.346382
-0.357142
0.000000
0.440485
0.320031
0.000000
0.423430
0.000000
0.000000
0.431259
0.000000
0.398932
0.192693
0.246294
0.403032
0.000000
-0.333440
0.200794
0.000000
0.228912
0.000000
0.167094
0.000000
0.439750
0.144571
0.226520
0.262733
0.195401
0.511904
0.156477
0.453016
0.297000
0.348563
0.103763
0.513710
0.342891
0.386388
0.244257
0.442283
0.260469
0.294950
0.102387
0.208420
0.322942
0.206021
0.220326
0.372265
0.476226
0.382510
0.429521
0.126824
0.511169
0.151713
-0.124656
0.271453
0.000000
0.278186
0.456861
0.000000
0.000000
0.373950
0.101802
0.339703
0.199727
0.245934
0.517317
0.376578
0.164085
0.337266
0.319540
0.187708
0.000000
-0.125131
0.293405
0.297326
0.339711
0.248453
-0.324289
0.122662
0.124287
-0.246258
0.340296
0.229230
0.307094
0.172960
0.346800
0.114400
0.149577
0.170290
0.000000
0.096903
0.181215
0.000000
0.376319
0.343441
0.000000
0.211207
0.141475
0.145229
0.340982
0.000000
0.000000
0.000000
0.437041
0.000000
-0.306520
0.474705
0.000000
-0.258171
0.148271
0.384633
0.368999
0.182693
0.112856
0.141729
0.000000
0.000000
0.416245
0.346826
0.277882
0.000000
-0.243808
0.000000
-0.181897
0.152777
0.203813
0.000000
0.155514
-0.109364
0.187858
0.325275
0.298569
0.000000
-0.151344
-0.133843
0.108092
0.191589
-0.306523
0.188790
0.193337
-0.120103
0.190236
0.000000
-0.233431
-0.159521
0.379714
-0.395462
0.216736
0.145138
0.000000
0.255252
-0.181608
0.000000
0.000000
0.000000
0.000000
0.129739
0.474783
0.163840
-0.203328
0.097210
-0.658084
-0.096173
0.212275
0.255310
0.218293
0.126828
0.182392
-0.318967
0.000000
-0.391149
0.149557
0.216265
0.000000
0.448356
0.467290
0.146457
-0.314800
-0.450413
-0.390957
0.290181
0.000000
0.449988
0.150087
-0.160460
0.436549
-0.108223
0.192890
0.219512
0.000000
0.098578
0.195667
-0.318622
0.149865
0.126401
0.000000
0.408072
0.096528
0.175394
0.365624
0.244343
-0.449854
0.000000
-0.473566
-0.275775
0.000000
0.253668
0.000000
0.000000
-0.405083
0.533542
0.000000
0.000000
0.000000
-0.449907
-0.349902
0.162429
0.000000
0.272013
0.000000
0.000000
-0.366299
0.000000
0.410548
0.373428
0.000000
-0.277964
0.000000
0.220525
0.000000
0.000000
-0.162640
0.363876
0.107928
-0.117523
0.000000
0.509143
0.103811
0.000000
0.328312
0.196825
0.290715
0.205256
0.369372
0.348963
-0.482949
-0.327834
0.212654
0.330134
-0.257897
0.177610
0.000000
-0.275407
-0.209009
-0.621321
-0.170071
-0.192283
0.000000
0.000000
0.180280
-0.339318
-0.142844
-0.484365
0.000000
0.000000
0.307244
0.000000
0.286649
0.000000
-0.312626
0.000000
0.152923
-0.392906
0.106824
0.000000
0.199773
0.235149
0.106766
0.386001
0.239054
-0.565936
0.000000
0.409934
0.136631
-0.103084
0.267851
0.302075
-0.454845
-0.150083
0.470035
0.330844
-0.142911
0.000000
-0.421045
0.289542
-0.273998
0.000000
0.297057
0.000000
0.491390
0.375173
0.098941
0.000000
0.267097
0.307858
-0.368066
0.350756
0.332451
0.222982
0.000000
0.000000
0.000000
0.000000
0.319569
0.223386
0.153667
0.000000
0.354735
0.000000
0.417278
0.360728
0.321926
-0.242502
0.581872
0.217272
0.203880
0.123517
0.577140
0.236109
-0.158396
0.000000
0.000000
0.000000
0.000000
0.244776
0.000000
-0.327524
0.000000
0.122782
0.400006
0.315112
0.000000
0.486700
-0.287618
0.494725
0.186978
-0.251274
0.253369
-0.263829
-0.142201
-0.342602
0.277972
0.384547
0.000000
0.000000
0.463267
0.423091
0.200571
-0.259863
0.000000
0.288810
0.117967
0.000000
-0.282227
0.114105
0.294153
0.146107
0.000000
0.000000
0.243044
0.399143
0.000000
0.138599
0.000000
0.130816
0.379830
0.000000
-0.301534
0.000000
0.216497
-0.202006
0.115151
0.000000
0.000000
-0.236028
-0.178583
0.196697
-0.120915
0.000000
0.000000
0.333472
0.114477
0.189230
0.000000
0.000000
0.240244
0.108145
-0.277509
0.000000
-0.256219
0.000000
-0.099132
0.117824
0.000000
0.000000
0.201278
0.000000
0.000000
0.000000
0.000000
0.000000
0.640287
0.000000
0.098024
0.000000
-0.189248
0.000000
0.519392
0.000000
0.000000
0.000000
0.124392
0.000000
0.093297
0.000000
0.000000
0.200751
0.000000
0.165384
0.209173
0.000000
0.000000
0.000000
0.102591
0.000000
0.000000
0.487604
0.458907
0.328460
0.097565
0.155971
0.483175
0.000000
0.289809
0.371211
0.205014
0.126940
0.245348
0.430083
0.236488
0.308806
-0.132114
0.201527
0.555823
0.538059
0.263920
0.218072
0.265858
0.543698
0.632433
0.092908
0.621397
0.530731
0.447570
0.408107
0.402617
0.091970
0.557317
0.000000
0.254094
0.526750
0.695380
-0.222332
0.198043
-0.340515
0.000000
-0.364525
0.145686
0.544058
0.244763
0.247291
0.215883
0.297259
0.308962
0.000000
0.161581
0.269623
0.000000
0.000000
-0.101782
0.212250
0.233618
0.000000
0.200167
0.000000
-0.432958
0.000000
0.184404
0.353661
0.261279
0.000000
0.000000
0.000000
0.000000
0.000000
0.000000
0.000000
0.000000
0.000000
0.000000
0.000000
0.000000
0.000000
0.000000
0.000000
0.000000
0.000000
0.000000
0.000000
0.000000
0.000000
0.000000
0.000000
0.000000
0.000000
0.000000
0.000000
0.000000
0.000000
0.000000
0.000000
0.000000
0.000000
0.000000
0.000000
0.000000
0.000000
0.000000
0.000000
0.000000
0.000000
0.000000
0.000000
0.000000
0.000000
0.000000
0.000000
0.000000
0.000000
0.000000
0.000000
0.000000
0.000000
0.000000
0.000000
0.000000
0.000000
0.000000
0.000000
0.000000
0.000000
0.000000
0.000000
0.000000
0.000000
0.000000
0.000000
0.000000
0.000000
0.000000
0.000000
0.000000
0.000000
0.000000
0.000000
0.000000
0.000000
0.000000
0.000000
0.000000
0.000000
0.000000
0.000000
0.000000
0.000000
0.000000
0.000000
0.000000
0.000000
0.000000
0.000000
0.000000
0.000000
0.000000
0.000000
0.000000
0.000000
0.000000
0.000000
0.000000
0.000000
0.000000
0.000000
0.000000
0.000000
0.000000
0.000000
0.000000
0.000000
0.000000
0.000000
0.000000
0.000000
0.000000
0.000000
0.000000
0.000000
0.000000
0.000000
0.000000
0.000000
0.000000
0.000000
0.000000
0.000000
0.000000
0.000000
0.000000
0.000000
0.000000
0.000000
0.000000
0.000000
0.000000
0.000000
0.000000
0.000000
0.000000
0.000000
0.000000
0.000000
0.000000
0.000000
0.000000
0.000000
0.000000
0.000000
0.000000
0.000000
0.000000
0.000000
0.000000
0.000000
0.000000
0.000000
0.000000
0.000000
0.000000
0.000000
0.000000
0.000000
0.000000
0.000000
0.000000
0.000000
0.000000
0.000000
0.000000
0.000000
0.000000
0.000000
0.000000
0.000000
0.000000
0.000000
0.000000
0.000000
0.000000
