2421 0 0
-13.4300350451	14.8057937504
-13.5253676685	14.6461414361
-13.5942483744	14.5136380251
-13.638066436	14.4300571752
-13.668135708	14.3601611436
-17.4382156097	11.0570166073
-17.4695705314	11.2713653481
-17.5161890144	11.3441781187
-17.5661376152	11.6067926439
-17.5118311606	11.8092484286
-17.4922864595	11.9036139533
-17.4292828329	12.0483644401
-17.3278782347	12.2249947492
-17.0248346376	12.6275387196
-16.7326697406	12.9403267175
-16.6357595402	13.0091451354
-16.5052563124	13.1016127928
-16.3358364537	13.2043175007
-16.2332247896	13.269320395
-16.0879136735	13.347965797
-15.9227587644	13.4226789167
-15.7571633639	13.4924788651
-15.6241446894	13.5509784519
-15.4813604372	13.6171253666
-15.3427884003	13.6807421428
-15.158759953	13.7542093722
-15.0462933279	13.8047837322
-14.935700471	13.8586732044
-14.7291813129	13.9593771402
-14.5351924621	14.0354797637
-14.3849541554	14.1142998743
-14.3001953063	14.1516043016
-14.220436938	14.1758389764
-13.9078498305	14.3044279232
-13.7758515423	14.3484985223
-13.6681371503	14.3601836154
-17.0458064775	9.52018027462
-17.0610263593	9.49574430465
-17.1056584202	9.42889734521
-17.1279919923	9.40619164514
-17.1704436383	9.41144987033
-17.2029392771	9.40249147835
-17.2593410519	9.3274292243
-7.11010218634	14.5423581356
-7.39774882635	14.8000685342
-7.51216943549	14.8886979087
-7.59563683347	14.9291833735
-7.70936383075	14.9973520089
-7.92709720934	15.1347040853
-7.96899258	15.1353899255
-8.26852118206	15.2681709896
-8.43794728181	15.3297523042
-8.61925859726	15.3884984616
-8.91540987035	15.4682702079
-9.17210368274	15.5224467969
-9.26855364583	15.5382801522
-9.52398106461	15.5763594849
-9.66370026687	15.5977829794
-9.84642995749	15.6349022234
-10.0840506728	15.6854265055
-10.4541697264	15.835692604
-10.5662533035	15.8875397722
-10.6890592775	15.9243986042
-10.9603437847	16.0448748728
-11.0461472228	16.0818702999
-11.0748698952	16.102737413
-11.2345275948	16.1934797469
-11.3857318365	16.2513260419
-11.6078106762	16.2863411363
-11.1413443074	14.0759104968
-11.354658687	14.109678511
-11.5544780941	14.166738964
-11.8675055309	14.2795247713
-11.9965081687	14.3431380869
-12.0879922709	14.395023299
-12.1978852562	14.514527904
-12.3462269887	14.6373422365
-12.4119684842	14.7135049972
-12.4886869016	14.8764485473
-12.5470131314	15.0424224511
-12.5546385266	15.210204006
-12.5237032469	15.3083785672
-12.5103609991	15.3794700158
-12.4812558956	15.4508100503
-12.4350491771	15.5222032988
-12.3731291243	15.585806867
-12.2477142358	15.7149315467
-12.1475292909	15.7544385529
-12.0632140545	15.8109142203
-11.9036479279	15.930662896
-11.7841729133	16.1100155387
-11.7157939535	16.210082625
-11.607816686	16.2863296584
-16.9508660735	5.17993670977
-16.8496021925	4.90974497821
-16.8300092826	4.83637555139
-16.753373387	4.54741688882
-16.6203031095	4.15425648393
-16.5417606049	3.94168783746
-16.4715000292	3.75844699649
-16.3306590219	3.44561692547
-17.7427336979	7.95181451919
-17.7250129684	7.98844061237
-17.6904061809	8.04688841054
-17.6617184976	8.09512219135
-17.6300456765	8.1053290047
-17.5807149991	8.18607011367
-17.5399879679	8.24772430005
-17.4921920269	8.33802494345
-17.4217956974	8.45757599412
-17.3516857918	8.59317934419
-17.3168567508	8.66752443354
-17.3013314869	8.74771691646
-17.2769897506	8.86098431565
-17.2762075194	9.0830882418
-17.2618255103	9.32741085143
-17.6236446077	6.53493470672
-17.6095189538	6.51021176574
-17.5913399217	6.47359139618
-17.5479062245	6.36779436368
-17.4681127246	6.14499732388
-17.402534181	5.9608898182
-17.3709166059	5.87019264899
-17.2812139956	5.68363386618
-17.2144071205	5.58393860867
-17.0824611874	5.3916544865
-16.9508729635	5.17995659857
-16.3306594594	3.44539611758
-16.3079743052	3.21661494021
-16.2472892229	3.08482654834
-16.2080448595	2.93279356014
-16.1850477311	2.84479237045
-13.9153336483	1.73560965479
-13.7146980931	1.53175199942
-13.5940160548	1.35992343334
-13.4692068172	1.22328235665
-13.3239599477	1.06909968124
-13.2527222797	1.01748609226
-13.1081007245	0.872727597598
-12.9683346595	0.725774180106
-12.8084558004	0.566941560001
-12.681414231	0.414218689351
-12.5982840203	0.322895529394
-12.5318929508	0.208706780228
-12.4131277864	-0.0218178652649
-6.7737219552	3.47651941437
-6.46584995315	3.54370027808
-6.29432196355	3.57673143072
-6.27126310324	3.59262173276
-6.18592897354	3.6089681894
-6.01179063076	3.65540604252
-5.79083417893	3.68469778693
-5.50531783227	3.74660227589
-5.39535429522	3.76600135099
-5.33023144208	3.77866711589
-5.13792051794	3.83257753448
-4.95394040799	3.87654661862
-4.78066963952	3.92902091088
-4.66521361924	3.96670332212
-4.50791828335	4.02479371992
-4.39468111484	4.05932838849
-4.29829391192	4.08746354855
-4.21302162569	4.10678246087
-4.12143381636	4.14968441152
-4.01804717953	4.1937191411
-3.88731788111	4.22678119646
-3.74055205808	4.26182136593
-3.57987286731	4.31577671471
-3.46113036308	4.33799896566
-3.36171998265	4.36433963381
-3.1565649282	4.41378376812
-2.76648242299	4.50949178542
-2.55374782259	4.55470282776
-2.4451287648	4.58152323412
-2.40450608103	4.59370490671
-2.30413977485	4.62101079367
-2.17509059748	4.65333041555
-1.98225267749	4.70268272895
-1.66283999689	4.79472527163
-14.3123298822	5.0798003971
-14.4292117945	4.69967574621
-14.4828198232	4.4397441464
-14.519593106	4.13601266086
-14.6168498617	3.50380750348
-14.6574116626	3.1717612117
-14.6978883666	2.94831292007
-14.7823724433	2.63602059648
-14.8270089176	2.47869068232
-14.8641433234	2.37518357524
-14.9658428536	2.14233366937
-15.0199967861	2.03107699517
-15.1308462778	1.78325840731
-6.57509195549	1.97607820552
-6.58113220142	1.99300206001
-6.58427206819	2.00526966806
-6.59050396228	2.03619070398
-6.57747305046	2.09007351009
-6.57712590809	2.19030596699
-6.59031842648	2.28835228534
-6.58431992232	2.39246125646
-6.60244097495	2.62399159624
-6.62946379463	2.7958222331
-6.70399313906	3.06805160131
-6.71514949818	3.18310518072
-6.71075580311	3.23420622178
-6.71475165153	3.26659555736
-6.77374073393	3.4764866132
-3.38604417653	13.4400965156
-3.67006763049	13.4587358935
-4.09831228977	13.4063918073
-4.53833809563	13.1996904859
-4.93660403586	12.9678274121
-5.11722170528	12.8265325522
-5.26437196163	12.783476276
-5.35648928946	12.7684962889
-5.41808244602	12.7659078028
-5.50727173912	12.7735497413
-5.64238501031	12.817532498
-5.74216937863	12.8632865057
-5.85768774205	12.9384802664
-5.96942599369	13.021081566
-6.127291278	13.153484104
-6.33848258763	13.3618989537
-6.41632113219	13.4623580636
-6.51471651008	13.5831475369
-6.58545778274	13.6707962513
-6.6338926599	13.7339292972
-6.67798817708	13.8206322146
-6.86714216363	14.0717786921
-6.94415225542	14.214309132
-7.02599264738	14.3875509475
-7.11010984644	14.5422440002
-7.15855240371	10.8151203332
-7.16795655822	10.8005680195
-7.2098251156	10.7225226719
-7.32284900177	10.6141020313
-7.45528597234	10.5124281805
-7.64225942737	10.4403789796
-7.64163908757	10.4405897063
-7.64534690407	10.3451586843
-7.6439648459	10.1634424044
-7.71448397181	9.99500139178
-7.90012551974	9.73590797418
-7.86204641993	9.60746171775
-7.8408876205	9.46140155433
-7.73982321242	9.29365382772
-7.63602652603	9.17355862779
-7.58802317114	9.08295555425
-7.5193647746	9.03354906028
-7.46027889962	9.00852963338
-7.35353439196	8.98478392145
-7.0958496799	8.96334383948
-6.93210961433	8.97512666029
7.55042182246	8.36554959823
7.75672125922	8.24133444792
7.87830930663	8.16389699207
8.09849084208	7.99659293045
8.21298759737	7.89449980995
8.35460084526	7.7598803764
8.42775484624	7.66604351298
8.66640762412	7.33325960235
8.78332707272	7.08611283075
8.83437991944	6.94121105879
8.84529182984	6.84760503434
-1.66290522662	4.79478246327
-1.48398823633	5.11628694267
-1.43834345149	5.34649197341
-1.36161954468	5.52122214053
-1.29440481078	5.66446869533
-1.2280046649	5.86601476536
-1.13989867276	6.00595745325
-1.12979989808	6.1681611796
-1.09058011565	6.43330605065
-1.06457892558	6.69836748737
-1.07190930248	6.90895361778
-1.08747753484	7.07445113744
-1.10617652179	7.2559337451
-1.26714919071	7.55208372632
-1.31094476001	7.63912546019
-1.38060650579	7.76084604738
-1.49992511923	7.92963888512
-1.56409609577	8.03434418487
-1.79832817793	8.29437158573
-2.09566014691	8.52481803489
-2.18962998674	8.58366253647
-2.35224434434	8.64353300892
-2.46485867631	8.71851068709
-12.1237851295	6.62144620704
-12.3690742146	6.60084661105
-12.53389425	6.58855985101
-12.6907985005	6.50714601488
-12.8730476726	6.43031307092
-13.0270777095	6.33113789624
-0.426467816445	3.16147194684
-0.426483214153	3.16148224415
-0.429858040164	3.15842011751
1.56835204627	5.23692708167
1.46924430179	5.05463547216
1.3015784863	4.97437653994
1.12966326173	4.9080735046
1.076097349	4.89111628019
0.948249959435	4.87429374221
0.828613439556	4.83608924235
0.767236456163	4.81668852008
0.648230668107	4.77724042794
0.528737887998	4.79923668233
0.380787979235	4.80706283675
0.262683155197	4.7762929384
0.154054832518	4.75173318331
-0.0117702377706	4.72080884922
-0.160564045605	4.70279568659
-0.422510587997	4.69862402163
-0.517597392056	4.69469042935
-0.674547707224	4.66280091175
-0.785498119156	4.67038927262
-0.923006576795	4.6822544397
-1.02055574333	4.69138861198
-1.14483761423	4.71243868133
-1.2747537531	4.72593605836
-1.37596535504	4.72929976162
-1.45960709786	4.75274696785
-1.6629095626	4.7947865317
-9.10790520575	7.93256142839
-9.12322140752	7.93008834945
-9.19206321608	7.91656871008
-9.29847657323	7.91471613636
-9.4967178197	7.87477044694
-9.58118089265	7.84510608001
-9.63119029387	7.83587985113
-9.68226304746	7.82275635386
-9.78814957002	7.79138047862
-9.931472232	7.75767542565
-9.99483458699	7.75423403874
-10.0433774231	7.73815506358
-10.2248694769	7.69631636231
-10.2908051471	7.67628327347
-10.4406062223	7.64384840375
-10.5534601174	7.62133080841
-10.6451952834	7.58833167957
-10.8291697963	7.53554679689
-11.0062909079	7.51248962758
-11.1717329031	7.5003326325
-11.4359119524	7.44078619247
-14.3913367542	-4.1362032505
-14.5412644194	-4.07694249712
-14.8204444788	-3.90208452341
-14.9237449066	-3.80771543361
-14.9940135436	-3.7292364054
-15.1240312129	-3.48570739152
-15.2670876812	-3.18309925942
-15.3106992435	-3.0745188563
-12.7131426902	3.79966257795
-12.6601388649	3.97672910326
-12.6075729398	4.12532642969
-12.5776520976	4.21595821064
-12.4784786284	4.49893928045
-12.4498262193	4.6050224989
-12.4017835561	4.7486012818
-12.2728898579	5.09768687078
-12.2325124481	5.27560097316
-12.2084956731	5.39773606416
-12.1297602743	5.58097545613
-12.1149825748	5.63679367642
-12.0840940019	5.74806709492
-12.0463681023	5.93607142115
-12.0308632547	6.06426884107
-12.002503584	6.32219732377
-12.1239946804	6.62174127772
-13.3921036266	-4.33539058697
-13.3384768058	-4.33094421831
-13.2695931204	-4.32780500881
-13.1909854804	-4.33252637338
-13.0148183481	-4.33007573209
-12.7788359993	-4.31960022448
-12.6640783249	-4.32199785803
-12.4636873508	-4.31156022463
-12.3239125329	-4.244412775
-1.0426485494	0.480458643905
-1.05974533306	0.422553498419
-1.07951077403	0.255919941491
-1.1358894598	0.0813487988014
-1.19188450148	-0.0202890869112
-1.25672089615	-0.137879004946
-1.21997895458	-0.419308920152
5.22548967927	3.78837613334
5.2401465048	3.97819633759
5.23038503891	4.09599642486
5.12365719533	4.37582784237
4.97778694327	4.58958099601
4.87083527557	4.77042795099
4.71929048758	5.0221736604
4.66569084514	5.10903120673
4.4718885725	5.411631671
4.07801349693	6.09306285745
3.82553138404	6.46189448252
3.62927542373	6.7545014356
3.48912896663	6.95317143276
3.4638106402	6.98812912765
3.32412282445	7.16794341748
3.09264546358	7.46377150478
2.95736442866	7.6138077909
2.72251120084	7.88324976786
2.42119033505	8.2068093085
2.11698446105	8.51046411201
1.83612299481	8.79071085184
1.53619089819	9.03320335615
1.29313368866	9.23199538662
1.04584086865	9.40699594754
0.946642398601	9.48069135392
0.724386255829	9.57380416901
0.345391893775	9.74709760001
0.159494321559	9.82231400268
0.0208590153565	9.86843836784
7.2016905562	-13.0618132446
7.20289172593	-13.0618653546
7.20365210104	-13.0617008437
2.35721663717	-0.947534485024
2.36667208387	-0.950441340307
2.4117936633	-0.964174104262
2.46121302559	-0.97900104228
2.52574064648	-0.997565079673
2.60467165967	-1.01765519969
2.7675648698	-1.07407459051
2.99743932971	-1.1131351695
3.07734370946	-1.14147279207
3.18087259868	-1.18618152365
3.3317224636	-1.29204449023
3.35861586389	-1.32813917422
3.47423627066	-1.42298346851
3.50291360594	-1.56413761508
3.5185181377	-1.653081794
3.51765002252	-1.7964842265
3.49926355131	-2.01047913486
3.42814936662	-2.27092272084
3.40744416019	-2.35586604632
3.3705648615	-2.46316330672
3.2880238718	-2.65605967408
7.42641474923	2.17376328089
7.52805615707	1.95810474085
7.65255031348	1.80045179384
7.72707118507	1.7183668132
7.8329628455	1.60889835577
7.93380506813	1.48509304011
8.00988305353	1.37004508155
8.098940125	1.24791571641
8.19358556156	1.12074123555
8.31722800502	0.935069731784
8.43718109291	0.754493909598
8.54436972789	0.594113152692
8.59079400911	0.516998806369
8.68309036957	0.380327383808
8.74434608418	0.282948638094
8.83489438698	0.152647808926
8.94837294342	-0.075251842988
8.01027054384	-5.22894008407
8.01854970758	-5.42201914826
8.01607038775	-5.52315764499
8.01309148759	-5.59238895701
8.00028128643	-5.74207768768
7.98895032829	-5.93126764615
7.95935929457	-6.13235500385
7.95170916655	-6.21763330962
7.94493140383	-6.286859609
7.93632098521	-6.37072057587
7.92612793504	-6.46370428006
7.91556505964	-6.51497553047
7.90068386184	-6.65464593959
7.89300512997	-6.84386547729
7.88665087056	-6.94023880827
7.88600202845	-6.95597963355
7.88466379838	-7.10161560298
7.88184103397	-7.25954427411
7.88177652201	-7.39624579585
7.85720661854	-7.56793266373
7.86063296536	-7.63684725531
7.88219027457	-7.72778751282
7.82161861085	-7.89225668574
7.84980616336	-8.00130974821
7.86434428038	-8.04882464383
7.89493935644	-8.12397465281
7.98423830448	-8.24918434571
8.02373965616	-8.29119758747
8.05310095693	-8.39714517163
8.16668709185	-8.52078859371
8.19074915332	-8.5458041595
8.29719536402	-8.79843784995
1.32186195037	-2.23191528781
1.19328231699	-2.42973380679
1.11040513234	-2.68739657638
1.0912681699	-2.79251439678
0.968715841672	-3.04938875916
0.901694564674	-3.11612757938
0.793075802549	-3.15522736164
0.679247902787	-3.20757084207
0.546713754009	-3.22123820098
0.451369679184	-3.22999719786
0.372126159923	-3.23150072732
0.208518228037	-3.27630027536
-0.207408663258	-3.34799247473
-0.209869115403	-3.34923587342
-0.212907487288	-3.04582929312
-0.235419055084	-2.87740376947
-0.228172966696	-2.80219620827
-0.19670001317	-2.6727279268
-0.184122531606	-2.51122609846
-0.126511181024	-2.35094859648
-0.0842899153695	-2.25174964765
-0.0497359920658	-2.0840515501
0.0184021504602	-1.94260307625
0.0223935961256	-1.70519391871
3.28805746344	-2.65606960422
3.07414926189	-2.66774282611
2.89673854933	-2.65535569861
2.67841012796	-2.61160437371
2.44794043204	-2.54945729933
2.09122706708	-2.44436626465
1.88107169812	-2.39350975703
1.72960053951	-2.36503952703
1.57852747587	-2.31042908817
1.32187720229	-2.23202512116
10.2507103024	-12.5129455939
10.264160648	-12.5099752243
10.2961601658	-12.5098970288
10.3723366508	-12.5167757889
10.4095536173	-12.5227883109
10.4757740103	-12.5310685507
10.6650156046	-12.5601554617
10.8461246437	-12.571401966
10.9926654064	-12.5874592726
11.0463367548	-12.5904681125
11.1748381593	-12.583635825
11.310065601	-12.552239006
11.4753210348	-12.5234492454
11.6207587298	-12.5091765846
11.7447482193	-12.4886888326
11.8614203962	-12.4724732765
11.9612721915	-12.4667433372
12.0668293909	-12.3296803944
-8.29237570414	-9.83907300091
-8.39585071659	-9.75255368753
-8.49047344487	-9.62204880227
-8.53847334186	-9.55117861862
-8.638284514	-9.43419433716
-8.67377742713	-9.36429750438
-8.77841875667	-9.23548235276
-8.87722188415	-9.13533007436
-9.03318001883	-8.95431592554
-9.1295564356	-8.89300223389
-9.19053674271	-8.81033503647
-9.23885228111	-8.74799092851
-9.29668345607	-8.64751838565
-9.3350101887	-8.58455549575
-9.41014059789	-8.44788544091
-9.4877068903	-8.29345905579
-9.56977486245	-8.13431922907
-9.64301222264	-7.98943931876
-9.72612528393	-7.83615914181
-9.79134014695	-7.70353904208
-9.90468279803	-7.48497476857
-9.94157196901	-7.32692804661
-10.0105512926	-7.18086455728
-10.0479378442	-7.08291921245
-10.107049536	-6.9407619953
-10.0868587965	-6.74893651527
0.871680696009	-6.40396361966
0.623639258797	-6.51000839834
0.509052726024	-6.52818600518
0.404402581853	-6.53659614664
0.298677312481	-6.55223623954
0.191318217198	-6.56629877585
0.068936138182	-6.56750979673
-0.0565423779796	-6.56624219277
-0.179259066413	-6.56429032039
-0.410711677334	-6.5571738146
-0.627343583128	-6.55871317529
-0.947000480511	-6.51917785092
-1.21131395782	-6.46419847206
-1.39657910274	-6.43767688479
-1.53356129523	-6.40933813628
-1.81655128311	-6.34201641661
-2.07765295304	-6.27605091355
-2.28181672001	-6.2241928572
-2.48561821134	-6.17701037717
-2.68479683218	-6.14356478071
-2.79994955812	-6.12458303865
-2.98689469365	-6.11369823875
-3.13330411705	-6.10621475638
-3.32684493618	-6.11942914065
-3.4813392528	-6.1334566548
-3.67115364866	-6.15540033083
-3.84542336317	-6.18080666932
-3.9908054301	-6.19296812639
-4.18889732462	-6.21462342652
-4.29676941314	-6.23908796391
-4.47139649675	-6.28097141387
-4.67999431918	-6.35089625362
12.0668294032	-12.3296803023
11.9709967616	-12.1319990158
11.8878565193	-11.9328236967
11.8376123181	-11.7941845023
11.8266364057	-11.759655667
11.7996973031	-11.5762322595
11.7302814811	-11.2999711823
11.676064718	-11.0678489699
11.6575077141	-10.7513695002
11.6344948271	-10.4439871337
11.6225797614	-10.2069253909
11.6204217136	-10.0257552219
11.6197464072	-10.0033762773
11.6157994566	-9.82328225385
11.6265993234	-9.57246688355
11.6138965376	-9.29872179481
11.6144304213	-9.12387638796
11.6136888232	-8.75739202878
11.6038491862	-8.26540908068
11.5702918911	-7.83155912856
11.5465746869	-7.41011062767
11.520739864	-7.14239928388
11.4958487958	-6.94030136175
11.4637457533	-6.74779757021
11.3206754829	-6.3442225883
12.0528126554	-2.38506040667
12.2163117151	-2.36196240961
12.2714981229	-2.34468391574
12.3822899764	-2.33459380512
12.6537377516	-2.34899562073
12.7813741487	-2.34625512305
12.8717710672	-2.35363945219
13.0091255605	-2.381037161
13.1406675299	-2.39939616415
13.3731554046	-2.44161723592
13.7258309449	-2.52360893562
13.9381483262	-2.58384838208
14.1733437946	-2.65927467751
14.2988513064	-2.69395498978
14.4907205684	-2.74447235985
14.7396230773	-2.80354200871
14.8491328804	-2.81525884821
15.0274213311	-2.81100685715
15.1598680042	-2.8120339881
15.2527919945	-2.80029635642
15.3438049129	-2.78167533035
15.4341937235	-2.73394299224
15.4877802933	-2.71073375584
15.5145455366	-2.6941383287
15.597405586	-2.63214497967
1.76780089169	-6.71431219929
1.45477999105	-6.66552169175
1.16329919326	-6.57885633831
1.036891918	-6.52310407673
0.871643186532	-6.40395377779
13.804662183	-11.5179279374
13.821056619	-11.518787753
13.9084360694	-11.5226826131
13.98688845	-11.5116608665
14.0322667689	-11.5083848828
14.1541086029	-11.489394773
14.2971625123	-11.463753024
14.3841716568	-11.4455118471
14.4759804564	-11.410420392
14.5705773059	-11.375943812
14.6007275515	-11.3636527188
14.7000656709	-11.3301613724
14.8083865254	-11.2855803659
14.9326039869	-11.2218905088
14.948920712	-11.2159708278
15.0233781134	-11.1879971666
15.1574157456	-11.1524258966
15.211961843	-11.1612458004
15.3349077318	-11.1055457611
15.5424053777	-11.0521772615
15.7713981241	-10.9865875084
15.9230166715	-10.9494286645
16.1498421605	-10.9010026816
16.2754066831	-10.8823523704
16.4194361492	-10.8561038853
16.5602717622	-10.8459734096
16.6977257141	-10.8322585282
16.7624750972	-6.5514093047
16.9747351042	-6.46665307703
17.1243426859	-6.4452393628
17.2431721952	-6.45251264331
17.3474676086	-6.3926268562
17.448112757	-6.28025206996
17.5825645642	-6.17786726063
17.7485773944	-6.04374025511
17.8360905495	-5.89334159258
17.9769454306	-5.74999840153
18.0600684735	-5.5457767175
18.099551368	-5.37839574235
18.1930682956	-5.16432487026
21.2199568026	-9.62917674125
21.3052441538	-9.78651006331
21.3889727431	-9.9460861172
21.4786359731	-10.0043921044
21.5183276593	-10.0919462725
21.5839129784	-10.1709467344
21.6356759674	-10.3027773993
21.7435687249	-10.6011947188
21.8348217613	-10.8348841396
18.9026102045	-9.42349626368
18.9430455135	-9.09004411981
18.9334145201	-8.83541718138
18.9509257346	-8.54375952333
19.0000647171	-8.46153554385
19.0686560244	-8.35919036458
19.0860903081	-8.20005424994
19.1758627101	-7.95888823709
19.2137131811	-7.88802191382
19.3155100353	-7.69038009951
19.3799828876	-7.52159173338
19.4196440062	-7.4183327301
19.4503761316	-7.29009422115
19.507811914	-7.1618046117
19.5945953281	-6.95189513241
19.6234999209	-6.86852645968
19.6631521528	-6.76002610735
19.6956618025	-6.64696519376
19.7195138207	-6.53959496173
19.7299479038	-6.38497699493
19.7413608054	-6.23620428765
19.7397805866	-6.16266545729
19.7400997994	-6.09802829013
19.7057858831	-5.97913826379
19.594561238	-5.80158412979
19.5176665312	-5.69717234842
19.3628758686	-5.5651856095
19.277320711	-5.49184533063
19.2222252937	-5.44960307414
19.0615498492	-5.38864091196
18.8633308617	-5.24440606523
18.6827466101	-5.14733290292
18.5711692488	-5.12855725319
18.518647593	-5.12341224786
18.4415847423	-5.10647179904
18.3781137252	-5.10902379201
18.1930544669	-5.16431403036
18.7327365215	-12.5612092387
18.577034901	-12.7254576912
18.5319560365	-12.8388373848
18.4755944534	-12.9285238301
18.4285078145	-13.0842559051
18.3758202131	-13.2030274676
3.73344617075	-1.16467781358
3.79406639604	-1.1878846491
4.03590881952	-1.30516498676
4.20179575016	-1.39052210085
4.35082287559	-1.46707501023
4.47237731043	-1.53660531999
4.65593355369	-1.63028931596
4.86187202416	-1.73267257994
5.06293094939	-1.83290213109
5.19916511057	-1.91229854174
5.29635685802	-1.95717083662
5.45379652551	-2.04510491633
5.58904905926	-2.10338285097
5.73500423714	-2.1635475493
5.93016590581	-2.22923443397
6.16269471772	-2.32707370803
6.24050319386	-2.35620259367
6.36312579544	-2.40276666295
6.54301800569	-2.4717533417
6.79462045766	-2.59076493282
7.04172945405	-2.6699230604
7.29578839345	-2.7744518601
7.35213967778	-2.79224398526
7.47368878692	-2.83564455593
7.7156353593	-2.90360090508
7.98848451774	-2.97364888099
9.57752930461	-3.01259866592
9.6845084393	-3.06984764285
9.89453210275	-3.23692762933
10.0354967503	-3.37883105161
10.1711326011	-3.52550500649
10.2728661185	-3.65227234364
10.3470053767	-3.77510725211
10.4288697848	-3.92664793109
10.5205606896	-4.12949703789
10.6094407588	-4.36651397511
10.674713036	-4.57502685235
10.7306503014	-4.76620121417
10.8020005323	-5.00608856739
10.8339146502	-5.16344678902
10.887797236	-5.35802210773
10.9489444768	-5.59516245477
11.0190473301	-5.78821479684
11.0831429776	-5.95399107708
11.2012675277	-6.20138330697
11.3206670368	-6.34421798938
-5.29973475549	-9.13212568653
-5.56533137512	-9.20433748891
-5.84598184392	-9.32602390305
-6.12739938435	-9.42575548902
-6.31177938663	-9.47257127173
-6.54852437952	-9.48849629929
-6.57962753029	-9.48820442023
-6.66985120832	-9.50821463113
-6.77742522103	-9.52536898572
-7.0234896702	-9.5712841824
-7.11297368069	-9.60650879768
-7.2002391293	-9.64433938682
-7.28487039295	-9.65375430908
-7.4917250969	-9.69044552289
-7.63586492998	-9.68788906456
-7.71771917329	-9.70099243003
-7.87304641901	-9.72501320891
-8.11069557291	-9.75636312492
-8.29240573067	-9.83905374794
-13.0270777095	6.33113789625
-13.0698061281	6.18407305462
-13.2018954006	6.04231323173
-13.5336518044	5.71796909637
-13.6439072098	5.65669269126
-13.8483385195	5.5019210567
-14.0068890783	5.3850172826
-14.2022789739	5.22515998294
-14.3123195635	5.07980112607
-17.2628770981	9.32758323519
-17.3536237332	9.48226227684
-17.4241882531	9.72979021281
-17.4663692426	9.89567075545
-17.5009985392	10.0212037482
-17.5346062575	10.1476793999
-17.5436069481	10.4234799492
-17.5365607392	10.6853575583
-17.4933171737	10.8713285083
-17.4381881315	11.056991891
-4.09495046318	12.0311721413
-4.40048955248	12.2166960922
-4.81005255423	13.5753774317
-4.95889898328	13.8129431765
-5.08390208221	13.9310561161
-5.34041015066	14.0822808563
-5.66312522325	14.2734145632
-6.0010849724	14.4762309208
-6.09905319806	14.512895115
-6.28280376947	14.5683088575
-6.52476745028	14.6056454922
-6.68635122891	14.6343348912
-7.11010984644	14.5422440002
-15.1308785051	1.78328060428
-15.2000861662	1.86903483574
-15.2460867296	2.0157203151
-15.3329117792	2.08292316993
-15.4588257976	2.21339271308
-15.596978588	2.36225129152
-15.7686805335	2.70879569384
-15.8914842422	2.94753853088
-16.0040889055	3.13322761672
-16.0925620567	3.22758545487
-16.1866087787	3.32015802423
-16.3306377356	3.44546779602
0.0208647926017	9.86844078212
0.0678774150542	9.6808161507
0.174633415329	9.47017431175
0.398839416554	8.94792333748
0.677627920178	8.33211497218
0.781897126063	8.05464561796
0.845435465243	7.84169717055
0.923350556185	7.57155293153
0.94719059585	7.3517321263
0.980815311259	7.23167487032
1.03069638565	7.03623402166
1.07926591746	6.87490629949
1.13255066543	6.71316986246
1.17608832441	6.58541030629
1.22610382173	6.41256507036
1.30875933799	6.2633029704
1.32301997998	6.21667052794
1.32021759472	6.10946365696
1.3814946301	5.93822473979
1.45344462634	5.67397126475
1.50061218283	5.56842915583
1.53045270505	5.48410077098
1.55887225082	5.38183546151
1.56828592855	5.23703585284
-12.2661667548	-2.27830165865
-12.1022205987	-2.20215533825
-11.9564976308	-2.25542315306
-11.7392712911	-2.33791255492
-11.4967753101	-2.50194752509
-11.3409704811	-2.61250119838
-11.2759252922	-2.65529867869
-11.2249543049	-2.65184293013
-11.0977190239	-2.72970592995
-10.9020583257	-2.81385534927
-10.795722671	-2.84451549606
-10.6800846723	-2.86932257494
-10.4711707516	-2.92696105327
-10.3356418702	-2.95966330291
-10.179948885	-2.98250509144
-9.95898860568	-3.01122819168
-9.85537056779	-2.99144455517
-9.73343286952	-2.99759208398
-9.5064696242	-2.9944332098
-9.26733824386	-2.97261578174
-9.16858288701	-2.95605677422
-8.97102066105	-2.9240715927
-8.75304295236	-2.8673637362
-8.50519637587	-2.7679345972
-8.36774729701	-2.71025419132
-8.08568785709	-2.60359021441
-7.93849561488	-2.5446063809
-7.78857667906	-2.48029819727
-7.5194863052	-2.31444611812
-7.51948630424	-2.31444611811
-7.16652968094	-2.35223817428
-6.8846322954	-2.41298612735
-6.59061346856	-2.49373303752
-6.43933516278	-2.52542286157
-6.32507016815	-2.54505993609
-5.94625350407	-2.62908354876
-5.66525981847	-2.69509172895
-5.52952856878	-2.72765332604
-5.41258175885	-2.75649946902
-5.31273508032	-2.78985885733
-5.10473786056	-2.84743376943
-4.95651512153	-2.89067548246
-4.84472216323	-2.91519685309
-4.77577230105	-2.9388144105
-4.62752685811	-3.00730859088
-4.46477712586	-3.07020659662
-4.30811124566	-3.13081356314
-4.15801791636	-3.18571022237
-3.9627568987	-3.2725471878
-3.78844273237	-3.33415814828
-3.60505675247	-3.41490387564
-3.50616517323	-3.46920356203
-3.40806641645	-3.52021700914
-3.21364971075	-3.60583804918
-3.0403632755	-3.68552975901
-2.9110321541	-3.73662169978
-2.7856680604	-3.78771236103
-2.58635625878	-3.88503068366
-2.36008387541	-3.94621387009
-2.14878711606	-3.98552399609
-1.97519556555	-3.9977582053
-1.89304882285	-3.99644808069
-1.72042845178	-3.98063481349
-1.51752350136	-3.93607396552
-1.43577299733	-3.9170476511
-1.31469616382	-3.88372891745
-1.24237052617	-3.87757530267
-1.09108233651	-3.82892309228
-0.917132402071	-3.70950661457
-0.815215529553	-3.64774345959
-0.671875652568	-3.57126079769
-0.493979254143	-3.52757195603
-0.218169851523	-3.35315794423
16.9866766282	-13.9130986926
16.8709867836	-13.6901029487
16.8237475617	-13.5269011492
16.8105665853	-13.4161009999
16.8078399405	-13.344932686
16.8109252524	-13.1305762209
16.8128797448	-13.0333445326
16.8292854258	-12.8077800489
16.7632378057	-12.6829854636
16.7854475722	-12.5027753712
16.7993824815	-12.3314314476
16.81451065	-12.2162525812
16.8160592481	-12.1050093205
16.835182782	-11.9349120844
16.8393865881	-11.7633575105
16.8089426212	-11.632481305
16.7999414967	-11.491974859
16.7757043241	-11.1724802767
16.7623192348	-11.0502869505
16.7450065418	-10.9444794676
16.6977209689	-10.8322552752
-8.38107332116	11.1315367362
-8.26716003482	11.6437421024
-8.34630921648	11.950441549
-8.37864712978	12.1140015276
-8.46317233466	12.3839656105
-8.5304528171	12.5717647963
-8.60784886487	12.732427234
-8.75941872404	12.9774334377
-8.866462621	13.1097509143
-8.99594575271	13.2479064151
-9.06563626651	13.3317453416
-9.21786547192	13.4827547693
-9.42500846058	13.6488714905
-9.62735756605	13.7583161606
-9.72861821994	13.8106066481
-9.94172232497	13.9188521696
-10.1145206979	13.9727867215
-10.3609775351	14.0263934308
-10.6304950798	14.0683941077
-10.8898755529	14.1055235917
-11.0207051716	14.0901093801
-11.1413209575	14.0759460301
-5.00880407433	0.757815804985
-4.92876951902	0.620672178723
-4.86255623637	0.586575178131
-4.79492506653	0.557462808591
-4.62341355101	0.499219037539
-4.43564427023	0.446724789479
-4.32574845602	0.410470002137
-4.28730569541	0.393324006344
-4.1261414175	0.313600874708
-3.96644683387	0.252355784632
-3.86954393781	0.199265922601
-3.75514533337	0.161073885698
-3.61236714975	0.106444388644
-3.50655162772	0.0781249979491
-3.20840581191	-0.0167159010204
-3.05170374908	-0.0431082846387
-2.97038766826	-0.0597171341844
-2.85584671182	-0.0854326585736
-2.72691726011	-0.119189952527
-2.49337428759	-0.15767872687
-2.31645997514	-0.206320139436
-2.13572625245	-0.246934496524
-1.91435723424	-0.292450593546
-1.71820299975	-0.342299397809
-1.55956713717	-0.376743674594
-1.41297216153	-0.392298298662
-1.21991720407	-0.419301647242
-15.1274372908	6.74839775874
-14.900744308	6.76016047604
-14.6883114967	6.72732486769
-14.4622891874	6.65569455747
-14.3456569049	6.63706551287
-14.2253244524	6.62030884974
-14.1170325842	6.60894150187
-14.0333125276	6.60518803261
-13.9059966616	6.60242760156
-13.8365537995	6.6039151828
-13.7375879922	6.56815939126
-13.6315850844	6.55599247815
-13.5551365874	6.53754621724
-13.3491443464	6.49747151593
-13.2272729222	6.47917562748
-13.1123561346	6.4736913462
-13.0247025089	6.33604166265
10.290571286	3.95885991098
10.5010588026	3.82992108245
10.6040667466	3.77095788965
10.6942845555	3.70116749985
10.739876117	3.64274572277
10.854827915	3.32616518995
10.9682339212	3.22660675771
11.0008552559	3.1703225821
11.0593227371	3.02986892692
11.136617187	2.90020426251
11.1618023959	2.76657336594
11.2013721994	2.67457363663
6.5690715928	-8.9435619834
6.60946150295	-9.05144552173
6.6469600007	-9.19435135254
6.70408885176	-9.30615102173
6.76560408746	-9.39438550282
6.88235188341	-9.49758816638
6.96024379541	-9.54869251696
7.08544248012	-9.62801914364
7.25298753909	-9.67501426249
7.30176290675	-9.68488053124
7.4169520102	-9.7035338005
7.5263651332	-9.71228816948
7.62306929182	-9.69983488066
7.74115882634	-9.59492923654
7.85146729301	-9.40892364855
7.93807399148	-9.29743162798
8.07689660386	-9.30248477136
8.15287262992	-9.24454616502
8.19241434775	-9.18833192291
8.29289139854	-9.06641044956
8.297857362	-8.79855966699
3.90123466994	-3.10273254872
3.80039576599	-3.27793538529
3.6282528595	-3.5088957762
3.41125218396	-3.71974397379
3.31104087273	-3.8150515701
3.09049168908	-3.98743577423
2.94680410138	-4.14406660637
2.85560814122	-4.21245432341
2.78020083988	-4.27174942697
2.61459533573	-4.39587816596
2.4795450201	-4.50898908022
2.42440897888	-4.55883349735
2.33754269043	-4.65136081861
2.24933086935	-4.73851554348
2.17941244752	-4.82099377802
2.07673149163	-4.92903513452
1.92314444259	-5.10067642311
1.82473802437	-5.22932927094
1.69517186219	-5.37206897967
1.62032665528	-5.45355960423
1.44989245916	-5.67185136565
1.36972930823	-5.78943029095
1.22595873044	-5.93960068619
1.12377024992	-6.06995163633
0.972646803201	-6.23630262168
0.871633715636	-6.40394747822
12.843377393	-4.34929526205
13.0732911999	-4.47099797044
13.2596568292	-4.54143661768
13.4243311178	-4.6546131808
13.5115600804	-4.68096112659
13.6539865341	-4.71586871653
13.7293911745	-4.75311736392
13.9107184779	-4.86162605349
14.2501402009	-5.02675169026
14.3826521668	-5.08918585567
14.4746758926	-5.14461901891
14.5801563402	-5.19269835898
14.761419429	-5.27708420578
14.9247781785	-5.35605638207
15.0861765382	-5.43898480467
15.2062165412	-5.50338724174
15.2392057064	-5.52076568355
15.3635073519	-5.54423156218
15.4934293905	-5.61757710988
15.6192287007	-5.74667933885
15.7473599978	-5.87385618563
15.8569767626	-5.9768985429
16.0379117268	-6.04518925737
16.1907421547	-6.10729038896
16.3771348198	-6.05479765439
16.5471330737	-6.00252660176
16.5471330743	-6.00252660447
16.6129782336	-5.81249872331
16.7184129618	-5.69708959325
16.7883085998	-5.56383170823
16.8292018184	-5.48198479658
16.8939641474	-5.35895943354
16.9752930576	-5.25155709485
17.0478957495	-5.14394520197
17.1846292713	-4.99083324016
17.2952505343	-4.92754768983
17.3899707398	-4.8744317306
17.4998796523	-4.85648662541
17.6475663436	-4.85720075634
17.9069546945	-4.96426589748
18.0239944953	-5.02331050133
18.0938228057	-5.07386739849
18.1931030948	-5.16425001608
-11.4364929783	7.44139051271
-11.6237882155	7.23069804234
-11.6715576441	7.17000708155
-11.7903586018	7.09410604946
-11.8698976819	7.02394017092
-11.9370208877	6.88039121098
-12.1239508096	6.62167966742
-16.3524252611	11.3647518151
-16.524424727	11.4019434567
-16.6191875271	11.3097799415
-16.7624937699	11.2735150482
-16.9000774747	11.2133645645
-17.0326280658	11.1671281445
-17.1350406944	11.1349580354
-17.2704008735	11.0991906205
-17.4382205227	11.0570217227
9.81396075625	5.7064199115
9.99824196617	5.75464968356
10.2501534567	5.77777187361
10.3531395783	5.770676698
10.4179796601	5.76730705325
10.4970202864	5.75035566021
10.60336073	5.72894006063
10.735910279	5.69600781939
10.9479923867	5.60730712918
11.0079269202	5.58300903092
11.1404428407	5.53190482104
11.2990335526	5.44594483009
11.4052874174	5.37920965791
11.5929652376	5.23481367083
11.7440380116	5.10294632729
7.38574175023	-11.439970486
7.44861902929	-11.4601010651
7.52372015346	-11.4797389476
7.61262346876	-11.4984006341
7.74375779924	-11.5236967821
7.81557231758	-11.5399588162
7.92142146717	-11.5536638302
8.0477247776	-11.5690485274
8.15579555347	-11.5774447911
8.26731333335	-11.5552537885
8.3575438147	-11.5482315358
8.44457788374	-11.5224963556
8.58397826252	-11.4730630471
8.61535314098	-11.4191089954
8.7335966414	-11.3657677501
8.79242278806	-11.3370681407
8.88167910944	-11.2918114254
8.94143570031	-11.2517429929
9.00130638395	-11.199867769
9.14388583617	-11.0812414474
9.24358504211	-11.0015813356
9.30923025601	-10.9378407422
9.41578866515	-10.8218612452
9.48074469837	-10.7758859478
9.54874830654	-10.6814551483
9.58920157096	-10.5253068444
9.72763574809	-10.2235771224
9.78735375358	-10.0748233009
9.79027211906	-10.0008079399
9.80296211954	-9.86522563538
9.8019890936	-9.7885326695
9.83034107936	-9.6355355101
9.82743838976	-9.51451884066
9.82328627988	-9.44327489211
9.82311987062	-9.42086982405
9.78649325736	-9.07092782677
9.73517386991	-8.91186885844
9.67702423834	-8.70096653036
9.60899651711	-8.53416230537
-11.6078168685	16.2863345858
-11.699404688	16.4593217798
-11.7559337625	16.5456160477
-11.7707010775	16.6792347496
-11.8287723428	16.8133988719
-11.9538696921	16.8897446085
-11.9877646577	16.9475677194
-12.0423852846	17.0472356302
-12.1147526133	17.1704690454
-12.1985811039	17.2422263671
-12.2149808048	17.2981391235
-12.2473896867	17.3952547422
-11.141350214	14.0758994439
-11.1909382117	14.0138378261
-11.0688488944	13.8362441209
-10.948813663	13.7456692877
-10.7361133394	13.4816913492
-10.5749753402	13.3212577779
-10.4934919118	13.2417235623
-10.4217751008	13.1680105144
-10.3484463596	13.1015809899
-10.2473985983	12.9927169772
-10.1545463558	12.8988300712
-10.1206151847	12.8609300725
-10.0527516467	12.7643828812
-9.98126347465	12.6639816258
-9.90155003201	12.5875608263
-9.81327350496	12.4908281362
-9.68940711679	12.3633346287
-9.58713263543	12.2425158386
-9.49067815613	12.1050721922
-9.36379182071	11.93051392
-9.32278304607	11.8563086234
-9.26809377649	11.8040178716
-9.20964672193	11.6892055709
-9.17359780056	11.6034018144
-9.14131591435	11.523105967
-9.10721262488	11.4416911841
-9.08597380417	11.3802030114
-9.04528334555	11.2746476293
-8.99917883547	11.1762988683
-8.9512047538	11.1094922493
-8.90414869611	11.0511406253
-8.79777614078	10.9906437051
-8.63786076509	10.9909622116
-8.532545416	11.0511532632
-8.38148000344	11.1312081295
-16.950843882	5.17993004002
-16.8655894654	5.33822892724
-16.7909143032	5.63786568324
-16.7588300541	5.79076930709
-16.6950982111	6.04038231725
-16.6778176845	6.20068197611
-16.6690843755	6.3757219065
-16.6546884663	6.55960340217
-16.6189867624	6.71956408866
-16.5403271152	6.87900294977
-16.449490232	7.02376204718
-16.333488911	7.1531272026
-16.156813419	7.28872824549
-16.0130838162	7.35025206363
-15.9094915785	7.35235929845
-15.8011866475	7.34520568978
-15.7213694795	7.31504047391
-15.6180230486	7.2405560093
-15.4376789047	7.07363067267
-15.2699426276	6.86340312331
-15.1273973199	6.74860656461
-6.77373739322	3.47650897745
-6.99169130101	3.54618849474
-7.11642129986	3.57216303002
-7.32354468836	3.58131635031
-7.56548997128	3.58471300586
-7.74305469052	3.57886827302
-7.92163260274	3.57454421344
-8.08700584992	3.54121301956
-8.23234979464	3.49941409445
-8.35235177981	3.45603564156
-8.47252373538	3.41174430844
-8.6438590319	3.3471451714
-8.91230557484	3.21974647999
-9.1180087118	3.10041907225
-9.21789018352	3.03605563079
-9.4982789313	2.84443140456
-9.73275312396	2.62777409442
-9.84190757518	2.50138719488
-9.92950677363	2.40463602313
-9.9919661066	2.32887306734
-10.0779572228	2.19885738713
-10.0903163894	2.03668473008
-10.1045990025	1.85290261716
-10.1038778858	1.79059301146
-10.097231919	1.59527928082
-10.0429984568	1.4662759287
-10.0005749889	1.37941307951
-9.93089700622	1.26709745154
-9.85233863305	1.15206741677
-9.64899155424	0.922676255584
-9.5725521379	0.853376461683
-9.40189769691	0.737356292997
-9.30895673689	0.676356395973
-9.25660373843	0.646526293239
-9.14171792611	0.582530479743
-8.96638905674	0.482701903509
-8.76660544202	0.402223389426
-8.55183547433	0.331310003619
-8.39226725388	0.28714070609
-8.13576938013	0.228233282615
-7.93769335151	0.210716744232
-7.82505125364	0.203203171966
-7.65081613561	0.200729794978
-7.48857799696	0.205880096598
-7.3165429737	0.208694142969
-7.06650170437	0.25433633715
-6.96220690661	0.273038024237
-6.85653744348	0.280536335793
-6.65622777811	0.32812615148
-6.48941452372	0.357519194872
-6.35990883432	0.391496542884
-6.28235556737	0.384283250409
-6.19766095321	0.403518393897
-5.98673972955	0.454383189703
-5.90171644032	0.469977943275
-5.7668088797	0.500034288986
-5.63203299276	0.54891113488
-5.4316406139	0.596153176045
-5.1957565226	0.662553883285
-5.00880199708	0.757820693642
-14.3122446853	5.07980674446
-14.3851191772	5.30367906691
-14.4851014667	5.4278923924
-14.5861331	5.59375589719
-14.7072751835	5.74593186484
-14.7759540183	5.8745637939
-14.8691284969	6.02089964995
-14.9884176904	6.26584515442
-15.0919152064	6.49511977433
-15.1274457669	6.74840656349
-3.38606759087	13.4401113012
-3.57425935344	13.3924790173
-3.6355947526	13.326115359
-3.76910794506	13.1994757037
-3.89504296788	13.1104722155
-4.02145943225	13.0001499542
-4.0769293104	12.8644141072
-4.14152814273	12.693677197
-4.14067447224	12.6329172682
-4.15456775742	12.568210269
-4.16306310634	12.4624141301
-4.15519178777	12.3797805552
-4.12731989033	12.2540333442
-4.07899139518	12.1033845976
-4.09495046305	12.0311721413
-3.3860411293	13.4401249604
-3.14871093584	13.4467075289
-2.90492786581	13.4465309787
-2.77813370631	13.4330843202
-2.67329231673	13.4243935659
-2.49205970675	13.4034256909
-2.38081849645	13.387144096
-2.19754059285	13.358321489
-2.06538605083	13.3388642446
-1.96303762959	13.3214811876
-1.73608971126	13.2811770794
-1.5847945402	13.2501711444
-1.41814076007	13.1789198678
-1.26972762004	13.145403892
-0.993998270149	13.0880001171
-0.817999884366	13.0414434595
7.41432972923	7.37283867911
7.71322905513	7.20210393975
7.88000813563	7.14886808673
8.01721509465	7.11138992094
8.21963193887	7.04939315273
8.30026644265	7.02844777803
8.49642145953	6.97372965963
8.66996191836	6.91348411044
8.84527325324	6.84757312029
-7.6418962398	10.440302642
-7.77086698679	10.4979932789
-7.89253800382	10.5336934725
-8.00624055968	10.6233415543
-8.23292320672	10.56832669
-8.3214843647	10.6509686154
-8.36165622464	10.7760878338
-8.38819128665	10.8331393876
-8.38109401422	11.1315416905
1.56831875117	5.23693716752
1.7059784304	5.08596832271
1.94906980783	4.96365062912
2.05951172247	4.91231107981
2.21422757959	4.82612858522
2.43007221706	4.71128754502
2.55404043709	4.65781751372
2.72847122178	4.56911113075
2.86483678001	4.48192969
3.02856421725	4.40610319488
3.21194408923	4.32671343071
3.4160563446	4.23540401736
3.57693417282	4.16892202849
3.70751543419	4.13174536566
3.80309580398	4.10415536935
3.92014852136	4.07186463782
4.36328153957	3.94554592257
4.55327839218	3.88935659134
4.65467996748	3.86782605431
4.71055418861	3.84553399093
4.81155552671	3.81326382965
4.85318028825	3.80195772348
5.0056043044	3.75733392749
5.1004550122	3.77492999271
5.22541698829	3.78834403718
-14.3913425562	-4.13622610477
-14.3312392987	-4.32331802884
-14.1888236374	-4.60144104021
-14.0795480323	-4.81084983616
-13.9888955426	-4.95806049478
-13.8315463849	-5.19175423123
-13.7205181628	-5.39803221861
-13.5264557533	-5.64046580754
-13.4329635979	-5.77752596372
-13.3705382334	-5.87956151109
-13.2904964358	-5.99799461037
-13.2135326965	-6.11223359925
-13.1514629077	-6.19423783733
-13.057591208	-6.32105475578
-13.0325116007	-6.36110026864
-12.8859678042	-6.56197608825
-12.7684102357	-6.74977521197
-12.6646664739	-6.93436964701
-12.5832899665	-7.075598852
-12.4999505698	-7.23912108627
-12.3525276283	-7.4418313652
-12.1764888794	-7.70130128411
-12.0839835499	-7.82514523644
-11.9449731199	-8.05845751739
-11.8606834519	-8.16655240859
-11.7537869966	-8.32947990643
-11.6401544651	-8.48915832413
-11.4975094466	-8.68093826031
-11.3329129333	-8.90072362461
-11.2141006243	-9.0544815018
-11.0469493164	-9.26544100787
-10.9161177809	-9.42597072187
-10.7053074748	-9.6767392017
-10.5492450474	-9.85807558751
-10.5413744018	-9.86696951082
-10.4120028349	-10.0361337152
-10.2971278601	-10.1734562713
-10.208059659	-10.2779588037
-10.1815448438	-10.3098291259
-10.0720151127	-10.4180887369
-9.95296663142	-10.5660388559
-9.90651529328	-10.6292263563
-9.84578870524	-10.7336055273
-9.76260305657	-10.8517022231
-9.67305408916	-10.9863686995
-9.57809394707	-11.1428600283
-9.49247751348	-11.2807813027
-9.39890052137	-11.4293873453
-9.31891077251	-11.5628721969
-9.25042762339	-11.6727267667
-9.13538651389	-11.8879126809
-9.05366783101	-12.018088973
-9.00512059119	-12.124897179
-8.95363131537	-12.2481256503
-8.89424147353	-12.356434844
-8.88169196144	-12.4431548187
-8.83430449676	-12.5489554118
-8.71354067318	-12.7918763775
-8.60261545228	-13.0000268691
22.8549444563	-12.7224408343
22.7574728352	-12.7493507432
22.6774432424	-12.7767383291
22.6109657809	-12.8035150988
22.5193121676	-12.8478401796
22.312793887	-12.9674561648
22.2605119183	-13.0036999524
22.1599669776	-13.0846249919
22.0850072689	-13.1312938908
22.0373376516	-13.1758744207
21.9776888576	-13.2229506441
21.8447940264	-13.3185775813
21.8052212183	-13.3477384992
21.7507819426	-13.389179808
21.6446016744	-13.4678106765
21.5565906831	-13.5398497749
21.4860487932	-13.5919780159
21.3834569586	-13.6768019182
21.2713404477	-13.7626500564
21.1477360198	-13.8543418502
21.0686075882	-13.9077526244
20.9770332488	-13.9660123828
20.8595176388	-14.027812887
20.785600792	-14.0693692107
20.7056884434	-14.1108820277
20.643131774	-14.1427637409
20.5169968549	-14.2043754492
20.442373626	-14.2319682225
20.3680920955	-14.2626978729
20.2637833292	-14.2801651314
20.1815766398	-14.2851146184
19.9861408738	-14.3054104374
19.7772366901	-14.3109969731
19.5911461316	-14.3259427661
19.4835052467	-14.3014753099
19.393877403	-14.2749638391
19.3031623305	-14.2406508725
19.2099292654	-14.217605268
19.0469261721	-14.2468044159
18.9494322601	-14.2063400136
18.8142131494	-14.1100044188
18.748168797	-14.0155360535
18.7676028593	-13.8714424663
18.7142870842	-13.8008756283
18.6695112569	-13.6375563861
18.6005895171	-13.4603650804
18.5173822783	-13.3684118413
18.3758202132	-13.2030274677
-14.3913414816	-4.1362222139
-14.2842468051	-3.9791553955
-14.2323906197	-3.86562727092
-14.2075970849	-3.75433028051
-14.188804762	-3.58095427461
-14.1766090379	-3.41741984493
-14.1994939273	-3.20675582536
-14.2434916138	-3.02260578051
-14.2953057808	-2.82329494441
-14.3801157214	-2.61931969078
-14.4365770892	-2.40609409724
-14.509706021	-2.10484238754
-14.6165147821	-1.6691753122
-14.7015685967	-1.23008736726
-14.7743161862	-0.858573000411
-14.8412578143	-0.5187907534
-14.9274075572	-0.0505441321994
-14.974570366	0.233811789455
-15.0363830406	0.592117476569
-15.0635853893	0.774208804275
-15.0851977531	0.933270060778
-15.1041910573	1.08928798365
-15.1133417521	1.49567641813
-15.1308785	1.78328060589
-1.21999441358	-0.419422659582
-1.12110452299	-0.574230470648
-1.08238823701	-0.681777274346
-0.994811103882	-0.775181925891
-0.910399654477	-0.866587779056
-0.81578356734	-0.989145610114
-0.726992294627	-1.04980427344
-0.579056507293	-1.196987135
-0.321952806969	-1.39988270183
-0.239784476969	-1.46345992784
-0.148350481686	-1.52733187203
-0.089218134924	-1.57303596152
0.0224723115548	-1.70513663407
5.22551370696	3.7884443972
5.37543922965	3.70245541918
5.44331482406	3.65951873478
5.6196946695	3.51297382818
5.79221219137	3.35082838607
5.96767881205	3.20067781007
6.18507886799	3.01990511803
6.29020733678	2.97792161581
6.4602580608	2.82370006763
6.60879243283	2.73577044126
6.71754581994	2.6491655129
6.89936659009	2.53975583936
7.05419061426	2.40375157656
7.16801499801	2.32729329104
7.2751704508	2.24429817056
7.4266198875	2.17367525439
7.42643746615	2.1737348261
7.49813159872	2.23888634428
7.57140154363	2.25508272287
7.71760662031	2.29394983659
7.85771791745	2.3440204355
8.01986348355	2.39207192324
8.09606285263	2.41686010963
8.21328186463	2.45466563997
8.29530434904	2.49188593124
8.52537320513	2.59972365139
8.60645234465	2.6482931403
8.7642652687	2.77981561186
8.9233826992	2.88109650169
9.07533769195	3.00022949096
9.25201360937	3.14358957959
9.42874079897	3.32768857055
9.46731778224	3.36846661909
9.54551776381	3.44890337238
9.64457095801	3.55495876231
9.77486697522	3.61676618971
9.83317187748	3.7033373964
9.90467221594	3.76364215611
10.0181133224	3.79972719502
10.0693284836	3.85394933409
10.0912901814	3.87347000741
10.2906032615	3.95884278154
1.32190244307	-2.2319190791
1.22414510324	-2.12604412641
1.00491423608	-1.98155677332
0.797145604076	-1.87826100571
0.684839111252	-1.80574209135
0.358085599888	-1.79169797982
0.217574214876	-1.74900503017
0.0224944285504	-1.70512164308
3.28814797001	-2.65605088298
3.49190699192	-2.87102914278
3.62989164467	-2.96620981607
3.90080901946	-3.10292287355
8.2979006122	-8.79859760103
8.50782430458	-8.80214071243
8.65573739863	-8.86440834194
8.71586482744	-8.85110115301
8.81493072198	-8.84805687454
8.88255833368	-8.8370927469
9.02080136061	-8.71456999609
9.14251362272	-8.68729604977
9.30304587469	-8.6070354161
9.43687621454	-8.59003138038
9.5414825676	-8.58934962257
9.60900034014	-8.53416155715
-8.29237314008	-9.83907021127
-8.27419687833	-9.99517077237
-8.22356803429	-10.1412275574
-8.1832836031	-10.2428614647
-8.12347970655	-10.4150840142
-8.03253810348	-10.6340613055
-8.00624132196	-10.7086560545
-7.94071862645	-10.9053421176
-7.88434797418	-11.084993578
-7.83807016354	-11.2589029769
-7.76603733153	-11.4563132486
-7.71543482586	-11.5867699093
-7.66921555351	-11.7258433267
-7.62368157561	-11.8539918582
-7.59480412789	-11.9333978633
-7.56394405303	-12.026825161
-7.52467497324	-12.1187312562
-7.48212125101	-12.2057291038
-7.44224524627	-12.2943885937
-7.39035605249	-12.3894000573
-7.3277102301	-12.5155798862
-7.28022538009	-12.6030401705
-7.24381048958	-12.7110038834
-7.17827758069	-12.7986460582
-7.08614481312	-12.8934608524
-6.96912758534	-13.0036392135
-6.7865339573	-13.1254530893
22.860581855	-11.0846007323
22.7623072799	-11.0439733674
22.6150837236	-11.0253132528
22.5045753751	-10.9734702837
22.3940406013	-10.9360073395
22.2854922057	-10.9004274891
22.1867263781	-10.8815969168
22.0898797545	-10.8623017799
21.9871207213	-10.840051989
21.8348217574	-10.8348841446
12.0668043367	-12.3297076532
12.1415781733	-12.5130374843
12.2470042804	-12.5832834903
12.3346977067	-12.6339236148
12.4472862176	-12.6937279683
12.5595255448	-12.7185164533
12.6535299633	-12.8309133888
12.9375971627	-12.9744558683
13.1429771882	-13.061176152
13.2205667477	-13.0989552087
13.2656990135	-13.1033112943
13.3947330473	-13.1611630986
13.5350206819	-13.2447816631
13.7183984717	-13.3223547567
13.8423111961	-13.372325438
13.9167967791	-13.4057798227
13.9965147914	-13.4381645415
14.0714525447	-13.4671427109
14.2129653922	-13.522879422
14.2987828709	-13.5564759253
14.4089699934	-13.6040512355
14.5560856116	-13.6673379836
14.6253676919	-13.7016236526
14.7195188924	-13.7555744787
14.7895174657	-13.7884377739
14.9411458742	-13.847032098
15.0476869226	-13.9001278011
15.166310842	-13.9621101446
15.331860352	-14.0453819395
15.4540742921	-14.0514826203
15.5578284137	-14.0845125274
15.7764227145	-14.203680421
16.0221951642	-14.304971247
16.1038678898	-14.3303734654
16.2232171385	-14.352627309
16.3535996031	-14.3649125572
16.5191597848	-14.3513085674
16.6430785583	-14.3290774817
16.666313589	-14.3088914973
16.721708467	-14.2909484221
16.8224807039	-14.13425802
16.902827419	-13.9998284422
16.9854775506	-13.9140385531
12.0528292376	-2.38511885548
12.0474418318	-2.58460207801
12.0667965844	-2.74987114983
12.1123214225	-2.88971529334
12.1339966675	-2.99751113272
12.2181741515	-3.09657637605
12.2641946839	-3.18788919903
12.3028768032	-3.26324472997
12.359559662	-3.4055248285
12.3960301168	-3.553190737
12.4894053177	-3.69956974336
12.6002425421	-3.88801375673
12.5837023209	-3.96089272508
12.6607596334	-4.06462846069
12.7563303985	-4.19683532865
12.8433607448	-4.34931211153
12.0527825334	-2.38511060959
11.8894585993	-2.3362078354
11.7354259395	-2.28592639778
11.6482629012	-2.25360281526
11.5310386756	-2.22092485789
11.3728109573	-2.17185151791
11.2636094281	-2.13973005603
11.1581664186	-2.10548867073
10.9127633446	-2.05105849177
10.6773754798	-1.98442205576
10.31143168	-1.96504109136
10.0483742823	-1.9285808538
6.42041795504	-3.23616167052
5.99380940118	-3.25725703414
5.71943175312	-3.2531739842
5.46668494957	-3.26108047559
5.31986346035	-3.24900059682
5.13864877116	-3.24915935701
5.10482383559	-3.24589083342
4.709588085	-3.2315567753
4.43969851412	-3.19611698207
4.29928696991	-3.17707891185
4.11857988151	-3.14607198983
3.90123771702	-3.10272565781
16.7626793718	-6.55157210851
16.6587343855	-6.41013104607
16.6244569385	-6.34978782964
16.5471315298	-6.00252698965
16.7623908412	-6.55154021092
16.7123590929	-6.60999886096
16.7002890156	-6.64884598467
16.7232954773	-6.82412503223
16.7770814958	-6.99003442517
16.8338489615	-7.16180664071
16.8974316321	-7.34538363027
16.9440895049	-7.55629184614
16.9623289087	-7.77886297574
16.962728135	-7.98688166944
16.9760450175	-8.15337464608
16.9876954394	-8.35497161563
17.0101892971	-8.58251954966
16.9963467943	-9.00642320798
16.9724337125	-9.31509650992
16.9293932382	-9.59020538098
16.8667803211	-9.97886064851
16.8406917077	-10.1502268061
16.818214199	-10.2877503928
16.8006121596	-10.3853383972
16.7476486811	-10.6398303084
16.6976768372	-10.8321703036
21.2193986153	-9.63011909926
21.205725541	-9.48280483025
21.2131945768	-9.35292020431
21.2183642914	-9.1699101032
21.2043978577	-9.02092778357
21.1897809154	-8.90751840658
21.1705856205	-8.73807036356
21.118560177	-8.37913045178
21.0817073987	-8.14490726467
21.0626246716	-7.99232570604
20.9997854454	-7.78441141793
20.9234235349	-7.56716253295
20.8884116866	-7.4430107353
20.8545497038	-7.31440053511
20.8299716628	-7.20042463828
20.8513179488	-7.07974068624
20.901766502	-6.99435672345
20.9383586894	-6.89412123024
20.9604499466	-6.82198264105
20.9981905267	-6.69680201078
21.0407670411	-6.5723018167
21.0675129002	-6.49891901961
21.113990125	-6.38556436503
21.1536118211	-6.29490636158
21.1920550208	-6.21940773559
21.2242964564	-6.13821807862
21.2369835377	-6.06212737412
21.2689414484	-5.95778494075
-4.12127997699	-10.0184959125
-4.27052473159	-9.94830270017
-4.35958819122	-9.90346358343
-4.53360243608	-9.8131127833
-4.6116191635	-9.76579120786
-4.71068204167	-9.682051004
-4.78809153061	-9.61360485133
-4.86826343658	-9.55489571078
-4.94420889983	-9.49804160305
-5.00104367629	-9.45287663591
-5.07795391103	-9.38882540003
-5.13417040322	-9.33441048168
-5.29971610015	-9.13213965721
21.2192954751	-9.6302009082
21.0885968197	-9.56342731572
20.911333715	-9.57051981339
20.8295856125	-9.56274265899
20.5832301047	-9.54544915592
20.4353032289	-9.52845339663
20.2494669918	-9.51372965616
19.9871936101	-9.51789596361
19.7906993662	-9.50503259191
19.608424382	-9.45847023587
19.3613026377	-9.43009654032
19.2354408305	-9.40406580979
19.1527479197	-9.3915911177
19.0720940064	-9.4273478355
18.9025953165	-9.42349324908
18.9025777953	-9.42347176286
18.8065954126	-9.55677648502
18.7673440188	-9.61485236251
18.7433063729	-9.65561630168
18.687461875	-9.73555655798
18.5708862873	-9.95316973335
18.5138054342	-10.0463357625
18.4353807538	-10.2093908561
18.4432025216	-10.4382391567
18.4568416603	-10.614618607
18.4501797904	-10.7464344656
18.4626439761	-10.885795026
18.4952680647	-11.0947497949
18.5017627547	-11.2431541845
18.5761078699	-11.3859040966
18.6120751749	-11.5743935426
18.6217213038	-11.6935832337
18.6488346027	-11.99722731
18.6187313858	-12.2550423586
18.635250175	-12.3429388084
18.653765155	-12.4085146965
18.7324773157	-12.561478154
18.7329876779	-12.561600504
18.9180922287	-12.6609976682
18.9726087935	-12.6925451882
19.0491011497	-12.7427483926
19.1600787626	-12.7180724223
19.2257285939	-12.7052521134
19.302435236	-12.6830731847
19.3773589615	-12.6646930547
19.5991910239	-12.573663887
19.6932546745	-12.5516474198
19.7852778059	-12.5070244646
19.8965494203	-12.4576733767
19.9433942274	-12.3449198061
20.0293004432	-12.3109679283
20.1838383651	-12.2380699729
20.2805159663	-12.1940917601
20.3658896556	-12.1514868696
20.4415025975	-12.1106988636
20.5785386931	-12.0701660213
20.7069933675	-11.9832459164
20.8873349809	-11.835265963
21.108725166	-11.6291826775
21.2288036282	-11.5017293604
21.3761759716	-11.3367380102
21.4288946888	-11.2700235793
21.5205916679	-11.160238271
21.635151527	-11.0211619841
21.8348217834	-10.8348841391
11.3206655711	-6.34421693924
11.4224922412	-6.24205992496
11.4756586669	-6.15653081211
11.4956803445	-6.10437629878
11.5593149206	-5.92544926241
11.5896766143	-5.78739679195
11.6318382448	-5.68922302157
11.6483224908	-5.60884786912
11.7037510232	-5.5253464306
11.7491184776	-5.41818633243
11.787166672	-5.35475093051
11.8383898348	-5.26891543646
11.8866413682	-5.20126180546
11.9666274597	-5.06557495763
12.0278528587	-5.00037366358
12.0975069593	-4.91177806743
12.1628612631	-4.86099609251
12.2666688139	-4.77529225909
12.3721496644	-4.64915149939
12.4611323818	-4.57364844463
12.6308024916	-4.47629192134
12.7900591593	-4.39253137066
12.8433736092	-4.34928678512
-5.29969772801	-9.1321396881
-5.26927878905	-8.84931790782
-5.22701663641	-8.69674525287
-5.17283294349	-8.54900256185
-5.13415007661	-8.43696891967
-5.11047691906	-8.35684473749
-5.0501563001	-8.1447964623
-4.98673649891	-7.97338166677
-4.93485662966	-7.7649940631
-4.87050878231	-7.43931377413
-4.77277469768	-7.14907926203
-4.70528073527	-6.97853595673
-4.67590841477	-6.79079539455
-4.64329431916	-6.56241181002
-4.67996102698	-6.35085892572
-13.6681128575	14.3600730688
-13.6012947435	14.3168106185
-13.447477639	14.2458051344
-13.2959667701	14.1904798971
-13.229584029	14.1396490523
-13.1676193647	14.101221784
-13.1005859565	14.0594921052
-12.9755264867	13.9594017575
-12.8874737749	13.8777176438
-12.7722482698	13.7849435161
-12.6274019516	13.6662299547
-12.5615056264	13.566352133
-12.4997175244	13.4763740774
-12.4362543749	13.3864278364
-12.3255061391	13.246643358
-12.1889489801	13.0300451256
-12.0332665182	12.7677096998
-11.9377630289	12.6302502376
-11.8824357903	12.5625931757
-11.7419165924	12.4479725136
-11.5118292082	12.2009148815
-11.3884621077	12.0943607502
-11.2416527871	11.9642832751
-11.1259302065	11.8512333641
-11.0463471096	11.7751865271
-10.9817241567	11.7104834469
-10.9421989859	11.671270824
-10.8977418599	11.6281859548
-10.828640715	11.5609681283
-10.5086168191	11.1551459408
-10.2901852626	10.8730461317
-10.2403103927	10.8056001626
-10.0970799876	10.6066603434
-9.98600319256	10.4143651456
-9.90450172131	10.2555828844
-9.90790894319	10.1250445101
-9.88838700416	10.0313008903
-9.98181377099	9.75708777651
-10.0244940098	9.65366086661
-10.1908074257	9.44888783551
-10.2770205525	9.2909057227
-10.4195602487	9.12077840981
-10.5200107183	8.99558562422
-10.6602672026	8.83260277505
-10.733839747	8.75921413455
-10.7973459896	8.68256018625
-10.9318259387	8.51107281242
-11.137964084	8.19632944324
-11.3330698005	7.91509832255
-11.4203042303	7.74139157376
-11.4461894264	7.68585943749
-11.4365339614	7.44142726586
-4.0949504632	12.0311721413
-3.88020594638	11.9383905511
-3.7119279652	11.8662820239
-3.52686239972	11.7531494
-3.31803954882	11.6655959962
-3.19134147342	11.5990070394
-2.9723773761	11.4924251201
-2.87068525736	11.4528203787
-2.72661165565	11.4228519832
-2.36855232242	11.2768727268
-2.0507838937	11.1397525487
-1.81701313503	11.0220082237
-1.64288730087	10.9416098872
-1.42658728732	10.8390491426
-1.26951291497	10.7498697578
-1.12041048069	10.6592040096
-0.987306145545	10.5836241796
-0.594368646564	10.3184575599
-0.372433181805	10.1732914769
-0.132049222748	9.98868529163
0.0208426631387	9.86845146172
-12.2661690637	-2.27829723998
-12.3090317501	-2.438371958
-12.3510907061	-2.57693887556
-12.3778145383	-2.7484311169
-12.4113745269	-2.88316800218
-12.395125237	-2.99139984908
-12.341941842	-3.2351155687
-12.3200858046	-3.42554378481
-12.3757310511	-3.53567616944
-12.318065063	-3.70888429562
-12.3051110467	-3.77889105365
-12.2960071333	-3.89497704862
-12.3017288556	-4.00688989777
-12.3239235794	-4.24436413806
-12.2664934465	-2.27832143028
-12.3184609757	-2.07447393922
-12.3498255065	-1.92296945025
-12.3876746078	-1.64689163073
-12.4385964063	-1.48755675917
-12.455977701	-1.39143034799
-12.4632678686	-1.31522793844
-12.4825079493	-1.18317933332
-12.4771977463	-1.06873692046
-12.4946984542	-0.919288908108
-12.5022429065	-0.767196531512
-12.4496186663	-0.527845487293
-12.4758939785	-0.356647797176
-12.4482833501	-0.258294106474
-12.4269506837	-0.198886929556
-12.4131372416	-0.0218781223904
-7.51948630429	-2.31444611811
-7.6375635505	-2.11405912256
-7.69899608571	-2.01399821586
-7.7186106445	-2.00079698596
-7.79981279726	-1.85198336694
-7.93655068096	-1.69512845239
-8.04530748231	-1.56541358633
-8.27672623394	-1.30372340126
-8.49231451904	-1.06002821774
-8.82129418452	-0.81174225831
-8.88185315102	-0.764581225326
-9.04685378511	-0.66162739779
-9.11907669404	-0.610795197864
-9.3398102579	-0.471171512876
-9.53871950285	-0.368819510096
-9.82370721187	-0.226022573039
-9.9993663247	-0.172535441261
-10.1339846198	-0.140726060825
-10.2592248558	-0.105520722496
-10.3877034316	-0.0862594737364
-10.5643135666	-0.0508061325955
-10.753404859	-0.0256712897727
-11.1243141661	0.00761135768622
-11.3433040579	0.0251555236115
-11.5091277978	0.0416780641805
-11.6897022193	0.05643784985
-11.8544348106	0.0775444035509
-12.0216299805	0.088080688749
-12.0748540808	0.0884753880838
-12.1839114679	0.0774424978185
-12.4131254207	-0.0218086946557
-4.6799392146	-6.35086255826
-4.82484130029	-6.24008338809
-4.90083079675	-6.20096829847
-5.13612700668	-6.06956305228
-5.27741612213	-6.01630847107
-5.43828321475	-5.97076838588
-5.59643680538	-5.92383902069
-5.8703314851	-5.84117762677
-6.18408043767	-5.75741113982
-6.23121162316	-5.7439218831
-6.40438026194	-5.70918847756
-6.72520774146	-5.64917013922
-7.10064225187	-5.61788888517
-7.2457435122	-5.60358295105
-7.51891797877	-5.59608753865
-7.64635922794	-5.60192444934
-7.7981559568	-5.62970745778
-7.87952147278	-5.63898997855
-8.08026601347	-5.68112160519
-8.28006768847	-5.73192801405
-8.43384357639	-5.77905179923
-8.58834492052	-5.83004634807
-8.81850389542	-5.9210397169
-8.92122264044	-5.96201175667
-9.0179933713	-6.00243361893
-9.1163687575	-6.05306766539
-9.20834204163	-6.09752921471
-9.30304116407	-6.14116176991
-9.40201236327	-6.17888447331
-9.59501708109	-6.26532301794
-9.71327418884	-6.37328987415
-9.81066498042	-6.43738938098
-9.98659522306	-6.55853174985
-10.0867741173	-6.74893658581
16.9849166194	-13.914662229
17.19418648	-14.0590321848
17.3059617564	-14.0249902523
17.3734713629	-13.987659888
17.4711228592	-13.9689012695
17.5635326773	-13.9296402461
17.5988695695	-13.891778071
17.6816983073	-13.7969246946
17.8090617937	-13.6361301632
17.8763360412	-13.5766059742
17.9497040765	-13.4907419114
18.0388540946	-13.3953538819
18.1443726128	-13.2508181439
18.2136164032	-13.2098079314
18.3758202132	-13.2030274677
-5.00882131202	0.75780911023
-5.0002267282	0.918366771735
-4.91986497772	1.17302058801
-4.82649874784	1.37510068366
-4.76744482922	1.5303088502
-4.72173798335	1.62933640674
-4.65981503405	1.79115889998
-4.59045725905	1.89628730435
-4.4540969375	2.058295763
-4.27896590064	2.21753238244
-4.14321652361	2.29955969281
-3.94491120984	2.4282193983
-3.67686543622	2.48579634157
-3.41854650824	2.53851711283
-3.32711991321	2.5544992514
-3.13736039721	2.59981047991
-2.99488466172	2.61364702138
-2.84079237544	2.61742761635
-2.66382387656	2.63104087301
-2.47053139231	2.63072643949
-2.13853322639	2.64035117986
-1.95222280117	2.64024601287
-1.79590300503	2.6282696149
-1.60881554283	2.60982197615
-1.23950326974	2.52823360299
-1.11292181788	2.50098459474
-0.967196264845	2.45847884678
-0.788900371679	2.4105499952
-0.624720972985	2.35560192484
-0.416208200755	2.28848135541
-0.249826234669	2.24263250117
-0.0369294417198	2.1508263347
0.133240431842	2.06581113154
0.28520227524	1.98178278718
0.379641240564	1.92329588051
0.598677790618	1.76415118205
0.684133639513	1.72274221795
0.815575209325	1.62485852409
0.985965419301	1.50133021801
1.09104404178	1.42150046801
1.21425543753	1.29688329541
1.28504258841	1.24880631748
1.43756672943	1.12758455997
1.64957174034	0.973875431297
1.7979589225	0.884030988337
1.88498711792	0.837202992481
2.18626976324	0.71193213135
2.36167036697	0.668358548057
2.52641180548	0.615674072072
2.74080815397	0.555501761632
3.0168397052	0.482055035353
3.37160577747	0.415568786981
3.60933034751	0.30982781691
3.72999011919	0.299285190932
3.788302465	0.29268061443
3.89285759003	0.279450189617
4.01303684203	0.27087862835
4.20826182511	0.252612399591
4.39811978933	0.232315171559
4.62267732436	0.211183090933
4.81162556226	0.186228250086
5.00112025569	0.15090633608
5.14850423281	0.122721463245
5.26522711934	0.0992860924239
5.42189910904	0.0673426664537
5.63070423526	-0.00836130447467
5.86612660511	-0.114126956148
5.91830058021	-0.138116077587
6.19850553923	-0.284297817635
6.41489074016	-0.39687156019
6.60930828597	-0.501199631881
6.82946386777	-0.629993396335
6.90512282805	-0.697072371264
7.04650060026	-0.791748087951
7.1631258812	-0.858549235814
7.4055520126	-0.998594096341
7.70525725283	-1.17388289299
7.87355050531	-1.27429410479
7.97741549705	-1.33347022453
8.06761861933	-1.3878884818
8.26698061174	-1.52491526063
8.37506440544	-1.60858340948
8.57181391319	-1.79104972898
8.69199228379	-1.92267169492
8.75250589756	-2.00744805402
8.82107577958	-2.12490064735
8.94384933868	-2.43947405393
8.99705632716	-2.68496028107
9.0497497071	-3.01816784525
9.09694434232	-3.42406589613
9.14956943114	-3.64827600907
9.21197294804	-3.84128063295
9.24000599539	-4.00017483073
9.3246967037	-4.2180698667
9.41781009958	-4.38822417835
9.50588682763	-4.5564841565
9.59434973782	-4.75287260623
9.62916390408	-4.86357393588
9.68657162171	-5.0011068241
9.74990851024	-5.18791081691
9.79402155141	-5.3340101427
9.81296802671	-5.40983952395
9.83971155977	-5.534418272
9.86129725144	-5.66045355284
9.88793836951	-5.86747793783
9.89951465975	-5.96351636861
9.90809662503	-6.0658651026
9.92618632324	-6.28498228308
9.94189746895	-6.47286104403
9.99295699176	-6.60612133474
9.98154949663	-6.91162278942
9.96747667159	-6.99364821183
9.95943531578	-7.0955259305
9.94972629691	-7.23160241361
9.94118332603	-7.35628241959
9.93116451846	-7.50337431867
9.92209308207	-7.596518228
9.91258049358	-7.71934571345
9.85583555433	-7.78971584122
9.80960284944	-7.90039396835
9.76580693649	-8.10499517229
9.73880253177	-8.21656858846
9.70671112899	-8.30828621439
9.68621408541	-8.37643813297
9.60902829022	-8.53414702642
-12.3239150767	-4.24432011721
-12.2790792696	-4.41434848615
-12.2278344144	-4.49005741323
-12.1044648094	-4.63032538902
-12.0190593502	-4.73162768797
-11.8970963429	-4.83445606577
-11.8174997719	-4.92402844642
-11.7398655723	-5.01585983021
-11.6128952263	-5.14945345319
-11.5707662619	-5.225318677
-11.5092146555	-5.29190299958
-11.4251267462	-5.3865771849
-11.3567891576	-5.46288007151
-11.2518618159	-5.59354056894
-11.0561758911	-5.78513834025
-10.9788039815	-5.86961103373
-10.857016747	-5.96907424696
-10.6843169884	-6.1323739578
-10.5623005383	-6.30616032302
-10.3943700728	-6.50776725217
-10.2613308252	-6.59167497974
-10.1964213236	-6.61423725322
-10.0868558203	-6.74893650912
10.2906032615	3.95884278154
10.2036874497	4.10060594267
10.145841901	4.26987280148
10.1247916856	4.38578425748
10.0139562755	4.58285593052
9.94035460839	4.67810224128
9.87847390941	4.80910634358
9.81404653588	4.97958444826
9.78267899912	5.04469770578
9.72007077791	5.20188420025
9.70284658629	5.34379005662
9.8142243084	5.70618968613
-16.3524575994	11.3643406226
-16.2574204154	11.1847175392
-16.1974945826	11.1240835245
-16.1540816352	11.0576686801
-16.0519711675	10.9039417201
-15.9253085041	10.7130155872
-15.8335882634	10.6069865169
-15.7397025021	10.5210331683
-15.664573195	10.4540928028
-15.557206186	10.3670839376
-15.4836424839	10.320658206
-15.361585276	10.2304018662
-15.2634447796	10.1582375155
-15.1405542864	10.0927313775
-15.0626850442	10.0576175196
-14.9607389696	10.0056727527
-14.9032902322	9.97926536107
-14.7483020808	9.91117311994
-14.6049728628	9.84724810457
-14.4890970457	9.7995298179
-14.376935382	9.73928567517
-7.89495602433	5.59173161374
-7.79015872817	5.5781515897
-7.62320335371	5.57402929682
-7.51894233576	5.57643335684
-7.33672463539	5.59298880226
-7.15687246493	5.61121878058
-7.05512618832	5.6364584814
-6.93092288519	5.65981897644
-6.74701298816	5.69612333396
-6.6484677401	5.72283542068
-6.57095249519	5.74444167519
-6.47332308903	5.77423189095
-6.33692998207	5.81830537522
-6.08452351097	5.90390000173
-6.01449555692	5.9309362142
-5.91909758239	5.9721822568
-5.88767580235	5.98808992151
-5.65376038663	6.0993541168
-5.52209365128	6.17402465863
-5.37621473622	6.25155113251
-5.27220519987	6.32099761053
-5.18654872867	6.37876153713
-5.124199444	6.41055203922
-5.04528712295	6.46469807288
-4.81678024689	6.62004424208
-4.64609373769	6.73039828165
-4.5683575635	6.79025660591
-4.4865401735	6.84914780727
-4.41087205544	6.90175024924
-4.33925453243	6.96383413961
-4.25702018211	7.03393854414
-4.17168594801	7.10912801381
-4.08943560927	7.18345892231
-3.9176038469	7.34192785146
-3.82390541282	7.44079850506
-3.75432635497	7.51191025961
-3.64840098142	7.59524035331
-3.54130295028	7.68050565908
-3.44004526007	7.7315181192
-3.35096593929	7.80455324962
-3.22097307735	7.93313495214
-3.11995403788	8.03091932505
-3.01675918791	8.14647315015
-2.90694650633	8.25644129195
-2.79381971843	8.38149754278
-2.69323388955	8.48614701099
-2.5685101542	8.58560326036
-2.46484594116	8.7184910016
-16.3521918695	11.3646756582
-16.3681729228	11.5349843199
-16.2886289466	11.6622789056
-16.2284818362	11.7394525792
-16.1295316113	11.9319558491
-16.0039459884	12.2505993504
-15.8772153443	12.5161632611
-16.0293893039	14.4388517302
-15.8181516978	14.7388212833
-15.6512601151	15.0204896358
-15.4183660336	15.3291576063
-15.2934241953	15.4592027213
-15.2021797321	15.551020568
-15.044390287	15.6842596176
-14.8668280806	15.835864093
-14.7576275227	15.9244200844
-14.6766752588	15.989277941
-14.5892510845	16.0518435777
-14.3585740072	16.2328121973
-14.1825766929	16.3538306256
-13.9856410413	16.4887466388
-13.7167703513	16.6641224668
-13.5793263704	16.7563059187
-13.4432662696	16.812016096
-13.2061452961	16.9574580396
-12.9637367127	17.0876367994
-12.9129412691	17.1165838575
-12.85600411	17.1464498589
-12.6921409042	17.2210986
-12.2473701348	17.3952658773
-2.46488829909	8.71841377663
-2.49277928623	8.81294630277
-2.54452268631	9.00281445119
-2.57990038201	9.23781547838
-2.57684061585	9.3285507569
-2.61759570546	9.44675605688
-2.63848719368	9.49746202177
-2.67904686352	9.59541212491
-2.71797066108	9.67606921707
-2.76042647718	9.77886903785
-2.83298523953	9.85107882258
-2.93793549278	10.0649509268
-3.08440064532	10.3133718155
-3.12415110986	10.3767370526
-3.20910700865	10.4624020013
-3.31680364021	10.5949110214
-4.48942295239	14.892806626
-4.64467344948	15.0223233684
-4.88194894332	15.1930617899
-4.98830784197	15.273693063
-5.11089840869	15.3728498393
-5.20162511378	15.4395301984
-5.39191617792	15.5826229167
-5.49800320075	15.6587878697
-5.62305700192	15.7435176671
-5.79972950178	15.8587459824
-6.05500737887	16.021121302
-6.27998692382	16.1237927389
-6.36701143368	16.1585315637
-6.5716747497	16.2557530356
-6.78160359825	16.3493391544
-6.91384093315	16.4034634846
-7.08877103962	16.4692302668
-7.48798361709	16.6265985513
-8.28598222155	16.8810028212
-9.13812097065	17.1524098976
-9.53673044975	17.2611602237
-9.72505496602	17.3035392272
-9.88022264853	17.3394177631
-9.99982668947	17.3644523444
-10.3741017315	17.4327771069
-10.4574582499	17.4416387052
-10.7962352754	17.490891627
-11.0195646112	17.5075743093
-11.3468689834	17.5073188289
-11.5649316127	17.5052565969
-11.8595711934	17.4821891162
-12.2473889806	17.3952454656
8.84527314852	6.84757311747
8.98875022157	6.71501730429
9.07546584926	6.60004119198
9.12902769154	6.52628538087
9.21719513996	6.39891580172
9.26785281409	6.33202323648
9.33376334785	6.24612982152
9.42489536088	6.08243478447
9.52211555267	5.95538234017
9.65529949292	5.83723061627
9.81401533611	5.70646553848
