2584 0 0
-11.0395569744	-7.58907000868
-11.0911248033	-7.31171252636
-11.1009414205	-7.14608385265
-11.1108427929	-7.0293445261
-11.138721233	-6.86656275793
-11.1389516212	-6.83427312
-11.1387302678	-6.67757251571
-11.1325924348	-6.57012099679
-11.1313021143	-6.49941185602
-11.1286642864	-6.4492198314
-11.1324133909	-6.39873260076
-11.1457064117	-6.31378615137
-11.1909617051	-6.1530356667
-11.2113398749	-5.98372154591
-11.197663686	-5.74304805961
-11.1951913985	-5.66227091048
-11.1900592944	-5.55234233318
-11.1734202147	-5.38408410992
-11.2260414417	-5.24071598541
-11.2146501104	-5.11880434912
-11.2183759719	-4.98285473674
-11.2241729848	-4.82234723121
-11.2219974189	-4.66195421674
-11.2375245142	-4.51097081218
-11.228222407	-4.18182446556
-11.22817926	-4.16846420359
-11.2256633733	-4.05483854884
-11.2185856212	-3.89262829557
-11.2062572137	-3.68302220844
-11.1954512218	-3.55685037965
-11.1606033174	-3.28191575599
-11.0720559765	-3.20212340242
-11.0756893762	-3.14262098872
-11.0636033243	-3.05564909702
-11.0615615121	-3.00442528049
-11.0563538416	-2.91358971775
-11.0354837173	-2.64671426396
-12.530936716	-7.90556669396
-12.4013775492	-7.88292072135
-12.2923520872	-7.89951921905
-12.2094192412	-7.89209597901
-12.1571927497	-7.90511499706
-12.0448135307	-7.85716720565
-11.9700699871	-7.84603811902
-11.9035785554	-7.83819302308
-11.8340528562	-7.81944142134
-11.7693918627	-7.76871505919
-11.6636333999	-7.73346550064
-11.5536249272	-7.68705232087
-11.3524406247	-7.68742043653
-11.2057343976	-7.64585884929
-11.1506112547	-7.60369006814
-11.0395569744	-7.58907000868
-13.3703872156	-6.00805879981
-13.2438733327	-6.17159728466
-13.1378208602	-6.21929719318
-13.0229095505	-6.31910902876
-12.9474127952	-6.38783858438
-12.8944707786	-6.39019058501
-12.8259659282	-6.47676532308
-12.7983558986	-6.56525158247
-12.764015886	-6.67485719556
-12.7608102061	-6.76252525462
-12.762332248	-6.88091822405
-12.8518959303	-7.0904962759
-12.8492883745	-7.27684377659
-12.8573089033	-7.42409056119
-12.8096292602	-7.52556812623
-12.7398643326	-7.59513947663
-12.658584169	-7.63254664333
-12.5399736873	-7.76584485592
-12.5308536892	-7.90584430172
-11.9776583407	-2.01021226377
-12.1239763463	-2.26795089372
-12.2158837821	-2.43590030023
-12.2876259836	-2.60433308106
-12.3115382481	-2.67838796736
-12.3421473471	-2.74685022931
-12.3825035714	-2.91532584645
-12.4259464692	-3.08872963092
-12.3709120652	-3.22742143695
-12.372099318	-3.38094784982
-12.3977408338	-3.57696682443
-12.400545268	-3.67164746537
-12.4008039994	-3.68455058145
-12.401891906	-3.79956913244
-12.4048677678	-4.06896049295
-12.4041674286	-4.11974852438
-12.4042993423	-4.24549293168
-12.4044280547	-4.44792523345
-12.403164072	-4.52213150132
-12.4556998704	-4.63642987177
-12.5444000543	-4.9333520091
-12.5760795389	-5.04219500104
-12.6109620228	-5.14603935742
-12.7077024337	-5.15962605729
-12.7797883737	-5.38884622787
-12.9103007446	-5.52079638974
-12.9785050329	-5.58437017388
-13.1017331561	-5.71327467255
-13.2215795831	-5.8296039268
-13.2215656741	-5.8296370057
-13.2961112068	-5.68293294037
-13.4342439273	-5.65484523626
-13.5178832821	-5.59709482477
-13.6197613189	-5.54983003766
-13.7392978642	-5.46125244716
-13.8503624697	-5.38658763129
-13.9623342631	-5.33576593122
-14.0072426051	-5.33264215443
-14.1590152963	-5.26612130641
-14.2956585511	-5.25395236319
-14.4257242435	-5.16819389752
-14.5182534843	-5.11688960893
-14.5969028171	-5.07548135175
-14.7339367567	-5.00060186393
-14.8136478967	-4.9541058213
-14.9704266136	-4.85877809574
-15.0792424628	-4.80740015314
-15.2734557944	-4.67384938071
-15.3659833099	-4.60396588608
-15.4956123008	-4.48934031633
-15.5846428332	-4.41552436325
-15.7048808636	-4.28887181872
-15.8001997605	-4.19309745292
-15.8527373127	-4.12267263219
-15.9814672413	-3.95219427276
-16.0450690181	-3.79315810058
-16.1096657882	-3.68520764532
-16.193805678	-3.52456958298
-16.2470142273	-3.36687995874
-16.2705581702	-3.31121308159
-16.3568361136	-3.09773793672
-16.4223910891	-2.90209534309
-16.4709713239	-2.77425299675
-16.4881060898	-2.55149842461
-16.5107599431	-2.43256739438
-16.519306425	-2.37834368247
-16.5595013099	-2.14545049807
-16.642244591	-1.76260036774
-6.67438808315	-3.87995023901
-6.74448953172	-3.70961577263
-6.77467530889	-3.61385810224
-6.78880072708	-3.56425373544
-6.81339472128	-3.44772354793
-6.84329383417	-3.32278387356
-6.86079246044	-3.25462116964
-6.91253368712	-3.08343134073
-6.93509053459	-2.95598762698
-6.94724445826	-2.83070920969
-6.9345546858	-2.74080544819
-6.93049869546	-2.6300937448
-6.93592734838	-2.52067212448
-6.93418920297	-2.30506750403
-6.94619048321	-2.20617364551
-6.93924593299	-2.06405175504
-6.93260540328	-1.90158340422
-6.81897399361	-1.58924779781
-10.7526843157	1.85869695593
-10.7491088736	1.7363585678
-10.7506937796	1.4918461642
-10.6617570345	1.23664347835
-10.5956372457	1.09216360613
-10.519167605	0.97033244065
-10.4651886467	0.914298098402
-10.4540428868	0.841045478534
-10.4029708488	0.763296964119
-10.3955483907	0.725556397792
-10.407990585	0.693980061344
-11.182662741	0.149837075364
-11.111491046	0.145678226163
-10.877176077	0.0951547175424
-10.7119612393	0.0408129855439
-10.4910673865	-0.0472235754465
-10.3295013126	-0.137534584728
-10.2810739201	-0.196144260077
-10.2418196499	-0.258279136398
-10.2650297992	-0.287130656748
-10.315031507	-0.326775155889
-10.3988362467	-0.378401993018
-10.5843392974	-0.45666659002
-10.6654082041	-0.493433388456
-10.9005183432	-0.57602681601
-11.0891830645	-0.655143830083
-11.1698755463	-0.693231447404
-11.3336056646	-0.753350713034
-11.4565578431	-0.820484280302
-11.5666276013	-0.968850926268
-11.6277268577	-1.02599965683
-11.6695823265	-1.07297725973
-11.7955323194	-1.26237645387
-11.9355300742	-1.47301504494
-11.9938012528	-1.56917739634
-12.0233209098	-1.72583606656
-11.9775349768	-2.00973044911
-10.547587795	2.13090376447
-10.3949673075	2.16567664426
-10.2165049436	2.21175411482
-9.96729509654	2.33460904915
-9.81838976867	2.41196633531
-9.73378917432	2.46423446574
-9.60125640385	2.54802532872
-9.48107107512	2.61348729202
-9.29353300135	2.74340041328
-9.08963517646	2.85849164943
-8.86398077891	3.01822280913
-8.70343552248	3.1148144802
-8.62977381819	3.16447036984
-8.43760366821	3.24946654834
-8.29149479154	3.36840935059
-14.223572335	-1.16895841136
-14.2170954467	-1.16027146139
-14.0419595644	-1.0167715186
-13.8813905163	-0.861145200609
-13.70338337	-0.732410859366
-13.5642738805	-0.63367629667
-13.4104680308	-0.47045671292
-13.3480020793	-0.416312217458
-13.2044007928	-0.252577055474
-6.8190088535	-1.58926623071
-7.02602170533	-1.37293914572
-7.10484552827	-1.24543724325
-7.19568876892	-1.079245737
-7.25587305871	-0.951174239313
-7.32152388714	-0.839771558772
-7.38140130297	-0.681880821915
-7.47218806706	-0.525444582439
-7.48540594638	-0.500874235826
-7.52002401428	-0.418054233872
-7.59681009535	-0.262005624834
-7.67497553527	-0.0904254811092
-7.79490969155	0.0529810297716
-7.95336149452	0.333583097155
-8.05157627701	0.534552148407
-8.08025438078	0.648364562032
-8.02987612037	0.927009319336
-7.64173165846	1.33251066783
-7.81126015667	1.70691927496
-7.96804379472	1.9880584168
-8.04332112968	2.24865657069
-8.0604290406	2.55366017841
-8.05737809887	2.70779539682
-8.06074405892	2.80512972034
-8.04604649692	2.93096338219
-7.98207361168	3.14728862715
-1.81382691132	-6.63785670533
-1.9064876812	-6.85441562225
-1.92178384091	-6.94298306537
-1.94946411412	-7.14419958953
-1.97327944635	-7.27626200968
-1.97872477021	-7.32408136706
-2.00086706088	-7.40404299951
-2.01277519114	-7.60784334702
-2.07845173124	-7.77924012131
-2.14626882731	-7.8534573356
-2.18878616616	-7.94896762971
-2.27845281676	-8.10022060266
-2.4783231542	-8.36282234022
-2.58248646956	-8.46749526121
-2.60664673538	-8.48897074734
-2.74569178171	-8.60453827062
-2.8532796356	-8.70317713615
-2.91529883189	-8.72121025393
-3.03323280658	-8.80586756583
-3.17644599193	-8.86411407327
-1.5568680581	-5.06951353357
-1.64961994864	-4.99980366006
-1.76777942415	-4.8989931021
-1.8285761282	-4.84630173482
-1.92726591542	-4.74164517411
-2.02190951269	-4.60131821483
-2.13772983478	-4.40057389435
-3.60617358228	-1.17806321934
-3.62039698079	-1.37358656355
-3.63186279717	-1.58088083068
-3.62742663609	-1.78241554909
-3.65331492869	-2.02308724082
-3.67196256873	-2.22832467317
-3.67141832208	-2.34907125005
-3.65637944459	-2.51151139456
-3.60338105635	-2.77850718465
-3.47838066269	-3.07651768795
-3.43335169737	-3.14546135134
-3.27980512364	-3.37905909918
-3.18327254068	-3.4988957381
-3.0075426703	-3.69111669006
-2.79622135941	-3.89630248427
-2.67653032186	-4.00313523904
-2.5959738292	-4.05762298736
-2.46809516418	-4.17327119085
-2.31737094385	-4.27439087489
-2.13770533076	-4.40057526335
-0.00975592854913	0.167592538343
-0.127226155488	0.126907250476
-0.207180417516	0.0630118613822
-0.343455741194	-0.0387477030421
-0.422902923522	-0.108080824625
-0.496675116774	-0.169193452495
-0.68232407078	-0.285386363834
-0.81767839079	-0.371955437855
-0.880822520187	-0.43163466876
-0.948823305336	-0.487862994626
-1.03284685417	-0.553965375753
-1.11946104595	-0.622856264683
-1.27810615412	-0.722594148138
-1.31791265524	-0.759329446449
-1.35975045385	-0.799680889135
-4.38150333056	-12.292060557
-4.48689260299	-12.2660441996
-4.62062444143	-12.2314078279
-4.71981447574	-12.2073479219
-4.81939947573	-12.188013639
-4.89477262422	-12.1666202194
-4.96059174508	-12.1440828093
-5.00981722106	-12.1560024004
-5.15054582711	-12.1224190998
-5.25459108799	-12.1106870976
-5.37199969348	-12.0936712834
-5.47319898927	-12.0817120452
-5.60899391246	-12.0631394779
-5.69213689494	-12.0392640034
-5.82355676001	-12.0199632504
-5.94205902651	-12.0024698672
-6.11226612848	-11.9741924912
-6.32150706109	-11.9367893506
-6.37893707807	-11.9260028947
-6.50039272335	-11.9013015644
-6.6316313794	-11.8764100808
-6.74285043375	-11.8363672467
-6.8379667437	-11.8100355286
-7.03305602252	-11.7492350123
-7.27017213487	-11.6752673621
-7.38589714352	-11.6395913644
-7.53944099569	-11.580568731
-7.74890338189	-11.4941583732
-7.83408711232	-11.4506165195
-8.04886450329	-11.325399225
-8.33416776817	-11.1715895127
-8.47199831154	-11.0904232323
-8.5681826781	-11.005506202
-8.759168239	-10.880997742
-8.90484202378	-10.7840668394
3.36057729664	-6.06999781943
3.40919693072	-6.06466141957
3.51600159906	-6.05203086948
3.66658567302	-6.03065373516
3.76875310906	-6.0167998871
3.82919924448	-6.0078427815
3.93602004337	-5.99081580421
4.07251279871	-5.96554345668
4.23901844038	-5.92108438588
4.41813652074	-5.88446515707
4.54147005936	-5.86295127351
4.71260196248	-5.82016450459
4.83770915188	-5.79839736497
4.96385001786	-5.78516379386
5.23064424556	-5.73893022523
5.43334110733	-5.69911408824
5.53450270591	-5.67991933335
5.64562952909	-5.64694806421
5.81865889556	-5.59952927827
5.96835742471	-5.56701509707
6.15102192785	-5.52539749805
6.28701006478	-5.50217292785
6.46484905376	-5.47288501464
6.64041323382	-5.45184699132
6.91179361513	-5.39818834487
7.0955354896	-5.35713248136
7.23437068281	-5.3247530282
7.41795897757	-5.28885573885
7.57635438081	-5.24752405383
7.7364966755	-5.20640464436
7.92939178013	-5.13945965753
8.1271892015	-5.05512978615
8.20975167349	-5.01169433291
8.33651330941	-4.9239686523
8.39474833231	-4.87091932337
8.56134508066	-4.73716615292
8.77938669486	-4.51540619051
8.86112424433	-4.40120894231
8.88876374897	-4.32386489688
8.94868348549	-4.20459221619
9.00678293963	-4.0619436998
9.05425910665	-3.91820953261
9.13136448909	-3.52838101
9.19769135798	-3.18494635378
9.22233724629	-2.99272859071
9.29599565329	-2.80166011871
-19.9301784506	-2.01407305456
-19.9208377825	-2.0185838094
-19.8706195845	-2.04279750301
-19.816749788	-2.07054013824
-19.7752276399	-2.08897979809
-19.7351983383	-2.10709383746
-19.6377180947	-2.14616893317
-19.3981205142	-2.2220126741
-19.3280212222	-2.23904509507
-19.2106834901	-2.25399193728
-19.0726876407	-2.27396781886
-18.950985217	-2.2581031444
-18.8990802687	-2.25033762965
-18.8711527945	-2.24555460392
-18.8152296354	-2.23488188311
-18.7570417022	-2.22366805804
-18.693207964	-2.21082695295
-18.6268568551	-2.19582957681
-18.4819838059	-2.16428085317
-18.4158586871	-2.14464922457
-18.2232612473	-2.09921120127
-18.0825236456	-2.09763090428
-18.0214856177	-2.08097512206
-17.9837786398	-2.07267954444
-17.9386888001	-2.06045499996
-17.8384003152	-2.0362594858
-17.4684804534	-1.9452020103
-17.1339895259	-1.89183767334
-17.0009094459	-1.86560884588
-16.7997859469	-1.80053932938
-16.6423288769	-1.76271931027
13.7166160658	-5.76029059165
13.5305227771	-5.81956471494
13.3919463768	-5.85195715486
13.3291576419	-5.85849274156
13.2603463944	-5.85459001236
13.1394010926	-5.85713407967
13.0195178476	-5.83574405376
12.7401766014	-5.83551569242
12.6287200156	-5.81056687168
12.5580974846	-5.81851432458
12.3565407813	-5.83766211571
12.1668074617	-5.85994245142
12.0597182729	-5.87492856505
11.7859691763	-5.90180259423
11.6818607041	-5.91506667482
11.5594420442	-5.93224289806
11.4161651146	-5.95643369513
11.2752474915	-5.98901798827
11.1825152427	-6.01647472732
11.0646201902	-6.0421237285
10.9413115449	-6.06746171905
10.828473263	-6.0916533501
10.6653759906	-6.12679155216
10.5434180404	-6.15306335686
10.1441117534	-6.18348506909
9.9355325415	-6.1764072522
9.82041377852	-6.18488406849
9.68624514008	-6.19215609444
9.49645633537	-6.1798140036
9.27559404605	-6.17676534364
9.1393032004	-6.19895374112
8.9981383164	-6.17948082602
8.91940170188	-6.14509832982
8.86798368526	-6.09946195427
8.82104950668	-5.9519537398
-3.50652562697	8.03836959901
-3.26353008192	8.12643081927
-3.13939091837	8.17903799905
-2.93214369444	8.25736379714
-2.85440920695	8.29270048569
-2.74224943999	8.3107747406
-2.60896535061	8.36907016814
-2.47953433477	8.418168608
-2.37491660759	8.46123492807
-2.28996435438	8.49771570149
-2.12204502112	8.58119530681
-1.91394270474	8.67648496922
-1.75814649506	8.74350521091
-1.60232521381	8.80757859902
-1.51142380738	8.84565787009
-1.2908036063	8.93836738959
-1.11377477482	9.00581847208
-0.952201524536	9.07095230595
-0.764181001566	9.12990441428
-0.587438011244	9.18150096166
-0.506443372867	9.21000478819
-0.405980856889	9.24159793785
-0.160059985267	9.31470152166
0.0473601148158	9.39103609326
0.194136721585	9.4453412798
0.283967125564	9.4791174108
0.382831806879	9.51514751384
0.453222696571	9.54083477686
0.557773999231	9.57759837597
0.753229595068	9.64574535196
0.965888531811	9.73522932666
1.16078169222	9.79075788899
1.26699451743	9.86278544073
1.40065181146	9.9008450354
16.7875436401	-4.21454192843
16.7842649685	-4.21593148513
16.7862005667	-4.21469909186
14.7213161528	-3.17455682951
14.6706473157	-3.49432778046
14.6471387554	-3.55782973619
14.6180753002	-3.63178392455
14.6019557281	-3.67615775016
14.5687467488	-3.7574348788
14.5500657864	-3.87875162316
14.4844640879	-4.02790641174
14.4244827854	-4.06645508081
14.3983975837	-4.12102378811
14.3077638725	-4.2828405972
14.2396698793	-4.39020721912
14.20475856	-4.44506444003
14.1822973348	-4.586946988
14.1661904227	-4.62624127787
14.1121370689	-4.71706461063
14.0193754271	-4.84282993053
13.9050355821	-4.89789194789
13.848003168	-4.94171873738
13.770798756	-5.0240841652
13.7078626741	-5.10640021966
13.668665465	-5.18872824605
13.6455100193	-5.36603418749
13.7301992846	-5.51625927494
14.2427591807	-2.42654793023
14.1707023167	-2.22659534991
14.1304391773	-2.11881757572
14.0549847701	-2.02650265645
13.9899266275	-1.94622710273
13.9554089888	-1.86436595256
13.9379289359	-1.84855977769
13.8334300426	-1.77387286847
13.7172188902	-1.65880205931
13.6805897098	-1.59618213962
13.59503347	-1.54706272534
13.5220716543	-1.48298763909
13.4297802418	-1.40353521911
13.3585892242	-1.35631883408
13.2132427436	-1.26015410979
13.1107106721	-1.19317067954
13.0467029544	-1.14446685267
12.960389035	-1.09659120297
12.8961072824	-1.06879768471
12.7923612747	-1.10446298816
12.560921808	-1.05452519222
12.3902067137	-1.04805161225
12.3243466222	-1.04952034472
12.2950342812	-1.04716984763
12.184249629	-1.05743933697
12.0521061464	-1.06329600832
11.9571369544	-1.05734137838
11.8455400314	-1.07117204757
11.6681055913	-1.12102576747
11.5449938758	-1.1651115038
11.430798873	-1.20102532466
11.3041402864	-1.25185084136
11.1892820785	-1.3482515579
11.1076500518	-1.41648935062
10.9605393513	-1.48276980257
10.9293695586	-1.51470222111
10.8614249025	-1.55921565934
10.7831147817	-1.61236759119
10.7026235245	-1.68882066806
10.5934641396	-1.76731214317
10.4488411565	-1.87991109802
10.3414635464	-1.96267639497
10.1097619153	-2.15159035442
10.0302480525	-2.22018298506
9.97631943772	-2.27180344827
9.86569310197	-2.3719909289
9.72164176304	-2.50159054749
9.57391688938	-2.62461125846
9.42688052127	-2.72907757729
9.29599124025	-2.80164364969
12.3014525513	0.668399910653
12.5008425698	0.865444736431
12.6228839101	1.007301029
12.787003969	1.21800677646
12.9943427918	1.475547429
13.1082868992	1.66032437027
13.294873029	1.97632872339
13.3992191304	2.10945239778
13.5602425654	2.43541140408
13.7065598313	2.74614083059
13.8071445061	2.96456233601
13.8083164183	2.99173035635
13.8801824012	3.18095096486
14.0186386721	3.50448165833
14.1468858093	3.78520329893
14.1634480993	3.93698073775
14.165479753	4.02302046967
14.1542094243	4.23267369027
14.1601632453	4.46655975157
5.42765913735	3.02288991426
5.39780956896	2.82009914289
5.39302568925	2.72369057689
5.37413805999	2.51991260095
5.37314656706	2.37423634947
5.37675881799	2.12886726972
5.3793545	2.01094027303
5.37512645309	1.82510909516
5.34581773558	1.55349073543
5.34321410878	1.42848990539
5.34748677352	1.24425372524
5.35972020128	0.99623391318
5.36888118087	0.854333655701
5.37478469968	0.740510473913
5.39941595745	0.478924345392
5.40237597379	0.444641120994
5.396692769	0.330545903616
5.42864253934	0.241369131664
5.44780341969	0.132398388225
5.47267845326	-0.0362735161124
5.50169567009	-0.233252220064
5.54679988076	-0.397140820588
5.64312546091	-0.638521444085
5.67553202857	-0.847399522997
5.68477221778	-1.09341099408
5.68507041033	-1.35933810922
2.5110549958	7.70711683646
2.35937921677	7.62438519383
2.26991984389	7.56867821569
2.08619026301	7.41850222544
1.97189378928	7.32373914918
1.83182843447	7.22190557257
1.69386097745	7.06575843469
1.5999044894	6.94858633217
1.51360402529	6.85057591559
1.43198369687	6.71551080322
1.33095388933	6.59052479741
1.23020167248	6.45041945033
1.18153164709	6.37718936394
1.16135003672	6.33141450078
1.05952339124	6.16268684464
0.948606655654	5.99564509358
0.828427049872	5.82122865516
0.743030131743	5.70378443316
0.717743837796	5.67108367816
0.559423548704	5.37902393821
8.82980419389	0.995303847183
8.85730689324	0.784003466447
8.8301886129	0.69348839229
8.73845336077	0.499911704145
8.66744837778	0.404445664298
8.54573201385	0.282289552478
8.4176829258	0.142090836032
8.31504961395	0.0648643304064
8.26665691964	-0.0149688959672
8.12066163729	-0.144560666035
7.84031244431	-0.392767284193
7.75830710133	-0.447386831292
7.66189840225	-0.501955444643
7.42583477481	-0.638222131505
7.27748676473	-0.714559466253
7.14132206675	-0.784680404402
7.03531696025	-0.827194233456
6.80929141449	-0.942164410421
6.62938722165	-1.02663200549
6.5650892446	-1.11320236109
6.5299425381	-1.13304066224
6.38167319049	-1.1883772685
6.28279944133	-1.23118814875
6.14775095437	-1.29218543406
5.9469934808	-1.34872076189
5.79785745583	-1.37473752177
5.68505324026	-1.35936253636
9.98779011506	1.35561700589
10.1353281599	1.31451436762
10.2182639454	1.29430628014
10.2717384631	1.26266715189
10.3914397689	1.19071892884
10.5038144455	1.09623503786
10.6078694353	1.02664896181
10.7179702958	0.961725274902
10.7742376267	0.916013926527
10.8893987884	0.82598616419
11.0842870848	0.716108590217
11.098115515	0.709484119004
11.1678275726	0.677550352171
11.2890274734	0.642402983892
11.3569359646	0.619033938079
11.4306954252	0.603121546631
11.5425668358	0.584279907434
11.6189045045	0.560843766474
11.6734180833	0.561326679144
11.8263357315	0.563015348147
11.9898220678	0.572119459879
12.1806631928	0.612070359357
12.3014776297	0.668368126669
13.5145264645	6.57237422291
13.514239786	6.57961645293
13.5142662079	6.58137748604
10.5417917191	4.67387481741
10.4119313996	4.52814359442
10.3375027613	4.46271274213
10.2699426665	4.40287174707
10.2087616093	4.35580975555
10.0753464146	4.25429650295
10.013752882	4.25824807658
9.87763540968	4.21791230024
9.72055551086	4.17479492591
9.58593440011	4.1216804626
8.78695039176	5.35261148293
8.95871407775	5.29179795581
9.0173052135	5.22095638943
9.08842956175	5.13653653533
9.13856977599	5.05640847308
9.22754699023	4.91742356526
9.29858382095	4.76953211403
9.32978214234	4.6991760593
9.35992031201	4.56988095198
9.39633215028	4.48969518055
9.44245566078	4.39391571137
9.58596767585	4.12166662171
6.91971347179	10.10961035
6.71546858315	9.91807121861
6.59992024547	9.799397082
6.54988796636	9.73979384265
6.51775960969	9.69728889571
6.42983803474	9.51311407486
6.33155556466	9.40611328243
6.24120982155	9.30791062013
6.11054575469	9.11835331816
5.91054310778	8.90445159486
5.71460289275	8.68040491175
5.55445190543	8.52426574306
5.42753532493	8.40756891705
5.316830906	8.31488376949
5.23788915748	8.25226317038
5.05300080299	8.11430132
4.84193008805	7.99178443573
4.76315387602	7.95598387958
4.7044570289	7.92997294087
4.60770194513	7.88977835418
4.50444033519	7.85142769974
4.3588583782	7.78347468999
4.28140298609	7.76655458641
4.17975863851	7.7400852879
4.0118063658	7.69215563631
3.8442984569	7.66940110648
3.67377949305	7.66782016616
3.57139616252	7.65506843913
3.44057429213	7.63782795893
3.33658693958	7.64810393031
3.29246643205	7.65145814143
3.17564386151	7.64610973125
2.92572166997	7.65341428891
2.63202155877	7.68175813987
2.51105499707	7.70711678816
9.80469630972	12.0516934638
9.90502265697	11.9589845974
10.0202434206	11.8982042478
10.0621827736	11.8805430118
10.143227773	11.85570955
10.2363626047	11.8317576066
10.5223508239	11.7500040449
10.6860989358	11.7096270729
10.8447728441	11.6917605167
10.9350224718	11.6346972336
11.0337374321	11.5582486096
11.0751691454	11.4882039595
11.1092999784	11.447820442
11.1428146742	11.3593957449
11.0615355236	11.2010477526
10.9919505741	10.9643478968
10.9751081266	10.8433253343
10.9573325137	10.7483293577
6.74370528814	10.753230015
6.9394485826	10.8567728339
7.04245543814	10.906180079
7.28268458569	10.9599272452
7.44521914646	10.9682448257
7.67236517056	10.9903437644
7.80774942924	11.0010384021
8.01030617126	11.0272046757
8.13673115653	11.0312082321
8.25035244009	11.0281710254
8.38692719129	11.0043802206
8.51086625979	10.9674043761
8.66182663143	10.9648170533
8.83857262686	10.9379645628
8.95101122926	10.9079223212
9.06721907946	10.8878846272
9.27039992045	10.8521501423
9.4094157704	10.8250945785
9.48439913385	10.8196943728
9.64497887128	10.7769212666
9.91015169936	10.7454726779
10.0482729793	10.7340877456
10.1933084352	10.7359698422
10.3480087438	10.7559575597
10.5510116292	10.7510422006
10.7054859511	10.7183982281
10.4828596255	7.51992440486
10.5685775027	7.67305708048
10.6897366841	7.81152389743
10.750903329	7.92770782009
10.8143818836	8.01876525297
10.8940505392	8.12908183147
10.936361834	8.18828614922
11.0034298987	8.28310504105
11.0354087386	8.41666069323
11.1375340507	8.54532367759
11.1985546245	8.62758436868
11.2768839879	8.71606971302
11.3349660487	8.7955165294
11.4069715068	8.87986551423
11.4627894695	8.96218202205
11.6333690301	9.12510039369
11.7281252205	9.27098484088
11.7629510225	9.31349763816
11.8432187284	9.42539366588
11.9149105198	9.57997542518
11.9616865398	9.64999677506
12.0097124725	9.72016770725
12.0349830071	9.76117796697
12.0667385952	9.81340675314
12.181642877	10.0219819311
12.2171182352	10.0845343066
12.2741048336	10.1962166018
12.326004273	10.2780385832
12.4736250935	10.5878564447
10.7054891709	10.7183929884
10.7131563067	10.5577601526
10.6927392023	10.4903460404
10.6520091248	10.3946947111
10.6213322025	10.2811982974
10.6176092785	10.1894680233
10.5442532832	10.0448828561
10.5249919303	9.99281569662
10.4513716842	9.82623299891
10.4147550065	9.69000159289
10.3446367131	9.52382568493
10.2862190153	9.40292811443
10.2568641397	9.33818272842
10.2003703715	9.23593734033
10.0835655659	9.05803999174
9.97116168477	8.89848586213
9.90823730052	8.82700050279
9.78847406578	8.7277368384
9.63342466418	8.63314223795
9.48671910195	8.56354132565
9.37268930022	8.56179409971
9.29839599309	8.5464770459
9.1641846503	8.56330946972
9.08154798789	8.50437322332
9.04157306577	8.4938952506
8.94625148668	8.51149858044
8.77404596652	8.55534110411
8.55895506408	8.62685366658
8.44559788274	8.66898175346
8.28342415475	8.6430669468
-5.63559976634	-0.7399251225
-5.65263327827	-0.776435147774
-5.66781065042	-0.955537881408
-5.71009687621	-1.06554956122
-5.71798429517	-1.1346720965
-5.746897474	-1.25166270304
-5.79163232367	-1.34155996627
-5.85888619116	-1.46489549271
-5.97302467211	-1.61493312577
5.40465154518	-2.9276969004
5.56177607196	-2.86837275813
5.70428974147	-2.80614957405
5.87298980917	-2.72954160486
6.26379708076	-2.57012202691
6.39547877715	-2.49659850462
6.62706083117	-2.38002527514
6.90380273635	-2.24021127466
7.07327512456	-2.16166583243
7.17801910899	-2.11431097657
7.28090683334	-2.06004676259
7.3727056222	-2.01689295261
7.50407032066	-1.94980738569
7.61945457622	-1.89087044243
7.69229861641	-1.85290029911
7.78575940455	-1.80013116571
7.88824731509	-1.76323394904
8.0497531716	-1.68044057011
8.19302081034	-1.60638017022
8.2668934063	-1.58745849646
8.41399795285	-1.52574514351
8.60870970446	-1.43022622806
8.77419595014	-1.33512711921
8.79789059188	-1.32403752668
9.18205799829	-1.15587780187
9.35476974228	-1.07281922503
9.61261454381	-0.946727121401
9.97066026567	-0.775554077488
10.2175493253	-0.647880822153
10.4609052729	-0.543465211981
10.6231577622	-0.472076766873
10.7775687875	-0.402828572616
10.9929151254	-0.322802761008
11.2235941453	-0.224823435619
11.3551938855	-0.170478411489
11.476885877	-0.111482569854
11.6886614861	0.00403307781269
11.9421755091	0.169877187571
12.1024126909	0.300344805185
12.2605814253	0.529665481398
12.3014777014	0.668368119237
-5.14743949811	-6.89481130845
-5.28797908981	-6.70877922637
-5.37961353615	-6.56431525312
-5.52674411071	-6.39650542402
-5.66990381906	-6.23379049597
-5.79813063683	-6.0947746233
-5.88914278612	-5.99755839691
-5.95722361924	-5.92438869446
-6.02644568258	-5.85483088086
-6.09602184648	-5.78400717308
-6.13135891255	-5.74507584691
-6.20596344925	-5.67248643342
-6.31017455999	-5.5725858974
-6.3970346453	-5.48612351264
-6.50412657928	-5.38498112601
-6.6551072902	-5.25733158295
-6.74783073926	-5.19174761461
-6.83866524155	-5.10586731171
-6.93855663145	-5.01941208543
-7.00844772135	-4.96460045383
-7.23619140846	-4.8177241794
-7.37279439103	-4.75901387854
-7.62330763639	-4.68261883168
-5.97300694169	-1.61492580385
-5.83609109173	-1.76946545797
-5.78864358375	-1.84233651114
-5.72975446921	-1.93722281752
-5.66313715547	-2.04051667168
-5.54859151712	-2.17460065683
-5.3386203907	-2.46442707197
-5.2288866663	-2.60706816429
-5.12371627918	-2.76396795441
-5.02378426992	-2.91050105861
-4.94002677421	-3.01992712817
-4.8166200549	-3.19361031324
-4.6422438667	-3.45812430086
-4.48786934092	-3.6978886033
-4.32527333888	-3.90696990757
-4.20843994321	-4.08330762957
-4.08871399309	-4.19442823254
-4.01895399093	-4.28179990291
-3.87171609137	-4.46598586638
-3.78499305555	-4.5738265374
-3.71210091063	-4.66283193108
-3.66317052577	-4.72191196648
-3.49848774313	-4.91398011887
-3.41238427354	-5.09766582472
-3.37711901702	-5.17329355974
-3.26999345766	-5.30164319087
-3.13902932269	-5.45690224828
-3.03470134845	-5.55648351466
-2.84567663398	-5.74471903705
-2.6424782448	-5.90808610212
-2.50425664115	-6.01947247399
-2.34341199203	-6.11642902109
-2.21119427022	-6.21231232086
-2.05873602257	-6.32412986264
-1.89625294796	-6.43398535762
-1.81386012886	-6.63793305128
-16.0151387181	-0.232944954832
-15.8307462837	-0.14254413606
-15.7367699507	-0.118310557836
-15.662111967	-0.106862785071
-15.5729550723	-0.0887270352157
-15.4754014418	-0.0635144586105
-15.3201847344	-0.0160718999219
-15.2360013868	0.0209614720332
-15.1543957609	0.047416426916
-15.0445352077	0.084117319918
-14.944049769	0.129365567487
-14.8058569553	0.172894217784
-14.7445650165	0.182539660519
-14.6555646044	0.200449482974
-14.5450437662	0.224933243121
-14.432892312	0.244495194016
-14.3244425473	0.231886706065
-14.24990545	0.248229728783
-14.104711721	0.271908951141
-13.9941098922	0.302514074642
-13.6654402271	0.253808384874
-13.5128361736	0.169848830873
-13.3634792866	0.124365216393
-13.2176780017	0.083818124671
-13.1564990001	0.0553093808576
-13.0433613484	0.0378163411422
14.1601633443	4.46655973489
14.0384234787	4.55366203732
13.9852043612	4.65090373592
13.935883124	4.73343689631
13.883050514	4.83652720983
13.8460595382	4.89612453743
13.7855034605	4.98063335649
13.7187729995	5.08872663223
13.6346242619	5.20985885348
13.5047146729	5.38477711714
13.4385957019	5.46703284566
13.3159095098	5.60295734264
13.1833194541	5.68419923304
13.1370818707	5.76940515185
13.0383292174	5.85744523721
12.9379871271	5.9318732052
12.744597843	6.09417697215
12.652602515	6.15644918134
12.5658026114	6.21359529614
12.4763347547	6.27128899743
12.3076990135	6.35762805376
12.2097223182	6.41107452657
12.1486640609	6.43618473273
11.9945346653	6.47515957992
11.908565942	6.51230792882
11.7804296067	6.55650197608
11.6350600341	6.60152604449
11.4601546364	6.6445137862
11.3759333625	6.67835051483
11.1575417627	6.77481215827
11.0106859785	6.85910651539
10.8965306882	6.96083780219
10.8720797193	6.97544519107
10.7249819717	7.16032745336
10.6381481078	7.23446156958
10.5525520462	7.32506371186
10.4828596201	7.5199243872
-9.49237334732	6.49199049112
-9.65734824292	6.48184317577
-9.87500843563	6.43392602487
-10.0789932768	6.37298197493
-10.3220828157	6.27116808916
-10.5737575516	6.12211826445
-10.6756984244	6.05339247685
-10.8647607501	5.93279497341
-14.901393296	2.01600589496
-15.0957791169	1.80266357948
-15.2450478819	1.64718873406
-15.3612462358	1.45798967079
-15.488886514	1.26612631929
-15.5875450371	1.10651132634
-15.6508785743	1.01772055607
-15.7364877579	0.851043823933
-15.7775196263	0.768085899961
-15.8235599056	0.665176989339
-15.8693506582	0.541155629792
-15.8997088615	0.438291578678
-15.9553650519	0.258925991307
-15.977321762	0.0983280753439
-15.975143108	0.00721625284473
-16.0146807203	-0.233041980477
-5.91212885348	-9.41590349398
-5.91956608462	-9.29993412461
-5.85410087675	-9.16607542319
-5.79156291473	-9.04990984212
-5.75297500738	-8.95794841839
-5.66330898365	-8.78160388699
-5.55085344791	-8.65091081433
-5.49395763324	-8.50759257266
-5.47794160854	-8.40089915906
-5.46301031113	-8.22141811733
-5.44892666462	-8.09155867066
-5.42631225083	-7.88546085972
-5.41317631983	-7.79143622177
-5.3826866041	-7.68644743725
-5.35600735533	-7.48535838097
-5.33863922884	-7.36447387094
-5.28506955113	-7.23264316642
-5.24276812068	-7.1168254301
-5.20190122686	-6.99512868035
-5.14743949811	-6.89481130845
-13.1847648787	-0.265007508667
-13.2043994194	-0.2525819647
-5.84274201921	1.69661930673
-6.15854758529	1.53373794123
-6.41296612065	1.38537709695
-6.73100316769	1.36707141213
-6.85103916258	1.36236570257
-7.01201787065	1.35251156905
-7.0958904904	1.34830050464
-7.22773718696	1.35247874106
-7.45029562744	1.3444470516
-7.64140130562	1.33240503533
1.11874034874	-7.22227334236
1.37240456719	-7.14819343775
1.54119847237	-7.10185331515
1.64438325984	-7.08716046006
1.90854574904	-7.0140029317
2.14856093607	-6.93597838601
2.43693237435	-6.87839429533
2.75354646152	-6.82592876483
3.15692709553	-6.81791516118
3.64725805098	-6.85487620593
4.20152206883	-6.80562414617
4.48052684626	-6.7473465479
4.72467022702	-6.68275215369
4.77644941508	-6.67179755164
4.86367753194	-6.65130834012
5.07662570081	-6.61195802506
5.3135146995	-6.56909999268
5.70945861868	-6.49934770004
5.90363419612	-6.48024063164
6.05354342477	-6.46438844149
6.16780180206	-6.45113724042
6.26981176668	-6.44238508803
6.39823563971	-6.42610760733
6.52429776172	-6.40837038082
6.65693377061	-6.40401291975
6.84801502133	-6.35242133138
7.0137073934	-6.31938900114
7.20053582928	-6.2922146805
7.41839717103	-6.28416039515
7.72341311912	-6.26685085392
7.9174648764	-6.27349147209
8.1239017509	-6.29559029897
-3.596121881	3.68184643686
-3.73261725415	3.603502703
-3.97885786007	3.54343278086
-4.13756287603	3.50647473614
-4.33457780018	3.42675321505
-4.47231744294	3.36084435933
-4.5851521917	3.33340289393
-4.7415286827	3.28358091939
-4.96944876045	3.23255291423
-5.08892045321	3.21170961881
-5.17939420982	3.20462440872
-5.41481653832	3.22074578162
-5.61033027653	3.25829824451
-5.77072028437	3.25941840071
-6.30885521215	3.34013159559
15.1701087187	5.77740685009
15.2609512594	5.78966244529
15.3391786366	5.86071346134
15.4261336142	5.99016889448
15.432393971	5.99975103303
15.5086694664	6.13294388766
15.5757108104	6.35740033084
15.5824448172	6.4956504415
15.5875613325	6.59611965416
15.5797223364	6.64779012442
15.5535077838	6.81423045641
15.5407536882	6.8914524726
15.5138725991	7.00523927506
15.4490868444	7.18473193406
15.3842595877	7.37572503477
15.3731284881	7.40787460247
15.3196223868	7.53526331419
15.2648983788	7.6235404852
15.2130727852	7.73324029094
15.1823706952	7.84085459883
15.1317727901	7.95799044578
15.0667420802	8.1066200655
15.0131499001	8.23249555986
14.9587595835	8.38267320138
14.9218657585	8.4410140346
14.8685949883	8.55347542075
14.8113644226	8.67205315789
14.7641418766	8.76812222402
14.6984202814	8.90309774528
14.6293473281	9.03494163148
14.4691960299	9.35769728177
14.3099739372	9.6564479885
14.1790150046	9.86326697263
10.6021003544	12.4533664737
10.4251024818	12.4276277152
10.1113350169	12.3610454463
9.97340363768	12.2849444017
9.85244844387	12.1835955621
9.82690506712	12.1409507006
9.80469574279	12.0516630445
-8.90510824715	-10.7841097006
-8.62903091681	-10.7726418337
-8.40195996843	-10.7351485255
-8.30282129056	-10.7211624658
-8.16766461572	-10.6652707745
-7.97770661204	-10.6383990482
-7.84448014677	-10.6236787765
-7.60105547949	-10.6085758741
-7.32825673269	-10.5998198949
-7.15044995089	-10.5966870005
-7.01373276686	-10.6069897682
-6.86463012712	-10.6150711372
-6.6598968465	-10.6228006473
-6.42488321946	-10.6430576855
-6.25979971497	-10.6484125812
-6.13324742341	-10.6600242552
-5.96834869171	-10.6671998308
-5.85050358086	-10.6712510366
-5.67467638415	-10.6755554683
-5.48982012257	-10.6830814348
-5.1747423219	-10.6978970406
-5.08221786966	-10.7026148945
-4.89647101344	-10.721204552
-4.60126403612	-10.7367861165
-4.36629713168	-10.7821771113
-4.29211291887	-10.791959501
-4.09924363655	-10.8002394544
-3.95428990639	-10.8068875156
-3.87019623128	-10.8373354243
-3.57370722479	-10.827810466
-3.48768035696	-10.8172183327
-3.21766982975	-10.7995798409
-2.90645630181	-10.6540918617
-13.0433613454	0.0378163390967
-12.8126867658	0.102993949157
-12.6424297219	0.197616769828
-12.5166184365	0.287024040892
-12.4426378866	0.341253187481
-12.3600995504	0.405947527179
-12.2805777702	0.471422325311
-12.2267712737	0.522137607043
-12.1457509878	0.602696424517
-11.9463228039	0.858582104394
-11.7559928297	1.1092375726
-11.6374598279	1.26469898026
-11.5073102805	1.40061113598
-11.2645774796	1.63104460543
-11.1478828276	1.71357951117
-11.0742172501	1.77269244016
-10.7526933015	1.85874121348
-6.5244165063	6.26254257269
-6.69917445286	6.08089875555
-6.76401559184	5.96804771617
-6.79290889887	5.91501735473
-6.84672487183	5.81595053322
-6.91682388855	5.77019569352
-6.96426559469	5.70277711494
-7.01727124398	5.59471123877
-7.09090515561	5.48158786229
-7.17821721869	5.3286089899
-7.24965935962	5.21864084955
-7.31594926565	5.12019991807
-7.34839521926	5.05329227629
-7.48008708733	4.85268988922
-7.59326650642	4.6872331039
-7.70847211761	4.52165770813
-7.82866408156	4.32345510221
-7.89983700599	4.21368185446
-7.96389392288	4.08597384339
-7.99915020165	3.97312357394
-8.02825678364	3.89520213887
-8.13671998167	3.70136124423
-8.21332943769	3.58530903417
-8.24828535095	3.50020171468
-8.29149023949	3.36835130754
-0.742301272328	-2.63299110453
-0.938230832249	-2.59127276287
-1.05986301692	-2.56245827828
-1.22766250553	-2.51741761831
-1.39325605131	-2.45276451836
-1.42764923617	-2.43953348169
-1.5604363811	-2.38701776508
-1.71087607035	-2.31571530729
-1.87973705531	-2.23083574891
-2.09691941755	-2.0883292748
-2.25871516452	-1.99910657324
-2.43804275119	-1.87219969554
-2.69764169828	-1.69396138327
-2.91923640455	-1.53426458782
-3.16516632001	-1.36932602207
-3.37951853421	-1.29180974092
-3.60607743611	-1.17807832373
5.68503532539	-1.35927972076
5.54574555103	-1.48558239325
5.4596997672	-1.59899514037
5.32709321046	-1.6942600005
5.29479841859	-1.70593308039
5.15251131687	-1.83560010618
9.58596774226	4.12166663137
9.65065583778	3.90865788901
9.74363633213	3.59936138636
9.78557699523	3.42077287086
9.80915040679	3.35147607858
9.83192447819	3.24844890398
9.85033106943	3.15329363137
9.86752695218	3.05462292833
9.89273157217	2.93841398329
9.96005673018	2.74328553386
9.99702635593	2.55083775595
10.0600816445	2.34887546732
10.1065325725	2.10757985407
10.117504365	1.97803042291
10.0779507599	1.74298610008
10.0595740136	1.58337337983
9.98778264466	1.3556378971
-5.61043437154	1.61257159795
-5.42603914569	1.43856528544
-5.19130230053	1.20032815282
-5.11176566214	1.0937484836
-5.00497730466	0.93283104577
-4.89853566245	0.767156007612
-4.81356306421	0.650721415011
-4.68846713809	0.480567449901
-4.5675516764	0.307598351698
-4.39898485022	0.0995585771484
-4.26297054608	-0.114748540793
-4.13049859356	-0.304936266721
-4.06149953401	-0.420485094947
-4.00453480586	-0.531816931357
-3.94324410361	-0.719012466774
-3.84043904091	-0.882105828096
-3.60617100529	-1.17808919361
8.12390351096	-6.29559172849
8.13631085753	-6.42895443538
7.99585751374	-6.59652866079
7.90265926279	-6.69112181826
7.79135045888	-6.8032532019
7.71881439445	-6.8668216221
7.59585026977	-6.98168646869
7.41614173148	-7.11051617922
7.31201628674	-7.18571136657
7.07397234887	-7.33866515736
6.72055362805	-7.53314655994
6.19428814225	-7.82859308678
6.0180183616	-7.93517587449
5.8280931717	-8.01931113673
5.49622365966	-8.16257406152
5.17581225796	-8.29292990103
4.98975435136	-8.37144433624
-0.0426698539105	-10.4347867319
-0.234290137555	-10.4890890221
-0.349861389738	-10.5187734744
-0.502868710392	-10.5565311579
-0.668695798463	-10.5918531447
-0.89338544515	-10.6376870239
-1.12092626179	-10.6775082714
-1.29192603381	-10.7009569741
-1.71474399015	-10.745524705
-1.82462070816	-10.7597992591
-1.92250933411	-10.7681590955
-2.0099367335	-10.7751532973
-2.13234943425	-10.7784942691
-2.4272667954	-10.7979277795
-2.54372985066	-10.784568611
-2.66331823911	-10.7630268683
-2.90646677373	-10.6540878922
2.80262385775	-1.05681890579
2.78817701528	-0.89791368777
2.77744617603	-0.740963181232
2.78944651799	-0.575568430992
2.79728523933	-0.492396434316
2.80807775932	-0.355836241535
2.77015055157	-0.154124809246
2.71801730361	0.128914917933
2.71025679864	0.298804559097
2.69118980741	0.49567825136
2.68098541639	0.665874493505
2.65150508482	0.797611264474
2.58715659004	1.1165788927
2.52999919411	1.26335750581
2.49562666137	1.38314060045
2.42992481945	1.47499948007
2.37533722795	1.56503610329
2.3298670508	1.67455247015
2.22255685088	1.81858563483
2.09486803136	1.96894647904
2.05970941584	2.00569315551
1.96356037424	2.10071442849
1.7896229521	2.2501861345
1.59882445121	2.39179837448
1.49480540328	2.45194990484
1.40864915388	2.49775868999
1.14602024337	2.62204545425
1.00111817328	2.67800814211
0.797813831339	2.73606267471
0.234574633148	2.87581908377
-0.157979860622	2.94911723876
-0.349428356071	2.98368813735
-0.492099099201	3.00058406253
-0.632791955497	3.01611657719
-0.76086324777	3.03233794205
-0.901742117689	3.04646563959
-1.15395092934	3.08056919144
-1.36320528988	3.11066003314
-1.50412118594	3.1272380946
-1.60486769321	3.14341759107
-1.70844450913	3.1581021736
-1.82154978412	3.17362670102
-2.1219491029	3.21047429242
-2.31646937519	3.24675494045
-2.45079631778	3.3025526463
-2.59565458464	3.33393736528
-2.77639030952	3.37685845302
-2.87999002653	3.40886761826
-3.0581514972	3.46853236223
-3.19666448662	3.50697398879
-3.27855665091	3.52989837167
-3.38429687746	3.59301487715
-3.59616110212	3.681852104
0.559423548658	5.37902393961
0.628819129525	5.17572672217
0.730345086181	5.09265356527
0.844004100688	5.02062018998
1.01277746965	4.92308439846
1.25208410917	4.74739481513
1.4332335133	4.68065801408
1.4869579604	4.6376661264
1.6283563919	4.58135278972
1.70844983461	4.54048183231
1.94358101554	4.47826577853
2.19186468044	4.41866281535
2.30087728039	4.39940985461
2.35191246673	4.39214611333
2.61139593581	4.35434968838
2.9026015485	4.31907146021
3.05569394118	4.31726586764
3.15572154115	4.31371731418
3.31419959883	4.29209070457
3.44807945606	4.27110427109
3.50415427525	4.26507802823
3.6676378819	4.23063888601
3.76962471927	4.20060346222
3.96233234251	4.15401990861
4.10164719676	4.09273324568
4.29526089768	4.01039415425
4.48358790116	3.8970012473
4.63794039381	3.77960670402
4.73262405617	3.71392404137
4.83472617579	3.61928354071
4.91445280218	3.53586442705
4.95075868381	3.49849168488
5.06855831089	3.36280005787
5.1740997101	3.22942290318
5.229189315	3.16683612051
5.42765110129	3.02291992676
5.1525191187	-1.83554694871
4.98134929568	-1.72000672027
4.94525403511	-1.71101790209
4.8410735165	-1.68336155018
4.68893853585	-1.68058612878
4.39136936962	-1.6695980429
4.30218372413	-1.65134274905
4.19636201223	-1.62262940467
4.08422122783	-1.5745196946
3.93173592382	-1.57037576935
3.67583821017	-1.49386999712
3.50827887416	-1.39146071429
3.45219804771	-1.3612042241
3.32602508227	-1.33146919676
3.22877298535	-1.29704663634
3.03918598997	-1.20494561941
2.91646225441	-1.10903629152
2.80263290867	-1.05683864729
13.7328602557	-5.51686008961
13.9063932525	-5.5758118081
13.8872573675	-5.68357958369
13.7165944033	-5.76030834106
14.037276926	-6.56516414784
14.0034354203	-6.68085356621
13.9789336547	-6.76784098661
13.8157620176	-6.91867738786
13.6779899696	-7.08571904298
13.5474794504	-7.18401969645
13.3532959379	-7.32212765211
13.2706925829	-7.36954270984
0.245928935798	0.152611020221
0.112492547809	0.159915276362
-0.0097526109787	0.167625241541
12.4728674769	10.5871309792
12.5451444064	10.5521161314
12.6547006625	10.503745296
12.7594654158	10.4155444449
12.8048324661	10.358179494
12.8999099456	10.2485739644
12.9688061261	10.1556102627
13.0420490006	10.0094986544
13.0655490088	9.95330094974
13.0988075581	9.82458032846
13.1341693916	9.73027415718
13.1758351081	9.59984968366
13.2191526846	9.46782527458
13.2529335159	9.37704982788
13.2933074856	9.23620508591
13.3148315315	9.12919144978
13.3595928612	9.01420111092
13.3879975135	8.92274521466
13.4256875409	8.83335714309
13.4571907027	8.74424599085
13.5005854709	8.57754070888
13.5666573961	8.42470964059
13.6006123119	8.33930599334
13.6536186223	8.21796117859
13.7122697269	8.07760772045
13.7638124188	7.97649464604
13.8545975591	7.79103816532
13.8638650817	7.77123123737
13.9404066312	7.6495427844
14.0028695074	7.53276562421
14.0579637578	7.42983245637
14.163772031	7.25692974085
14.2676862011	7.0764405055
14.3405535957	6.94747401997
14.3711386357	6.83307821464
14.4263853143	6.73607171925
14.492246832	6.62715851155
14.5191357682	6.58353396624
14.5772021616	6.48429977576
14.6632339445	6.33621692825
14.738347071	6.24870011997
14.7849064784	6.19566928835
14.8521631085	6.12219660393
14.9483547538	6.01286433085
15.0410073894	5.90965269946
15.1701472755	5.77739671179
-13.8306679879	-6.40028306009
-13.9717428512	-6.3537454387
-14.0989837061	-6.30193141998
-14.2613793144	-6.24473778265
-14.3664000537	-6.2082127151
-14.5066250891	-6.17508287849
-14.6195963752	-6.12864815892
-14.7339319541	-6.08625794874
-14.8187582662	-6.05195538291
-14.9328369419	-6.01002537276
-15.0628149663	-5.95085034604
-15.2120033519	-5.87210859197
-15.3942824085	-5.78054332173
-15.5346997339	-5.69833520741
-15.6218297363	-5.66005276821
-15.7011763149	-5.61723932936
-15.7799899046	-5.60518774062
-15.8610634163	-5.55038123648
-15.9309497087	-5.49876903803
-16.0282892128	-5.41506329749
-16.1646115405	-5.26416080371
-16.208973337	-5.19883089381
-16.3026823772	-5.08989365452
-16.3597589913	-5.01802641095
-16.4376583436	-4.90980029151
-16.4706326601	-4.86431408218
-16.549235047	-4.7684543965
-16.6102971027	-4.70122614139
-16.7386697225	-4.62299995354
-16.8545730812	-4.50158545574
-16.9401028499	-4.44638377156
-16.9946657737	-4.40890810687
-17.0630255294	-4.38950303503
-17.0629806444	-4.38944376938
-17.1776653622	-4.2753919236
-17.2373163123	-4.14516859094
-17.3074193428	-4.06995117367
-17.3515738838	-4.02788728147
-17.4314050774	-3.94962080453
-17.5242580362	-3.81808103358
-17.603340256	-3.73099103291
-17.6929740116	-3.63384618118
-17.7650572023	-3.56135177165
-17.845029383	-3.54736936225
-17.9258685564	-3.48419457321
-18.0070272833	-3.43580394189
-18.1043452884	-3.38626901145
-18.1859806086	-3.34994965146
-18.274039787	-3.29349002576
-18.3800379912	-3.27634408135
-18.4824772086	-3.26163496135
-18.5613566079	-3.26899645962
-18.6238052359	-3.26971184714
-18.7276507019	-3.27908652912
-18.9419867256	-3.31393167627
-19.0793308445	-3.3075923578
-19.1605660515	-3.31624481987
-19.3228066253	-3.32478281286
-19.422903914	-3.35813225594
-19.4935539791	-3.46800850647
-1.09709803802	0.525678339802
-0.895047815763	0.507756998842
-0.761150272576	0.482187771138
-0.652658357231	0.450521534447
-0.562781924747	0.433869523578
-0.38805262341	0.363108702131
-0.292096462841	0.326305764126
-0.213684669909	0.28523341549
-0.138570880727	0.240605367472
-0.00973241389996	0.167598743973
-11.0395569744	-7.58907000868
-10.8480682582	-7.52360652389
-10.6945065912	-7.47095971606
-10.6235619047	-7.42404019739
-10.5201340491	-7.37957532601
-10.3623597406	-7.28793676447
-10.1471762301	-7.16277181232
-9.99931063055	-7.06163324237
-9.88975953734	-7.0104163643
-9.74011557137	-6.92408434571
-9.62416610798	-6.86479514415
-9.48044535375	-6.76855387295
-9.35858023446	-6.67900682021
-9.26139673937	-6.61753073236
-9.04732739787	-6.43910839822
-8.9820694094	-6.38979476104
-8.86388596983	-6.2835099878
-8.7772908467	-6.21783068011
-8.7174754949	-6.16120050199
-8.62269476422	-6.07354520798
-8.54995750457	-5.98871991504
-8.41370203433	-5.82646053052
-8.3020719548	-5.69220001725
-8.23241438782	-5.5965830933
-8.18468876995	-5.53065108956
-8.02161977	-5.31467506836
-7.88294524857	-5.0950831738
-7.82648471205	-5.0091713159
-7.77923093283	-4.94835061343
-7.75606840844	-4.91340752792
-7.62329835249	-4.68265586927
-11.0395569744	-7.58907000868
-10.9886156519	-7.70568022361
-10.9433777446	-7.82872230364
-10.8819926018	-8.00045429481
-10.8324958504	-8.21162999992
-10.7803372644	-8.30152323603
-10.6581443936	-8.43197744801
-10.5745269857	-8.52695022424
-10.5117719002	-8.6502757995
-10.4326784098	-8.69804196085
-10.3118259454	-8.77445538299
-10.2034802167	-8.83762143297
-10.0439436445	-8.91843533829
-9.93902568162	-8.97158318908
-9.64040940356	-9.10309673252
-9.51778974423	-9.14977768967
-9.44159995863	-9.17431643199
-9.32429166079	-9.21002801341
-9.16595728192	-9.25244537464
-8.98711702788	-9.28970664049
-8.81770897115	-9.32995206434
-8.64703837554	-9.37803489134
-8.57494566994	-9.38938368976
-8.39459397599	-9.42006473343
-8.18862504069	-9.4645020638
-8.04208782316	-9.48851149926
-7.74209384328	-9.51729824355
-7.38739210093	-9.52107090292
-7.28093170869	-9.52641650315
-7.15628907148	-9.53080579847
-6.94782610187	-9.54804333356
-6.78573948631	-9.53015247797
-6.64941306423	-9.53307457614
-6.60280182979	-9.53193147341
-6.44964494932	-9.5339402194
-6.32924366644	-9.53064312795
-6.22074189047	-9.49241838377
-6.09009929087	-9.48007420765
-5.91213149545	-9.41590080897
-12.530936716	-7.90556669399
-12.6457203092	-8.02344312944
-12.7882598457	-8.07620401523
-12.9172704476	-8.11091554601
-13.0193914098	-8.14977134186
-13.108423433	-8.20307578653
-13.1790115528	-8.22309702174
-13.2934739814	-8.29822219013
-13.3535939728	-8.33370900303
-13.3662238266	-8.41957018706
-13.3310949016	-8.53352383429
-13.3172162236	-8.60106418073
-13.179535142	-8.75386504144
-12.8832529775	-8.99228888584
-12.852858941	-9.0152100859
-12.6421480486	-9.14083167406
-12.4419325209	-9.23975572197
-12.2530025269	-9.34839399895
-12.0301574986	-9.46158360573
-11.8481079292	-9.56652921708
-11.6058560204	-9.67327354393
-11.228842244	-9.91902264026
-10.9175708811	-10.060062603
-10.6107016866	-10.1973493754
-10.3789387987	-10.2986152318
-10.1623199994	-10.3867411506
-9.86635255632	-10.4635627422
-9.68370916921	-10.5344565658
-9.40179996299	-10.6322049929
-9.15744766948	-10.7071028879
-8.9050162348	-10.7839976707
-11.0354837173	-2.64671426396
-11.1345736626	-2.42350558217
-11.1755994498	-2.37050482056
-11.2827349429	-2.31223318229
-11.397720689	-2.2432707009
-11.4608406725	-2.22030937915
-11.5617534595	-2.1789568843
-11.701697462	-2.13418467403
-11.7895295791	-2.11169637724
-11.9776583407	-2.01021226377
-11.0355004841	-2.64674112316
-10.9251864444	-2.48682664934
-10.8444770882	-2.43065170989
-10.7895741402	-2.3796384051
-10.6727594288	-2.31941278572
-10.5742648096	-2.27860287902
-10.5058997403	-2.28346698222
-10.4691247991	-2.27882531259
-10.3143256316	-2.24453876561
-10.1697870837	-2.23818728827
-9.99247209515	-2.26880274576
-9.91419080677	-2.28097093209
-9.83295239381	-2.31865676485
-9.7319529295	-2.33242939891
-9.66582211454	-2.34336160781
-9.63349806166	-2.35425186458
-9.58428291461	-2.37169819547
-9.46840486956	-2.41721005773
-9.3180244457	-2.48281383527
-9.28869710368	-2.5001691228
-9.2027471305	-2.54453657973
-9.06535688821	-2.64901379431
-8.91208705127	-2.78276947541
-8.72913236967	-2.959848822
-8.54233829719	-3.20676361263
-8.43872390876	-3.32850335976
-8.35328060665	-3.41812466022
-8.297436252	-3.49004899296
-8.18620428855	-3.63694916195
-8.1132805921	-3.75262093485
-8.0110397036	-3.90509070108
-7.93612989059	-4.01225324112
-7.86489772748	-4.08624842965
-7.80937205645	-4.23627828642
-7.76745670207	-4.32690782703
-7.73208252704	-4.41169038173
-7.62329909794	-4.68265256112
-13.3703176892	-6.00805440324
-13.2215808486	-5.82960033447
-13.3703310392	-6.0080562585
-13.6088473689	-6.19772905554
-13.8306711022	-6.4002931835
-10.7526840552	1.85869909148
-10.547955837	2.13087693158
-10.5479505414	2.13087542346
-10.6885948044	2.22126941697
-10.7506336973	2.3259965691
-10.7769131959	2.53626391731
-10.7325558858	2.83139085896
-10.6555513856	3.09762773618
-10.5493379342	3.29469319493
-10.5181724805	3.3900452305
-10.4493322231	3.58114303583
-10.3816124525	3.73960878351
-10.3358849896	3.85258618845
-10.3040845938	3.93905699582
-10.2190373051	4.10639845051
-10.1362262184	4.26800452583
-10.0598417899	4.40712872522
-9.96839007535	4.57456359621
-9.90456615277	4.73306740686
-9.87079894214	4.81181305948
-9.80832679786	4.97492565607
-9.72344505398	5.20690397942
-9.68643537264	5.32631752383
-9.63841147229	5.39825009231
-9.60537941706	5.51454966987
-9.5841394665	5.58552196623
-9.57055930584	5.69357517065
-9.54122579709	5.81115457649
-9.52697550702	5.97291549567
-9.52158332777	6.07073559202
-9.5149458171	6.19905316572
-9.5018637376	6.32858277937
-9.49235390501	6.49199201495
-6.81903005785	-1.5892357755
-6.6550891935	-1.563145977
-6.47950140727	-1.57694061136
-6.20956402646	-1.57096732369
-5.9729825589	-1.6147948835
-7.64172972881	1.33253474335
-7.74946759738	1.23821398046
-7.83845733765	1.16342156231
-7.93322904401	1.08067873293
-8.02997394274	0.926974421018
-8.29149059168	3.36834553643
-8.21380450398	3.30627231081
-7.98266803551	3.14703058479
-1.81383554747	-6.63787091753
-1.57106748618	-6.52546546167
-1.42183483352	-6.48048296467
-1.15476389896	-6.41596125859
-1.02007901297	-6.41175161136
-0.858157833398	-6.4324212079
-0.674811394903	-6.45208358562
-0.474499708052	-6.52350760881
-0.374132595921	-6.55635974787
-0.211092207998	-6.61222531252
-0.0210919157474	-6.69354278834
0.0276965935325	-6.71439365093
0.124521271234	-6.77254893944
0.485210866612	-6.92669160296
0.649767250574	-7.03636079973
0.787408475057	-7.10225414759
0.920718601699	-7.17111691536
1.11874292861	-7.22228882032
-7.9821029076	3.14725599255
-7.72062521346	3.22389496697
-7.52907769614	3.28201034554
-7.33234622489	3.31795048835
-7.18930155263	3.33655988816
-7.02886118187	3.33356634703
-6.9039693035	3.32239141958
-6.30885521225	3.34013159677
13.7169979533	-5.75996434889
13.7948910613	-6.05424924797
13.8151113353	-6.25983787662
13.8899689865	-6.4229596524
14.0373740443	-6.5651841581
13.7152334882	-5.76040271095
13.6747862199	-5.66129402009
13.730208175	-5.51626842803
-3.50653200812	8.03837094716
-3.78768128653	8.02262451748
-3.90474586443	8.01384099428
-4.18056468383	7.89228209502
-4.28746381591	7.84286050666
-4.37539666816	7.79915921599
-4.48679233985	7.74856503271
-4.68128504331	7.66876177486
-4.92915287549	7.61889265397
-5.23343312051	7.50170378502
-5.55091777442	7.36943471699
-5.7358999386	7.29497858276
-5.81796578765	7.21754032755
-5.92908102395	7.15770510992
-5.97760888882	7.11311164508
-6.0601720556	7.07478679734
-6.2488946806	6.95982092982
-6.34438730068	6.85683211118
-6.38098420911	6.80796387329
-6.48164611509	6.68405456498
-6.54608796743	6.43652523282
-6.52382267425	6.26167057302
-3.50652199072	8.03826781036
-3.49654258219	7.94113822491
-3.51145750542	7.8706147747
-3.48608738719	7.63413824742
-3.46195047183	7.54791771613
-3.42836027795	7.50247436085
-3.37036271233	7.402893255
-3.33460564007	7.30496435962
-3.32366126616	7.17997702748
-3.31508794845	7.05610362642
-3.29889319115	6.95762131439
-3.31616139211	6.8839094984
-3.2974807451	6.84563521346
-3.25445255987	6.7627323158
-3.19265505772	6.65541095533
-3.1366318444	6.57220284072
-3.08929379504	6.51480107788
-2.98931568587	6.39281422923
-2.84769068486	6.23932140337
-2.76445728142	6.1453013956
-2.70523619916	6.07454294803
-2.56550443507	5.9972494711
-2.48876173135	5.95740941665
-2.23433409781	5.82896731523
-2.10812961899	5.77223266693
-1.91246271634	5.7026951732
-1.639085023	5.60424980671
-1.50878087385	5.56399428324
-1.30183229553	5.53769211241
-1.18567926132	5.50996665407
-1.00465086365	5.47229504356
-0.87008304371	5.45006382031
-0.610432282176	5.40046762893
-0.454280310094	5.38472127094
-0.276687167271	5.36597130865
-0.0872512486828	5.33611251971
0.233408224986	5.29723050285
0.40616324057	5.2925371726
0.559423548686	5.37902393858
9.29602444169	-2.80165502741
9.1441442931	-2.86028462697
8.94760849855	-2.93665314809
8.71517130512	-2.98515163744
8.60392283019	-3.00087603932
8.44292657467	-3.03609948887
8.15089536222	-3.14467327696
7.98324267303	-3.22426130934
7.82131736702	-3.27141521062
7.7337195183	-3.28392403929
7.56991677215	-3.33067712664
7.41435424146	-3.37331666327
7.20708375713	-3.41873373102
7.09230492449	-3.44673456294
6.97359326571	-3.47707305057
6.76761269202	-3.52125959965
6.67585656108	-3.54853248712
6.42997916972	-3.58886080119
6.31159564752	-3.62269827156
6.09733267338	-3.67859470885
5.93118303184	-3.70138409341
5.7588967538	-3.73202874321
5.659640526	-3.75071131063
5.47247944901	-3.7816717266
5.29433616866	-3.81853508789
5.06981986337	-3.86060008321
5.01174169498	-3.87159548547
4.81010961007	-3.91731918843
4.5798594274	-3.96484577569
4.45599689678	-3.99384023276
4.14249357245	-4.08149170694
4.05216303209	-4.10870353783
3.86606899436	-4.16397326438
3.59957710252	-4.24141356547
3.37927380468	-4.31208712519
3.18600469995	-4.37318712136
2.87527914383	-4.45360776265
2.80537091945	-4.47460532762
2.61056922822	-4.51160168914
2.33961640882	-4.56461622105
2.17829248774	-4.60541647571
2.0554065315	-4.63055481095
1.88970962415	-4.6624055863
1.69961694275	-4.70336901635
1.47603417527	-4.73299018836
1.32990585543	-4.73008226636
1.03922134828	-4.75691061781
0.764149375952	-4.72555401345
0.542444198986	-4.70072740153
0.25910007398	-4.68266297176
0.119251758869	-4.66853925679
-0.230849045814	-4.59757740595
-0.426303838154	-4.56098519401
-0.583977099232	-4.51284605233
-0.711290229331	-4.50262546236
-0.840625327946	-4.47504832819
-0.974496479826	-4.43595436732
-1.09567478963	-4.40797853841
-1.20823356553	-4.38449430602
-1.51010237409	-4.32614043558
-1.73125772202	-4.32617275497
-1.89471490348	-4.33079961187
-1.97141039859	-4.33844218033
-1.99296099734	-4.34789370468
-2.13773216626	-4.4005712517
14.721283473	-3.17466344571
14.868143236	-3.20906101051
14.9907569852	-3.23609350621
15.1830915019	-3.25142561506
15.2800144061	-3.28402161081
15.4641118242	-3.35307483062
15.6113650472	-3.43599623128
15.6545143641	-3.46688479831
15.6961157832	-3.50480123809
15.7455798918	-3.56392585711
15.8503272783	-3.67023083567
15.9056135431	-3.72443195781
15.9719327419	-3.82883229887
15.9895942274	-3.92232430036
16.0005052018	-4.02095428421
16.0141444164	-4.15281683662
16.0323487158	-4.27619847719
16.0334990314	-4.30032215612
16.0500639982	-4.42141615182
16.0362886836	-4.50968246471
16.0204725009	-4.59832304829
15.9945073796	-4.71230756119
15.9747116325	-4.79395485149
15.9014674893	-4.94971529011
15.8136113555	-5.1015821194
15.7602174499	-5.18005918563
15.7031140944	-5.26321986567
15.5866674237	-5.42158087308
15.5285418603	-5.50623976015
15.4556224403	-5.5984924495
15.3956019443	-5.67174070553
15.3617900846	-5.70899532244
15.2562846583	-5.80835450207
14.9944079191	-5.97035649353
14.8955338302	-6.03932687785
14.7594051348	-6.15265862941
14.5851820389	-6.28047257494
14.3124491201	-6.48378042723
14.2110999875	-6.52156011392
14.0373050936	-6.5652071154
14.7213161734	-3.17455681878
14.6828447682	-2.95847968201
14.6198106579	-2.84874736346
14.5614046088	-2.74922663812
14.4789247482	-2.61704002362
14.4047515411	-2.56458705823
14.3325056132	-2.48071119332
14.2424528573	-2.42671874556
14.2427382102	-2.42656034833
14.0507213842	-2.57144131664
13.963911045	-2.63898368052
13.8656484918	-2.71006832267
13.7457920576	-2.80679367335
13.6990037549	-2.83543710183
13.5881011468	-2.93974256462
13.5054424973	-3.00473252728
13.4131492728	-3.07723331927
13.2572974032	-3.15511975771
13.2008504577	-3.18852942825
13.1036548984	-3.2133304254
12.9552781312	-3.27418624102
12.7264000252	-3.36473395201
12.5815994145	-3.41036456815
12.4891783357	-3.4245974583
12.3674106002	-3.44949365229
12.1685445046	-3.48271366982
12.0587156869	-3.50912912263
11.9720631519	-3.52103866045
11.8204030299	-3.55501063899
11.6116881632	-3.66471823987
11.5639892427	-3.66473330224
11.5227807208	-3.67557532969
11.4579116197	-3.70051642054
11.3632607871	-3.73976449346
11.265708241	-3.78320852758
11.0873551874	-3.87153831448
10.9317530872	-3.94927134617
10.7642330652	-4.03613731523
10.5197464644	-4.1820292717
10.4066832128	-4.27101112348
10.2651123697	-4.38797380768
10.0522898578	-4.57168766868
9.87151821944	-4.73461114602
9.7812924278	-4.81505337691
9.66605718347	-4.9494762454
9.53526052861	-5.07501448696
9.3772256795	-5.25719285585
9.30298407911	-5.34061679443
9.21552281429	-5.42338961875
9.1101323798	-5.54451250322
8.98494340467	-5.67300918551
8.90494124297	-5.7968798282
8.82104950657	-5.95195373977
5.42762548547	3.02291802976
5.62352813795	3.03987584314
5.7182719654	3.04911239919
5.83261322464	3.08159496393
5.99131745039	3.07734187127
6.21075696747	3.1008729608
6.26617502238	3.11842471921
6.3969070653	3.11365702444
6.56596875106	3.11424120414
6.66608042733	3.09895478948
6.79219992424	3.07596469858
6.96382856144	3.05056153563
7.13270115202	2.98319436861
7.28611669881	2.90831106466
7.39681304394	2.84524532229
7.48249272944	2.79751134619
7.62104967102	2.7059273627
7.77033716516	2.60599392079
7.83001635402	2.53049346718
7.92242345913	2.40943443964
7.98527194713	2.32272109714
8.05362422412	2.21988062704
8.19088522713	1.990807099
8.23250727677	1.90872180211
8.3591400785	1.81065051035
8.40454028533	1.75058786484
8.47329267664	1.63998177798
8.57652570575	1.52547565567
8.66029414425	1.43264042512
8.74868277944	1.29112691744
8.75383101547	1.17426295385
8.82980108047	0.99531020156
1.40064209485	9.90077013187
1.51116222856	9.997002496
1.63346578977	10.0474892276
1.69221961526	10.0732460619
1.76995522005	10.0887703439
1.90417258667	10.150842652
2.01509764206	10.1812869587
2.20204822943	10.2470844407
2.28115407079	10.2731385065
2.45449866364	10.3161125312
2.57827926171	10.3452452348
2.73943110385	10.394967926
2.95392724275	10.450096632
3.38065977632	10.5473410482
3.53326392704	10.5788860944
3.70693170618	10.6431982283
3.99691854378	10.7027408414
4.15517102909	10.7254756
4.30827266931	10.7467356947
4.40302354956	10.7551688624
4.51095250485	10.7697692168
4.63939792044	10.7853677583
4.76202396434	10.7979081473
4.90020063511	10.8082338654
5.07051511615	10.8183693584
5.1640736333	10.8272785637
5.29247350495	10.8428446727
5.44160962765	10.8535760363
5.53186965656	10.8548667592
5.78188712859	10.8711561289
5.94576627397	10.8824662714
6.08271733717	10.8865863277
6.1880553905	10.8643718453
6.43115872181	10.8533009783
6.55844218171	10.8085011033
6.74366797725	10.7532543791
1.40065305776	9.9008182188
1.37781262739	9.77783552546
1.44205695654	9.69510092458
1.61785045389	9.52433277391
1.70518044516	9.41496516768
1.73951759367	9.31497175285
1.87510322001	9.17660972791
1.98477279906	8.98465620218
2.04389531929	8.84925577533
2.07937270907	8.75366913112
2.1106474525	8.65402347578
2.12476636053	8.56523847104
2.19508475875	8.45469714282
2.22365072589	8.33277062913
2.24766289807	8.23029666177
2.30203232314	8.07350947755
2.36206995571	7.91250253047
2.40138264274	7.83615388626
2.51105492482	7.7071167847
8.82976426434	0.995365732512
8.98041611362	0.933630268197
9.19946733674	0.859805321955
9.31827964884	0.862019072821
9.3954443419	0.900252107539
9.45334356842	0.933335222533
9.55089781888	0.996188773027
9.73939111396	1.11641673954
9.86089663651	1.22472052079
9.98776982889	1.35561947626
8.7869445435	5.35282596883
8.60328455473	5.3367996409
8.58437553008	5.33085847789
8.54718454531	5.3185014509
8.4080697093	5.28873417158
8.19459471972	5.21504626958
8.03677377979	5.22048162654
7.88053549511	5.19525618641
7.66653613635	5.21579474165
7.47130652512	5.23768508188
7.35268043691	5.25720828556
7.26849725857	5.29520294732
7.11165786369	5.35383189161
6.88615056688	5.48417303501
6.72979228876	5.62496675758
6.65338234684	5.70906576152
6.62390653368	5.7695114193
6.58844234174	5.93984965893
6.56318436028	6.15965610238
6.56784429783	6.25809356384
6.56761017429	6.32426261545
6.56663829346	6.45564192156
6.57461534759	6.58133955547
6.58224479099	6.75818801041
6.60348578814	6.94717687973
6.64454055222	7.03626812447
6.68981337417	7.11261689867
6.81162298189	7.25460438075
7.044178346	7.46208568948
7.16057487721	7.55120269512
7.33361897856	7.67845035648
7.42482625696	7.75140466911
7.54265137325	7.86308443951
7.6358824168	7.92660989328
7.69539906136	7.9908497405
7.80972454577	8.07713430534
7.94249096655	8.13101266825
7.98834622959	8.17349389673
8.08223330707	8.27306082236
8.18184210798	8.38014527569
8.28341764341	8.64308166678
8.78695044898	5.35259026571
8.93448577802	5.5447446358
9.05845008583	5.63828903136
9.09660239274	5.74000000591
9.16312176072	5.88195001948
9.20326063816	5.98268861811
9.27775250909	6.13643557317
9.30811737977	6.29153245217
9.33528241664	6.39048506656
9.40906020139	6.52662381631
9.49596658749	6.66859804325
9.61000429706	6.85140002912
9.64835421864	6.90243087519
9.78308866362	7.03874053333
9.94446726641	7.18046496016
9.98827806429	7.21445748601
10.1196761049	7.31282004553
10.2052540692	7.35546109844
10.3315107377	7.44058346914
10.4828596198	7.51992438766
6.91971918585	10.1096712713
7.09738112904	9.99133350615
7.19092310649	9.91171353823
7.27146631198	9.82542788678
7.41570828479	9.69443604339
7.57231494255	9.56475657897
7.6808834714	9.50489244127
7.77268531363	9.40015956383
7.97191652194	9.29449536138
8.0697347744	9.16698443542
8.18744460176	9.03039115245
8.25529489654	8.93336432534
8.29111272863	8.82748477882
8.28341302975	8.64309439901
6.91973858795	10.1096316371
6.89554699949	10.3180715922
6.8553945791	10.4067019682
6.83051664558	10.5072568894
6.78705206705	10.5887935767
6.74366792215	10.753254087
9.80469473026	12.0516396638
9.60148926859	12.0028243873
9.46278971878	12.0022112447
9.31830646933	11.9487522511
9.22454123595	11.9371240209
9.09903192201	11.9434623369
8.95470172034	11.9630272382
8.75047349633	11.9728696012
8.56708636582	11.9756478611
8.3498332866	11.9749439485
8.14511721252	11.9793372263
7.91361267561	11.9744604543
7.7881819443	11.9714474129
7.54840674549	11.9650162337
7.29393031621	11.9520539565
7.12250841577	11.9420508228
6.99657059326	11.9398655718
6.80812846517	11.9326381117
6.60060182362	11.9120230787
6.34214539676	11.8839693344
6.21421391623	11.8610769208
6.0308027659	11.8534069769
5.84604077802	11.8335836448
5.49318273892	11.8000416013
5.280312271	11.7785345446
5.0142339446	11.7565134488
4.86931598019	11.7391650192
4.71639206366	11.7175028812
4.49372218131	11.6567594461
4.28359090264	11.58498833
4.06082183337	11.5492853928
3.93161548509	11.5338978794
3.62325712194	11.4809266848
3.41998305004	11.4353434842
3.18061096538	11.4163433157
3.0243723547	11.3922268526
2.85265641196	11.3685731831
2.64232330135	11.3432145654
2.45010838904	11.3121141948
2.12642654121	11.2662581413
1.81999195742	11.2142517605
1.58345042078	11.1675318758
1.32280191546	11.0952825012
1.10188677519	11.038792526
0.927127288009	11.0039954508
0.72710834354	10.9477778813
0.504634435215	10.8828340749
0.332244147248	10.8246992862
0.121529211542	10.7765587283
-0.0253211176172	10.7279993003
-0.197665891134	10.6678642603
-0.401583959393	10.5965914311
-0.580382293539	10.5379617589
-0.599131710931	10.5324186877
-0.795031721842	10.4709284952
-0.923843053204	10.4295567446
-1.1133822668	10.363478314
-1.30051740624	10.2774335111
-1.48488264661	10.2155750689
-1.60021088296	10.1771454419
-1.77320873969	10.1180729713
-1.94533628921	10.0657670472
-2.01846513381	10.0507854218
-2.10793823978	10.027180295
-2.27444634676	9.97142283336
-2.43710203806	9.92076017279
-2.60134673755	9.87019405071
-2.69012438309	9.83570124341
-2.82795462794	9.80017536647
-2.98528036564	9.76156671124
-3.15405662198	9.72148046926
-3.26175101653	9.70167498252
-3.54634228132	9.62813343247
-3.62766256859	9.62115801854
-3.68065741005	9.60717725555
-3.88075606747	9.52608478305
-4.34577015826	9.36846418333
-7.83197483521	7.78406306449
-8.26187515723	7.49206686995
-8.50931208002	7.30606744333
-8.64284034764	7.19517016361
-8.70731649069	7.14429051216
-8.84276835389	7.03888809426
-8.97585506689	6.92717702771
-9.11148791035	6.8220435922
-9.27434307125	6.69044734796
-9.33630641485	6.63466177414
-9.35873018508	6.61379476315
-9.49237330858	6.49199039969
10.9573325137	10.7483293577
10.7054377225	10.7183736395
10.9573325137	10.7483293577
11.1133556376	10.7702534678
11.1611054385	10.7903256508
11.2924612684	10.8194807848
11.371681387	10.8656304546
11.4763675622	10.9257549693
11.7232807836	10.9669574135
11.8606568679	10.939900312
11.9566324064	10.9057610042
11.9954724662	10.8919766877
12.0873398475	10.8501709031
12.1920780432	10.79340715
12.2955493117	10.7522113798
12.3505314987	10.7170096132
12.3851401638	10.6689615607
12.4730978784	10.5963008392
-5.14743949811	-6.89481130845
-4.99186163498	-7.00502961137
-4.86373238069	-7.08871917059
-4.78893150209	-7.12867335623
-4.68092617383	-7.1932972199
-4.54760956251	-7.28400070932
-4.48022143007	-7.34417425347
-4.39383268028	-7.43576813457
-4.32846504868	-7.52072271258
-4.25997727902	-7.59281304669
-4.12679638946	-7.71300113832
-4.04519566784	-7.78811704203
-3.98732228826	-7.85350472912
-3.90291895006	-7.90917639311
-3.83200801835	-7.94825106971
-3.80510827314	-8.05011121742
-3.74061868338	-8.13768186351
-3.64769452933	-8.27289178343
-3.55238988102	-8.36471819733
-3.51435692395	-8.39622619585
-3.41708140704	-8.58665839312
-3.32706568887	-8.76864238826
-3.17647150161	-8.86412360375
-3.17643527726	-8.86410362016
-3.25450139132	-8.95702299242
-3.3608978046	-9.04767092217
-3.50273624785	-9.14621638418
-3.64996019367	-9.24550016206
-3.83443871209	-9.32767886796
-3.9380282692	-9.37295711942
-4.2685146084	-9.46267045105
-4.44466289996	-9.51409975515
-4.6839073093	-9.5366442313
-4.82851637823	-9.55197025233
-4.95849516397	-9.56778248571
-5.24448013277	-9.56266704073
-5.4412721457	-9.55138650297
-5.56935626279	-9.55347761807
-5.74047822498	-9.53310697083
-5.91214813506	-9.41587801741
-16.0147314095	-0.233102593945
-16.084728202	-0.391365746332
-16.1324191286	-0.564299225312
-16.2464737622	-0.770748909202
-16.3327335117	-0.941598994223
-16.4061337563	-1.11299494621
-16.4616485735	-1.29040669926
-16.5026052018	-1.38884439051
-16.5068866966	-1.48444050822
-16.6422449922	-1.76263781517
14.1601633598	4.46655973264
14.3678032478	4.52114150393
14.4693221293	4.56457119196
14.5933222863	4.64523346013
14.7378685139	4.72892750709
14.8566006175	4.83760552988
14.8999086976	4.88348468973
14.9583434152	4.92685191159
14.9985227975	4.98540231693
15.0199891421	5.01770097065
15.0749938427	5.14962496761
15.0865644864	5.31936978066
15.1131934279	5.43630322951
15.1171318963	5.51407869577
15.109623076	5.65421273784
15.1700515648	5.77742167366
-5.84356310259	1.69601986172
-5.86608798715	1.84272307736
-5.92533063513	2.51385926898
-6.00757972696	2.80313389625
-6.30885521215	3.3401315956
-5.84347402128	1.69579382014
-5.61044179165	1.61258548371
1.11875291765	-7.22226963611
0.914383273344	-7.41212238027
0.839973920202	-7.477336544
0.679677750991	-7.59389952686
0.48698564502	-7.72387742425
0.353912022183	-7.81655345495
0.123483926924	-7.96628768812
-0.0783843490088	-8.09909761891
-0.279379787977	-8.23688138785
-0.582189774405	-8.43290794786
-0.770190568206	-8.56015628048
-0.894729619555	-8.65312779115
-1.01729837784	-8.73687628304
-1.14575511134	-8.84210498486
-1.17766785219	-8.86767514153
-1.29408855129	-8.96634728244
-1.49115254997	-9.14803465343
-1.67941007024	-9.26798848305
-1.717363408	-9.3107584789
-1.83733119446	-9.43585730674
-1.91543236035	-9.52399188981
-2.02938578155	-9.64060513723
-2.16372726205	-9.77868812865
-2.32218296595	-9.94019405496
-2.55821888168	-10.2057104945
-2.75220221493	-10.4557275854
-2.90645739136	-10.6540914664
-3.59611215825	3.68187925562
-3.59700284648	3.88133668634
-3.60599908952	3.91077094923
-3.68005736993	4.13794923558
-3.720746156	4.24870099188
-3.73915819371	4.34493610556
-3.78289014049	4.60897916502
-3.85239479957	4.73876892315
-3.88256302	4.88353289637
-3.98847966105	5.15729926367
-4.06820791736	5.31555623308
-4.17233028996	5.46405606026
-4.25647976279	5.55112134861
-4.3693034657	5.65841796981
-4.46070266902	5.72567997221
-4.51695522832	5.76862566709
-4.62193784455	5.83150932232
-4.70447160128	5.87134194171
-4.90876619724	5.95760371191
-5.02521102838	5.99202326269
-5.13012899368	6.00671640772
-5.25877374374	6.01905485331
-5.44276075477	6.03075899512
-5.62748841524	6.0332335149
-5.74294565894	6.03714538163
-5.92273500718	6.04264175854
-5.98544793725	6.05153398586
-6.12091136498	6.05706237872
-6.19410840768	6.08107288953
-6.23020553545	6.09380303691
-6.41862327166	6.15866366826
-6.52389383488	6.26169942567
8.82104950666	-5.9519537398
8.68569190812	-6.12830383794
8.60962488592	-6.20477029725
8.51499382849	-6.24784550728
8.38100137152	-6.2873437014
8.12392068988	-6.29559866962
-13.0433613796	0.0378163602593
-13.1468192027	-0.132983534363
-13.2044084592	-0.252559299224
-0.74228300996	-2.63297374001
-0.432237825124	-2.50496635082
-0.255959660672	-2.47116034142
-0.166575705585	-2.44588996438
-0.0457379463537	-2.40930083629
0.0658414476987	-2.36901840229
0.301655995486	-2.29016223627
0.665361554418	-2.19168831911
0.814539425403	-2.12291806996
0.9966943021	-2.03995577398
1.14757371848	-1.96569676612
1.24850764525	-1.91509848516
1.39353988977	-1.84231503328
1.54033272382	-1.76685164922
1.63515981895	-1.7146755391
1.74735087568	-1.6347283465
1.83548115402	-1.56808421286
1.92175818203	-1.56864315043
2.07088711814	-1.48617798304
2.24477534155	-1.34819179062
2.34224420139	-1.29120982602
2.46749339533	-1.2173507457
2.61551987934	-1.13924676614
2.80175482972	-1.05677885397
-0.742285091443	-2.63297549965
-0.781889356149	-2.78868598721
-0.775366812194	-2.93029092067
-0.735199426635	-3.13971689032
-0.675115324373	-3.35209301543
-0.630761004744	-3.47769324513
-0.57892904833	-3.52211244031
-0.537962403363	-3.53651406324
-0.461855566181	-3.56626807861
-0.348779311908	-3.59331206721
-0.206791759375	-3.61354035878
-0.156825147657	-3.61670248105
-0.0497582798936	-3.62108318291
0.0812752204897	-3.63055659651
0.186553909854	-3.63194370537
0.26919332818	-3.62222094589
0.49574534393	-3.58489156849
0.698005239784	-3.54822746243
0.824379488202	-3.5293882733
0.996885428524	-3.49088100211
1.02187330736	-3.48593835099
1.14993798693	-3.44736197324
1.22311378093	-3.43043155494
1.41418645488	-3.38261015114
1.64331943214	-3.33990773041
1.71712764606	-3.31946203963
1.83014762658	-3.28935820116
2.04075586308	-3.23743286114
2.22697776769	-3.1977241091
2.40419603515	-3.1648831891
2.54995246329	-3.13605289243
2.71211038772	-3.10234745909
2.79228678771	-3.08848976578
2.9029069924	-3.07100255972
3.13111654661	-3.04342281064
3.37309874186	-2.98884998568
3.51397296853	-2.9709216494
3.64582125325	-2.95834212262
3.80170824402	-2.95704054603
3.9787793831	-2.92797166585
4.26239997031	-2.89444090588
4.53872384561	-2.8216259354
4.62442095426	-2.78920462464
4.65374791992	-2.77503760186
4.68055083896	-2.76062656783
4.75596286738	-2.71037420025
4.83587933438	-2.60317632036
4.99526943136	-2.37118708114
5.08163253345	-2.2189569415
5.13294130238	-2.11087540107
5.15031666102	-1.97478256907
5.15253350496	-1.83560631667
-5.61049311967	1.61253299482
-5.46673898969	1.86923830758
-5.39829828597	1.99083992014
-5.37015232843	2.12512347412
-5.36861036321	2.24971982339
-5.4233111277	2.33636208207
-5.5292893454	2.43607525214
-5.69888319092	2.53319450218
-5.95204030341	2.57171359819
-6.00931821137	2.59757333005
-6.11655949448	2.59249262311
-6.22007170622	2.59466990135
-6.35936388212	2.58719245274
-6.37954065276	2.58456028128
-6.46401873372	2.57197121568
-6.51227833693	2.56534792777
-6.59042942108	2.55582738616
-6.75273468045	2.50301910994
-6.81917518052	2.47846427385
-6.91586120934	2.43546640933
-7.08475259137	2.3591172016
-7.20226748945	2.30428014183
-7.39655783831	2.22241299863
-7.58484809019	2.15209010477
-7.7203453855	2.09296001932
-8.14823483236	1.91804137831
-8.42191369046	1.77299108355
-8.57833143937	1.57164787104
-8.65907276246	1.3563135983
-8.61655678417	1.28723039186
-8.57470855089	1.23517278306
-8.52439377485	1.18219975745
-8.47024587013	1.12728298938
-8.35805995459	1.03784141352
-8.147654372	0.973159935441
-8.02986626696	0.927036380549
-13.8306710165	-6.40029219844
-13.9105927717	-6.57280881132
-13.9789700678	-6.67507187015
-14.1057969544	-6.82778780989
-14.1670309948	-6.90192695212
-14.2343818243	-6.98113452563
-14.3490919988	-7.07786344836
-14.5049957812	-7.16136146056
-14.5851370652	-7.19666401854
-14.7062123034	-7.22315899274
-14.8302435315	-7.22016899921
-14.9185294102	-7.1998405533
-15.0807015217	-7.14828585982
-15.2675900932	-7.08908260489
-15.4241779273	-7.00652953433
-15.6252117911	-6.88704707957
-15.7426276762	-6.81442096985
-15.8790464791	-6.71750352082
-15.9863576518	-6.60684159253
-16.0412202323	-6.51731158594
-16.0542726568	-6.48632224865
-16.2985526615	-6.25844959472
-16.4486239554	-6.09409936152
-16.5808654124	-5.91866466575
-16.6972888493	-5.74085060043
-16.756475757	-5.64382955964
-16.8233066997	-5.48874418479
-16.9453251142	-5.25694708958
-17.0562439814	-4.95042895985
-17.0878143483	-4.73330465057
-17.0986852897	-4.53980981509
-17.0629598509	-4.38939696068
