2584 0 0
7.43717856654	23.8498489531
7.81246476618	23.6323247924
8.08368513854	23.5260060864
8.24886718527	23.4373374986
8.5085243815	23.3050006247
8.54866290769	23.2807927607
8.77277480095	23.1604431151
8.93215107469	23.0842816662
9.00681967127	23.0201302694
9.0893815602	22.9922102299
9.16480716536	22.9642362252
9.31906896507	22.9253571874
9.61129263793	22.862119802
9.89309508778	22.7943506483
10.2841325636	22.6841695368
10.421213944	22.6415810048
10.5952103966	22.5801562604
10.8537199727	22.481096148
11.0734204737	22.3928278513
11.2842790415	22.2907845798
11.4808106836	22.1914721386
11.6973843016	22.0740155063
11.946876513	21.941630855
12.1883132619	21.7755440459
12.587888751	21.4555099379
12.6045630682	21.4424040551
12.7400593339	21.3256839234
12.932142715	21.1440729446
13.2046489942	20.8669155307
13.350491092	20.7117836839
13.6055075446	20.3223979193
13.7035411372	20.1928523823
13.7743069813	20.128095712
13.8708716959	20.0022072802
13.9217431648	19.9367120769
13.9984499168	19.7789094836
14.191957971	19.4286231479
5.88555095911	27.0197025601
6.05986007843	26.786693976
6.18423493905	26.5807940516
6.26532412678	26.4049214786
6.32866384393	26.3083136155
6.39466198727	26.0490617914
6.48573156286	25.9106225541
6.54533072336	25.7295723403
6.59537255114	25.5164743298
6.66042636814	25.3172312704
6.75887807215	25.0364006815
6.87833348046	24.8619959807
7.05700896962	24.478341823
7.21673393384	24.1793416269
7.33409375434	24.0027026746
7.43736481192	23.8498759695
2.21077115551	25.9020737295
2.49861664089	26.0274495717
2.74442358986	25.9878684474
3.00489780651	26.0327841347
3.26691554893	25.9667092367
3.40812596498	25.9691141599
3.65349141035	25.9722533938
3.83735875834	26.00641603
4.06649353552	26.0251768832
4.20278281864	26.0694697636
4.3679939219	26.1280995646
4.54976520483	26.2670410635
4.82965325176	26.4350018425
5.03313236622	26.5589708477
5.23723965031	26.6305104514
5.40302899051	26.6935037795
5.53420455446	26.7179789505
5.84707977588	26.8581637006
5.88772384375	27.0278656474
16.0574371608	19.9198106766
15.9843015579	20.3608768669
15.9085893783	20.6379783808
15.8269989097	20.8548634428
15.7861423605	20.9675998059
15.7289354619	21.0868515369
15.592739259	21.3223989348
15.4630895892	21.5375521394
15.3937169364	21.6586486685
15.2661776369	21.8561581315
15.0910600361	22.0782528772
15.0117929811	22.181069375
14.9991388252	22.1950277361
14.8799431994	22.3121302064
14.5382421518	22.5892012423
14.4838546575	22.6364759636
14.3602123571	22.7464474494
14.1196780477	22.913018605
14.0346407112	22.9690783682
13.8823842355	23.0788174156
3.87314804986	24.1245671444
3.75801613919	24.2126159119
3.63879209865	24.3163017714
3.550256412	24.3893984629
3.21114106681	24.6566993002
2.95998685529	24.8818724866
2.82204376226	24.9671877964
2.63065165957	25.2048495266
2.40996802986	25.501148115
2.40998243967	25.5018186183
2.23551533876	25.3209012448
1.9486273611	25.346580247
1.78643916764	25.3336597735
1.57309488699	25.3509702067
1.2657308177	25.3330930216
1.04170999039	25.3404949747
0.826344709563	25.4116021369
0.726120250431	25.438497471
0.382291222432	25.4936702934
0.0411407233172	25.5197979014
-0.335839891928	25.5495101899
-0.537999998187	25.5737318756
-0.726442288618	25.6116818016
-1.06023067467	25.6605788764
-1.26673833672	25.7013734738
-1.72027060042	25.7891639062
-1.9792200381	25.8450768236
-2.52126004282	25.9688431376
-2.77504370044	26.0029397396
-3.10447591727	26.0695347434
-3.31061489512	26.1015646714
-3.60659367888	26.1081574268
-3.88155046145	26.127271436
-4.01761077413	26.1228928673
-4.32547976437	26.0811922512
-4.55815772952	26.053483726
-4.73950259214	26.0222316954
-4.97769519429	25.9482111945
-5.18062854208	25.8710425979
-5.22845766405	25.8434954582
-5.51761298041	25.6881935228
-5.77945161127	25.5364975656
-5.92297061051	25.4524902656
-6.22298870557	25.2643984396
-6.35340942655	25.1854545668
-6.40912159774	25.1466798976
-6.6854424656	24.9818820283
-7.13538340584	24.7034205732
7.76748801719	12.6644759156
7.9271723577	12.5328746061
8.00808328561	12.4644417113
8.05882843889	12.4185334907
8.17659874471	12.2909202955
8.3154826516	12.1271106167
8.39248305291	12.0347958928
8.5696999525	11.7810954558
8.7112671881	11.5725613268
8.81662532643	11.4012382475
8.89333316736	11.2703378959
8.98584452581	11.1088761547
9.08880856891	10.9286699817
9.21735860502	10.6498218989
9.31461269447	10.522180918
9.32954369646	10.3722893796
9.48558942121	10.1488866283
9.63071792744	9.6400322821
21.0210561123	8.06292091501
20.9886838459	8.22889445782
20.8353277022	8.57570025367
20.694337609	8.93395624096
20.5835585172	9.0925271585
20.4849829804	9.2827542737
20.4289946143	9.37719502081
20.3529623192	9.49095120346
20.2732194941	9.60364465706
20.2229881094	9.6699653579
20.1960392377	9.7330167021
18.1802518405	15.7077377065
18.1345324003	15.7247273281
17.9512928949	15.7991293189
17.8029105516	15.843083674
17.5646106512	15.8957138039
17.3379676315	15.9416598446
17.213090771	15.9976467766
17.1034763254	16.0555687947
17.0560011034	16.121651446
17.0048029255	16.2612119383
16.9602155028	16.4206737703
16.92553036	16.695079216
16.9252986436	16.817661709
16.9161052323	17.1762807618
16.9138296089	17.4523558999
16.9076469709	17.5755365312
16.9209558439	17.8130591462
16.9176583633	18.0631562291
16.8766606049	18.3173675726
16.8326102512	18.3837118262
16.8139744526	18.4967298709
16.7314774246	18.8774753648
16.6288417509	19.265578776
16.5790354764	19.4129590662
16.4134178441	19.6535217055
16.0574371608	19.9198106766
20.6426272165	7.54654603743
20.4178060195	7.35469970517
20.1696298401	7.13282135389
19.7645160653	6.71142432534
19.4838185646	6.42956112409
19.3094610409	6.25164693622
19.0535300007	5.99405747075
18.7550214519	5.67296327708
18.2573834901	5.12631200004
17.8048691295	4.59461354727
17.5173639094	4.19333935478
17.338128163	3.91883380117
17.2362514751	3.77798205258
17.0097051279	3.56729936523
16.7836722444	3.35003910858
20.0622824462	14.7139578795
20.06546812	14.7102180257
20.1868112231	14.6392547861
20.3086900796	14.521905182
20.5006479996	14.4064703289
20.6430102135	14.3297458136
20.8905300148	14.1781518669
21.010116819	14.0671483505
21.1777138384	13.8148581453
9.63074597599	9.64000526553
10.1181191649	9.49506687598
10.324307531	9.36333249201
10.6224771905	9.1617795798
10.8336160559	8.99768839398
11.0350356419	8.90076090777
11.2834220364	8.66565061299
11.5448963191	8.41165641162
11.5824622086	8.37279577186
11.6954875333	8.24991990012
11.9691946505	7.97127851033
12.2827108637	7.64339565617
12.6142090921	7.31152534904
13.2294348118	6.70386981938
13.5404809693	6.44808209448
13.6472573997	6.29146023852
13.8810702412	5.84583258846
13.9312968818	4.9478537342
14.3846539945	4.62411930826
14.7194999873	4.43796321175
15.0641673553	4.27162203576
15.439423666	4.05296337374
15.6486919558	3.94245254564
15.7693659352	3.86284771133
15.936209476	3.74376758372
16.1192401329	3.45084747608
-1.1653155238	7.93321280247
-1.36617404043	8.28383061358
-1.47820680952	8.3696864021
-1.70254542159	8.61800604438
-1.85051988733	8.80677425203
-1.90157738049	8.88207618604
-1.98095305	8.97986018339
-2.19335276871	9.24838481265
-2.38742861578	9.48165865956
-2.50517827789	9.6121569639
-2.62124588658	9.73820723424
-2.84031859808	10.0363983923
-3.0929367027	10.4660709076
-3.17866464405	10.6851139861
-3.19198017267	10.7191449728
-3.26346534103	10.9269035675
-3.31070024698	11.1572119993
-3.36391297337	11.2829834405
-3.41566347774	11.4580744996
-3.37494026047	11.6728764624
0.63400367534	5.53340772101
0.739610907768	5.54856738783
0.916016355051	5.58193935387
1.0422842068	5.62744231779
1.2357353413	5.61599174954
1.47816968437	5.60214295538
1.85243408331	5.50821627547
6.49379661684	3.78818134867
6.34558971119	4.03338029647
6.18659204144	4.31523706611
6.02563367038	4.52406227512
5.82845419233	4.82887736435
5.62146108886	5.10843363995
5.53007713656	5.26268684998
5.34919518206	5.43093424568
5.02897809679	5.65793176618
4.6262933291	5.83669859658
4.48415461203	5.89348699561
4.10121284085	5.96015762735
3.91261014974	5.96969817459
3.49496650456	5.95412588792
3.05239211441	5.89967092656
2.80656137765	5.85493047017
2.6432066485	5.77107480423
2.38024818306	5.68339125784
2.15704342105	5.60046950011
1.85243408331	5.50821627547
-16.9902773971	14.6580777395
-16.6769167162	14.725986201
-16.4558013633	14.7562746657
-16.1374474597	14.8427733469
-15.9729129761	14.8665554705
-15.7895006049	14.8224267548
-15.3288697957	14.9262532316
-14.9498191342	15.0109489189
-14.7260616158	15.0515756018
-14.4818638837	15.0895502974
-14.1384364105	15.1332282239
-13.7548222666	15.1774526047
-13.1386900067	15.2700694802
-12.9549828897	15.2967868869
-12.7802761459	15.328118417
-12.4138477542	15.4028533312
-12.1601564441	15.4539948212
-11.8886418991	15.5249252926
-11.6812747173	15.5818067958
-11.4861620502	15.641099044
-11.3555495969	15.6688274899
-11.2425313909	15.6886019776
-11.1577669763	15.7065506644
-10.9243059481	15.8180103135
-10.7658117543	15.9144674746
-10.6539993775	15.9751729226
-10.5247664116	16.055895348
-10.3339749956	16.193045759
-10.2188462457	16.2621646538
-10.0477393774	16.3550808747
-9.91424002086	16.4610720456
-9.73938834677	16.6028967787
-9.52245314865	16.7970304106
-9.472382853	16.856016897
-9.33038821205	16.9445134008
-9.17476824775	17.0698107992
-9.06780646076	17.1405347879
-8.94037054926	17.2370332835
-8.74576542112	17.4374688565
-8.59226272006	17.5709233899
-8.47301121681	17.6724972059
-8.31072292441	17.8277847973
-8.11159140627	18.0270339003
-8.02078226108	18.1323845867
-7.76525921455	18.3614331331
-7.43202248113	18.6197575809
-7.23651839332	18.7868839285
-7.09327586559	18.8696698502
-6.81175194137	19.0283954049
-6.60132766392	19.1406273959
-7.0612677849	2.97016276919
-7.10133663762	2.95365952738
-7.1946261709	2.91496714014
-7.33418500536	2.8713745776
-7.43961675285	2.82662405121
-7.51736118663	2.79285253723
-7.65407898563	2.7316898278
-7.80759293091	2.66384896596
-8.02440264535	2.57166972407
-8.22281123948	2.48824650282
-8.38736749764	2.4249412276
-8.56176089993	2.35723900276
-8.69810021171	2.30437312635
-8.84173127096	2.25087529687
-9.12300528432	2.13522665888
-9.33181941604	2.04440428809
-9.44437219451	1.99506579002
-9.57975701592	1.93466758605
-9.76645617436	1.85078297703
-9.92192284323	1.78236763342
-10.1122211233	1.69915010896
-10.2608998517	1.63114015817
-10.4482523929	1.53425306262
-10.6426034563	1.44125812502
-10.9383023489	1.28278786063
-11.1306773527	1.17033234831
-11.2758909654	1.07868272218
-11.4575413174	0.950860987933
-11.6435920403	0.829234902995
-11.8164895875	0.704700103732
-12.0697417107	0.508394859009
-12.3064678567	0.295936016396
-12.4163946493	0.205282799886
-12.5719016932	0.0552154171604
-12.6798161422	-0.0595737252719
-12.9123573047	-0.33450621095
-13.2080496025	-0.883830913545
-13.2812814952	-1.12750124976
-13.2677132136	-1.22747169647
-13.2866146033	-1.45471618277
-13.2905092632	-1.80576133433
-13.2835544781	-2.04451562518
-13.1894473027	-2.95511872451
-13.1667536425	-3.50757983533
-13.1393432174	-3.81075252732
-13.178474621	-4.10763602816
-18.1509770092	17.996547736
-18.1378730012	18.0052563123
-18.0595850177	18.0534114589
-17.9694542635	18.1090970959
-17.8990720096	18.1553512007
-17.8343578433	18.1994684808
-17.6831849352	18.3069438352
-17.4010538888	18.5906164342
-17.3188622934	18.6875040347
-17.1858664908	18.837426119
-17.0617868985	18.9855832779
-16.9543200355	19.1665568202
-16.9122492406	19.2492162088
-16.8828243489	19.2851132662
-16.8271187886	19.4144547564
-16.7801673773	19.5144814922
-16.7269118939	19.6215904264
-16.679663825	19.7271191201
-16.5575983132	19.9056281436
-16.5039129264	20.0096413075
-16.2946929977	20.2219132722
-16.12411115	20.3796548603
-16.0831332119	20.4233161183
-16.0576263148	20.452038786
-15.962046752	20.5283882086
-15.8239883497	20.6610971037
-8.52297603807	24.5188562083
-7.91648602626	24.6895858339
-7.71740479703	24.722148889
-7.40445082802	24.7324342259
-7.13538338849	24.7034204945
-21.4596720134	4.66491589082
-21.08878814	4.66707117182
-20.8710978965	4.65397137673
-20.7758850461	4.6385478078
-20.6813233178	4.55218610396
-20.4724271271	4.44000314442
-20.3131986108	4.30058890937
-19.9056228323	4.09210908984
-19.6902132973	3.98119490023
-19.5768115249	3.93348111295
-19.2258377433	3.78769052047
-18.9572211591	3.67934820704
-18.818419696	3.62714227735
-18.3907446687	3.46323736823
-18.2178973041	3.39112836217
-18.0373403696	3.32223946418
-17.8928409397	3.25000144798
-17.6856791053	3.17081529119
-17.5347185543	3.11793444608
-17.357065874	3.05638889628
-17.2168718239	3.00709827999
-17.0789358588	2.96122082813
-16.8644774816	2.88255138378
-16.6829791634	2.8220858421
-16.1161825017	2.60496652441
-15.7818774905	2.48088598842
-15.6242910483	2.45337443959
-15.4340335399	2.39149749519
-15.1510474275	2.34989542909
-14.8281224228	2.27245788853
-14.6509372383	2.17177911935
-14.4388672988	2.11970333755
-14.3024389603	2.09753211822
-14.1771081756	2.0135445235
-14.0153300295	1.74865736305
15.4180698342	-9.84658503842
15.2855899443	-10.0649922434
15.245059565	-10.241325336
15.1653433538	-10.5746221348
15.1103855525	-10.7109105661
15.007027407	-10.8671926585
14.9323900349	-11.0066772476
14.8680874613	-11.2049825423
14.8164910468	-11.3372193321
14.7554022753	-11.4523363783
14.6095719943	-11.7553672445
14.4361164122	-12.0770311053
14.3100199793	-12.2948789653
14.1858163487	-12.5106271658
14.1194859113	-12.6217779673
13.90405304	-12.9538272457
13.7665592287	-13.1824561981
13.5971558977	-13.4112068579
13.4291740289	-13.6762032276
13.2208920223	-13.9393512963
13.1562670271	-14.0536255921
13.0532491227	-14.1843553104
12.8370560795	-14.4481337524
12.6055956494	-14.7148804314
12.444746545	-14.882192893
12.3316108158	-14.9996245499
12.2195012466	-15.1258265316
12.1500691656	-15.2087021898
12.0096683361	-15.3520583515
11.7643123432	-15.5977009952
11.5373256731	-15.8105529739
11.2797317942	-16.044600428
11.1549969915	-16.1699254975
11.0040038455	-16.2926246173
-26.2720564307	3.82156150548
-26.2720824486	3.82160214722
-26.2721947389	3.82143484921
-23.1283797138	-0.243990762384
-23.0613389811	0.276287246036
-23.0040937219	0.395294756578
-22.9399888809	0.512325385717
-22.9048325854	0.589153855145
-22.8598007822	0.750097159948
-22.763574418	0.953007941012
-22.6142105323	1.21077086976
-22.5687203253	1.308329566
-22.5130642909	1.40286636346
-22.3766348683	1.71944524238
-22.2412876613	1.920147643
-22.1942279082	2.03839074589
-22.0859292293	2.28034620715
-22.0434215458	2.36267234467
-21.9578692246	2.54705079178
-21.8519431423	2.80885023414
-21.7812125357	2.9701831349
-21.7202325844	3.07937685016
-21.6182304874	3.25104189035
-21.5319428001	3.38254615152
-21.4961123867	3.52521029491
-21.3180559057	3.82132537894
-21.3658856413	4.05444524721
-22.3779730478	-1.87270652292
-22.1304589671	-2.30240173127
-21.9706107991	-2.53203556964
-21.8249726242	-2.73444735936
-21.6648844824	-2.90952909683
-21.5499791929	-3.06060549104
-21.5182857669	-3.10058247796
-21.3253627381	-3.27840369076
-21.0921946979	-3.55960578415
-20.9691463817	-3.69977492692
-20.8169035614	-3.86115551568
-20.6344227964	-4.04238643791
-20.4344054316	-4.25006877195
-20.296660775	-4.38508562904
-19.9919852265	-4.65776132661
-19.7412710916	-4.89303816541
-19.5744622712	-5.04038790639
-19.3627225342	-5.20383501167
-19.2082768254	-5.33517275764
-18.9912076108	-5.49759963295
-18.470725818	-5.85093570003
-18.1119758126	-6.10037891454
-17.9727051384	-6.18541435908
-17.9128924553	-6.22042822647
-17.676450442	-6.33192995242
-17.4406929892	-6.44130182562
-17.1849106706	-6.54846725913
-16.95558033	-6.60853147664
-16.5979796422	-6.67833634008
-16.3820948658	-6.69576502566
-16.1678503614	-6.6842526159
-15.929409956	-6.64216251093
-15.6922698763	-6.56987334233
-15.522404924	-6.50141729029
-15.3023012422	-6.37056515802
-15.2109639622	-6.31867313266
-15.1034860046	-6.25655946638
-15.0397552941	-6.2269505222
-14.9082322978	-6.16008336581
-14.7514967228	-6.00708957306
-14.5708475865	-5.82986489368
-14.4107684669	-5.66626979569
-14.1384222805	-5.32232980706
-14.0408648664	-5.21010365908
-13.9822632291	-5.14867938377
-13.8349725959	-4.94589936941
-13.6679748771	-4.72260522307
-13.502092038	-4.50904809574
-13.3381225741	-4.27538593485
-13.1784645608	-4.10768000961
-14.9217000153	-10.1968321551
-15.2062036078	-10.3332729512
-15.3514397819	-10.4624934369
-15.5037879528	-10.694295906
-15.664009265	-11.0349880283
-15.7489288133	-11.1820147667
-13.8872952331	-23.0358763452
-13.8553212055	-23.1801815991
-13.7754286664	-23.495401965
-13.7000242801	-23.7478253874
-13.627580314	-23.9089166456
-13.6182193049	-23.9347911957
-13.5558766049	-24.1040830713
-13.4543255671	-24.4906434624
-13.3674398277	-24.80225265
-13.2786144946	-24.9444782376
-13.2244216763	-25.0328301595
-12.9745243255	-25.217068665
-12.7127563631	-25.30368796
-1.61723248082	-11.5616078082
-1.72805952818	-11.2512145507
-1.79265794659	-11.1350169593
-1.94766954764	-10.8717601691
-2.091694891	-10.7188915829
-2.27552955018	-10.4260652643
-2.3715591035	-10.2478221078
-2.50401446733	-10.0408133662
-2.69380698165	-9.70833659892
-2.78129284105	-9.56194214873
-2.92061479801	-9.32853438476
-3.06414904375	-9.0781011861
-3.17518696563	-8.92250661683
-3.27226415944	-8.78694088395
-3.4913878849	-8.46339781002
-3.51427743283	-8.42696111097
-3.62303688489	-8.30003890092
-3.69455533115	-8.20908197908
-3.78993687932	-8.08996676776
-3.959230782	-7.88385031719
-4.18809377495	-7.64926972015
-4.38903010665	-7.46508362923
-4.70337877896	-7.06754521229
-4.94571761388	-6.78609756699
-5.11093276102	-6.45615777814
-5.31760475602	-6.07628198058
7.12532500901	-14.4291410086
7.18702406287	-14.151513936
7.24721588471	-14.004548653
7.3467744875	-13.6794602968
7.3490016812	-13.4672021867
7.35361275113	-13.1993567582
7.34999000162	-12.88058938
7.34981780439	-12.6435041581
7.32481250152	-12.4885579911
7.32693487974	-12.2718631902
7.33482965123	-12.0456833101
7.35731942323	-11.7657405807
7.35776881682	-11.6478028049
7.36103779914	-11.5792429167
7.37781866613	-11.2878483465
7.35888552535	-11.006423127
7.3419449761	-10.7325814747
7.34065038751	-10.5352724736
7.34441929398	-10.4504730318
7.35957972922	-9.96782915712
-8.77263730419	-11.5587711108
-8.95193614545	-11.2697837233
-8.91609780452	-11.1322761858
-8.87620521352	-10.7808410653
-8.79386708437	-10.5767709364
-8.75641215249	-10.3271643571
-8.6631647856	-10.0847586916
-8.56650533393	-9.859648866
-8.504892567	-9.69287767727
-8.36386792561	-9.4086803906
-8.07270350826	-8.90994939848
-7.96819743954	-8.74264114036
-7.85089825169	-8.56865518856
-7.58989286901	-8.20397605295
-7.41062843126	-7.98882865061
-7.25347993494	-7.80539445316
-7.14857062478	-7.7114366005
-6.85961135468	-7.43095678043
-6.60739657976	-7.20937435
-6.460815022	-7.07604306567
-6.42825173173	-7.04715841996
-6.25822521676	-6.87999963789
-6.0879856207	-6.7580084504
-5.91218346743	-6.56346977506
-5.68397908062	-6.29886871409
-5.4794959324	-6.14197271035
-5.31785467348	-6.07621193919
-10.5678256263	-12.5943011409
-10.8728586245	-12.5566907806
-11.0482142246	-12.5182281232
-11.1223590527	-12.4463708703
-11.3590217824	-12.3717307072
-11.6322580665	-12.2114856395
-11.8632832093	-12.053288273
-12.1324050045	-11.878754506
-12.2511419141	-11.8037799386
-12.5213604426	-11.6405195131
-12.8951850693	-11.3972684182
-12.9178393245	-11.3825477995
-13.0497893923	-11.2974814753
-13.265772352	-11.1519075273
-13.3979447598	-11.0835524467
-13.5175123409	-11.0274830846
-13.703077108	-10.8751276333
-13.8262105534	-10.7977399579
-13.9006718202	-10.7501112536
-14.1002684336	-10.6112240881
-14.3872491209	-10.5169886781
-14.6647442297	-10.3457718957
-14.9216723114	-10.1968314108
-10.0258212005	-26.3199802962
-10.0234178178	-26.3196589701
-10.0230024562	-26.3194814007
-8.03688958739	-17.6486606287
-7.97463446072	-17.4842789371
-7.9318455758	-17.3684742913
-7.87548484945	-17.2498504017
-7.80893427345	-17.1773458353
-7.61946038255	-17.0438394613
-7.57181652307	-16.9672992225
-7.39585305874	-16.8067423095
-7.19624483313	-16.6737530779
-7.04296509412	-16.5431757572
-4.85105792601	-17.9079074616
-5.18963708531	-17.9514549972
-5.34966013733	-17.9295988912
-5.48389008204	-17.8247671026
-5.61661490797	-17.7230871138
-5.84606704751	-17.5910626118
-6.04444839429	-17.3721219865
-6.17781997627	-17.3138259257
-6.35906075941	-17.1439267193
-6.47205806308	-17.0127347491
-6.61347392892	-16.8850707267
-7.0429038611	-16.5432664526
4.34259680919	-21.5582403628
4.36603231173	-21.0813296545
4.34373767356	-20.8323745114
4.30155757814	-20.7100390255
4.27833376307	-20.6246795247
4.25858686688	-20.3171056182
4.24759758159	-20.071562197
4.22563810015	-19.864423625
4.21665647777	-19.4691072533
4.21976511283	-18.9431712812
4.22724525511	-18.4395582795
4.24571555837	-18.1024083365
4.2820066492	-17.8764601333
4.31512767693	-17.6925083017
4.34933070029	-17.5595366375
4.44680936396	-17.2722016316
4.58184743428	-16.9430030296
4.64274282606	-16.8393055314
4.68237605696	-16.7715669285
4.75000272477	-16.6379406293
4.82414060351	-16.5170442195
4.97030504092	-16.3022961499
5.05153227072	-16.1950798988
5.13861304177	-16.0723708475
5.29961492378	-15.8931857529
5.47787078843	-15.7047381798
5.67062652802	-15.5106220443
5.78720450384	-15.4232086857
5.93596093905	-15.2926031565
6.08135490015	-15.1767934598
6.14970633777	-15.1287512601
6.28781366026	-15.0274805057
6.5870609625	-14.7549960657
6.93969251718	-14.5058422704
7.12557883351	-14.4259618582
3.18572377528	-27.7947439202
2.82774829901	-27.7824580085
2.6072984897	-27.8587696786
2.55071319387	-27.8500927124
2.39494811027	-27.947170888
2.26306054458	-27.9942255078
1.79623681716	-28.0655165441
1.46846673613	-28.1099410026
1.19671158414	-28.126025039
0.967292059797	-28.1494708942
0.694207803677	-28.1413073462
0.512573991278	-28.1713182634
0.353252041606	-28.1689519509
0.146497290626	-28.1438072399
-0.0365817705669	-28.0851974353
-0.352504379431	-27.9825764903
-0.49099336855	-27.8342167747
-0.638695733609	-27.6558425235
5.2620909353	-22.2295845468
5.13105312255	-22.589323754
5.09461229318	-22.758237378
4.87290466356	-23.0788007175
4.73633092068	-23.3084110503
4.49427107381	-23.6542500142
4.36335953164	-23.8081194069
4.22253346316	-24.093543591
4.045030066	-24.2951706922
3.90147060697	-24.4396104113
3.71193125491	-24.6134479635
3.54763321601	-24.745895431
3.27207138948	-24.9569157655
2.91842425321	-25.2153352155
2.71139857366	-25.3507474108
2.52706963926	-25.4740908051
2.15865069789	-25.7204913088
1.86732780748	-25.9134747689
1.70966832921	-26.0224967928
1.40114214036	-26.2371503931
0.899289829681	-26.5564193068
0.647895596033	-26.6999999478
0.406497790281	-26.8210266089
0.228988223344	-26.9176359038
-0.0658678094215	-27.1196156749
-0.319338191853	-27.2339108429
-4.45569409048	-22.6574080973
-4.31924650739	-22.9239454958
-4.20962327374	-23.1824270831
-4.1639698176	-23.3645969176
-4.1506224208	-23.5571457878
-4.05832761021	-23.7974024507
-4.03431220782	-23.9016236814
-4.00410842973	-24.0863485262
-3.96745029377	-24.3360496993
-3.92974597838	-24.6119954143
-3.91364553956	-24.7799859339
-3.9035602168	-24.9602857809
-3.87134385437	-25.141418544
-3.85439460415	-25.3251092404
-3.83926443143	-25.5058380693
-3.81447463439	-25.9442054409
-3.79985817204	-26.2516069134
-3.79272762572	-26.3784464942
-3.80886242374	-26.5782412135
-3.80873834905	-26.8878030341
-3.78065180137	-27.0363011107
-3.77078084651	-27.1668147986
-3.76639112008	-27.2606179118
-3.7509671079	-27.3751030785
-3.7260258061	-27.7797603148
-3.7117833366	-27.8976315767
-3.64518118867	-28.0398005698
-3.63309957426	-28.2372786377
-3.53062641246	-28.5935375091
-0.319247750147	-27.2337951849
-0.670823606877	-27.111903674
-0.726041923654	-27.0286946922
-0.821627786131	-26.8967565153
-0.904233384549	-26.7320755811
-0.94144551093	-26.5725584088
-1.09808985216	-26.2874336531
-1.13794788639	-26.1636485471
-1.26389611237	-25.7970530323
-1.36596954104	-25.544905533
-1.50369075144	-25.1812431045
-1.5786915032	-24.9427069458
-1.61391884458	-24.8351088663
-1.66634979448	-24.5989340874
-1.72574652795	-24.1258905487
-1.74714079644	-23.7734467092
-1.74634727396	-23.5966699858
-1.70491943271	-23.3271607427
-1.58099366891	-22.9799582738
-1.45704938395	-22.7173400448
-1.33059155164	-22.5163074198
-1.23420181964	-22.4244755867
-1.02858619454	-22.2274666642
-0.894318588701	-22.1079400035
-0.808063014319	-22.0506925456
-0.675716709596	-21.9704216199
-0.432008745474	-21.7677245395
-0.0944819246989	-21.5496141118
0.0767616584758	-21.4491233281
0.233492717047	-21.2596501756
8.73650211284	7.41366756485
8.73098764966	7.46682807205
8.68500980797	7.69297292349
8.67823088331	7.86629058206
8.67810438033	8.01371699709
8.66728628234	8.17333704848
8.63546077848	8.32501352882
8.65297995043	8.55002112901
8.63676034504	8.85505967742
-7.26268638803	-4.34340185964
-7.35683891653	-4.41857582638
-7.46436262336	-4.51152651965
-7.62451300058	-4.64851753072
-8.00154744998	-4.96930980372
-8.16618638737	-5.10620741705
-8.39340064849	-5.32353946991
-8.68525868034	-5.55662713922
-8.87434675412	-5.70834549142
-8.97786123564	-5.7994091872
-9.08343910616	-5.88678847541
-9.18922223228	-5.94423087277
-9.35064559523	-6.07836578464
-9.51834897115	-6.18783925214
-9.62653160915	-6.26696352064
-9.73982321862	-6.3403695428
-9.88253502036	-6.42703252782
-10.1392731055	-6.5772316063
-10.3366843031	-6.69757411281
-10.4935353407	-6.77565056916
-10.6663861711	-6.88359426203
-10.9237587071	-7.03024736997
-11.1719055962	-7.17859198724
-11.1978062666	-7.19375591038
-11.7574165586	-7.52404780623
-11.9710697406	-7.64978215705
-12.315625011	-7.86601575805
-12.7237512033	-8.12651319939
-13.019211483	-8.31367662736
-13.2576182451	-8.47612427983
-13.43890989	-8.59642095134
-13.6066955821	-8.71408662033
-13.793207449	-8.8670005556
-13.9934808819	-9.02500011787
-14.1014525132	-9.11551736398
-14.1914120866	-9.19917242977
-14.3590665839	-9.34706520929
-14.5873379328	-9.49821935243
-14.7020491163	-9.63442018536
-14.8885543875	-9.9223625659
-14.9218055073	-10.1968680857
1.33863808547	13.7018449852
1.77172248132	13.8116869878
2.07626118024	13.874227966
2.50193915303	13.933860631
2.93261662876	14.0050599704
3.33348234103	14.081279444
3.5870900517	14.1293202748
3.7661161236	14.1663429973
3.9648579508	14.2051972242
4.14533666071	14.2428032281
4.25202646674	14.2315736277
4.41540180607	14.2587378095
4.66698188531	14.3072480073
4.88338405523	14.3446650974
5.13345930181	14.3944093819
5.47550975683	14.4645439056
5.69748816694	14.4894113573
5.92323839467	14.5223609483
6.14754875814	14.5557099478
6.30153216165	14.5636478698
6.71305379123	14.7670744116
6.93585297498	14.8576378213
7.28715052094	15.1006592165
8.63672275886	8.85508214661
8.33322123498	8.88519137976
8.20052299227	8.88118984781
8.03738597269	8.88135989874
7.86848643967	8.88160492506
7.63331671187	8.8296647624
7.0832787273	8.67689276489
6.83647555291	8.56226134588
6.57478241189	8.50400685112
6.32171436558	8.44479051468
6.12891854888	8.40116513273
5.85695160355	8.33874111762
5.36976428783	8.24281427828
4.9646402267	8.169115317
4.57120704236	8.11786677336
4.30432053076	8.10704634837
4.0910563585	8.09222335779
3.9402222136	8.08321635516
3.62382908284	8.0720722284
3.42787313612	8.06572263917
3.26482564731	8.06096860444
3.15607719672	8.05994624243
2.74238068236	8.04720958907
2.44646624538	8.04112966895
2.30902243571	8.02170399878
2.03810139378	8.01636498671
1.74590320038	8.00424750676
1.53062067606	7.98988855835
1.07619852468	7.9663887195
0.659494873031	7.93560691465
0.35975849797	7.91202202784
0.0471845596805	7.87815067553
-0.253890035032	7.85030768019
-0.555048118092	7.84312398545
-0.810860787512	7.83057887472
-1.16473300668	7.93327414492
16.9491189212	12.0856810829
17.2954015017	12.2091849475
17.4323491051	12.2900037906
17.5396949754	12.307776119
17.6601984799	12.3270233521
17.8268037606	12.3388728776
18.0781252248	12.3541881163
18.1617571038	12.3983417485
18.2669588281	12.4545628711
18.4044816765	12.5351724323
18.5038272666	12.6711846078
18.7110120517	12.7760109642
18.7722719881	12.8129991665
18.8939133368	12.8684778174
19.0078477762	12.9367376694
19.1685003905	12.9959894246
19.3466578198	13.0493501196
19.446993278	13.0782189451
19.6489521038	13.1168138342
19.7858117074	13.1292739674
20.2497052419	13.1874774498
20.5150439325	13.276638543
20.6689032743	13.3011478347
20.9384484317	13.329767875
21.065743927	13.3351716289
21.3010329281	13.3113292805
-12.7163298926	-25.3194902577
-12.5101359272	-25.2179777219
-12.3437347469	-25.1991424103
-12.2046766674	-25.234516629
-12.0382166936	-25.2489882077
-11.9281700064	-25.2449941905
-11.7702714874	-25.2699021759
-11.5916615302	-25.2533222419
-11.3888532898	-25.2232455867
-11.083357089	-25.1637525647
-10.9405148373	-25.1747630289
-10.6759199803	-25.1106582928
-10.4341471526	-25.0375784016
-10.2850444252	-24.9797128924
-10.0919044036	-24.8992100219
-9.90346197546	-24.8166123865
-9.5467842476	-24.6355146658
-9.40663591747	-24.5532340519
-9.25752447274	-24.4655266764
-9.08278409916	-24.3601509267
-8.80960334054	-24.1968555149
-8.65192213979	-24.1016273582
-8.54629330689	-24.0376887731
-8.25094642338	-23.862711476
-8.1043789149	-23.7687155794
-7.84221431049	-23.6257501214
-7.52592779827	-23.4516993756
-7.11822672675	-23.2441199116
-6.93977280557	-23.1667279304
-6.41722388043	-22.9387565272
-6.03650919114	-22.798081769
-5.71215068889	-22.695294963
-5.65874041459	-22.6756745155
-5.22787701298	-22.6802693097
-5.01460052968	-22.6353403307
-4.78436639519	-22.6260778574
-4.45561080967	-22.6574086964
22.4653380834	1.723084469
22.671693048	1.83941291886
22.8968862302	1.98819723338
23.0247957229	2.14843551503
23.1461440108	2.4457603619
23.2263913379	2.74816394283
23.3186840619	2.81386833871
17.986516831	9.27365490839
17.9031815143	9.59159398862
17.848020043	9.80562410877
17.7962182292	9.9986199965
17.7533423411	10.1941577103
17.696702708	10.433444373
17.6515960202	10.6328296913
17.6409455518	10.7292359381
17.5948597087	10.9227365631
17.5643396072	11.0334380112
17.4839234081	11.141246962
17.4119870563	11.2796646204
17.3640009611	11.3787900721
17.2951366609	11.5174031633
17.1726384674	11.6856108742
17.10506427	11.7838474659
16.9493710522	12.0858477694
-3.73301434084	15.3462530079
-3.45845287783	15.3238840381
-3.18840757997	15.2546068608
-2.95597065858	15.1944585405
-2.75945891984	15.1810362626
-2.40573383583	15.0654460832
-2.03320902291	14.9768047383
-1.65800890224	14.9132405356
-1.41124074311	14.8421310687
-1.03004806875	14.7428673128
-0.785542551191	14.670337245
-0.376497062858	14.5206245557
-0.192238924556	14.4644181529
0.0424144131602	14.3917568832
0.417656136295	14.264451093
0.628271661856	14.1878804364
0.828789197518	14.0715723389
1.00780726672	13.9709884767
1.21199862349	13.8317297516
1.33854815094	13.7017194798
21.2058812363	13.8183127644
21.1776859118	13.8149868541
11.7734507869	2.50714544087
11.9912159231	2.97353352483
12.4376333438	3.43154659393
12.88566583	3.85854115728
13.0773964183	4.01866155814
13.3083175145	4.20935830105
13.3749263084	4.27311537136
13.5406470797	4.39686402567
13.7333008053	4.72341827613
13.9312080544	4.9479760062
-5.26445724164	5.95263874643
-5.53162163393	5.78681002245
-5.66686368945	5.64575305756
-5.76420224067	5.57843524013
-5.98531295298	5.40131535717
-6.23760014826	5.2746834718
-6.52374351206	5.11373925252
-6.87916512594	4.9655825972
-7.27569995483	4.84178197605
-7.77546214945	4.69808166541
-8.31837685338	4.54889978489
-8.58963647709	4.46381924506
-8.86422160083	4.39218220177
-8.93800044159	4.36952215769
-9.02667043733	4.338661068
-9.25817456573	4.26098441296
-9.55062594157	4.15639105189
-10.0658181559	3.95853311169
-10.3089553581	3.85958418461
-10.5005946265	3.7780856294
-10.6258447128	3.74644764249
-10.7479836704	3.69991593327
-10.8992571109	3.63625391979
-11.0645177368	3.57264475891
-11.251470693	3.49866031849
-11.5140417766	3.37616617036
-11.739593576	3.25996475285
-11.9921091093	3.11557537089
-12.2666142906	2.97844786734
-12.6378357405	2.76289109181
-12.8887845517	2.67352171151
-13.1759918305	2.58823678282
10.9267080112	-3.38198272136
11.003130871	-3.10995907607
11.2351091672	-2.79747373558
11.3208140066	-2.56950959348
11.4121031081	-2.12708587517
11.4872305731	-1.80855613456
11.5479310491	-1.53545016682
11.6239636509	-1.1917991882
11.6773501862	-0.674218721994
11.6720722786	-0.40425232675
11.6939931993	-0.21875222473
11.7826506148	0.241566450349
11.8969205229	0.683353177725
12.56132725	1.60571076272
13.2378453833	2.41159229823
-12.4731142609	-27.7873971578
-12.6351207007	-27.9857124206
-12.7958344278	-28.1560135738
-12.8630085813	-28.3836089894
-12.8622542182	-28.4005586666
-12.8295793514	-28.6297502123
-12.7591880661	-29.0004124702
-12.6569239496	-29.1198656204
-12.5676450627	-29.2398313772
-12.5768129937	-29.3210834647
-12.3687470675	-29.531969083
-12.2991386312	-29.6282276429
-12.2228946905	-29.746674783
-11.9946368867	-29.8918463509
-11.798915811	-30.1186406372
-11.759257621	-30.1449196151
-11.545886119	-30.2553044714
-11.43060759	-30.3139459435
-11.2740235697	-30.40637921
-11.1308462854	-30.4795792772
-10.9816300412	-30.5694631945
-10.7707666935	-30.6607411989
-10.6240193115	-30.727512013
-10.4090628509	-30.8150725986
-10.3136111633	-30.8614037392
-10.1603068193	-30.9170571971
-10.0025817044	-30.9746492337
-9.88626875353	-31.0210214174
-9.71498610623	-31.0716540604
-9.5601387349	-31.1190522397
-9.1873196797	-31.2276816122
-8.88612509954	-31.2789112223
-8.74450452148	-31.3033554891
3.21016361731	-28.9442812762
3.31295309518	-28.7878364942
3.38346701886	-28.4304955482
3.39905493228	-28.240878582
3.37230758904	-27.9921340274
3.32355039253	-27.9213868471
3.18571821839	-27.7948117517
-6.5962295479	19.1392657166
-6.53337546045	18.7591276143
-6.51227936092	18.4952897787
-6.49737598134	18.3674511859
-6.47833386972	18.1960965638
-6.46723960368	17.9045626145
-6.44399377336	17.7270338853
-6.44210173717	17.444085218
-6.46261678988	17.0877163746
-6.50284988385	16.8583238877
-6.51300570019	16.6930809292
-6.54515061615	16.4845254286
-6.55975059227	16.2756374397
-6.60795351826	15.995336938
-6.65029612636	15.8376046537
-6.69879136038	15.6814700533
-6.76779506755	15.4853633016
-6.81331639862	15.3591742954
-6.86943700518	15.1865493054
-6.95135750266	14.9533376669
-7.07232336291	14.6339273831
-7.10958358584	14.5259286899
-7.17541136535	14.3416980575
-7.2723580924	14.0496363503
-7.39543693199	13.7793701174
-7.42686487299	13.7059717005
-7.50467330559	13.4698707055
-7.55476138983	13.2963769426
-7.58085416014	13.141970794
-7.62028497869	12.7360501769
-7.63200642303	12.6509626248
-7.6954903091	12.2788667661
-7.59083816108	11.8034635986
21.310568485	13.3148386183
21.543288545	13.048601794
21.5915568882	12.7463552632
21.6752610645	12.5455825692
21.6881978272	12.3972105565
21.6966101519	12.1930056256
21.6991088423	12.0334721045
21.7046703606	11.8946020454
21.7095868524	11.6767509701
21.695470997	11.0481857999
21.7077032541	10.3770401458
21.7116372869	9.9347322154
21.6896711153	9.47372994234
21.5486721385	8.80859168664
21.4659490266	8.5884728629
21.403271603	8.44808951952
21.0209852978	8.0629695124
17.3842371876	-3.98685063751
17.4833927252	-3.64340254024
17.4664932451	-3.44434250718
17.4045908494	-3.34794036418
17.4531283199	-3.2120098604
17.4892527851	-3.02443302869
17.5085382158	-2.87977574659
17.5264392859	-2.66750963392
17.4958097899	-2.4691553875
17.5288841614	-2.13364533579
17.552650532	-1.89284942019
17.5663884293	-1.66148133835
17.5735270735	-1.51656273294
17.5714282469	-1.01822115626
17.5678726694	-0.230010957368
17.5265468613	0.687988734361
17.468796321	1.29980762142
17.4285124223	1.5816447997
17.3587872754	1.95840873587
17.2614114441	2.23946441258
17.1863345877	2.49980510719
17.0637850817	2.79225071536
16.9881227404	2.98347403467
16.9036506731	3.1275892798
16.7837049766	3.35005295605
2.71851657993	1.08918837044
3.00316679219	1.15792868893
3.18491413531	1.24684043926
3.39168106088	1.39791371422
3.64586825532	1.58988489412
3.69985054142	1.61844926706
3.83659484633	1.71691404808
4.05155941106	1.87876402746
4.29701105226	2.07168391449
4.57940437337	2.26886249859
4.79055405754	2.42544458715
5.00026029225	2.5810880563
5.35723618009	2.8355768957
5.6468909755	3.07766578712
5.94459488672	3.31144256389
6.23514994212	3.58275080635
6.4936588523	3.78818406501
-5.317730845	-6.07622341873
-5.20279744624	-5.78096207799
-5.04969000471	-5.59971609302
-5.01947477702	-5.32225817764
-5.00151528257	-5.28958850616
-4.87133276138	-4.96236559017
-7.04292773466	-16.5432397351
-7.36904667082	-16.2920023984
-7.8206493302	-15.9841055423
-8.05761760299	-15.8032912101
-8.17744453896	-15.71144884
-8.30528197887	-15.6003587686
-8.45155415321	-15.4647176114
-8.57118425787	-15.3447867811
-8.70809122112	-15.1924085295
-8.97004240343	-14.876345515
-9.29633275467	-14.5067171677
-9.59653529693	-14.1564233012
-10.0159410121	-13.7449928121
-10.1504959404	-13.5540851684
-10.4413393919	-13.1838113231
-10.5342943358	-12.9483065322
-10.5678423115	-12.5940094163
11.3643637766	2.36438542304
10.9757584266	2.41835858767
10.4315333948	2.56303248243
10.1761235476	2.65335405029
9.82318774782	2.80786427365
9.51017024865	2.93947297068
9.2771729107	3.03578599219
8.91284485361	3.18078844947
8.62125003373	3.2948103074
8.2199941389	3.44396354081
7.90530979569	3.53270825965
7.61509872497	3.599504288
7.45360347177	3.64953175059
7.31744176186	3.69573835774
7.14527386047	3.71293095906
6.93826658088	3.76147098921
6.49368816138	3.7881830829
-13.1760748797	2.58825248017
-13.3318750937	2.82970500406
-13.2961880973	3.17140986477
-13.2275981421	3.35501096079
-13.0982026256	3.56477346109
-13.0697100732	3.68371209648
-12.9879427254	3.90331451021
-12.8502094409	4.20960192756
-12.7826039834	4.31121064605
-12.5820065748	4.66445270753
-12.1648745434	5.31197597864
-10.8407522258	7.10665068722
-10.6798413015	7.36170763689
-10.5588945026	7.54815651971
-10.3402428508	7.87626106872
-10.1672624278	8.1389427899
-10.0788176636	8.27629006895
-9.83342285483	8.67330092591
-9.72342858318	8.84397209038
-9.65665453735	8.94310957109
-9.59232271954	9.04587115176
-9.47062136374	9.24112741779
-9.30073691762	9.49075282181
-9.15510000898	9.72074307122
-9.01620214262	9.93700042107
-8.67066495423	10.4686260604
-8.56926798455	10.6180639178
-8.48618549839	10.7332488069
-8.44594321483	10.8124531774
-8.3410395167	10.9750188635
-8.16035236203	11.3126684258
-8.06805415314	11.4489931011
-7.95960705375	11.5829433292
-7.59153647449	11.8023921046
0.0455146337323	-3.86589987555
0.235498292034	-4.02540496738
0.428122156791	-4.17067997509
0.563334090037	-4.38719253836
0.665862670531	-4.45464387926
0.788401907689	-4.6245212382
1.01143507988	-4.80097533046
1.31635926812	-5.08754528969
1.50129068638	-5.22162865191
1.69022390141	-5.3677304137
1.88021048619	-5.50437317261
2.01867189442	-5.60041472614
2.30445713089	-5.80124021639
2.42819625265	-5.88182714827
2.52719011308	-5.95826704861
2.6560716211	-6.01131452726
2.76797403115	-6.05717600254
2.92546167821	-6.10745871997
3.13269111987	-6.17223891777
3.3594941901	-6.21279347059
3.41860872917	-6.22069740205
3.57430931238	-6.22289902939
3.86949467183	-6.21468357982
4.16285139358	-6.18413567286
4.31940357128	-6.15042153511
4.4291219055	-6.12466135191
4.78491698433	-6.02090164545
4.97725579295	-5.94870566451
5.22572531526	-5.84676808474
5.91136837543	-5.55289020837
6.3896480239	-5.32795700649
6.5887886165	-5.23372271246
6.74662411061	-5.15979788217
6.89984789221	-5.08879556272
7.07580522197	-5.00839947528
7.23685950086	-4.93392830968
7.49322266688	-4.82357059891
7.75090466571	-4.72059504782
7.89840978735	-4.64868868167
8.02763204269	-4.59936793015
8.15649383979	-4.53782788621
8.28255113343	-4.48895713592
8.71968540739	-4.3033902045
9.00183278071	-4.19306548155
9.17709135838	-4.09500258156
9.37928662671	-4.03117662747
9.66407832866	-3.92415998994
9.8227106048	-3.84761216073
10.0580058681	-3.74317986705
10.2987305757	-3.66902641613
10.4144447813	-3.60628847808
10.590267095	-3.51492309369
10.9267080112	-3.38198272297
7.35957973321	-9.96782911343
7.07966670823	-9.75328441686
6.88145721639	-9.75614886931
6.66991825561	-9.77692395855
6.40911228013	-9.79356447582
5.94819391994	-9.74285457377
5.67918124152	-9.79569138539
5.54219231015	-9.81376764549
5.3036821716	-9.81313560959
5.15401487669	-9.85512103748
4.74998102745	-10.0039065316
4.30323382095	-10.1667279759
4.16976631846	-10.220225829
4.08988992826	-10.2564799859
3.67133235076	-10.4626029543
3.20179180194	-10.674469632
2.91084104374	-10.8039718565
2.7508001975	-10.8735373049
2.49863299419	-10.9811606884
2.27387459862	-11.0704855418
2.17619223065	-11.1069259346
1.92521817604	-11.1824243635
1.76293541915	-11.2249628218
1.4219375389	-11.3207868544
1.15292083689	-11.3845525952
0.840898302989	-11.4549867449
0.44577105589	-11.5288000999
0.118237853014	-11.565376919
-0.0608889073369	-11.587817624
-0.289686317274	-11.6027143857
-0.470520241798	-11.6035998825
-0.553888739771	-11.6142416679
-0.841682569693	-11.5818565403
-1.11146523671	-11.5768101457
-1.21288118587	-11.554282783
-1.61720789282	-11.5615833403
-4.8713126247	-4.96257551037
-4.46386866322	-5.02217727009
-4.41073910302	-5.03861874491
-4.25896944858	-5.05878774645
-4.0209859444	-4.91472438144
-3.49589892909	-4.76181851378
-3.30159429336	-4.7052301045
-3.02701465183	-4.63225200477
-2.76350744032	-4.56608172367
-2.39686470554	-4.47596524539
-1.79787985222	-4.32274202936
-1.35903519585	-4.2148681983
-1.14304230238	-4.17372239649
-0.971980404158	-4.1248280094
-0.781819211988	-4.08352527141
-0.431617834881	-3.9490308919
-0.168438871122	-3.92317978717
0.0454698678448	-3.8658672209
-21.6824349094	4.12956925735
-21.7801567607	4.26851691475
-21.7492472407	4.52556224557
-21.4100296675	4.66501236417
-21.6633272369	6.13747967762
-21.610982919	6.38398093819
-21.512349671	6.57098224349
-21.4011570938	6.83865116173
-21.2510307081	7.17559610248
-21.1180325303	7.50645998177
-17.6143097819	13.8961504435
-17.5142777695	14.0377766336
-17.3453777069	14.2423946876
-17.2180882562	14.5092473782
-16.9959353915	14.6694879475
-3.53062403915	-28.5935680286
-3.73706136128	-28.6471722169
-3.90696244736	-28.7862800684
-4.12105115381	-28.8145220018
-4.24989462634	-28.8494416602
-4.50485354635	-28.887482993
-4.75794260034	-28.9439901184
-5.04322369222	-28.9736429449
-5.14455403901	-28.9850056463
-5.36292858153	-28.998047279
-5.49775865529	-29.0011474876
-5.72939378759	-28.9900434797
-5.9465012493	-29.0172793135
-6.12064557491	-29.0115845899
-6.36472493352	-28.9982473813
-6.55216265369	-28.9808299785
-6.7550053791	-28.9545183207
-6.95125532695	-28.9211545095
-7.07713199063	-28.9054823822
-7.21763121526	-28.8789830635
-7.48644074822	-28.8175389661
-7.71468578571	-28.7679841016
-7.84436003273	-28.7223606902
-8.04495706518	-28.6682083756
-8.25944666467	-28.606167726
-8.42171176559	-28.5551060761
-8.71172152853	-28.4740717506
-8.73546078715	-28.4573733231
-8.96720157902	-28.3984528034
-9.18255978397	-28.3777637269
-9.37182287069	-28.332964717
-9.68025314133	-28.2593295642
-10.0086702433	-28.1855529301
-10.2377871104	-28.1302012327
-10.4141727249	-28.0759246091
-10.5593302033	-28.0969713028
-10.7712917295	-28.0714590575
-10.8573597278	-28.0600830903
-11.0493129478	-28.0219373081
-11.336863573	-27.9640126251
-11.5129561737	-27.9326258853
-11.6236485386	-27.9094837076
-11.8048798275	-27.8665734936
-12.0045633107	-27.8152004798
-12.1906409351	-27.7753760962
-12.4730479539	-27.7874110668
1.51671923729	26.6018057673
1.20090124167	26.5587650116
0.889535930243	26.6100062472
0.528156628429	26.6947926328
0.268685558966	26.7480500097
-0.0397297637364	26.8275623583
-0.282803610824	26.8927440739
-0.550610159188	26.9528451281
-0.739760633869	26.9838384336
-0.96700092787	27.0475651684
-1.2343893519	27.1250233771
-1.52032729231	27.2019773673
-1.84723573791	27.287144675
-2.10404149158	27.3461607259
-2.29105582675	27.3908238028
-2.44294410988	27.469389545
-2.64302049057	27.498468041
-2.83709863426	27.5377783313
-2.9867592527	27.5657964763
-3.21373153232	27.5873141835
-3.60658902657	27.6124495835
-3.73541773352	27.6100851736
-4.00575673702	27.5870183664
-4.15690105183	27.5666299517
-4.36096996517	27.4839095443
-4.51834482752	27.4636287738
-4.76189587988	27.4714182991
-4.9237184681	27.4450611428
-5.18784512012	27.4302537181
-5.47698610522	27.4103587325
-5.69293646995	27.4518527676
-5.82253213541	27.4924094601
-6.00226078826	27.5692941933
-6.00206961791	27.5697380544
-6.32981630158	27.4593362718
-6.57286686504	27.3744731643
-6.73152396835	27.350623851
-6.83856814438	27.3180982461
-6.98840794564	27.1988148042
-7.3037052884	27.1888484311
-7.52851601542	27.0950849148
-7.77165772222	26.9724049617
-7.98776980096	26.8597394936
-8.1781137966	26.7466650004
-14.320601771	19.828215286
-14.4939641185	19.654344201
-14.6685594028	19.5055855645
-14.7957282525	19.355641044
-14.9342289987	19.1800660384
-15.074490505	19.0036912239
-15.2265994634	18.7843936934
-15.2871531367	18.7039265296
-15.3734456255	18.5307410831
-15.5076433515	18.3299518044
-15.7333718731	17.9824010482
-15.8841551701	17.7419830846
-15.9854479872	17.5718671804
-16.2140479621	17.10256084
-16.2968794584	16.9111575643
-16.4014054979	16.7088160989
-16.4668333033	16.5336357277
-16.5953548418	16.2340304728
-16.6466456	16.002428907
-16.6973292902	15.8361315549
-16.7543255144	15.7112810522
-16.8617278152	15.4433431718
-16.8826564153	15.2629872706
-16.9242194327	15.1200647353
-16.951173548	14.9657674329
-16.9974762276	14.6637587767
7.43725561622	23.8497797834
7.47786242917	23.5168258608
7.44748299752	23.2670728783
7.44733564618	23.1123203843
7.49066228717	22.9078273243
7.50398927246	22.5690031224
7.45874795961	22.0249803548
7.3824893708	21.6089446786
7.32634444844	21.2868472183
7.24936020501	20.8651301568
7.20638426116	20.6065343584
7.1344259148	20.1569095329
7.08673255104	19.8137463652
7.05340129076	19.5654935655
6.99482210845	19.0086018545
6.97479522541	18.8800942631
6.95014017544	18.6299669638
6.94312755162	18.4770199859
6.93506421859	18.3983049626
6.93814060216	18.1668555004
6.93884709362	17.9706152093
6.93342902585	17.5837110705
6.94825138589	17.2407994193
6.9598094732	17.0239773447
6.9828135274	16.8441123816
7.04820281681	16.3798346903
7.08870829666	15.9305052669
7.11655045064	15.7594643265
7.13705617716	15.6342224905
7.14225063669	15.5693762028
7.28715052046	15.1006592109
7.4569475298	23.854974435
7.46866122582	23.9763298972
7.59600535347	24.1478677756
7.78551880423	24.4000086476
7.98044440506	24.6657690932
8.05793418496	24.8449677124
8.19797817118	25.0491063816
8.30569397391	25.2161880128
8.3900285835	25.3708463741
8.44512003979	25.4648498327
8.5224241146	25.6120860284
8.59104158332	25.7367614671
8.64074338251	25.8887326556
8.66744933859	25.9816692448
-2.67509414816	19.4541571741
-2.81731294213	19.3390009503
-2.90258387321	19.2632732752
-3.02291701436	19.1579629682
-3.13828841335	19.0018710554
-3.33907783239	18.7977359678
-3.42567953421	18.6387400531
-3.55041227294	18.4469651952
-3.56033091445	18.4233685485
-3.65316442759	18.2657607757
-3.74181278223	18.06241367
-3.78990237129	17.8838674343
-3.87986476014	17.5590504521
-3.94157639797	17.1454990831
-3.94294598176	17.0246324415
-3.93479568034	16.8800424276
-3.96265627706	16.5999333653
-4.06808886685	16.4278477723
-4.08875563738	16.2531116321
-4.09967141167	16.2069327341
-4.11729041803	16.0173970178
-4.09783467258	15.8703830827
-4.00411807794	15.7307458188
-3.91405322384	15.5798692345
-3.73302317583	15.3461701758
5.88772384375	27.0278656474
5.7116291438	27.286988495
5.50216670759	27.4779991545
5.2941539794	27.6492646205
5.19627573925	27.7976629076
4.9772761609	27.9242895456
4.82474089438	28.000189261
4.50646716169	28.1292880924
4.31569574781	28.2497394523
4.09151169613	28.3689169349
3.89022674076	28.4696267968
3.75561264068	28.5349864687
3.55740751486	28.631809717
3.21297229864	28.8028187569
3.17039273727	28.8242974591
2.9596196193	28.9286849546
2.80321236945	29.0065476703
2.64932514205	29.0704557273
2.4704692947	29.1514813431
2.32697089131	29.2062448005
2.1521997166	29.2572781673
-5.50358480728	20.7890448618
-5.64622202198	20.5900933935
-5.78523561831	20.4022604649
-5.90943893966	20.2533355586
-5.95241156133	20.1676956843
-6.06781677783	19.9783722279
-6.15231390961	19.8348645218
-6.3162975796	19.6293562905
-6.46561037346	19.3985651159
-6.6013276638	19.1406273952
14.1901495793	19.42831351
14.5537866251	19.3339583312
14.659538827	19.3466159424
14.8510740095	19.4466267153
15.0416849167	19.5453248407
15.1340350932	19.5723970873
15.2937359113	19.6920257098
15.5226271832	19.7706650385
15.6717253065	19.8402419734
16.0574371608	19.9198106766
14.1939581954	19.4286791169
14.2129818683	19.1020413953
14.2313860994	18.9383706884
14.2386834671	18.8001849565
14.0998325678	18.6225297942
13.9718687996	18.4757893776
13.8900865745	18.3619012155
13.8399850358	18.3046587134
13.6963452182	18.0843839746
13.5130711854	17.9064747353
13.294934859	17.6751669853
13.1791468049	17.5718078653
13.0480417901	17.4733804625
12.9084936601	17.3284988462
12.8438054438	17.253085035
12.8344861181	17.2433070883
12.7408844357	17.1667557664
12.5618704667	17.0141092951
12.2939027962	16.8142499879
12.2538861218	16.7891550299
12.1107015989	16.6850990076
11.8173573353	16.4888935028
11.4469070853	16.2566261119
10.8102181052	15.8805144099
10.0764011538	15.4870635145
9.79961085562	15.353442017
9.59854032901	15.2543810022
9.44964447166	15.1972658122
9.13828592591	15.0871635759
8.92878582493	15.0336608449
8.65850895934	14.9858610663
8.46517833284	14.9578752105
8.27475819633	14.9489199668
7.98091366209	14.9608878409
7.86679716677	14.9480466307
7.72224421661	14.9731517472
7.28715036577	15.100655579
2.21077115556	25.9020737295
2.41036777287	25.503186752
2.21076518695	25.9022615517
1.88153979073	26.2245799822
1.51672800523	26.6018081305
21.0208191277	8.06293384388
20.6424262579	7.54660533731
20.6425249547	7.54650507132
20.9453968716	7.50402138458
21.086418118	7.38325719558
21.2163151063	7.11242247692
21.3020750626	6.7742605207
21.3803063319	6.37648081034
21.4136045427	6.08916161931
21.4281177594	5.94933091657
21.4600553044	5.71781472509
21.4755482152	5.486357209
21.5004692982	5.34861492182
21.5110013849	5.23365204172
21.5262842605	4.9871812927
21.5424941518	4.75740112014
21.5713113423	4.56188095044
21.5972894795	4.32715826465
21.6206301784	4.11356088244
21.6350800236	4.00241765002
21.6629540813	3.78292931865
21.7068058058	3.45968559297
21.7439141155	3.29481634978
21.7767986829	3.15021285621
21.7739504966	2.99460652746
21.7955347978	2.91486646618
21.8329856986	2.75659373732
21.8976544376	2.59085703285
21.9434814716	2.35989765569
21.9971228076	2.25090756662
22.0924848704	2.12454549882
22.2337601601	1.93898827864
22.4653909233	1.72308946148
9.63071885212	9.64004068309
9.40165162016	9.45978905057
9.20211672823	9.32585879284
8.87465644033	9.05414216877
8.63673236557	8.85493829323
13.9311854938	4.94791962852
13.8959309026	5.18033860132
13.9305879499	5.35368425952
13.9223215781	5.59278685241
13.88089633	5.84582754803
16.7838133514	3.35006493493
16.623677239	3.40317197588
16.1193302218	3.45087448101
-1.16497193049	7.93289809444
-1.26616959859	7.55743387736
-1.37069894079	7.38091248554
-1.66958145375	7.01380983568
-1.83976955641	6.87086430681
-2.07162189702	6.71009622657
-2.30343953859	6.56691125435
-2.61755979972	6.43775769186
-2.7714791136	6.37819523014
-3.00506253852	6.30095542807
-3.32620103591	6.23669536139
-3.40664084797	6.22245690704
-3.56897763721	6.19735208088
-4.1782851345	6.09026220665
-4.46876118458	6.03891524622
-4.66856960652	6.00910096637
-4.91814239248	5.99698516889
-5.2668392476	5.95478160354
16.1191080938	3.45313188152
15.7751001303	3.28418270141
15.4532505955	3.18862896728
15.0202574289	3.14121317903
14.7401683285	3.0766574314
14.3878360976	2.97111359151
14.1178525552	2.86985523363
13.2381813216	2.41164883028
-21.4596717815	4.6649158953
-21.3322647515	5.15948029957
-21.380812693	5.51304221561
-21.4772030031	5.79378920197
-21.6628724877	6.13733554801
-21.4594674353	4.66492893889
-21.3768346082	4.39032963625
-21.3657051278	4.05439749401
15.4180698346	-9.84658503822
15.7043721871	-9.50802373948
15.7924002493	-9.34231568382
15.9649438696	-8.99620806311
16.0538607333	-8.84188534757
16.125211304	-8.70025828426
16.2484615694	-8.48881579926
16.4029372698	-8.19453098189
16.6809639087	-7.63204603209
17.1109279453	-6.8022011679
17.3355939832	-6.22210159379
17.4563663643	-5.9347571325
17.5230967958	-5.77223028016
17.5982589052	-5.58114390663
17.628188377	-5.49817574002
17.6728791223	-5.35810542504
17.6977946082	-5.04436067917
17.7119037001	-4.85698771026
17.7066225137	-4.77376249779
17.7097171068	-4.56351519503
17.5704582057	-4.20465003652
17.3842683234	-3.98677768791
15.4424842418	-9.85152887966
15.2177871255	-9.70929580582
15.1310370327	-9.62179995349
14.8248086622	-9.356793666
14.7699424057	-9.19955057003
14.7153713038	-9.13272105702
14.5485445565	-9.00406129904
14.4156445658	-8.87428220204
14.2857377921	-8.72297541239
14.0940764544	-8.58491718545
13.9215069	-8.47847023922
13.7984168143	-8.47514082319
13.7373281389	-8.43562636428
13.6030160707	-8.3274496218
13.4121977347	-8.2311317689
13.2535920321	-8.15956550156
13.149726931	-8.11222573681
12.8939794396	-8.03909761662
12.5507075014	-7.93956772668
12.3276493978	-7.91325427751
12.1589669769	-7.90475996089
11.9461992357	-7.89625164993
11.7971056809	-7.91337702609
11.2777556003	-7.99944830024
11.0897176207	-8.04185462636
10.7482921611	-8.12769397613
10.2795910246	-8.26199724483
10.0595421385	-8.33453933388
9.7031237463	-8.46887934389
9.52518258246	-8.53980054448
9.2667611858	-8.6536908815
9.0964452061	-8.72966206677
8.72202050512	-8.9076789193
8.53527164998	-9.0382790211
8.31396456009	-9.17708988622
8.06305652889	-9.31530789406
7.66701769485	-9.57835931788
7.46843376529	-9.70976052804
7.35740810647	-9.96968174392
-13.178597392	-4.10760779648
-12.9668658096	-3.99265839615
-12.6636647614	-3.86184022872
-12.3604800819	-3.75029159172
-12.1501934701	-3.7257315134
-11.9638867495	-3.6678911293
-11.387097678	-3.50901396944
-11.0832617519	-3.4444653913
-10.8213575238	-3.3702183686
-10.6797583122	-3.31663594634
-10.4266216269	-3.24384011041
-10.1966491824	-3.16535970088
-9.86443749188	-3.04737165453
-9.71068413343	-2.9940510014
-9.52237830378	-2.92704958718
-9.18774140895	-2.81851087528
-9.02591107015	-2.76034597761
-8.64951313909	-2.64586267903
-8.44514784239	-2.58082551934
-8.06496298206	-2.46693453264
-7.76320468171	-2.36169539232
-7.49826421435	-2.29593011827
-7.37035038761	-2.2526851736
-7.09501247458	-2.13622327944
-6.86180795901	-2.02624253932
-6.60201835096	-1.85229117528
-6.53880526571	-1.80053119909
-6.29715241094	-1.59563219538
-6.02511862434	-1.34708883045
-5.89034520604	-1.19988135575
-5.53473709796	-0.789261034161
-5.44337778631	-0.681274565765
-5.26739963262	-0.486782211061
-4.92577008544	-0.0904831686084
-4.70442176935	0.146666358688
-4.53645423421	0.335779028783
-4.19020430077	0.707541607081
-4.08239601271	0.813739768922
-3.86735294349	1.02488231383
-3.55207494194	1.29839989581
-3.35363881775	1.44483625024
-3.2260186125	1.54358993455
-3.03361758971	1.68576232535
-2.7964805353	1.86227456901
-2.5652620106	2.01984643537
-2.38330553346	2.1398123133
-1.98328536361	2.38282582269
-1.59977560654	2.58886490035
-1.29198432831	2.75676851749
-0.787664981187	2.94486714852
-0.616957757541	3.01226433526
-0.0548124619699	3.22626709964
0.188039209994	3.36418778199
0.421205439095	3.47521489247
0.554761380446	3.58773096883
0.699254077134	3.72222159821
0.839329155499	3.8612834555
0.950588670577	4.00263309422
1.05548174088	4.1149108779
1.36717140061	4.50286768126
1.52902215608	4.79765530444
1.70565350539	5.00322956756
1.78649380837	5.13440530851
1.80395266928	5.1817950843
1.85243408216	5.50821627971
-23.1282417849	-0.244025255379
-23.407964902	-0.0609869515909
-23.613979613	0.0948987571215
-23.9108109007	0.411347989098
-24.0720020511	0.593838173771
-24.3782592169	0.941787822291
-24.6214904797	1.23431257233
-24.679871859	1.26925897732
-24.7524702104	1.35909915856
-24.8343195703	1.47698749332
-24.9744439499	1.73701362897
-25.0404591066	1.8687532688
-25.1406606441	2.08482054311
-25.1895786635	2.2016366606
-25.2282169241	2.342724592
-25.2403497041	2.53445748972
-25.24516132	2.7297592793
-25.2444463188	2.77091556711
-25.2374467022	2.98568358503
-25.2000795291	3.12927495933
-25.1520118146	3.28648766128
-25.0965458689	3.45698714758
-25.0409399977	3.57360152604
-24.9160913887	3.82576375298
-24.777300305	4.05526077431
-24.6891153091	4.17911108095
-24.6041235134	4.31284014072
-24.4129993908	4.53952138763
-24.304988321	4.66211563384
-24.1736118751	4.79488844374
-24.0624543637	4.90634715516
-23.9997277736	4.96385964822
-23.7950156763	5.1339512609
-23.3043487048	5.43029615033
-23.0882258337	5.56292297341
-22.8007635988	5.72944528574
-22.4903142915	5.92929417786
-22.0899156872	6.109127595
-21.9330369204	6.14191248413
-21.6630041344	6.13745109178
-23.128323955	-0.243972782334
-22.9993193034	-0.582208833526
-22.8919286879	-0.812167464921
-22.7828501537	-1.00975860139
-22.6598899926	-1.20326614102
-22.6097229771	-1.40569512912
-22.5344133611	-1.7032849068
-22.3779376022	-1.87274614943
-22.3779830195	-1.87269137115
-22.0990503475	-1.73094073413
-21.9647316616	-1.65261945299
-21.8221835775	-1.56313472648
-21.6035770395	-1.48529752743
-21.4708186746	-1.51889796212
-21.2167454239	-1.44511483632
-21.0578769021	-1.39678318936
-20.8676207763	-1.38150132722
-20.6107910402	-1.35940661461
-20.5147804467	-1.35683547731
-20.3307023012	-1.36492622596
-20.0823767568	-1.38775515485
-19.649045583	-1.39250827811
-19.3935661681	-1.39603823095
-19.2406867197	-1.3962952714
-19.0282139901	-1.39932723407
-18.7068265434	-1.39805564661
-18.5531567132	-1.40029118937
-18.4175391591	-1.39677765522
-18.2003656603	-1.38476928051
-17.837701108	-1.36390261193
-17.6989917452	-1.33924335092
-17.6244940941	-1.32772554766
-17.5331001723	-1.3114592505
-17.41128681	-1.28807628604
-17.2980293834	-1.2578150687
-17.0414872159	-1.17816388757
-16.8183253106	-1.10081851986
-16.5543031789	-1.00439506476
-16.1415477081	-0.814579618767
-15.9483699862	-0.708204064197
-15.7163447452	-0.573482345164
-15.3910003054	-0.378317636465
-15.1235723901	-0.163241090117
-14.9968477461	-0.0465187881057
-14.8491319703	0.107990025495
-14.7158536448	0.351095854166
-14.5782993267	0.651042725706
-14.4437857647	0.755806669856
-14.3687561296	0.918265752373
-14.3036346793	1.07601572985
-14.2001343355	1.29865678111
-14.1307808654	1.50710354188
-14.0142713734	1.74809471536
-1.61733681472	-11.5616421046
-1.89612334733	-11.729865148
-2.04201674753	-11.8148313363
-2.19683723552	-11.8904383267
-2.43188156114	-11.9297412693
-2.78715941478	-12.0623358244
-2.90770215927	-12.1140212273
-3.11641669742	-12.2026181099
-3.3643715032	-12.3163941412
-3.54057355958	-12.3695236495
-3.75810381052	-12.4282125022
-4.06966052836	-12.4947915297
-4.40740491435	-12.5451563011
-4.6743104912	-12.5886266753
-4.89436942074	-12.6017255152
-5.05272010121	-12.6065966248
-5.3391248784	-12.602822123
-5.61441309014	-12.5734839993
-5.77591648309	-12.5472497929
-6.02226517416	-12.4997258911
-6.18177849822	-12.4593307423
-6.40334578791	-12.4071176352
-6.83674390072	-12.3000040909
-6.98714443272	-12.2497720773
-7.28363362896	-12.1290944511
-7.38160480555	-12.1134305557
-7.60512509816	-12.0444199397
-7.84731847134	-11.978435755
-8.05064253042	-11.8561561516
-8.29753608513	-11.7525631075
-8.4680502748	-11.6749524099
-8.77227845397	-11.5597762417
11.0040039095	-16.2926246494
10.9911919216	-16.5693167066
10.9245068622	-16.6714985098
10.8475299153	-16.785653488
10.7775145714	-16.9028627149
10.6889597355	-17.0893288928
10.5909993057	-17.2229262124
10.5107479062	-17.4693451435
10.4644732744	-17.5839295139
10.3789477662	-17.8390152556
10.3138507003	-18.0080298107
10.1978003697	-18.2356567013
10.0890586475	-18.4681048084
9.70983762167	-19.0727296264
9.58355568482	-19.2598571747
9.34471862309	-19.5846797162
9.06781223738	-19.9173834829
8.88956948263	-20.1168649757
8.75774537345	-20.2785493496
8.64692148907	-20.3904383176
8.52610172527	-20.5054167804
8.35989278543	-20.6322057762
8.24535443697	-20.7547527918
8.09843325272	-20.8742049317
7.89360411983	-21.0209389321
7.7788463966	-21.1154642407
7.61599968739	-21.2263328836
7.39603974401	-21.3655940563
7.27248749719	-21.4184592445
6.88796418016	-21.6694831149
6.63004626758	-21.795795024
6.40198730821	-21.9037190861
6.20524881223	-21.9601668183
5.81718031282	-22.1423840572
5.5717540979	-22.1727895441
5.26201666541	-22.229644675
11.004003845	-16.2926246179
10.9034574028	-16.0818386743
10.7315572073	-16.0038760952
10.3664081391	-15.9442678121
10.125839763	-15.8631353522
9.96600642021	-15.7925267719
9.62984148552	-15.6369657316
9.23105218327	-15.443393021
9.0391701376	-15.3165389111
8.87056981422	-15.2389615461
8.68097300924	-15.153025299
8.53669482587	-15.087740216
8.31182980966	-14.9693297332
8.13427761756	-14.8802325561
7.96300991521	-14.7915896973
7.77721268525	-14.6227142459
7.551507747	-14.5263573806
7.42472630949	-14.4825364257
7.12494958048	-14.4268932607
-8.77247897726	-11.5593905764
-9.05066765844	-11.547712523
-9.39569649827	-11.620251405
-9.56748466146	-11.6936643333
-9.71178435196	-11.8183800373
-9.78394801117	-11.8816461549
-9.93736824073	-11.9871887146
-10.2447694946	-12.1888748511
-10.3588931565	-12.3835335684
-10.5678423112	-12.5940094155
-4.85105792441	-17.9079074712
-4.57960958438	-17.7206100495
-4.55458134331	-17.7002469305
-4.5048363371	-17.6572592733
-4.27032685478	-17.5142039087
-3.96633691242	-17.2845870722
-3.69826028189	-17.1148641313
-3.44711683106	-16.9592559466
-3.10598714043	-16.7592658409
-2.76255922886	-16.6108383809
-2.57632230824	-16.5543942438
-2.41436251393	-16.5031053171
-2.13816509984	-16.4374374812
-1.67848439313	-16.3718776456
-1.3836395222	-16.3768196549
-1.23768652472	-16.385225894
-1.17554123235	-16.4260424508
-0.981564266002	-16.5363693656
-0.738427935818	-16.7098283088
-0.627321067451	-16.7918662735
-0.590466416092	-16.8401054828
-0.46877766287	-16.9569058829
-0.340272517254	-17.0781059949
-0.183354711975	-17.2687969055
-0.0306588739092	-17.4777260895
0.038204185806	-17.6614930586
0.086911791282	-17.7919576789
0.174335642104	-18.0406406105
0.206047663422	-18.5379722668
0.2033829559	-18.7656701484
0.236395998352	-19.0477758308
0.230087941097	-19.2465182874
0.208998861868	-19.5126327929
0.190247849307	-19.6866021026
0.17589566105	-19.8416615198
0.149452539354	-20.0698342399
0.173500964094	-20.3061391793
0.174924797611	-20.4123925808
0.159158451695	-20.6206205776
0.166738566557	-20.8380593446
0.233384172075	-21.2596805772
-4.85084862631	-17.9085830535
-4.99892193612	-18.2814386763
-5.02561993627	-18.4725890754
-4.99176983779	-18.6305108733
-4.92319955694	-18.8711547841
-4.83061184732	-19.0461784222
-4.77118111186	-19.3487773288
-4.71699834206	-19.5827756799
-4.68140047255	-19.7701255298
-4.63519570492	-20.066753985
-4.61126033412	-20.3443363844
-4.53819194048	-20.7812867146
-4.52090665006	-20.895366831
-4.47902546656	-21.2381528886
-4.44051922511	-21.6398427789
-4.45420737928	-21.7000734986
-4.39913392992	-21.9983523909
-4.39172697122	-22.148555205
-4.37166410434	-22.4257590447
-4.45512808493	-22.6573290696
4.34326454662	-21.5556580473
3.97212575903	-21.5660395471
3.76107059165	-21.5887216389
3.53395736352	-21.5361109319
3.16194409697	-21.524562611
2.73788159078	-21.5168143676
2.46375228893	-21.482478548
2.12358884101	-21.4321907869
1.54570828563	-21.4453186275
1.23928528038	-21.4640528736
0.865842062232	-21.4225728092
0.699089034235	-21.4292269811
0.516356911538	-21.4053954337
0.233284103545	-21.259426201
4.34341338093	-21.5547652389
4.60592206433	-21.7539278928
4.68617922355	-21.8556679013
4.84583438956	-21.9514560882
4.99768337788	-22.0258132019
5.26211889358	-22.229553007
3.18577290982	-27.7947542855
3.37856265403	-27.5955689256
3.56917583372	-27.4574373295
3.83295630205	-27.3240141617
3.96637917645	-27.2016824991
4.09704765682	-27.0285517789
4.27055628766	-26.8737926301
4.58146810862	-26.5716661432
4.85734988143	-26.3026705993
5.16463282395	-25.9972162357
5.52477866233	-25.6437955357
5.80730301861	-25.3559021383
5.94663439932	-25.2169092494
6.2339159548	-24.9228820426
6.49572353395	-24.680943146
6.67900830604	-24.5139768898
6.87944584859	-24.3234081166
7.07154532533	-24.1155687985
7.33795013646	-23.8743211795
7.60388234866	-23.6295299705
7.7948414694	-23.4659840657
8.00980933398	-23.2739885515
8.23211744144	-23.0816024986
8.69368892644	-22.6827310695
8.98088024935	-22.4362465735
9.32912068682	-22.1505276902
9.51547702935	-21.976553278
9.65025170597	-21.855464167
9.87635304473	-21.6289428968
10.2040004215	-21.2853516622
10.447938691	-21.0069648119
10.5899561113	-20.8468181994
10.8894601213	-20.4957376955
11.055428103	-20.2904012082
11.3017285978	-20.0153292663
11.4592559049	-19.838585484
11.6132798771	-19.6640960186
11.7986562114	-19.4404768154
12.001598471	-19.2201548283
12.2183360197	-18.9800429245
12.4983960495	-18.6899401898
12.7026179628	-18.462362078
12.9166857247	-18.2206551143
13.1335122045	-17.9901160844
13.297166641	-17.8121664462
13.4695149327	-17.6205622737
13.6813507518	-17.3752117755
13.8419826372	-17.1957333699
14.0178120825	-17.0034982782
14.1513722936	-16.8489574313
14.316682382	-16.6677052963
14.506946179	-16.4386455368
14.6443211422	-16.2709056176
14.6626330825	-16.2596881106
14.8570103719	-16.0619494318
14.9728416976	-15.9165743502
15.1131591233	-15.7375365858
15.3039731595	-15.481436993
15.4369902009	-15.3018081043
15.5116531718	-15.2179876041
15.6628897221	-15.019542427
15.8156615121	-14.8227583444
15.880200542	-14.7382297202
15.9462256055	-14.6496383539
16.0624353354	-14.4769582363
16.1719342312	-14.2987692458
16.2848936855	-14.132819792
16.3703748747	-14.0205142368
16.4738645686	-13.8846580616
16.559644945	-13.7557733941
16.6785419607	-13.605715852
16.752509036	-13.5160190836
16.9166954727	-13.2923672352
16.9786222783	-13.2269277441
17.0217809783	-13.1686144032
17.1255065045	-13.0552374519
17.3223448219	-12.7880820963
22.3312443161	-0.306857592544
22.3925534364	-0.0280692833214
22.4457562818	0.251690450819
22.4875956528	0.418518003751
22.5026153988	0.483089194546
22.5401702036	0.667562441663
22.5754986964	0.898163370056
22.5090151357	1.05208326261
22.461745898	1.32744326443
22.4516668043	1.43682164091
22.4424146105	1.47547599765
22.4654119577	1.72308562418
-0.638745991623	-27.6557285181
-0.318611870627	-27.2333608022
-0.638798818632	-27.6556108973
-0.85299660561	-27.7946003674
-0.903211887061	-27.8330748368
-1.08576485537	-28.0366956254
-1.20808270928	-28.105696841
-1.35626156162	-28.1319128088
-1.8310696325	-28.183202859
-2.06805890402	-28.4350001069
-2.31030532741	-28.4776004902
-2.39991423066	-28.4866931482
-2.60779994837	-28.4936333482
-2.83395064784	-28.5526603871
-3.03632853455	-28.5782077441
-3.13620717755	-28.6350026363
-3.25134631948	-28.6624895402
-3.53128701716	-28.5900834814
1.33848237025	13.7018097124
1.02524165458	13.5231911578
0.827057350201	13.3920233376
0.697258776476	13.3310462539
0.48869494697	13.2035994589
0.211054615931	13.0868667016
0.0710854339001	13.0177243963
-0.135717853223	12.9234523954
-0.328758266531	12.8533582788
-0.491543682932	12.7845278706
-0.794629755624	12.6246264155
-0.986919890168	12.5311702262
-1.1543213911	12.4591240491
-1.3149329563	12.3917327962
-1.44043881586	12.3392759151
-1.6516464326	12.2465490734
-1.74983180157	12.1892661285
-2.08058300437	12.0645836048
-2.30841066233	11.9823469594
-2.39117599558	11.9515357081
-2.71399809528	11.8845652736
-3.05939651933	11.8489787658
-3.3750079402	11.6729354291
-3.37490609485	11.6728700726
-3.49384602876	11.7937607308
-3.60484747846	11.9533553264
-3.72885157505	12.1609722751
-3.85674127328	12.3638167998
-3.96132055948	12.612804673
-4.02450426072	12.7817375943
-4.16582723504	13.2271106638
-4.22549558915	13.514774185
-4.25058544657	13.8465768866
-4.22037301521	14.0265017536
-4.22665040819	14.2117347169
-4.15731434212	14.562888865
-4.08295245908	14.7516937039
-4.04922336572	14.9167746178
-3.98113561421	15.1231741132
-3.7331331816	15.3454011884
16.9676904624	12.0841466687
16.8103747582	12.1531600506
16.6024272406	12.2804758897
16.3202963336	12.3005225727
16.1832217543	12.4270164284
-6.79245305205	23.9397316611
-6.90584103421	24.1533849417
-6.9672343999	24.2396153532
-7.02519772445	24.3828982291
-7.13538341084	24.703420415
-12.7162033711	-25.3195710803
-12.9165992829	-25.6511247592
-12.9615383915	-25.7989560151
-12.9916978761	-25.9944558939
-13.0478723948	-26.224561278
-13.13532596	-26.4624622597
-13.1344589414	-26.5636165381
-13.1432608535	-26.7131493625
-13.1362989861	-26.8274626428
-13.1357873149	-26.8849849757
-13.1495633593	-27.1058717383
-13.0615443558	-27.356869808
-12.9656157398	-27.4923629621
-12.8611974669	-27.5708621474
-12.6397866107	-27.6852760569
-12.4779160983	-27.7885311998
11.7685683515	2.50604872444
11.9372310104	2.44179863245
12.5496274617	2.28778624665
12.680699597	2.28082725523
13.2382248852	2.41159676514
11.7700866887	2.50784977984
11.3644903799	2.36450303002
-5.26682948138	5.95477803715
-5.19437265956	6.21743015463
-5.21972529055	6.40024505552
-5.2031324571	6.64358255882
-5.21956773962	6.88963030662
-5.19906573062	7.06320822666
-5.17388332445	7.3558741801
-5.18759142903	7.6268137799
-5.2100407484	7.89834034636
-5.24600668196	8.31588965391
-5.29065908989	8.55738756228
-5.32334368144	8.74629389182
-5.36972475876	8.95856012921
-5.42890962152	9.16127452474
-5.44251589501	9.20782464025
-5.49492610165	9.37699608324
-5.64254699192	9.68428152609
-5.76219230338	9.97351557004
-5.78833335265	10.0459402664
-5.91618067243	10.2167899101
-6.01543067717	10.3368191253
-6.14991090865	10.4763159485
-6.36701930007	10.6805657519
-6.59844877672	10.8988817684
-6.98382544002	11.1872012376
-7.30708736329	11.516410673
-7.59200952643	11.803521107
10.9272497877	-3.38161429038
11.1345818569	-3.57744421323
11.168754856	-3.6002728978
11.4750049199	-3.8264640197
11.5799166072	-3.93770980471
11.7032050199	-4.06370986889
11.9888012614	-4.40536566386
12.1732646598	-4.58189722299
12.3672886744	-4.77133035348
12.8567907569	-5.09264725959
13.1174505247	-5.25636168675
13.3745533962	-5.40270085464
13.5570906088	-5.44175804665
13.7748938217	-5.46284629601
13.9433523005	-5.45637579604
14.0473265692	-5.44368852862
14.2540978888	-5.40477722808
14.3952485709	-5.3603140908
14.7716805934	-5.21139784822
14.9689369633	-5.11056884448
15.1374411511	-5.01233427167
15.3447254101	-4.85216671482
15.6655957573	-4.74513641122
15.9530329538	-4.56751516871
16.12260183	-4.4376827659
16.3467713098	-4.2211308391
16.4362697087	-4.15514869288
16.6527694194	-4.11351129361
16.7690066348	-4.06452699089
16.8167669102	-4.02643329325
17.126567355	-3.92798010008
17.3842577939	-3.98679063149
-14.0154144581	1.74880178386
-13.8352347987	2.05693480456
-13.7630930035	2.19786600815
-13.6449778169	2.277237593
-13.5761539785	2.46512685269
-13.176020541	2.58826160995
21.2942319657	13.3066130291
21.2263295048	13.6207455573
21.1775977791	13.8148104767
2.71759252755	1.08535877377
2.60161835311	0.615050263502
2.48540541662	0.427192613674
2.44358216253	0.315030027498
2.33826895435	0.132154974607
2.26780508982	-0.0250617624866
2.13006712074	-0.340829094957
1.86421688079	-0.932801160969
1.75400551163	-1.17867982947
1.65000717279	-1.39057465207
1.57790724566	-1.55489112696
1.5052329634	-1.68971837128
1.39391179153	-1.90117384859
1.2924224964	-2.08881092165
1.21320405952	-2.22441135649
1.09685757054	-2.37463863214
1.02527441151	-2.49490505422
0.957138032157	-2.60593258259
0.832172283519	-2.82599741371
0.639982501485	-3.10618089597
0.54549830272	-3.24631036938
0.451390444017	-3.43155963736
0.254496040685	-3.63229054896
0.0455962167127	-3.86848348896
2.7177536766	1.0860524099
2.5308604272	1.30447283951
2.3334270745	1.3920653583
2.1609449292	1.65204892002
1.89486160727	1.92474604083
1.67863849114	2.09643086701
1.54182374302	2.12307067041
1.44006136958	2.10897855222
1.3049835267	2.06653430935
1.14648700305	1.99032844944
0.95231309822	1.83645581956
0.894533483736	1.79311807747
0.778962818586	1.67541329205
0.625173364325	1.57794327165
0.486750572014	1.45872331908
0.391133581345	1.35877614
0.171580954262	1.05982913659
-0.100673346277	0.809902894698
-0.254830224967	0.673332826467
-0.452091180698	0.49543242476
-0.480687107011	0.46917785173
-0.64641482155	0.32159100615
-0.727894199339	0.248928456376
-0.969353123225	0.0337993702717
-1.20734359999	-0.179560634992
-1.30517247998	-0.266600878497
-1.46867593331	-0.412142288153
-1.72342344018	-0.628701806337
-1.93441470357	-0.818060760351
-2.14105157368	-1.00151548346
-2.32383428392	-1.13448326654
-2.5244792144	-1.30306488501
-2.62059228951	-1.38024681518
-2.73069012158	-1.46701494134
-3.01823289781	-1.69020884195
-3.34900126708	-1.94800345812
-3.53391182478	-2.08478289645
-3.68129632457	-2.16855970828
-3.91012112785	-2.31827572452
-4.15528686651	-2.48280306994
-4.59269927615	-2.7918398588
-5.0740582403	-3.15993900518
-5.15249591968	-3.25296314648
-5.18328703079	-3.29253594567
-5.20431778167	-3.33257162364
-5.2341031536	-3.45569703821
-5.24898731043	-3.67505262875
-5.20540571481	-4.1620889667
-5.11372796972	-4.401417107
-5.07273267656	-4.59568980753
-5.00189729137	-4.77659198604
-4.86979367428	-4.962478872
11.3641240793	2.36333335748
11.4912229972	1.97180357698
11.5302446805	1.72196992241
11.6274901617	1.50070628418
11.7635790955	1.26664837484
11.9429414265	1.15451615452
12.2596680818	1.01132209853
12.6292956588	0.762072566099
12.988781062	0.581415249877
13.1053050673	0.531639250849
13.2845841524	0.450295403617
13.4775636199	0.404959845787
13.677707583	0.36509937191
13.7001838877	0.363820789335
13.8336598372	0.376852638397
13.9119143189	0.387322665367
14.0473138615	0.434662716865
14.2706914667	0.551909754706
14.3702171333	0.607883605441
14.5076549372	0.714591510718
14.7193184356	0.923110811843
14.8276703163	1.09767119573
14.9642278279	1.31328748278
15.0393984612	1.45229524351
15.0811169611	1.52567966081
15.1373829144	1.77871143128
15.159741429	2.01741861294
15.4453023396	5.65409679968
15.2255101602	5.8685700463
15.0695480099	5.94530312605
14.9242427109	6.0047081167
14.7560160066	6.07004066745
14.6185147094	6.00247155905
14.3782170768	6.01700240915
14.0599446833	5.89366833387
13.8807602268	5.84608294741
1.51676762384	26.6017947633
1.39595213407	26.8251055001
1.27562861161	27.0402697952
1.01330344084	27.3708700952
0.912737532835	27.5038210775
0.801100039388	27.646131934
0.603734644085	27.8600779385
0.334889582389	28.0983924149
0.201233200117	28.2166544953
-0.00664831188267	28.3521670079
-0.223919683956	28.467308393
-0.369298012814	28.5443779844
-0.673383115385	28.6190281483
-1.02539179772	28.693719732
-1.32005220259	28.7878140347
-1.73588672634	28.9078754295
-1.99314750074	28.9718602566
-2.29828654498	29.0280892917
-2.54347199423	29.0339055963
-2.77903213164	29.0432409095
-2.86103290884	29.0520081936
-3.37316134227	29.0322568893
-3.71620997514	28.989096081
-4.06160360994	28.9270754757
-4.43723176324	28.8509937433
-4.60821164203	28.7896545726
-4.87835495481	28.6734768953
-5.23026934458	28.4589353633
-5.62707855301	28.1936622624
-5.86484668764	28.0168329815
-5.96150733202	27.8006873233
-6.00228749859	27.5693289768
