124 0 116
10.9858 42.2551 10.4553 
9.66053 38.6147 12.5769
22.145 53.544 7.56549
21.242 42.3215 7.74157
38.8908 56.701 43.5396 
38.6777 47.621 46.413
41.442 67.9337 36.5508
44.561 58.0827 42.9449
41.3812 18.7239 31.2398 
36.8482 28.7164 41.2304
38.4449 26.1788 43.0144
40.6017 16.6093 42.4697
41.442 67.9337 36.5508 
46.3854 68.3584 34.1073
40.4299 74.539 29.9692
24.3147 67.8724 34.8408 
23.5417 67.9729 34.4086
28.6599 42.9394 46.0036
25.4804 70.9982 32.5847
19.0499 65.4952 33.7718 
19.1926 65.552 33.8299
28.5804 75.6328 24.6162 
28.1443 75.7808 23.151
32.0985 65.2796 30.7683
25.1355 30.3379 47.0431 
25.4176 31.7764 47.0596
22.3012 32.8383 47.03
30.6802 25.091 38.0964
25.4176 31.7764 47.0596 
45.4141 38.1451 48.4699 
41.8675 32.6923 48.525
39.5067 36.4604 48.3619
59.6768 46.3379 35.2226
39.5067 36.4604 48.3619 
12.4424 32.7785 40.0483 
8.18603 43.6357 32.8204
15.8039 56.4088 12.9556
5.67058 27.6521 26.7547
13.9683 49.5684 21.1808 
16.1184 56.5127 14.7437
8.15164 53.7452 25.1941 
7.66671 51.8383 24.5905
8.03495 54.0021 22.6349
7.66671 51.8383 24.5905 
5.67058 27.6521 26.7547 
5.66909 29.9371 23.2669
7.72367 19.0253 28.4027
23.5417 67.9729 34.4086 
40.6017 16.6093 42.4697 
52.318 26.3302 42.9427
46.4928 14.4108 41.3333
15.8039 56.4088 12.9556 
22.392 12.9612 40.5967 
28.5555 15.8324 39.1055
22.5057 7.09891 27.7216
26.4155 12.3599 27.7585 
23.2707 22.389 24.0755
47.7588 20.4927 24.233 
46.5282 20.1864 25.2571
32.3349 53.3259 36.749 
54.0637 53.4004 20.8883 
54.8997 57.0605 13.5192
18.1348 8.69138 24.4955 
9.85374 22.4055 18.3641
47.2137 18.8282 31.3696 
44.2984 15.9151 29.2083
41.8675 32.6923 48.525 
60.944 25.4248 19.0699 
62.6892 38.3835 14.5299
65.4533 32.7048 22.1235
53.1947 12.145 26.0485
46.5282 20.1864 25.2571 
48.2082 43.6468 8.52277
21.7269 20.0867 39.3814 
30.0603 59.7987 17.0888 
9.66053 38.6147 12.5769 
21.4937 25.2637 19.1849 
23.1502 29.68 18.3284
36.4376 61.8929 16.9378 
35.5039 72.1831 21.9277
14.3049 62.2564 29.3166 
14.421 62.4333 29.4054
44.2984 15.9151 29.2083 
46.1203 9.11107 29.5882
62.6892 38.3835 14.5299 
58.6165 45.9532 10.1925
23.2707 22.389 24.0755 
22.3012 32.8383 47.03 
16.1184 56.5127 14.7437 
12.6634 61.8932 17.9212
14.421 62.4333 29.4054 
14.4209 66.137 24.5218
38.0346 75.9227 23.756 
52.6371 69.1051 23.3086
48.0367 54.7779 7.688 
54.8997 57.0605 13.5192 
55.8411 36.8896 42.0757
23.1502 29.68 18.3284 
27.1269 19.0384 28.8479 
30.9389 25.0131 36.8546
58.6165 45.9532 10.1925 
46.3854 68.3584 34.1073 
52.318 26.3302 42.9427 
64.3062 29.5395 28.9292
55.8411 36.8896 42.0757 
44.561 58.0827 42.9449 
49.5884 52.4152 43.6239
49.5884 52.4152 43.6239 
60.2492 55.7108 25.0683
8.03495 54.0021 22.6349 
9.85374 22.4055 18.3641 
53.1947 12.145 26.0485 
61.3408 21.7823 31.8733
46.1203 9.11107 29.5882 
12.6634 61.8932 17.9212 
35.5039 72.1831 21.9277 
14.4209 66.137 24.5218 
38.4449 26.1788 43.0144 
65.4533 32.7048 22.1235 
30.9389 25.0131 36.8546 
21.242 42.3215 7.74157 
59.6768 46.3379 35.2226 
61.3408 21.7823 31.8733 
60.2492 55.7108 25.0683 
0 1
0 2
0 3
4 5
4 6
4 7
8 9
8 10
8 11
12 13
12 7
12 14
15 16
15 17
15 18
19 20
21 22
21 23
21 18
24 25
24 26
24 27
28 17
28 26
29 30
29 31
29 32
33 5
33 30
34 35
34 36
34 37
38 39
40 17
40 41
40 42
43 35
43 42
44 45
44 46
47 18
47 20
48 49
48 50
51 39
51 2
52 53
52 46
52 54
55 56
55 56
55 54
57 58
59 27
60 61
62 63
62 46
62 54
64 65
66 10
67 68
67 69
67 70
71 65
71 72
73 53
74 22
75 45
75 63
76 77
78 79
80 81
82 83
84 69
84 85
86 77
87 35
88 89
90 20
90 91
92 93
92 14
92 79
94 85
94 72
94 61
95 96
97 3
98 99
98 53
98 99
100 72
101 93
101 14
102 103
102 96
104 32
105 106
107 5
107 108
109 89
110 45
111 112
111 83
113 50
114 91
115 9
116 22
117 9
118 103
119 27
120 2
121 108
122 50
122 103
123 93
