543 0 472
-7.00042 -50.9885 -17.8195 
-4.81338 -46.9493 -26.8837
-4.81338 -46.9493 -26.8837 
-10.9315 -47.8867 -29.3747
-22.0719 -47.2383 -22.8729 
-9.50415 -46.6365 -3.3961 
-21.2897 -43.7538 -7.26317
-23.405 -46.4418 -21.7934 
-22.0719 -47.2383 -22.8729
-21.2897 -43.7538 -7.26317 
-17.3401 -40.8669 -4.63502
-23.7526 -45.4026 -14.8443 
-26.4574 -42.8279 -11.3142
-26.4574 -42.8279 -11.3142 
-32.5169 -40.2658 -14.8299
-21.3921 -42.6533 -30.1461 
-14.627 -40.7691 -30.0176 
-25.2402 -39.7832 -4.80546 
-26.9221 -33.4253 -8.0943
-0.063338 -39.6724 -7.33493 
-0.0386042 -38.3295 -7.33299
-5.98822 -38.6666 -23.7452 
-5.98822 -38.6666 -23.7452
-20.2768 -38.0186 3.29419 
-16.5732 -37.5457 1.20096
-2.80641 -39.6172 1.04365 
-4.80016 -45.7235 -2.71224
-0.876893 -36.3059 -12.5951 
-2.24711 -37.4214 -15.3724
-11.5656 -37.5527 6.5794 
-9.46223 -36.2818 3.11028
-36.322 -35.3134 -16.366 
-4.60242 -34.2041 8.7065 
-3.16525 -34.3808 2.34776
0.0440174 -36.8525 -5.26941 
-31.4638 -32.773 -13.3647 
-31.4638 -32.773 -13.3647
-22.4235 -33.4749 -11.2042 
-2.33555 -34.2138 -17.5841 
-1.19936 -33.7157 -15.332 
-1.20821 -32.127 -14.6317
-35.9752 -33.0375 -11.6763 
-37.6281 -29.5839 -16.2142
-35.2725 -30.1116 -1.83445 
-27.9118 -28.7552 -4.79016
-2.21289 -31.672 -1.1435 
-3.01073 -31.6444 -0.953055
-26.6037 -31.8029 -30.3819 
-23.7819 -34.2209 -30.5478
-20.4012 -33.1771 -30.8049 
-10.5557 -32.4124 -16.7961 
-36.7248 -32.4397 -18.4121 
-34.8699 -33.157 -8.68453 
-31.198 -36.7215 -7.20595
-3.01073 -31.6444 -0.953055 
-35.5527 -29.0074 -0.0330581 
-30.1496 -27.6844 6.78154
-32.6957 -29.2118 -19.5478 
-36.7248 -32.4397 -18.4121
-15.3877 -28.6027 -0.840917 
-15.3877 -28.6027 -0.840916
-7.44041 -29.2365 -1.17121 
-36.8153 -29.8539 -4.51769 
-34.8699 -33.157 -8.68453
-30.1496 -27.6844 6.78154 
-25.6355 -27.9401 5.9063
-25.6355 -27.9401 5.9063 
-21.5408 -26.6994 6.4434
-4.4544 -28.6044 -18.4791 
-4.96201 -27.7363 -20.3906
-26.6937 -28.988 -30.3516 
-26.6037 -31.8029 -30.3819
-9.65794 -27.0201 16.6055 
-7.52559 -26.0744 14.754
-41.8279 -24.4734 -15.0694 
-25.2745 -24.9952 -2.56689 
-22.412 -23.6692 3.18886 
-25.7 -25.6736 6.71233
-7.36991 -25.3247 10.6326 
-3.57727 -24.0218 14.8458 
-2.58167 -18.3378 5.14965
-42.3983 -23.0438 -17.2347 
-41.8279 -24.4734 -15.0694
-38.8096 -22.3833 -8.68684 
-40.567 -18.4646 -5.56847 
-41.3902 -16.979 -2.97928
-38.011 -17.6844 -11.4353 
-39.2748 -17.1463 -11.6169
-39.2748 -17.1463 -11.6169 
-40.367 -16.7736 -10.8468
-29.8759 -18.4486 -33.1343 
-24.4445 -27.875 -31.0174
-40.8667 -16.6145 -15.6132 
-43.4667 -12.2331 -21.6903
-1.58604 -16.6922 4.44349 
-40.367 -16.7736 -10.8468 
-40.567 -18.4646 -5.56847
-26.4757 -17.209 10.0715 
-28.436 -14.0507 9.94114
-34.6406 -12.6465 8.70649 
-34.7023 -20.5825 8.47567
-8.35757 -14.2101 21.1945 
-9.65794 -27.0201 16.6055
-32.7961 -12.219 -15.4487 
-39.2776 -16.3187 -13.8103
-3.49335 -11.2823 3.30635 
-1.21501 -10.5857 4.19484
-42.6535 -10.7466 -4.81373 
-34.2819 -10.926 9.05341 
-34.308 -9.50395 8.95318
-10.9862 -10.3747 20.987 
-15.3904 -2.20337 19.9373
-34.7561 -9.11412 -18.5756 
-43.1021 -7.57095 -14.6443
-29.7184 -9.57419 3.20678 
-31.7321 -11.5726 8.97373
-0.775628 -9.54643 4.49418 
-0.287333 -8.41785 5.09622
-0.349992 -5.8791 3.93769 
-0.258568 -3.67547 3.75436
-41.9057 -4.67882 -4.76805 
-42.6535 -10.7466 -4.81373
-32.6141 -3.89381 -39.0699 
-21.167 7.70341 -45.6721
-16.5619 -4.85325 -37.5806 
-13.1756 -1.19917 -34.8821
-25.6834 -4.39518 8.46292 
-28.2375 -3.4924 12.8129
-30.4178 -5.36735 -10.0241 
-39.261 -7.24948 -8.04648
-19.8993 -3.5102 -28.2953 
-19.8998 -3.50976 -28.2953
-35.4006 -3.77174 -38.535 
-29.8759 -18.4486 -33.1343
-32.9273 -3.13068 10.6759 
-33.1231 -1.71388 10.3632
-33.6412 -2.1096 9.8386 
-34.5987 -2.07972 8.77263
-37.5935 -1.67151 4.89268 
-37.0772 4.16521 2.5165
-18.753 -0.714178 -41.9687 
-28.3386 -7.14835 -37.2535
-32.9992 -0.323029 9.82541 
-23.6206 -4.6057 16.5012 
-24.7225 -10.5346 16.7529
-35.8245 0.460459 -26.274 
-41.2263 3.28064 -22.5985
-14.6989 -0.0927032 19.1372 
-1.19605 1.38766 20.7902 
-5.68495 -12.8398 21.479
-0.144558 1.90138 19.7104 
0.0651754 1.7067 19.6556
-40.8979 3.01131 -20.6615 
-31.8152 2.0567 9.80839 
-32.9992 -0.323029 9.82541
-14.9128 4.06811 16.9092 
-12.0911 2.1788 19.2774
-2.50528 2.6564 -30.9406 
-1.02242 3.82002 -28.9432
-31.1093 4.70757 1.49051 
-34.6629 5.11208 3.23044
-0.0143193 6.08512 -27.7832 
-0.159422 10.9105 -28.3428
-34.6629 5.11208 3.23044 
-31.8152 2.0567 9.80839
-21.167 7.70341 -45.6721 
-18.753 -0.714178 -41.9687
-36.298 8.06104 -38.9334 
-35.4006 -3.77174 -38.535
-29.0458 7.61116 -18.013 
-29.0526 3.22006 -15.0847
-27.2617 8.29048 -13.3603 
-27.2617 8.29048 -13.3603
-29.9286 9.14373 -22.2966 
-29.1471 11.0267 -24.422
-34.6635 10.8075 2.74392 
-39.3184 11.3322 -5.59994 
-39.511 11.2378 -28.5085 
-36.7227 9.98393 -31.6993
0.757191 12.0999 -19.8016 
-36.3332 12.9613 -0.579018 
-31.3634 18.7738 2.63194
0.557314 16.3573 -17.4158 
0.0259421 19.0096 -20.4338
-0.157051 16.722 15.6475 
-4.80526 5.01583 21.4502
-36.034 15.4096 -21.6414 
-39.1523 13.2815 -17.9854
-31.2869 19.8443 0.524993 
-30.9465 20.0493 0.978007
-28.4588 19.3464 -0.196281 
-38.6986 19.1815 -13.9953 
-38.2899 12.7839 -4.11436
-26.7743 19.4451 -3.23227 
-30.4985 22.9562 -2.45032
-38.0944 20.8232 -13.7484 
-37.9273 21.1394 -14.4588
-30.9465 20.0493 0.978007 
-30.9584 19.7708 1.92472
-23.6796 22.2474 -27.9085 
-25.2853 22.5189 -26.542
-32.4798 21.9607 -33.3484 
-31.0637 16.4256 -42.0932
-28.7833 21.5862 -20.23 
-29.6809 23.2783 -21.7278
-0.779126 21.7415 14.5979 
-1.34968 18.7653 16.4536
-24.5218 21.846 10.3744 
-25.189 15.7582 10.1558
-34.3311 23.2082 -19.6532 
-36.034 15.4096 -21.6414
-1.99247 22.0691 -31.2176 
-25.9878 26.0483 -5.10404 
-29.1832 26.0359 -0.27826
-20.2989 29.8911 -19.3109 
-20.2989 29.8911 -19.3109
-20.6587 30.9874 9.85849 
-17.1403 35.9965 10.0289
-25.9907 33.9856 -20.5827 
-25.894 33.2904 -20.0923
-26.3111 33.3246 3.63534 
-20.6587 30.9874 9.85849
-28.2934 32.7458 -19.6843 
-27.5768 25.4652 -23.8105
-27.7804 33.1782 -19.5731 
-27.5552 39.3747 -9.77169
-30.1422 34.2182 -6.7685 
-28.9045 32.8613 -3.49031
-2.93162 34.9713 12.3961 
-0.420903 34.3916 5.40561
-0.432747 37.4966 -8.57653 
-0.402345 38.0047 -4.64489
-4.76764 37.5231 12.5841 
-14.3122 32.942 13.1101
-24.2732 37.2809 2.7912 
-26.3111 33.3246 3.63534
-0.645193 40.8014 5.30134 
-0.0926868 41.0828 -4.13192 
0.23989 44.4606 -8.11339
-16.5276 47.1094 -4.86763 
-24.2732 37.2809 2.7912
-16.6487 47.2594 -6.28935 
-18.7785 46.6163 -8.14264
-7.13641 49.8463 2.29145 
-10.3193 48.9598 1.95191
-3.66789 52.5874 -9.64438 
-0.695292 -42.6343 -5.72339 
-32.2481 -35.9385 -28.7546 
-26.5736 -39.5913 -29.11
-11.0306 -23.3683 -18.2511 
-3.40697 -30.5998 -17.3729
-24.4947 -13.0274 3.60304 
-31.2514 0.576024 -13.8339 
0.23989 44.4606 -8.11339 
0.58658 40.8453 -16.2338
-4.97229 -18.5301 3.73402 
-12.1731 -11.0669 17.6053 
-12.4504 -11.323 20.1381
-34.2635 -3.94508 -21.8882 
-41.9054 -4.87886 -23.8293
-31.3518 -0.483738 -13.297 
-31.2514 0.576024 -13.8339
-21.0021 3.36924 -32.0212 
-14.3091 7.41406 -36.8709
-1.21227 31.4355 2.79884 
-0.138229 8.66909 6.50734
-21.9846 31.5065 -2.55847 
-26.9221 -33.4253 -8.0943 
-23.7819 -34.2209 -30.5478 
-24.3867 -38.5695 -29.9637
-10.1473 -22.2345 -18.7819 
-11.0306 -23.3683 -18.2511
-10.0044 -17.436 -27.6923 
-7.0187 -21.0818 -22.9467
-7.73566 -15.372 -25.3685 
-10.0044 -17.436 -27.6923
-29.028 -7.58731 -36.8167 
-6.28567 -33.1729 -24.9314
-12.7337 27.2388 -30.0937 
-3.31351 31.9139 -28.0369
-2.1556 42.9458 -25.658 
-5.71288 51.9738 -13.6977
-8.12045 -26.1956 -2.78418 
-7.44041 -29.2365 -1.17121
-9.89725 -23.9102 -18.1697 
-4.4544 -28.6044 -18.4791
-23.4835 31.8425 -17.2375 
-0.420439 -43.2635 -7.75013 
-0.063338 -39.6724 -7.33493
-15.7158 -39.8968 -0.901566 
-12.4547 -39.896 1.33496
-8.28129 -35.0756 10.6716 
-4.60242 -34.2041 8.7065
-3.16525 -34.3808 2.34776 
-2.21289 -31.672 -1.1435
-38.5879 -22.9109 -7.12615 
-38.2815 -20.457 -4.71497
-34.7023 -20.5825 8.47567 
-35.5527 -29.0074 -0.0330581
-12.0911 2.1788 19.2774 
-14.6989 -0.0927032 19.1372
-32.7098 3.1069 -15.673 
-33.2447 4.9174 -16.9003
-0.138229 8.66909 6.50734 
-29.6809 23.2783 -21.7278 
-18.7865 27.4049 -28.4787 
-23.6796 22.2474 -27.9085
-2.59455 33.8897 -27.233 
0.0998811 41.8273 1.87645 
-0.0926868 41.0828 -4.13192
-19.4239 46.4128 -8.85484 
-9.10643 -31.8805 0.783874 
0.908498 11.5231 -5.63418 
-0.846561 -2.63368 -21.3374
-34.2936 -38.4913 -24.5612 
-36.3949 -35.7442 -18.4118
-24.3867 -38.5695 -29.9637 
-30.2208 -38.9796 -7.59764 
-31.9196 -34.9478 -29.3233 
-24.4445 -27.875 -31.0174 
-20.4012 -33.1771 -30.8049
-6.95244 -20.1711 -22.0939 
-10.1473 -22.2345 -18.7819
-0.443438 -17.219 1.98475 
-1.22844 -12.7308 4.25001 
-13.1756 -1.19917 -34.8821 
-7.73566 -15.372 -25.3685
-17.2819 7.25796 16.8569 
-14.9128 4.06811 16.9092
0.358153 7.77608 8.16416 
-16.9215 28.2766 13.2959 
-14.9677 23.573 16.4609
-14.0691 48.534 -2.97428 
-16.5276 47.1094 -4.86763
-38.7989 5.88824 -18.9603 
-29.9286 9.14373 -22.2966
-1.4978 -27.5848 -11.4092 
-1.55882 -31.4572 -2.56189
-24.7225 -10.5346 16.7529 
-29.3745 -12.9969 10.532
-30.4247 8.38531 -18.744 
-14.9677 23.573 16.4609 
-21.4742 11.966 14.5511
-27.5768 25.4652 -23.8105 
-17.1403 35.9965 10.0289 
-17.8083 40.557 6.97655
-30.3833 -38.8239 -7.55723 
-30.2208 -38.9796 -7.59764
-41.9054 -4.87886 -23.8293 
-36.298 8.06104 -38.9334
-32.5169 -40.2658 -14.8299 
-29.3752 -7.1419 -37.1242 
-32.6141 -3.89381 -39.0699
-23.713 -34.5936 6.32714 
-8.70011 -35.4804 2.80201 
-5.2172 -35.3838 2.61244
-4.96201 -27.7363 -20.3906 
-1.33183 -23.7795 -13.8496 
-39.7472 8.64169 -16.8975 
-41.0583 7.91839 -14.1675
-25.5354 14.8281 9.47187 
-29.034 14.3935 7.83704
0.769014 13.801 -16.7809 
0.908498 11.5231 -5.63418
-18.2454 25.9687 -41.0793 
-29.6636 16.7012 -43.6041
-14.3122 32.942 13.1101 
-1.93703 43.7764 5.95824 
-4.76764 37.5231 12.5841
-10.3193 48.9598 1.95191 
-42.9453 -11.2807 -10.4676 
-9.46223 -36.2818 3.11028 
-4.80016 -45.7235 -2.71224 
-9.50415 -46.6365 -3.3961
-23.4027 -38.7232 0.696049 
-23.713 -34.5936 6.32714
-42.4979 -10.5413 -9.00335 
-41.569 0.383837 -15.4585 
-32.0281 1.48379 -14.5241
-19.9023 10.3454 -45.7242 
-1.12383 -15.1764 19.4428 
-26.8063 -44.2218 -24.0745 
-34.2936 -38.4913 -24.5612
-1.17052 -16.3205 3.599 
-0.443438 -17.219 1.98475
-28.9175 28.8975 -0.55992 
-5.71288 51.9738 -13.6977 
-16.6487 47.2594 -6.28935
-20.6455 -37.2776 5.08368 
-22.7027 -35.0094 6.88459
-7.52559 -26.0744 14.754 
-3.57727 -24.0218 14.8458
-25.8073 -21.5534 9.04386 
-17.1883 -12.8784 19.8937 
-25.849 -18.8435 10.895
-25.2853 22.5189 -26.542 
-29.0458 7.61116 -18.013
-1.19638 24.4269 14.9298 
-0.779126 21.7415 14.5979
-34.6203 27.7716 -15.7244 
-28.2934 32.7458 -19.6843
-33.1931 29.524 -9.36251 
-12.237 49.0224 -0.625934 
-14.0691 48.534 -2.97428
-13.1441 3.30899 -37.2658 
-15.0664 12.3321 -41.2188 
-5.2172 -35.3838 2.61244 
-2.80641 -39.6172 1.04365
-42.4079 1.86501 -12.2644 
-41.9057 -4.67882 -4.76805
-39.104 -3.67424 2.82525 
-20.4443 27.7117 11.4563 
-24.5218 21.846 10.3744
1.05961 7.2646 -20.316 
-19.8851 -30.0205 13.6679 
-20.0257 -29.7526 13.7772
-20.0257 -29.7526 13.7772 
-8.81503 -14.4046 21.1586 
-8.35757 -14.2101 21.1945
-14.4859 18.0083 -39.3955 
-15.0664 12.3321 -41.2188
-25.6874 -20.9183 10.3798 
-12.4504 -11.323 20.1381 
-17.1883 -12.8784 19.8937
-29.1832 26.0359 -0.27826 
-30.0153 23.0334 -0.567693
-31.0637 16.4256 -42.0932 
-3.40697 -30.5998 -17.3729 
-31.7321 -11.5726 8.97373 
-6.23728 5.50393 21.5141 
-29.2673 12.955 8.245 
-34.6635 10.8075 2.74392
-23.9909 12.7286 11.7278 
-25.5354 14.8281 9.47187
-25.849 -18.8435 10.895 
-26.4757 -17.209 10.0715
-32.5784 -24.1128 -31.1921 
-29.3745 -12.9969 10.532 
-24.7289 -41.9158 -7.78816 
-25.9591 -41.9531 -8.83642
-31.8239 -3.45711 11.6753 
-30.0153 23.0334 -0.567693 
-20.2789 10.4075 15.774 
-17.2819 7.25796 16.8569
-27.7532 11.1111 10.3895 
-33.1231 -1.71388 10.3632 
-31.8239 -3.45711 11.6753
-35.8509 24.1444 -16.7331 
-34.3311 23.2082 -19.6532
-24.6708 -40.6663 -5.99212 
-23.7526 -45.4026 -14.8443
-0.420439 -43.2635 -7.75013
-26.8063 -44.2218 -24.0745
-24.7289 -41.9158 -7.78816
-14.627 -40.7691 -30.0176
-23.4027 -38.7232 0.696049
-24.6708 -40.6663 -5.99212
-0.695292 -42.6343 -5.72339
-0.0386042 -38.3295 -7.33299 
-0.876893 -36.3059 -12.5951
-20.6455 -37.2776 5.08368
0.0440174 -36.8525 -5.26941
-1.19936 -33.7157 -15.332
-8.28129 -35.0756 10.6716
-35.9752 -33.0375 -11.6763
-36.8153 -29.8539 -4.51769
-9.10643 -31.8805 0.783874
-38.5879 -22.9109 -7.12615
-32.5784 -24.1128 -31.1921
-1.12383 -15.1764 19.4428
-31.9196 -34.9478 -29.3233
-40.8667 -16.6145 -15.6132
-38.011 -17.6844 -11.4353
-41.3902 -16.979 -2.97928 
-34.6406 -12.6465 8.70649
-1.22844 -12.7308 4.25001
-1.17052 -16.3205 3.599
-42.9453 -11.2807 -10.4676
-25.8073 -21.5534 9.04386
-34.2819 -10.926 9.05341
-10.9862 -10.3747 20.987
-43.4667 -12.2331 -21.6903 
-42.4979 -10.5413 -9.00335
-34.308 -9.50395 8.95318 
-0.349992 -5.8791 3.93769
-0.287333 -8.41785 5.09622 
-39.104 -3.67424 2.82525
-33.6412 -2.1096 9.8386
-0.144558 1.90138 19.7104
0.358153 7.77608 8.16416
-38.7989 5.88824 -18.9603
-41.569 0.383837 -15.4585
-41.2263 3.28064 -22.5985 
-39.511 11.2378 -28.5085
1.05961 7.2646 -20.316
-30.4247 8.38531 -18.744
-36.3332 12.9613 -0.579018
-32.4798 21.9607 -33.3484
0.769014 13.801 -16.7809
-31.3634 18.7738 2.63194 
-38.0944 20.8232 -13.7484
-14.4859 18.0083 -39.3955
-18.2454 25.9687 -41.0793
-30.9584 19.7708 1.92472 
-20.4443 27.7117 11.4563
-28.9175 28.8975 -0.55992
-27.7804 33.1782 -19.5731
-33.1931 29.524 -9.36251
-1.19638 24.4269 14.9298
-25.894 33.2904 -20.0923 
-18.7865 27.4049 -28.4787
-1.93703 43.7764 5.95824
0.0998811 41.8273 1.87645
-3.66789 52.5874 -9.64438
-9.89725 -23.9102 -18.1697
-1.20821 -32.127 -14.6317 
-1.4978 -27.5848 -11.4092
-6.95244 -20.1711 -22.0939
-29.3752 -7.1419 -37.1242
-2.59455 33.8897 -27.233
-28.3386 -7.14835 -37.2535 
-6.23728 5.50393 21.5141
-33.2447 4.9174 -16.9003 
-14.3091 7.41406 -36.8709 
-13.1441 3.30899 -37.2658
-37.9273 21.1394 -14.4588 
-35.8509 24.1444 -16.7331
-18.7785 46.6163 -8.14264 
-19.4239 46.4128 -8.85484
-6.28567 -33.1729 -24.9314 
-8.70011 -35.4804 2.80201
-1.33183 -23.7795 -13.8496
-20.2789 10.4075 15.774
-12.237 49.0224 -0.625934
-39.7472 8.64169 -16.8975
-26.5736 -39.5913 -29.11 
-42.4079 1.86501 -12.2644
-25.6874 -20.9183 10.3798
-0.846561 -2.63368 -21.3374 
-4.80526 5.01583 21.4502 
-29.6636 16.7012 -43.6041 
-27.7532 11.1111 10.3895
-21.4742 11.966 14.5511 
0 1
2 3
4 3
5 6
7 8
9 10
11 12
13 14
15 8
16 3
17 18
19 20
21 22
23 24
25 26
27 28
29 30
31 14
32 33
34 20
35 36
37 18
38 28
39 40
41 42
43 44
45 46
47 48
49 48
50 28
51 42
52 53
54 33
55 56
57 58
59 60
61 46
62 63
64 65
66 67
68 69
70 71
72 73
74 42
75 65
76 77
78 73
79 80
81 82
83 82
84 85
86 87
88 89
90 91
92 93
94 80
95 96
97 98
99 100
101 102
103 104
105 106
107 85
108 109
110 111
112 113
114 115
116 117
118 119
120 121
122 123
124 125
126 127
128 129
130 131
132 133
134 135
136 137
138 139
140 141
142 137
143 144
145 146
147 111
148 149
150 151
152 146
153 154
155 156
157 158
159 160
161 162
163 164
165 166
167 168
169 170
171 172
173 174
175 160
176 139
177 178
179 162
180 181
182 183
184 185
186 187
188 189
190 189
191 192
193 194
195 196
197 198
199 200
201 202
203 204
205 206
207 208
209 210
211 162
212 213
214 215
216 217
218 219
220 221
222 223
224 225
226 227
228 229
230 231
232 233
234 235
236 229
237 238
239 240
241 242
243 244
245 238
246 26
247 248
249 250
251 98
252 170
253 254
255 80
256 257
258 259
260 261
262 263
264 265
266 227
267 53
268 269
270 271
272 273
274 275
276 277
278 279
280 281
282 283
284 285
286 219
287 288
289 290
291 292
293 294
295 296
297 298
299 300
301 302
303 119
304 223
305 306
307 279
308 309
310 225
311 24
312 313
314 315
316 248
317 53
318 71
319 320
321 322
323 292
324 106
325 326
327 328
329 119
330 331
332 333
334 335
336 337
338 339
340 302
341 342
343 200
344 345
346 347
348 349
350 12
351 352
353 65
354 355
356 273
357 285
358 359
360 361
362 363
364 365
366 217
367 368
369 345
370 113
371 290
372 373
374 375
376 129
377 378
379 123
380 149
381 382
383 384
385 227
386 387
388 389
390 391
392 77
393 394
395 396
397 398
399 400
401 194
402 403
404 166
405 263
406 407
408 409
410 109
411 412
413 313
414 415
416 389
417 418
419 420
421 415
422 423
424 425
426 349
427 40
428 339
429 206
430 431
432 433
434 435
436 133
437 98
438 439
440 127
441 194
442 443
444 164
445 446
447 448
449 10
0 450
0 451
2 28
5 290
7 450
7 452
9 453
13 439
15 269
15 454
16 320
17 455
17 456
19 457
458 459
23 460
23 455
25 461
27 462
29 463
29 460
31 464
31 315
34 337
38 277
38 250
38 462
41 63
43 298
43 465
45 337
51 315
52 18
61 466
62 467
64 100
66 77
68 250
70 468
70 91
72 463
72 415
79 469
81 470
81 471
83 472
83 467
84 296
86 296
473 474
88 104
92 104
94 475
94 476
95 477
97 478
99 479
101 480
101 149
481 468
481 259
107 482
108 115
110 257
483 446
116 106
116 484
485 484
485 469
120 129
120 486
122 168
124 275
124 166
134 487
134 446
136 135
138 137
138 486
142 135
143 127
143 111
147 328
148 185
148 488
150 489
152 490
152 491
492 493
161 158
161 494
163 139
169 335
169 495
175 496
176 359
176 192
177 497
179 498
179 494
180 192
182 363
182 498
184 398
184 206
186 495
499 198
499 361
191 500
191 196
191 500
191 187
197 425
199 501
201 502
503 412
209 204
216 504
220 505
222 506
224 219
226 507
226 225
228 508
228 368
509 510
234 345
236 511
236 512
237 231
239 387
243 511
243 513
245 281
246 451
247 382
247 470
249 514
252 378
264 229
264 231
515 516
270 514
274 517
276 141
276 518
278 279
278 510
280 519
280 519
289 24
289 10
293 355
520 518
299 521
301 170
301 378
522 490
523 524
303 489
525 526
308 511
527 528
527 528
529 69
311 530
317 439
321 273
321 531
323 531
324 476
325 524
327 532
330 233
330 504
332 533
334 534
336 531
338 423
341 508
353 389
354 30
358 187
360 208
364 501
369 533
370 482
535 452
377 113
377 536
379 420
379 365
385 213
392 537
538 158
399 526
399 507
539 521
540 202
408 359
421 394
430 361
430 541
432 541
432 342
432 208
438 456
542 532
