508 0 427
14.0677 -50.3949 -20.5115 
4.30669 -45.2831 -11.3741
10.1593 -47.4252 -26.533 
10.2295 -48.0117 -24.791
14.673 -45.4509 -4.56909 
7.86822 -43.9468 -4.1778
26.6325 -45.2374 -26.0102 
10.1593 -47.4252 -26.533
25.7818 -44.5376 -11.8332 
32.0167 -40.8159 -12.8468
5.56624 -44.4595 -6.75495 
7.86822 -43.9468 -4.1778 
5.56624 -44.4595 -6.75495
19.2005 -40.9236 -3.99231 
14.673 -45.4509 -4.56909
26.9906 -36.4973 -4.9916 
20.7732 -40.4643 -4.63036
34.5066 -36.929 -28.6695 
31.9199 -42.1933 -23.0278
6.18388 -38.1466 -19.9946 
12.5727 -38.0898 -27.6991
9.57121 -37.5509 -19.6282 
9.8929 -34.7646 -20.5873
28.7005 -34.5754 -8.94342 
26.5057 -32.7783 -12.03
29.2711 -34.8475 -31.2904 
30.3649 -34.7786 -31.1023
11.92 -35.3025 0.289213 
17.6949 -36.8496 -2.21288
8.45278 -35.014 -1.43821 
6.59572 -33.9464 -2.8736
18.3531 -33.0413 -29.1663 
29.3977 -34.2077 -4.13937 
29.1312 -31.1481 -4.82748
6.25102 -31.966 -1.78238 
18.1021 -30.9431 -18.4461 
9.57121 -37.5509 -19.6282
19.6301 -29.5005 -29.1276 
18.7126 -30.9491 -28.8953
41.0075 -31.2845 -20.5003 
37.3969 -36.2671 -13.767
3.97017 -29.6726 6.46182 
4.20041 -11.5309 2.27301
38.515 -28.713 -20.7699 
41.0075 -31.2845 -20.5003
3.54017 -26.8641 -9.9044 
5.83507 -23.6546 -12.6441
12.6918 -25.9535 17.4465 
13.5444 -26.1521 17.3879
24.9419 -26.3093 12.4403 
26.5489 -35.6345 4.32112
19.6439 -26.2443 -29.342 
18.8493 -28.7216 -28.9823
36.5899 -26.1811 -31.2104 
32.7675 -20.7297 -33.2124
5.83507 -23.6546 -12.6441 
6.38744 -22.9544 -16.8758
27.304 -23.1742 5.72295 
27.3251 -16.5358 14.8276
7.89519 -23.0025 -11.9731 
38.6294 -22.9682 -0.854175 
38.2953 -27.0275 0.493885
5.41266 -21.1893 -16.5918 
5.4231 -20.719 -16.9774
4.20205 -22.1437 16.8921 
4.73238 -20.3821 8.43718
32.7675 -20.7297 -33.2124 
24.5606 -18.3329 -31.7819
45.4236 -20.4228 -26.1102 
36.5899 -26.1811 -31.2104
11.5772 -18.4867 -22.2832 
7.65243 -14.6289 -21.6664
12.8537 -19.0576 -25.8187 
21.1417 -20.4047 -30.521
8.95726 -19.3358 4.18049 
6.43106 -21.0345 7.49048
22.9227 -19.5482 -31.0976 
21.4193 -22.431 -30.2136
34.6083 -17.8859 -9.99442 
32.409 -17.2668 -10.6398
18.8168 -16.968 18.9539 
19.0571 -21.6127 17.0574
35.3125 -17.7414 -10.4678 
38.7428 -16.9483 -11.9479
40.7852 -17.2792 -11.8474 
43.5803 -18.583 -11.4634 
40.7852 -17.2792 -11.8474
28.0597 -15.9595 14.4935 
33.9331 -13.4994 9.10709
35.5347 -13.2733 -14.8624 
44.43 -13.0824 -17.5187
6.3644 -14.1791 -20.62 
5.41266 -21.1893 -16.5918
14.811 -13.6924 20.935 
19.723 -9.2551 18.5357
39.8131 -13.1145 -34.241 
26.535 -12.6915 1.72341 
32.2291 -12.6174 7.22084
45.9891 -9.65832 -12.1646 
44.4252 -16.0575 -9.81153
3.46007 -11.1133 7.88956 
3.60059 -14.849 19.1452
12.9625 -11.0624 -27.9514 
12.1936 -17.4144 -23.1588
15.7738 -10.3825 -31.1155 
21.2061 -13.6671 -32.5756
30.4869 -9.58576 2.27433 
37.8662 -9.01976 -19.1717 
37.8362 -9.01784 -19.1803
19.723 -9.2551 18.5357 
29.1431 -6.74221 13.9999
30.0695 -7.96785 13.7694 
28.0597 -15.9595 14.4935
25.3804 -5.53038 6.83561 
25.3807 -5.52973 6.83521
36.6523 -5.04209 -11.0495 
40.6402 -6.49076 -10.1602
36.8748 -5.28023 -22.0549 
45.6964 -6.60649 -25.3797
39.8482 -4.78506 4.21998 
44.7928 -5.8167 -5.0381
21.3551 -2.29787 17.9487 
29.0004 -2.94896 14.402
29.0004 -2.94896 14.402 
38.6996 -2.1364 -23.6207 
44.8164 1.67489 -21.5765
3.18834 -0.451541 -21.472 
1.2582 9.03656 -14.1899
24.8415 -2.78024 -30.2944 
24.8442 -2.64687 -30.3623
33.0568 -1.87271 -40.6517 
31.1577 -1.45501 -41.2469
44.199 -3.18319 -8.13766 
33.5417 0.487428 -13.4655 
33.2667 4.82544 -16.4146
3.49618 0.160115 -24.4013 
3.18834 -0.451541 -21.472
2.9393 2.47201 9.11501 
2.85233 11.2836 9.48477
19.1642 4.70397 17.5064 
21.3551 -2.29787 17.9487
21.7434 2.45616 -44.092 
17.4197 6.35939 -38.9694
25.5029 4.13154 -33.3419 
25.5029 4.13154 -33.3419
8.80415 3.31044 -33.6379 
3.99549 4.09122 -29.8999
19.3871 4.06619 17.1209 
19.1642 4.70397 17.5064
38.9331 2.92896 -40.7185 
42.7736 6.56418 -33.5355
26.1823 6.5162 -46.4715 
21.7434 2.45616 -44.092
34.4086 6.56694 -17.9371 
33.6022 7.06125 -17.6735
34.5986 5.78345 8.99458 
35.234 9.54899 8.15988
37.6624 6.12067 2.09029 
32.9914 6.68308 1.13216
41.0922 7.15475 -17.5846 
44.5109 3.68915 -21.2614
37.6176 7.56746 -30.0797 
43.1056 10.9377 -27.3624
43.2121 8.96007 -12.3239 
44.199 -3.18319 -8.13766
17.8866 8.18518 -37.3454 
21.6759 10.8101 -36.6192
21.8903 8.15655 17.2152 
32.1346 10.0069 -18.3417 
32.0578 11.4932 -17.7345
42.9186 9.30048 -14.059 
41.0922 7.15475 -17.5846
32.0578 11.4932 -17.7345 
31.4145 19.6284 -20.7229
20.7063 13.2583 -45.3731 
17.6204 7.76391 -38.1746
40.0973 12.871 -3.48843 
39.3798 14.1273 -2.52271
29.5943 14.3005 -27.0864 
29.5944 14.3005 -27.0864
3.58128 15.9932 6.22025 
4.1967 -5.19272 4.2121
5.91819 18.0269 -31.9461 
4.37024 19.1325 -31.6039
35.9798 15.9608 3.07593 
42.3482 14.7391 -16.2689 
40.7927 21.0681 -10.4391
39.9249 16.2987 -4.6811 
41.1632 12.4893 -5.53105
35.1085 15.2604 -42.6747 
21.3689 24.3925 -40.8323
18.4019 18.3882 -35.6029 
23.0524 26.2752 -28.5204
16.0944 17.4834 17.9227 
21.2823 12.4129 16.8066
32.5561 20.0881 4.59415 
30.2477 26.7911 -2.97006
37.1279 20.7206 -20.0284 
38.0146 25.0253 -17.5347
3.30459 22.6232 4.6549 
3.22658 23.8256 3.78628
4.66593 21.3767 17.1201 
2.90279 22.4713 8.82483
18.8366 22.0625 -40.4139 
20.7063 13.2583 -45.3731
38.0146 25.0253 -17.5347 
39.4218 25.3092 -13.0439
32.8846 24.6605 -34.836 
38.3883 19.7603 -27.6583
15.4184 26.943 -30.0523 
21.9554 28.068 -27.8554
27.6019 28.4362 -24.3854 
30.8261 19.9117 -22.2026
38.0223 29.1461 -10.9943 
27.5691 30.3816 -23.0789 
27.6019 28.4362 -24.3854
4.87291 29.9571 14.4843 
34.9375 30.9821 -17.7427 
22.032 35.1825 -0.943201 
27.132 41.4388 -6.38172
28.8885 31.8681 4.01464 
29.3355 29.3327 5.49478
31.2645 33.7533 -18.5134 
34.9375 30.9821 -17.7427
4.21554 38.8119 -25.2906 
9.19815 29.2079 -29.3608
21.5327 39.8226 0.130607 
20.4759 42.0968 3.2263
28.293 39.6305 -9.05639 
22.6546 43.1492 -2.284 
26.2783 42.6047 -6.3963
20.4759 42.0968 3.2263 
28.8885 31.8681 4.01464
4.75295 50.8774 0.131259 
1.13457 41.7641 -15.1189
8.55785 53.1892 -7.64129 
3.20544 49.3178 -19.6018
8.86892 53.2437 -6.09842 
9.56581 52.9945 -7.55675
12.5727 -38.0898 -27.6991 
31.4145 19.6284 -20.7229 
9.19815 29.2079 -29.3608 
15.4184 26.943 -30.0523
24.2401 30.6523 -3.88683 
2.03833 -2.27755 -8.26346 
6.3644 -14.1791 -20.62
30.3187 1.69085 -13.1196 
1.83827 6.91331 -6.09077 
1.66271 10.655 -5.91327
21.3784 8.675 -34.2264 
18.9792 10.5308 -34.5614
32.091 20.1044 -38.2378 
32.8846 24.6605 -34.836
5.58799 -39.7075 -19.9067 
5.22227 -39.8542 -20.0456
28.2189 -32.4111 3.45453 
32.6827 -28.7235 4.96375
42.8949 -26.5725 -8.87209 
34.3324 -35.145 -10.4014
21.4193 -22.431 -30.2136 
19.6439 -26.2443 -29.342
39.7026 -8.89162 -36.2738 
39.73 -9.06179 -36.1902
17.7766 -2.21201 -34.0537 
3.07891 -0.954833 9.01563 
2.9393 2.47201 9.11501
3.99549 4.09122 -29.8999 
33.312 5.71839 -16.892 
18.0924 14.9264 -34.4845 
18.4019 18.3882 -35.6029
1.99803 36.5821 -23.0126 
6.36518 25.9202 -29.8043
1.13457 41.7641 -15.1189 
1.99803 36.5821 -23.0126
3.39687 -29.124 -9.89528 
6.37771 -25.3138 -17.3784
21.2366 -25.9667 -29.64 
21.5696 -27.6251 -29.8462
18.1555 13.9575 -34.2742 
18.0924 14.9264 -34.4845
13.1961 -36.6824 5.15921 
11.92 -35.3025 0.289213
26.5489 -35.6345 4.32112 
28.2189 -32.4111 3.45453
5.21281 -28.8627 -6.14488 
5.60403 -31.9759 -3.00354
10.8381 -28.4247 14.9361 
41.8673 -27.9663 -6.13515 
42.8949 -26.5725 -8.87209
21.5696 -27.6251 -29.8462 
27.5211 -34.2123 -31.6373
6.43106 -21.0345 7.49048 
19.0571 -21.6127 17.0574 
24.9419 -26.3093 12.4403
3.60059 -14.849 19.1452 
7.85454 -12.8105 21.9186
38.1421 -6.00319 3.12853 
39.3147 -5.43287 4.86535
2.85233 11.2836 9.48477 
7.22874 10.7598 20.1941
6.36518 25.9202 -29.8043 
44.2241 -26.483 -24.2016 
41.3728 -30.6051 -25.4879
15.8559 -6.17355 -30.6258 
12.7128 -9.46936 -27.0497
25.8108 -38.3813 0.43729 
13.1961 -36.6824 5.15921
37.6199 -32.7458 -5.10754 
41.3728 -30.6051 -25.4879 
34.5066 -36.929 -28.6695
29.1312 -31.1481 -4.82748 
21.1417 -20.4047 -30.521 
12.1936 -17.4144 -23.1588 
27.3251 -16.5358 14.8276 
18.8168 -16.968 18.9539
4.1967 -5.19272 4.2121 
3.07891 -0.954833 9.01563
39.3147 -5.43287 4.86535 
35.9585 -9.98723 8.85427
7.54866 26.5222 -29.8651 
16.7352 34.2169 13.5297 
5.58578 29.6771 15.4522
33.7542 -40.9216 -18.6259 
19.6049 21.278 15.2321 
20.6553 27.5177 13.0131
39.73 -9.06179 -36.1902 
39.8131 -13.1145 -34.241
38.3883 19.7603 -27.6583 
34.4086 6.56694 -17.9371
28.4335 -44.3617 -23.7513 
24.2189 -46.4166 -17.4938
27.5211 -34.2123 -31.6373 
18.3531 -33.0413 -29.1663
46.4504 -8.19722 -24.6773 
3.20544 49.3178 -19.6018 
4.21554 38.8119 -25.2906
40.6402 -6.49076 -10.1602 
45.9891 -9.65832 -12.1646
42.7736 6.56418 -33.5355 
35.1085 15.2604 -42.6747
7.61522 -44.9437 -20.8541 
5.74935 -41.3363 -18.9003 
7.61522 -44.9437 -20.8541
35.5002 -31.4975 -0.0757875 
29.3977 -34.2077 -4.13937
5.60403 -31.9759 -3.00354 
32.6827 -28.7235 4.96375 
27.304 -23.1742 5.72295
24.5606 -18.3329 -31.7819 
33.0568 -1.87271 -40.6517
43.0947 -17.0294 -2.71095 
35.0096 -11.662 9.03429
43.827 -16.3873 -4.34424 
36.8417 -0.580358 -40.3806 
34.5868 -0.688154 -40.9397
7.57702 8.50649 20.5529 
35.234 9.54899 8.15988 
35.2516 9.63893 8.13516
7.22874 10.7598 20.1941 
7.57702 8.50649 20.5529
7.78498 14.0169 20.0502 
26.388 38.2818 -14.3408 
23.8452 36.6725 -17.7532
23.0981 31.8794 -23.1846 
27.5691 30.3816 -23.0789
11.4871 -18.15 21.0463 
10.1217 -22.7156 19.2525
44.7928 -5.8167 -5.0381 
3.06917 34.0367 11.1227 
5.00469 47.2038 5.75166
7.44238 44.578 8.82677 
16.7352 34.2169 13.5297
23.0734 -44.8948 -9.58142 
25.7818 -44.5376 -11.8332
8.73128 -38.3635 -19.625 
6.18388 -38.1466 -19.9946
35.9585 -9.98723 8.85427 
30.0695 -7.96785 13.7694
43.0517 12.184 -14.9116 
42.9186 9.30048 -14.059
39.4218 25.3092 -13.0439 
5.58578 29.6771 15.4522 
4.87291 29.9571 14.4843
8.83306 -35.7528 -0.979709 
8.20886 -28.8169 11.8543 
10.8381 -28.4247 14.9361
4.23997 -8.68283 4.81588 
3.46007 -11.1133 7.88956
5.00469 47.2038 5.75166 
4.75295 50.8774 0.131259
7.44902 -30.648 10.8223 
3.97017 -29.6726 6.46182
38.2953 -27.0275 0.493885 
41.8673 -27.9663 -6.13515
31.0677 23.0394 6.15451 
24.2815 17.331 14.2306
35.6678 -28.146 2.7964 
35.5002 -31.4975 -0.0757875
29.3355 29.3327 5.49478 
24.2815 17.331 14.2306 
24.2189 -46.4166 -17.4938 
14.0677 -50.3949 -20.5115
9.52049 -10.8139 22.0875 
29.1431 -6.74221 13.9999 
30.7428 2.70785 13.2544 
21.8903 8.15655 17.2152
21.2823 12.4129 16.8066 
27.6101 36.7995 -16.3861 
26.388 38.2818 -14.3408
7.28527 52.4594 -2.48059 
32.0167 -40.8159 -12.8468 
33.7542 -40.9216 -18.6259
7.85454 -12.8105 21.9186 
11.4871 -18.15 21.0463
34.3324 -35.145 -10.4014 
34.8173 -36.4696 -11.455
6.37771 -25.3138 -17.3784 
38.9979 5.79182 1.62457 
40.0973 12.871 -3.48843
27.7905 -35.6299 -5.48341 
3.93175 -28.2376 -6.68633 
26.2783 42.6047 -6.3963 
6.82383 -24.3513 -17.6419 
44.1135 -20.7184 -12.0904 
45.9745 -16.6832 -17.9694
37.4493 19.4771 -20.2054 
34.6442 -28.1603 3.9451 
35.0096 -11.662 9.03429 
23.0734 -44.8948 -9.58142
29.2711 -34.8475 -31.2904
28.4335 -44.3617 -23.7513
8.83306 -35.7528 -0.979709
25.8108 -38.3813 0.43729
27.7905 -35.6299 -5.48341
5.58799 -39.7075 -19.9067
8.73128 -38.3635 -19.625
5.21281 -28.8627 -6.14488
30.3649 -34.7786 -31.1023 
3.39687 -29.124 -9.89528
3.93175 -28.2376 -6.68633
13.5444 -26.1521 17.3879 
21.2366 -25.9667 -29.64
44.2241 -26.483 -24.2016
6.82383 -24.3513 -17.6419
35.3125 -17.7414 -10.4678
43.0947 -17.0294 -2.71095
14.811 -13.6924 20.935
38.7428 -16.9483 -11.9479 
44.1135 -20.7184 -12.0904
7.65243 -14.6289 -21.6664 
9.52049 -10.8139 22.0875
46.4504 -8.19722 -24.6773
33.9331 -13.4994 9.10709 
34.6442 -28.1603 3.9451
4.20041 -11.5309 2.27301 
4.23997 -8.68283 4.81588
44.43 -13.0824 -17.5187 
15.7738 -10.3825 -31.1155
15.8559 -6.17355 -30.6258
33.5417 0.487428 -13.4655
38.9979 5.79182 1.62457
30.7428 2.70785 13.2544
3.49618 0.160115 -24.4013
31.1577 -1.45501 -41.2469 
44.8164 1.67489 -21.5765 
36.8417 -0.580358 -40.3806
33.312 5.71839 -16.892
37.6624 6.12067 2.09029
33.6022 7.06125 -17.6735 
32.1346 10.0069 -18.3417
43.1056 10.9377 -27.3624 
39.3798 14.1273 -2.52271 
39.9249 16.2987 -4.6811
35.9798 15.9608 3.07593
3.30459 22.6232 4.6549
32.5561 20.0881 4.59415
43.0517 12.184 -14.9116
37.4493 19.4771 -20.2054
18.8366 22.0625 -40.4139
7.78498 14.0169 20.0502
19.6049 21.278 15.2321
31.0677 23.0394 6.15451
23.0524 26.2752 -28.5204 
21.9554 28.068 -27.8554 
23.0981 31.8794 -23.1846
31.2645 33.7533 -18.5134
3.06917 34.0367 11.1227
27.6101 36.7995 -16.3861
7.28527 52.4594 -2.48059
8.86892 53.2437 -6.09842
7.54866 26.5222 -29.8651
5.74935 -41.3363 -18.9003
18.1555 13.9575 -34.2742
7.44902 -30.648 10.8223
37.6199 -32.7458 -5.10754
8.20886 -28.8169 11.8543
18.8493 -28.7216 -28.9823 
45.6964 -6.60649 -25.3797 
1.2582 9.03656 -14.1899 
4.30669 -45.2831 -11.3741 
43.827 -16.3873 -4.34424
44.4252 -16.0575 -9.81153 
7.44238 44.578 8.82677
23.8452 36.6725 -17.7532 
37.3969 -36.2671 -13.767 
35.6678 -28.146 2.7964
17.6204 7.76391 -38.1746 
9.56581 52.9945 -7.55675 
0 1
2 3
4 5
6 7
8 9
10 1
11 12
13 14
15 16
17 18
19 20
21 22
23 24
25 26
27 28
29 30
31 20
32 33
34 30
35 36
37 38
39 40
41 42
43 44
45 46
47 48
49 50
51 52
53 54
55 56
57 58
59 46
60 61
62 63
64 65
66 67
68 69
70 71
72 73
74 75
76 77
78 79
80 81
82 83
84 83
85 86
87 88
89 90
91 92
93 94
95 54
96 97
98 99
100 101
102 103
104 105
106 97
107 108
109 110
111 112
113 114
115 116
117 118
119 120
121 122
123 110
124 125
126 127
128 129
130 131
132 116
133 134
135 136
137 138
139 140
141 142
143 144
145 146
147 148
149 150
151 152
153 154
155 156
157 158
159 160
161 162
163 164
165 166
167 148
168 169
170 171
172 173
174 175
176 177
178 179
180 181
182 183
184 156
185 186
187 188
189 190
191 192
193 194
195 196
197 198
199 200
201 202
203 204
205 206
207 208
209 210
211 212
213 196
214 215
216 202
217 198
218 219
220 221
222 223
224 225
226 227
228 196
229 230
231 232
233 234
235 236
237 238
239 7
240 212
241 242
243 232
244 245
246 134
247 248
249 250
251 252
253 254
255 256
257 258
259 260
261 262
263 105
264 265
266 183
267 154
268 269
270 271
272 273
274 275
276 277
278 279
280 281
282 283
284 285
286 48
287 288
289 290
291 65
292 293
294 295
296 297
298 299
300 183
301 302
303 304
305 306
307 258
308 309
310 33
311 77
312 22
313 314
315 316
317 318
319 242
320 321
322 18
323 324
325 326
327 328
329 330
331 332
333 90
334 335
336 337
338 339
340 3
341 342
343 344
345 30
346 347
348 349
350 351
352 120
353 354
355 265
356 357
358 359
360 299
361 362
363 364
365 366
367 164
368 369
370 371
372 373
374 375
376 377
378 379
380 186
381 382
383 281
384 385
386 387
388 389
390 391
392 393
394 395
396 397
398 324
399 194
400 401
402 316
403 377
404 405
406 405
407 408
409 227
410 411
412 413
414 415
416 375
417 418
419 344
420 42
421 219
422 56
423 424
425 169
426 256
427 318
0 3
4 428
6 429
6 430
8 330
10 1
11 431
13 28
13 16
15 432
15 433
17 26
19 434
21 435
23 258
23 433
25 290
27 436
29 431
29 28
437 69
31 38
34 391
34 285
37 277
37 52
39 302
45 438
45 439
47 366
47 385
440 81
49 347
51 441
57 283
62 56
64 366
64 101
68 442
68 424
70 443
70 103
72 103
72 22
76 105
76 67
76 73
78 444
78 445
80 446
82 83
447 86
85 448
85 99
87 58
91 71
449 304
93 450
93 413
95 451
452 453
452 97
452 351
454 455
98 125
100 65
456 424
102 457
102 304
104 458
109 140
115 459
115 459
119 297
119 460
123 461
126 462
130 354
463 152
463 354
464 160
135 146
139 359
149 339
149 465
151 354
151 204
153 466
153 171
155 467
155 461
157 460
468 469
163 188
163 379
165 250
165 175
168 212
470 160
470 208
176 188
471 472
471 473
180 138
180 202
180 474
184 475
185 476
185 477
185 476
187 186
191 478
193 479
193 480
195 481
197 173
197 477
199 202
201 321
201 479
203 190
207 190
482 215
482 210
483 484
213 206
213 223
214 485
216 486
222 487
224 273
228 408
228 219
233 488
235 489
235 238
237 488
241 490
253 491
257 448
259 441
263 458
263 142
267 134
268 492
272 236
274 30
278 250
280 493
282 432
284 439
287 494
291 495
300 490
301 448
496 38
307 397
315 455
320 324
497 150
497 451
322 40
323 395
325 465
329 18
498 248
498 248
499 491
340 435
350 500
501 500
363 362
368 502
503 487
370 369
372 16
384 493
504 415
392 505
506 142
394 221
396 453
402 295
507 230
410 415
416 443
