265 0 212
7.57653 -40.2873 -1.38004 
14.1939 -38.98 -5.60311
-8.56114 -39.0052 -1.411 
-10.7294 -34.6233 13.4102
28.5625 -33.1321 -5.96193 
34.7428 -24.5144 -8.86842
-8.41029 -33.1247 14.0246 
-5.21593 -25.0082 2.04863
6.80337 -34.9633 14.2942 
6.16548 -29.6552 15.264
-7.7373 -29.8171 15.7581 
-11.5386 -24.9134 24.8223 
-19.1122 -20.5956 26.7711
2.20797 -23.6385 16.8583 
1.83346 -18.2676 3.00234
17.7509 -22.7174 26.6476 
13.5674 -28.2555 23.4972
-36.2418 -20.4083 3.12856 
-36.2499 -20.3702 3.05524
27.4977 -19.9054 -15.7076 
27.1086 -19.0435 -16.1033
34.6755 -21.2011 -12.1123 
-32.5394 -19.1908 16.8803 
-34.5241 -21.1144 10.8487
-5.72297 -17.652 28.83 
-3.05189 -10.7303 28.9654
12.2361 -15.8082 -11.776 
3.72084 -15.9557 28.7161 
2.34741 3.56533 30.9155
1.20809 -11.1872 16.6038 
2.20797 -23.6385 16.8583
-34.9488 -11.0304 15.8119 
-32.5394 -19.1908 16.8803
-20.1846 -11.4479 29.9524 
-25.38 -1.21423 27.4836
16.317 -10.6614 31.3285 
18.3635 -10.1867 31.0123
-3.61373 -9.19964 -7.42353 
-3.61371 -9.19964 -7.42353
-17.2824 -8.9548 30.7501 
-5.72297 -17.652 28.83
-1.79308 -8.45946 25.811 
-36.0964 -7.02223 -0.584871 
-37.3164 -5.90423 1.35395
15.2671 -6.26857 -21.2628 
14.2083 12.0206 -26.4281
1.62239 -5.38052 -12.5573 
4.26442 -5.59122 -12.3139
-6.19273 -3.93154 32.6786 
-16.5358 -3.59882 -21.8655 
-24.3112 -13.1904 -17.548
29.54 -2.668 2.89689 
31.2409 -2.37153 2.12472
35.8153 -3.19669 14.7613 
33.2603 3.23043 2.10011
-15.9136 -2.2724 -22.9765 
-13.5238 12.4029 -25.7689
15.5616 1.86229 32.275 
18.1938 9.26027 30.5489
-33.5562 2.8305 -2.09845 
-1.98049 2.9198 26.9721 
-4.06614 1.55295 31.5983
21.2869 3.87767 -29.9103 
30.2913 0.0949796 -22.403
24.5682 4.42472 -3.58426 
20.7064 14.9053 -12.0258
-18.2244 5.53162 -29.7816 
-26.5527 4.41229 -25.7799
-27.8551 6.47864 23.359 
-26.5527 4.41229 -25.7799 
-37.5434 -4.72141 -8.29711
-24.2392 8.14951 -6.96043 
-25.3536 3.82062 -1.84263
-4.91984 9.67502 31.1266 
-2.21984 17.0448 24.5181
-6.25733 10.9588 31.8947 
-6.44094 11.2325 31.9502
32.1579 14.9044 6.08233 
29.6067 18.7214 1.12945
20.7064 14.9053 -12.0258 
23.8196 22.2812 -5.57273
15.9053 16.0111 -14.6742 
3.75784 17.9345 -15.1582
4.15485 18.1821 28.2081 
-27.3489 19.0238 -3.86308 
-33.0491 7.12057 1.28565
1.60674 18.0793 26.2816 
4.15485 18.1821 28.2081
1.10384 18.6942 -11.1521 
27.0275 18.5849 -4.81575 
-24.5142 20.2493 15.7895 
-27.6351 16.9059 16.3115
-25.7597 21.4453 -4.15955 
-15.1952 16.8796 -14.2425
1.68588 25.637 -3.63148 
1.20809 -11.1872 16.6038
20.9904 26.4491 12.0288 
20.4181 29.2334 10.7651
25.5155 25.7109 3.74385 
22.4349 30.575 5.23986
-5.80295 26.1215 24.1099 
-12.5101 27.7308 21.9527
-1.03735 27.8351 -5.39578 
-1.10603 28.4652 -4.54399
-12.5101 27.7308 21.9527 
-14.0443 30.961 17.7217
-1.10603 28.4652 -4.54399 
-4.40504 -20.9392 13.2624
-14.0443 30.961 17.7217 
-19.5952 31.5958 8.80565
17.9301 33.1104 -2.50302 
7.76224 39.0109 -5.81593
-19.5952 31.5958 8.80565 
-15.4345 34.2761 9.71725
3.25824 31.0682 18.171 
3.41421 34.6615 13.5547
3.41421 34.6615 13.5547 
3.25824 31.0682 18.171
2.58959 35.0052 -13.4796 
-3.6089 35.8419 -10.8123 
-3.33194 20.5554 -17.1262
-9.62259 36.8318 -6.85801 
-3.6089 35.8419 -10.8123
-6.19605 37.9442 12.2247 
-2.61262 33.8375 15.783
9.56898 38.8371 6.88275 
7.99478 37.9053 10.1835
-6.58764 40.3321 -3.99515 
-6.32118 40.3765 1.65078
7.61715 39.7066 -3.26008 
8.65817 39.3454 5.59106
5.21755 -27.6909 13.0202 
9.4551 -24.2667 -6.05245 
7.57653 -40.2873 -1.38004
-32.3097 -3.41571 21.6658 
-34.4947 -0.243629 19.3015
-30.0539 0.985114 0.907842 
-33.5562 2.8305 -2.09845
-15.1952 16.8796 -14.2425 
-7.04056 16.623 -16.2603
1.45986 30.363 -8.80336 
2.58959 35.0052 -13.4796
-16.409 -38.5114 -4.77648 
-29.2853 -32.8385 -0.565855
6.67738 -26.8591 23.7654 
-24.4913 -25.9728 18.9355 
-11.5386 -24.9134 24.8223
1.83346 -18.2676 3.00234 
36.4892 -4.62812 1.09727 
35.8153 -3.19669 14.7613
31.2409 -2.37153 2.12472 
36.4892 -4.62812 1.09727
-34.4947 -0.243629 19.3015 
-27.8551 6.47864 23.359
33.458 3.56773 -6.1591 
32.1559 6.90238 16.96 
2.57919 35.9634 -2.17779 
1.98513 33.7639 -3.34155
31.0918 -31.3396 3.3578 
22.3238 -38.3537 0.0262512
13.5674 -28.2555 23.4972 
23.6238 -27.0261 18.1757
27.0038 -18.8254 -16.2045 
-19.1122 -20.5956 26.7711 
-24.4913 -25.9728 18.9355
21.286 -14.7793 28.8669 
-25.38 -1.21423 27.4836 
-17.2824 -8.9548 30.7501
19.1699 1.88656 -30.1554 
19.3751 -5.85685 -23.5992
15.7675 7.06907 -31.1824 
19.1699 1.88656 -30.1554
18.1938 9.26027 30.5489 
32.1579 14.9044 6.08233
-7.04056 16.623 -16.2603 
-26.8805 21.7899 -2.08287 
-25.7597 21.4453 -4.15955
-20.2341 32.2094 5.58551 
-3.33194 20.5554 -17.1262 
-4.40504 -20.9392 13.2624 
-7.39421 -22.7561 25.6037
27.2352 -17.7121 -16.6842 
-2.61262 33.8375 15.783 
-5.69321 38.5496 10.2456
-33.0491 7.12057 1.28565 
-32.113 -26.5835 -8.85986 
-36.9755 -6.86871 -12.3631 
14.1939 -38.98 -5.60311 
-24.3112 -13.1904 -17.548 
-36.9755 -6.86871 -12.3631
25.3652 -1.37042 27.5793 
32.1559 6.90238 16.96
32.5405 6.34508 -0.324453 
27.0275 18.5849 -4.81575
22.4349 30.575 5.23986 
17.9301 33.1104 -2.50302
-17.1294 33.8931 -2.22143 
-9.62259 36.8318 -6.85801
-5.69321 38.5496 10.2456 
34.0638 -22.5465 7.53781 
30.2418 -15.4342 20.7206
23.8196 22.2812 -5.57273 
21.7313 5.3711 -29.733 
-18.9012 11.484 28.9121 
-6.19273 -3.93154 32.6786
-4.60282 18.6734 27.8834 
-4.3173 26.8684 22.7486 
-5.80295 26.1215 24.1099
33.024 -23.9684 6.81335 
33.024 -23.9684 6.81335
23.6238 -27.0261 18.1757 
17.7509 -22.7174 26.6476
10.7735 -37.0522 12.0521 
36.0441 -5.20174 -13.4506 
34.6755 -21.2011 -12.1123
19.3751 -5.85685 -23.5992 
15.2671 -6.26857 -21.2628
8.65817 39.3454 5.59106 
9.56898 38.8371 6.88275
-16.409 -38.5114 -4.77648
-16.5358 -3.59882 -21.8655
31.0918 -31.3396 3.3578
-10.7294 -34.6233 13.4102 
-8.41029 -33.1247 14.0246
-7.7373 -29.8171 15.7581
10.7735 -37.0522 12.0521
9.4551 -24.2667 -6.05245
34.7428 -24.5144 -8.86842 
34.0638 -22.5465 7.53781
6.67738 -26.8591 23.7654
21.286 -14.7793 28.8669
27.1086 -19.0435 -16.1033 
27.2352 -17.7121 -16.6842
18.3635 -10.1867 31.0123 
25.3652 -1.37042 27.5793
-15.9136 -2.2724 -22.9765
-18.2244 5.53162 -29.7816
21.7313 5.3711 -29.733
33.2603 3.23043 2.10011 
32.5405 6.34508 -0.324453
-6.25733 10.9588 31.8947
-4.60282 18.6734 27.8834
14.2083 12.0206 -26.4281 
15.7675 7.06907 -31.1824
15.9053 16.0111 -14.6742
-26.8805 21.7899 -2.08287
29.6067 18.7214 1.12945 
25.5155 25.7109 3.74385
-18.9012 11.484 28.9121
-6.19605 37.9442 12.2247
-6.58764 40.3321 -3.99515
2.57919 35.9634 -2.17779
-17.1294 33.8931 -2.22143
-5.21593 -25.0082 2.04863 
-36.2499 -20.3702 3.05524 
-32.113 -26.5835 -8.85986
33.458 3.56773 -6.1591
20.4181 29.2334 10.7651 
-20.2341 32.2094 5.58551
36.0441 -5.20174 -13.4506
-4.3173 26.8684 22.7486
6.16548 -29.6552 15.264 
30.2913 0.0949796 -22.403 
-27.6351 16.9059 16.3115 
-2.21984 17.0448 24.5181 
0 1
2 3
4 5
6 7
8 9
10 7
11 12
13 14
15 16
17 18
19 20
21 5
22 23
24 25
26 14
27 28
29 30
31 32
33 34
35 36
37 38
39 40
41 25
42 43
44 45
46 47
48 25
49 50
51 52
53 54
55 56
57 58
59 56
60 61
62 63
64 65
66 67
68 34
69 70
71 72
73 74
75 76
77 78
79 80
81 82
83 28
84 85
86 87
88 82
89 78
90 91
92 93
94 95
96 97
98 99
100 101
102 103
104 105
106 107
108 109
110 111
112 113
114 115
116 117
118 111
119 120
121 122
123 124
125 126
127 128
129 130
131 9
132 133
134 135
136 137
138 139
140 141
142 143
144 16
145 146
147 95
148 149
150 151
152 153
154 45
155 149
156 157
158 159
160 161
162 20
163 164
165 36
166 167
168 169
170 171
172 173
174 120
175 176
177 109
178 139
179 180
181 169
182 183
184 153
185 70
186 70
187 159
188 189
190 191
192 193
194 195
196 197
198 128
199 200
201 193
202 63
203 204
205 74
206 207
208 209
210 211
212 133
213 214
215 216
217 218
2 219
2 220
4 221
4 159
222 143
222 223
6 224
8 225
8 226
10 164
227 228
11 180
13 229
15 230
19 214
19 1
231 232
22 23
24 180
26 226
26 216
27 28
27 229
33 167
33 12
233 234
48 61
49 235
53 200
55 236
59 43
62 171
62 237
238 239
238 191
66 56
69 189
73 240
73 61
75 241
242 243
77 239
79 244
81 195
83 117
84 176
84 245
246 247
98 80
100 241
104 248
106 128
108 249
116 126
118 82
119 250
121 250
123 183
125 97
129 111
129 251
138 252
142 50
253 107
254 23
254 255
148 256
150 256
152 43
156 130
257 99
158 225
165 234
170 237
172 126
175 258
177 252
181 259
182 260
184 91
185 143
261 161
262 259
263 248
199 200
199 209
264 260
