2385 0 2275
-8.0912 -38.6091 -1.23321
-8.09421 -38.7577 -0.862678
-8.19949 -39.0855 -0.301635
-8.25274 -39.2763 0.059944
-8.36861 -39.546 0.445959
-8.39122 -39.5668 0.697425
-8.50377 -39.6195 1.07919
-8.66798 -39.6351 1.64535
-8.80415 -39.6364 2.11853
-8.9069 -39.6244 2.49255
-9.06833 -39.5825 3.11239
-9.19295 -39.5321 3.6166
-9.25678 -39.5017 3.87539
-9.35627 -39.4301 4.31519
-9.43571 -39.3496 4.70221
-9.50465 -39.2615 5.04787
-9.60011 -39.0777 5.65897
-9.74853 -38.8725 6.31406
-9.80166 -38.7299 6.71244
-9.92421 -38.5401 7.15626
-10.0574 -38.2492 7.81017
-10.1447 -38.032 8.28484
-10.18 -37.9365 8.48934
-10.3202 -37.5507 9.28987
-10.4513 -37.1723 10.0396
-10.5077 -36.9208 10.4624
-10.5693 -36.5263 11.0963
-10.6369 -36.1651 11.6827
-10.714 -35.8707 12.1632
-10.6205 -34.9932 13.1949
-7.56487 -30.1627 16.2495
-7.67472 -31.0778 15.9653
-7.91752 -31.6893 15.5837
-8.09896 -32.2038 15.2763
-8.25416 -32.8169 14.7792
-7.36854 -23.2113 24.8316
-8.27347 -23.7696 25.0329
-8.61229 -23.9763 25.0771
-8.97869 -24.147 25.0934
-9.52955 -24.422 24.928
-9.96179 -24.5932 24.8649
-10.2299 -24.6872 24.8258
-10.7322 -24.8465 24.7532
-11.9359 -25.4923 24.2892
-4.47866 -21.2853 12.8339
-4.74689 -21.7708 13.1957
-4.90149 -22.0426 13.4521
-5.00839 -22.2076 13.851
-5.20495 -22.4964 14.8418
-5.24607 -22.5567 15.0531
-5.43493 -22.8332 16.0401
-5.56846 -23.0335 16.8712
-5.48795 -23.0139 17.9346
-5.45552 -23.0006 18.2615
-5.39951 -22.9823 18.8638
-5.32036 -22.9382 19.416
-5.39499 -23.009 19.8497
-5.52021 -23.1135 20.3492
-5.57986 -23.1641 20.5785
-5.72353 -23.275 21.1696
-5.93362 -23.4204 21.8298
-6.12394 -23.4301 22.2226
-6.37105 -23.4678 22.6693
-6.57434 -23.4828 23.052
-6.95727 -23.4875 23.7759
-7.14044 -23.402 24.1823
-7.36854 -23.2113 24.8316
-32.1346 -19.2817 17.6988
-31.7506 -18.8508 18.4154
-31.5491 -18.7648 18.7647
-31.3993 -18.3114 19.1242
-31.195 -17.7946 19.5887
-31.0272 -17.329 19.9915
-30.9379 -16.9301 20.2732
-30.9641 -16.6457 20.3743
-30.9793 -16.3548 20.4899
-31.0001 -15.7037 20.7628
-31.141 -15.3046 20.7892
-31.2936 -14.8573 20.824
-31.4742 -14.3549 20.8526
-31.6164 -13.9766 20.8671
-31.7226 -13.7 20.8753
-31.8247 -13.4327 20.884
-32.2467 -12.9306 20.6202
-32.5782 -12.5491 20.3924
-32.9542 -12.2155 20.0316
-33.1766 -12.0085 19.7475
-33.462 -11.8178 19.3346
-33.7517 -11.636 18.905
-34.0701 -11.4406 18.4378
-34.4034 -11.2157 17.7531
-34.4492 -11.1731 17.6164
-34.574 -11.1414 17.083
-34.6924 -11.1165 16.4873
-34.7602 -11.1164 16.0083
-34.8204 -11.1466 15.403
-34.8623 -11.1907 14.7893
-34.8676 -11.1973 14.7034
-24.5537 -13.1513 -17.6233
-25.0444 -13.2056 -17.5751
-25.4279 -13.215 -17.548
-25.9975 -13.1766 -17.5345
-27.0086 -13.1121 -17.5015
-27.7313 -13.0346 -17.3395
-29.0534 -12.7892 -17.046
-29.2434 -12.7511 -17.0035
-29.5385 -12.6893 -16.93
-30.0669 -12.5717 -16.7839
-30.6422 -12.441 -16.6231
-31.4419 -12.2461 -16.379
-31.8122 -12.1652 -16.154
-32.2852 -12.081 -15.838
-32.5632 -12.0188 -15.6517
-32.8516 -11.9619 -15.4475
-33.0454 -11.9345 -15.3016
-33.3208 -11.8663 -15.0976
-33.7186 -11.7068 -14.8001
-34.0888 -11.5565 -14.5264
-34.3929 -11.4075 -14.3051
-34.8407 -11.1606 -13.9864
-35.0989 -10.9826 -13.8109
-35.7652 -10.4665 -13.3698
-36.1622 -10.0693 -13.1295
-36.3996 -9.73443 -13.0143
-36.5554 -9.48274 -12.9286
-36.7852 -8.96823 -12.8156
-37.0951 -7.86766 -12.639
-37.2301 -7.06876 -12.5537
-4.51129 -8.95479 -8.10823
-4.51127 -8.95477 -8.10823
-17.5963 -8.6284 30.7511
-17.027 -8.60506 30.8125
-16.6447 -8.78616 30.849
-15.9876 -8.93164 30.8863
-15.0084 -9.26719 30.9188
-14.7915 -9.34392 30.9252
-14.0145 -9.62983 30.9412
-13.6572 -9.81995 30.9505
-13.3693 -10.2214 30.9981
-13.1326 -10.5111 31.0249
-12.7222 -11.0805 31.0613
-12.399 -11.5516 31.0921
-12.2673 -11.7461 31.105
-12.1449 -11.927 31.117
-11.9627 -12.1962 31.1349
-11.7001 -12.5869 31.1598
-11.3757 -13.1238 31.1764
-11.1786 -13.454 31.1829
-11.0244 -13.7064 31.1838
-10.741 -14.1804 31.181
-10.539 -14.4913 31.1719
-10.2976 -14.8302 31.159
-10.055 -15.1947 31.1347
-9.82508 -15.4821 31.1085
-9.56538 -15.7274 31.0814
-9.08815 -16.1736 30.9108
-8.79818 -16.4415 30.7992
-8.52099 -16.6797 30.6978
-8.14943 -17.0131 30.5579
-7.14167 -17.7739 29.8432
-6.63909 -18.0389 29.4784
-5.68359 -18.2864 28.4137
-27.6663 -6.91713 25.5228
-27.7457 -6.11687 25.6821
-27.7688 -5.53471 25.748
-27.6817 -4.67343 25.9085
-27.5059 -3.67948 26.1337
-27.273 -2.94007 26.3489
-27.1851 -2.67125 26.4283
-26.9935 -2.33279 26.5658
-26.8087 -2.01659 26.6957
-26.5416 -1.6977 26.8658
-26.3197 -1.47472 27.0112
-25.903 -1.06637 27.2778
-25.422 -0.876553 27.6831
-37.7066 -4.71005 -8.4158
-37.7809 -4.89744 -7.88464
-37.8543 -5.15656 -7.5669
-37.9083 -5.3508 -7.34389
-37.9824 -5.69132 -7.02449
-38.0428 -5.98352 -6.7759
-38.1446 -6.60272 -6.26089
-38.182 -6.95225 -5.99107
-38.2395 -7.56856 -5.52869
-38.259 -7.90275 -5.29158
-38.1969 -8.53204 -4.95739
-38.1166 -9.21666 -4.60955
-38.0426 -9.78767 -4.31675
-37.9534 -10.4166 -3.99013
-37.7884 -11.0644 -3.45237
-5.74425 -4.11833 -13.3607
-5.74426 -4.11833 -13.3607
-5.74426 -4.11833 -13.3607
-31.9125 -3.81845 21.6711
-32.2636 -3.486 21.4768
-32.404 -3.33693 21.4013
-32.8847 -2.86271 21.1208
-33.1102 -2.58025 20.9885
-33.7422 -1.63905 20.3073
-34.0557 -1.15669 19.933
-34.4738 -0.820922 19.3432
-16.1344 -3.41279 -21.9268
-16.7133 -3.47196 -22.0836
-17.0789 -3.49671 -22.1929
-17.404 -3.54458 -22.2639
-17.973 -3.73536 -22.2828
-18.7874 -4.00832 -22.2765
-19.1175 -4.12974 -22.2605
-19.579 -4.33169 -22.2037
-19.8554 -4.46643 -22.1567
-20.4548 -4.80035 -22.0165
-20.8184 -5.03489 -21.9042
-21.5161 -5.52356 -21.6575
-21.9556 -5.8957 -21.4535
-22.1752 -6.10257 -21.3362
-22.3797 -6.30435 -21.2194
-22.7799 -6.71717 -20.9771
-22.9149 -7.10139 -20.7672
-23.0445 -7.62808 -20.4852
-23.1334 -8.01128 -20.2823
-23.2181 -8.43 -20.0658
-23.3019 -8.95717 -19.7962
-23.3724 -9.47365 -19.5363
-23.4385 -9.85612 -19.3458
-23.5765 -10.6109 -18.9696
-23.8085 -11.2924 -18.6206
-24.0065 -11.9992 -18.2502
-24.0718 -12.352 -18.066
-24.1291 -12.5837 -17.9423
-24.2537 -12.8735 -17.7833
-24.3614 -12.9456 -17.7406
-24.5537 -13.1513 -17.6233
-15.8712 -2.59519 -22.5561
-15.9129 -1.927 -23.388
-16.0109 -1.58075 -23.9011
-16.0455 -1.22092 -24.4038
-16.0687 -0.91806 -24.8226
-16.1086 -0.502327 -25.4035
-16.1947 -0.221505 -25.839
-16.2481 0.152617 -26.3726
-16.3581 0.489867 -26.8576
-16.4012 0.739268 -27.178
-16.4918 1.22013 -27.7871
-16.5402 1.4556 -28.0767
-16.73 2.0262 -28.4631
-16.9074 2.53832 -28.7948
-17.1649 3.11675 -29.1495
-17.4417 3.67753 -29.3876
-17.7193 4.29888 -29.6559
-17.92 4.83318 -29.8695
-18.3133 5.25899 -29.9794
-25.422 -0.876553 27.6831
-25.0107 -1.09856 28.2123
-24.6996 -1.28073 28.5733
-24.4864 -1.494 28.769
-24.2992 -1.65199 28.9282
-23.9535 -1.96074 29.2128
-23.7228 -2.16685 29.3977
-23.0136 -2.78513 29.8523
-22.371 -3.27529 30.0142
-22.0145 -3.52079 30.0833
-21.5538 -3.83803 30.1561
-21.2083 -4.09262 30.2146
-20.7278 -4.44628 30.2808
-20.4642 -4.64694 30.3157
-20.1709 -4.88449 30.351
-19.8936 -5.1176 30.3842
-19.3669 -5.57628 30.4467
-19.008 -5.89502 30.4888
-18.691 -6.23326 30.5303
-18.4133 -6.78936 30.594
-18.2586 -7.09739 30.628
-18.0323 -7.51355 30.6733
-17.802 -7.9527 30.7181
-17.5963 -8.6284 30.7511
-11.4601 1.28204 -21.8878
-11.1386 1.81132 -21.8273
-10.9988 2.12118 -21.7997
-10.8762 2.4259 -21.768
-10.5652 3.20634 -21.6862
-10.4464 3.64348 -21.6356
-10.2622 4.6027 -21.5119
-10.1685 5.27377 -21.419
-10.1181 5.71626 -21.3542
-10.0741 6.25314 -21.2777
-10.0377 6.62391 -21.2085
-10.0451 7.01816 -21.1819
-10.1148 7.35484 -21.2491
-10.1942 7.74778 -21.3061
-10.3971 8.32577 -21.5605
-10.5989 8.91347 -21.8085
-10.7886 9.45666 -22.0515
-10.8924 9.73365 -22.1379
-11.0971 10.192 -22.5061
-11.2472 10.5123 -22.7674
-11.5368 11.0991 -23.2736
-11.862 11.637 -23.7861
-12.1214 11.82 -24.1394
-12.5801 12.1159 -24.7389
-12.8822 12.3025 -25.141
-13.1348 12.4522 -25.4935
-13.8416 12.7698 -25.9607
-4.0456 2.00686 31.6708
-4.25687 1.62672 31.9412
-4.45739 1.23165 32.1924
-4.5842 0.932374 32.3513
-4.68839 0.644971 32.4824
-4.79163 0.346773 32.5953
-4.93017 -0.0742318 32.7308
-5.07118 -0.508989 32.8574
-5.17483 -0.858993 32.9382
-5.19763 -0.931231 32.9535
-5.3555 -1.45998 33.0481
-5.44579 -1.83163 33.0935
-5.64359 -2.45444 33.1723
-5.78585 -3.04117 33.2035
-5.67423 -4.06175 33.0956
-5.8707 -4.33873 33.0844
-25.3977 3.27718 -1.26895
-25.3465 3.71425 -1.73127
-25.309 4.01229 -2.08431
-25.212 4.59707 -2.73314
-25.1278 5.0426 -3.32686
-25.0229 5.49236 -3.89157
-24.924 5.89749 -4.32316
-24.8304 6.24953 -4.72305
-24.748 6.545 -5.07292
-24.6102 7.0123 -5.61852
-24.5438 7.22849 -5.86932
-24.4541 7.50848 -6.20435
-24.3161 7.92446 -6.69608
-24.2258 8.18832 -7.00635
-2.04305 3.28578 25.9788
-2.04184 3.25685 26.0923
-2.04172 3.15941 26.5267
-2.04538 3.03711 27.0064
-2.09382 2.94553 27.5411
-2.18546 2.76978 28.1576
-2.35991 2.54954 29.0124
-2.87098 2.40007 29.9055
-3.29172 2.29971 30.6557
-4.0456 2.00686 31.6708
-35.4397 7.65902 10.0025
-35.3292 7.86805 10.0264
-33.0058 6.75078 1.0358
-32.6626 6.72253 0.676699
-32.2123 7.00404 0.112749
-31.9376 7.18594 -0.232632
-31.5257 7.52904 -0.757287
-31.1448 7.85603 -1.18558
-30.4097 8.51947 -1.98684
-29.8185 9.00026 -2.59158
-29.6318 9.29245 -2.83357
-29.1662 9.93989 -3.35059
-28.8538 10.42 -3.70514
-28.6506 10.8826 -3.97035
-28.5213 11.1715 -4.1289
-28.3852 11.5574 -4.30588
-28.228 12.2068 -4.53268
-28.1604 12.5905 -4.63582
-28.0729 13.3666 -4.77945
-28.0077 14.0721 -4.87972
-28.0274 14.6086 -4.86012
-28.0462 15.1668 -4.78039
-28.0184 15.7381 -4.67079
-28.0062 16.298 -4.55757
-27.9766 16.9692 -4.42428
-27.949 17.3213 -4.33066
-27.8556 18.3018 -3.93218
-27.7204 6.47905 23.5443
-28.1036 7.07728 22.982
-28.4948 7.51192 22.4404
-28.7107 7.7353 22.1247
-29.1714 8.22771 21.4236
-29.5488 8.53958 20.845
-29.9351 8.79944 20.2204
-30.1408 8.93178 19.8656
-30.362 9.0335 19.5171
-30.6018 9.16198 19.1023
-30.9133 9.3623 18.4343
-31.1031 9.46475 18.0209
-31.283 9.54403 17.6405
-31.6082 9.55823 17.0399
-31.7392 9.56648 16.7385
-31.8878 9.57464 16.3959
-32.1834 9.57225 15.7267
-32.6608 9.56857 14.6462
-32.955 9.55354 13.9883
-33.1709 9.5309 13.513
-33.3718 9.51216 13.1034
-33.5716 9.44709 12.6351
-33.7804 9.33892 12.2748
-34.0592 9.13427 11.8889
-34.445 8.82923 11.366
-34.8327 8.46184 10.824
-35.0417 8.2226 10.5381
-35.3292 7.86805 10.0264
-2.13374 14.7054 -13.6501
-2.17261 14.8209 -13.7634
-2.30984 15.1393 -14.0468
-2.59429 15.5654 -14.415
-3.00895 16.0993 -14.8905
-3.19411 16.6934 -15.2905
-26.3742 13.4257 21.0002
-26.7133 12.9845 20.5179
-26.7691 12.5205 20.4047
-26.8522 11.4908 20.0753
-26.9066 10.7593 19.8494
-26.9408 10.3667 19.7202
-26.9434 9.83359 19.4553
-26.9308 9.76604 19.4023
-3.20244 21.2978 -17.3168
-3.91321 21.0757 -17.5147
-4.52491 20.9014 -17.5879
-5.14983 20.7313 -17.6658
-5.64607 20.3418 -17.4877
-6.16981 19.9752 -17.3148
-6.54645 19.5668 -17.1264
-6.93401 18.9671 -16.8786
-6.89334 17.9545 -16.5628
-6.87992 17.6516 -16.46
-6.82377 17.3712 -16.3559
-6.74922 16.8091 -16.1516
-6.74855 16.2538 -15.9329
-25.2949 22.1404 -4.49085
-24.5758 22.5916 -5.10553
-24.1802 22.6673 -5.55939
-23.8961 22.6966 -5.8665
-23.5337 22.6947 -6.25837
-23.1294 22.6832 -6.69307
-22.8341 22.6842 -7.00432
-22.1235 22.6385 -7.75493
-21.8956 22.346 -8.12555
-21.6681 21.9838 -8.52394
-21.5108 21.7129 -8.81116
-21.3057 21.3416 -9.19632
-21.2167 20.9884 -9.51141
-21.2301 20.662 -9.7213
-21.2795 20.0616 -10.08
-21.292 19.355 -10.4607
-21.29 18.9055 -10.7011
-21.2803 18.2575 -11.0519
-21.2727 18.0919 -11.1447
-21.2503 17.7902 -11.3189
-21.2246 17.4876 -11.4956
-21.1402 17.0054 -11.8048
-21.0174 16.7201 -12.0349
-20.8598 16.4435 -12.2827
-20.6614 16.1906 -12.5443
-20.2499 15.7522 -13.0312
-19.6842 15.3984 -13.4968
-19.1021 15.2271 -13.836
-18.7719 15.19 -13.9874
-18.3886 15.1738 -14.1339
-17.7294 15.1914 -14.3518
-17.0894 15.2836 -14.5108
-16.8143 15.4146 -14.5056
-16.1832 15.7754 -14.4645
-15.8753 15.9688 -14.4362
-15.4779 16.5576 -14.2531
-13.6336 31.2832 17.7569
-13.2632 31.8776 17.4354
-12.9689 32.602 16.872
-12.66 33.2837 16.2445
-12.4551 33.7126 15.857
-12.2643 34.0976 15.5117
-12.0961 34.4176 15.2299
-11.8709 34.7047 15.0211
-11.7048 34.8625 14.932
-11.3844 35.1266 14.8081
-10.7828 35.5794 14.6132
-10.3737 35.9888 14.2827
-9.96569 36.3569 13.9983
-9.6745 36.6174 13.788
-9.401 36.8401 13.6053
-8.90239 37.1544 13.3501
-8.59988 37.3164 13.1651
-8.26264 37.4548 12.9472
-7.75759 37.6573 12.612
-7.15288 37.9013 12.2135
-6.33631 38.1649 11.7578
-18.914 32.6562 8.13844
-19.4644 32.4487 7.38358
-19.6806 32.4943 6.75812
-19.8302 32.4874 6.33093
-19.9863 32.4766 5.89785
-20.1643 32.5231 5.19276
-20.1643 32.5231 5.19276
-20.0237 32.7457 4.79839
-19.9085 32.8924 4.45227
-19.6099 33.2233 3.49988
-19.3617 33.4934 2.73452
-19.1579 33.6999 2.11647
-19.0689 33.7843 1.85264
-18.9458 33.8996 1.48864
-18.8224 34.0053 1.13479
-18.6258 34.1632 0.616069
-18.3079 34.1295 -0.280787
-18.0819 34.0789 -0.76777
-17.7529 33.927 -1.54219
-17.4491 33.7197 -2.33059
-17.4491 33.7197 -2.33059
-17.8468 32.8942 -2.4883
-18.126 32.1324 -2.79548
-18.1895 31.9442 -2.88154
-18.2797 31.679 -3.00037
-18.4634 31.095 -3.20379
-18.6751 30.4175 -3.43411
-18.727 29.9974 -3.55851
-18.7503 29.7925 -3.61641
-18.782 29.5308 -3.68291
-18.9086 28.4957 -3.94612
-18.6775 28.0488 -4.31237
-18.4059 27.4397 -4.77678
-18.0575 27.0564 -5.25989
-17.6915 26.7285 -5.75287
-17.1785 26.2986 -6.4414
-16.8507 26.0478 -6.8851
-16.6905 25.9263 -7.10351
-16.4665 25.758 -7.4081
-16.1631 25.5148 -7.83944
-16.0299 25.3919 -8.04131
-15.7994 25.168 -8.40013
-15.7349 25.079 -8.51967
-15.6041 24.8893 -8.76818
-15.4599 24.4305 -9.22085
-15.3971 24.1637 -9.4632
-15.3619 23.8765 -9.69619
-15.3145 23.532 -9.9783
-15.2424 22.8358 -10.5212
-15.2127 22.3426 -10.8787
-15.1891 21.8591 -11.2179
-15.1595 21.198 -11.6718
-15.1253 20.7296 -11.9904
-15.0977 20.2739 -12.2929
-15.0599 19.6354 -12.7076
-15.0291 19.0298 -13.089
-15.0153 18.5758 -13.3602
-15.0028 18.1169 -13.6224
-14.9999 17.7914 -13.8009
-15.088 17.5042 -13.9156
-15.1435 17.3379 -13.9772
-15.4779 16.5576 -14.2531
-15.3546 34.2344 9.75683
-15.7724 34.1341 9.5812
-15.9059 34.1025 9.52421
-16.1689 34.0366 9.42043
-16.8563 33.866 9.05455
-17.2678 33.7202 8.83854
-17.8821 33.393 8.53522
-18.2726 33.1659 8.3193
-18.914 32.6562 8.13844
-3.71774 36.0968 -10.6296
-3.39778 35.7944 -10.9977
-3.24642 35.5577 -11.2684
-2.90434 35.0481 -11.855
-2.68945 34.6049 -12.3322
-2.6276 34.4701 -12.4761
-2.52122 34.2092 -12.7574
-2.44354 33.9246 -13.0483
-2.30088 33.5014 -13.4577
-2.2077 33.1789 -13.7758
-2.09419 32.8064 -14.1356
-1.98572 32.3508 -14.5616
-1.84661 31.7535 -15.0772
-1.75825 31.3424 -15.3946
-1.69082 30.9138 -15.686
-1.5618 30.0528 -16.1908
-1.51115 29.6362 -16.3845
-1.46717 29.1422 -16.5761
-1.42092 28.6685 -16.7527
-1.41298 28.0799 -16.9232
-1.42683 27.3144 -17.1088
-1.44554 27.081 -17.149
-1.46252 26.933 -17.1669
-1.57993 26.2286 -17.2175
-1.71216 25.4362 -17.2753
-1.82173 24.8599 -17.3034
-1.92753 24.3633 -17.316
-2.03755 23.8847 -17.3204
-2.12606 23.5377 -17.3158
-2.30938 22.8777 -17.2866
-2.6022 21.9215 -17.2301
-3.20244 21.2978 -17.3168
-10.2275 36.5714 -6.62186
-11.0655 36.0853 -6.47647
-11.4989 35.9509 -6.26331
-12.1519 35.7529 -5.92575
-12.8067 35.5537 -5.57743
-13.8346 35.246 -4.9902
-15.1387 34.8575 -4.18344
-15.667 34.7013 -3.8339
-15.9618 34.6096 -3.60545
-16.2587 34.5244 -3.33758
-16.8749 34.2973 -2.75371
-17.4491 33.7197 -2.33059
-6.33631 38.1649 11.7578
-5.71728 37.8489 12.5954
-5.28468 37.6454 13.1063
-4.73782 37.1585 13.7662
-4.48863 36.8674 14.0523
-4.30098 36.6346 14.2541
-4.10252 36.3904 14.4612
-3.68858 35.8465 14.8888
-3.48744 35.5621 15.0934
-3.18286 35.1007 15.4009
-2.84148 34.5495 15.7658
-2.40348 33.6682 15.9759
-6.78333 40.411 -3.84951
-7.51526 39.9455 -4.28591
-7.87483 39.6627 -4.68307
-8.24147 39.2842 -4.94081
-8.77581 38.6851 -5.3054
-9.0834 38.3162 -5.51761
-9.24756 38.1148 -5.6289
-9.51435 37.7776 -5.82102
-9.85998 37.2918 -6.09576
-9.92745 37.1897 -6.15754
-10.2275 36.5714 -6.62186
-24.1655 -26.108 19.4145
-24.5647 -26.1224 18.876
-24.8395 -26.2737 18.3483
-25.02 -26.4698 17.7855
-25.1802 -26.7488 17.0722
-25.2385 -26.9478 16.6056
-25.2395 -27.1159 16.2467
-25.1655 -27.27 15.9773
-25.0269 -27.4705 15.6606
-24.7468 -27.822 15.1356
-24.5651 -28.0297 14.8393
-24.464 -28.1416 14.6814
-24.0822 -28.5038 14.2051
-23.6254 -28.7432 14.036
-23.1679 -28.928 13.9549
-22.8389 -29.0264 13.9518
-22.0878 -29.1649 14.0746
-21.3317 -29.2819 14.2287
-20.7698 -29.3492 14.3694
-20.0592 -29.4092 14.5792
-19.4496 -29.4591 14.7607
-19.0394 -29.4939 14.8676
-18.4469 -29.4405 15.0267
-18.0083 -29.3613 15.1456
-17.5693 -29.2249 15.3194
-16.9078 -29.0023 15.5222
-16.384 -28.8186 15.6919
-15.8498 -28.6519 15.7959
-15.1328 -28.4276 15.921
-14.6655 -28.2908 15.988
-14.0431 -28.1302 16.0583
-13.457 -27.9966 16.1172
-13.0228 -27.9119 16.1626
-12.6452 -27.8561 16.2042
-12.2923 -27.8107 16.2407
-11.8896 -27.7736 16.29
-11.5683 -27.7574 16.328
-11.2082 -27.7584 16.3959
-10.2361 -27.8539 16.5427
-9.21538 -28.2481 16.7314
-8.73564 -28.6421 16.7168
-8.46851 -28.8623 16.6964
-8.15385 -29.1464 16.6745
-7.73324 -29.4399 16.6076
-7.56487 -30.1627 16.2495
-27.883 -8.23063 22.5225
-27.9359 -7.89641 23.2605
-27.9908 -7.4742 24.0274
-27.8441 -7.30366 24.7052
-27.6663 -6.91713 25.5228
-0.481734 23.0195 1.14759
-0.487587 23.0969 0.945957
-0.499034 23.2384 0.593912
-0.506758 23.3257 0.386778
-0.524986 23.5193 -0.0540268
-0.536334 23.6346 -0.308331
-0.558841 23.8525 -0.778665
-0.624994 24.4417 -1.94599
-0.670494 24.7983 -2.12323
-0.700845 25.0315 -2.22031
-0.857957 26.1561 -2.41652
-29.9267 0.898493 0.892583
-30.0094 0.962092 0.82865
-30.1614 1.05378 0.720926
-30.5065 1.2562 0.474054
-30.9652 1.50893 0.156303
-31.3476 1.74563 -0.134215
-32.1514 1.97075 -0.663836
-32.5213 2.09557 -0.935405
-33.2545 2.34681 -1.49051
-33.7674 2.60378 -2.0194
-33.9469 2.97323 -2.49639
-3.06988 -16.096 2.77669
-3.21982 -16.6637 2.95381
-3.30961 -17.2863 3.59463
-3.3839 -17.7046 4.00097
-3.44481 -18.0585 4.37682
-3.51717 -18.4919 4.86149
-3.57743 -18.8299 5.23126
-3.60361 -19.0944 5.68752
-3.67205 -19.3728 6.09694
-3.71377 -19.581 6.44582
-3.78012 -19.7905 6.75643
-3.83109 -20.0287 7.24573
-3.89136 -20.1858 7.59034
-3.98046 -20.3983 8.06625
-4.17947 -20.8596 9.22065
-4.31646 -21.1519 10.0878
-4.3684 -21.2485 10.4664
-4.41708 -21.3304 10.8375
-4.46394 -21.3978 11.2987
-4.50618 -21.4338 12.0299
-4.47866 -21.2853 12.8339
-37.542 -11.3654 -2.66118
-37.6278 -11.2384 -2.9226
-37.7884 -11.0644 -3.45237
-0.857957 26.1561 -2.41652
-0.876485 26.5197 -3.29431
-0.916423 26.9693 -3.73203
-0.962391 27.5223 -4.0092
-1.00416 28.0414 -4.29927
-1.04149 28.5023 -4.494
-1.10337 29.2684 -4.76309
-1.12266 29.5103 -4.83774
-1.1454 29.8433 -4.79783
-1.15935 30.074 -4.70927
-1.18269 30.4738 -4.51633
-1.20619 30.8794 -4.29541
-1.22674 31.238 -4.08212
-1.25935 31.8101 -3.73096
-1.2766 32.1119 -3.53697
-1.29373 32.4086 -3.33545
-1.32218 32.8858 -2.98709
-1.35932 33.4848 -2.53079
-1.37639 33.7506 -2.3261
-1.39424 34.0057 -2.12248
-1.41402 34.264 -1.91549
-1.43387 34.4987 -1.72394
-1.47497 34.9834 -1.32944
-1.5016 35.2965 -1.07448
-1.52674 35.5924 -0.833355
-1.58759 36.2218 -0.337403
-1.68877 36.8568 0.099675
-1.80018 37.3918 0.462453
-1.90415 37.765 0.647668
-2.08087 38.2867 0.88418
-2.30679 38.8669 1.18547
-2.52209 39.2181 1.33587
-3.14674 39.7945 1.42866
-3.49692 40.062 1.44869
-4.10161 40.4021 1.54758
-4.84334 40.565 1.57143
-5.3594 40.6387 1.56276
-6.16822 40.7109 1.59594
-6.72337 40.7466 1.70142
-1.90874 -7.02723 24.6103
-1.89517 -7.28963 24.9416
-1.94148 -8.10522 25.751
-1.95616 -8.35915 26
-1.99476 -8.73296 26.3999
-2.04586 -9.03402 26.7468
-2.15906 -9.34606 27.1151
-2.31901 -9.69833 27.6331
-2.45343 -9.94527 28.0631
-2.69573 -10.5173 28.572
-31.4261 -26.9813 -9.36055
-32.1458 -26.5969 -9.0485
-32.3931 -26.5355 -8.87234
-32.8899 -26.2238 -8.65467
-33.6413 -25.6836 -8.36421
-34.0663 -25.3188 -8.09962
-34.2641 -25.1438 -7.98144
-34.5791 -24.8654 -7.78964
-35.257 -24.2253 -7.36086
-35.6642 -23.5349 -6.90631
-35.9179 -22.9055 -6.50678
-36.1336 -22.3323 -6.14079
-36.3246 -21.5937 -5.71834
-36.3825 -21.2679 -5.44906
-36.435 -20.9249 -5.14276
-36.4658 -20.4401 -4.8111
-36.478 -20.1307 -4.55827
-36.4721 -19.9419 -4.46513
-36.468 -19.7675 -4.27034
-36.4609 -19.4687 -3.91907
-36.4539 -19.1856 -3.57949
-36.4295 -18.8615 -2.99875
-36.4069 -18.6013 -2.44577
-36.389 -18.3972 -1.9178
-36.3818 -18.3108 -1.47013
-36.3788 -18.2714 -1.07876
-36.3811 -18.2882 -0.573967
-36.3817 -18.2951 -0.481667
-36.3905 -18.4025 -0.00329905
-36.4016 -18.573 0.378275
-36.4044 -18.6211 0.469923
-36.4142 -18.8678 0.836982
-36.4226 -19.3153 1.43572
-36.4228 -19.3608 1.49577
-36.4148 -19.7036 1.94243
-36.3883 -20.1079 2.48277
-36.338 -20.4566 3.025
-36.2826 -20.705 3.45302
-36.2633 -20.7789 3.5794
-36.1957 -21.001 3.93087
-35.9382 -21.3344 4.8737
-35.8287 -21.4703 5.27984
-35.5941 -21.7345 6.13111
-35.3683 -21.8172 6.90764
-35.1404 -21.8685 7.68269
-34.9925 -21.8989 8.18354
-34.8891 -21.9107 8.54512
-34.7298 -21.835 9.23568
-34.4592 -21.78 10.1968
-11.9359 -25.4923 24.2892
-12.3959 -25.8945 23.9172
-12.8277 -26.354 23.4218
-13.5443 -27.0333 22.6744
-13.9313 -27.2344 22.3953
-14.5361 -27.4782 22.0313
-14.9245 -27.5953 21.8417
-15.5348 -27.7341 21.5978
-15.9504 -27.81 21.4558
-16.3878 -27.8837 21.3127
-17.1891 -27.9981 21.1024
-17.9181 -28.0529 21.0237
-18.4768 -28.0653 20.9627
-19.3961 -28.0259 20.8895
-20.3586 -27.9251 20.8103
-20.7559 -27.8844 20.7498
-21.3743 -27.6797 20.6995
-22.234 -27.2926 20.3244
-22.9571 -26.9716 19.9525
-23.5445 -26.5753 19.6776
-24.1655 -26.108 19.4145
-18.5024 -21.2203 26.7317
-18.1838 -21.6341 26.6491
-17.8556 -21.9768 26.6052
-17.6143 -22.2218 26.5757
-17.1881 -22.6158 26.538
-16.6355 -23.0424 26.444
-16.1145 -23.3832 26.3764
-15.4897 -23.7513 26.3053
-15.14 -23.9235 26.2066
-13.9459 -24.4813 25.6642
-13.2489 -24.704 25.3589
-12.6805 -24.8618 25.1161
-12.4254 -24.9868 24.9456
-11.9359 -25.4923 24.2892
-6.74855 16.2538 -15.9329
-7.56927 15.8971 -15.8952
-8.15164 15.6434 -15.8349
-8.35981 15.5707 -15.8191
-9.16907 15.2863 -15.7525
-9.81545 15.0601 -15.689
-10.5269 14.9209 -15.6083
-11.3918 14.8775 -15.5161
-12.1127 14.8944 -15.4315
-12.605 14.9855 -15.3529
-13.2385 15.1463 -15.2197
-13.7345 15.3669 -15.0484
-14.0756 15.5192 -14.9294
-14.5568 15.7402 -14.7569
-14.884 15.9286 -14.6224
-15.4779 16.5576 -14.2531
-4.49187 19.5161 28.11
-4.186 19.4677 27.7372
-3.73007 19.0667 27.2944
-3.34022 18.7044 26.8699
-3.05673 18.4096 26.4837
-2.83902 18.2032 26.1092
-2.65613 17.9966 25.7385
-2.49838 17.7912 25.3615
-2.18273 17.2664 24.5501
-2.66459 -11.9329 16.3902
-2.34854 -11.7292 15.3395
-2.24368 -11.7789 14.9445
-2.21586 -11.7899 14.8387
-2.02554 -11.8985 14.0971
-1.90182 -11.9644 13.5723
-1.83017 -12.0432 13.0739
-1.68859 -12.277 11.8377
-1.64686 -12.3585 11.3986
-1.61634 -12.4339 10.988
-1.59646 -12.4976 10.6396
-1.58363 -12.5444 10.3838
-1.57594 -12.5882 10.1465
-1.56832 -12.651 9.80916
-1.56635 -12.7456 9.3146
-1.57861 -12.9288 8.38764
-1.57986 -12.9367 8.35078
-1.61083 -13.0716 7.76956
-1.65248 -13.2527 6.99186
-1.69289 -13.3801 6.51209
-1.7464 -13.521 6.05259
-1.85731 -13.7855 5.2681
-1.9912 -14.0648 4.70548
-2.22975 -14.5212 4.24124
-2.44694 -14.9281 3.8306
-2.58938 -15.1923 3.57691
-2.78251 -15.5209 3.18644
-3.06988 -16.096 2.77669
-11.5553 1.12786 -21.9053
-11.4601 1.28204 -21.8878
-15.5626 -39.1193 -4.63307
-15.8559 -39.2648 -4.29323
-15.974 -39.3759 -4.0672
-16.2079 -39.5168 -3.74911
-16.3737 -39.6591 -3.41645
-16.4957 -39.7688 -3.16104
-16.6717 -39.9141 -2.79968
-16.9373 -40.078 -2.26005
-17.1679 -40.0506 -1.90164
-17.4294 -40.0322 -1.44054
-17.6624 -39.9855 -1.0728
-18.053 -39.8534 -0.538531
-18.3341 -39.7518 -0.162755
-18.8073 -39.5777 0.458184
-19.2675 -39.3684 0.912631
-19.6179 -39.2004 1.24356
-19.9307 -39.0492 1.38304
-20.4841 -38.7812 1.62214
-21.0671 -38.5089 1.75933
-21.4374 -38.3376 1.8178
-21.7613 -38.1899 1.79916
-22.09 -38.0423 1.73593
-22.6293 -37.8021 1.67571
-23.4735 -37.402 1.28785
-23.8287 -37.2333 1.13984
-24.1125 -37.0947 1.01986
-24.4503 -36.9222 0.880154
-24.986 -36.6367 0.662529
-25.2324 -36.4997 0.550658
-25.5225 -36.3277 0.413486
-26.3028 -35.7033 0.1308
-26.7569 -35.336 -0.0475532
-27.1173 -35.0406 -0.189872
-27.4255 -34.783 -0.311573
-27.799 -34.463 -0.518667
-28.4604 -33.8215 -0.747464
-29.011 -33.2729 -0.972856
-29.4576 -32.7634 -1.4961
-5.28999 -25.2879 1.40486
-5.18535 -24.9887 2.03446
-5.11421 -24.7904 2.46399
-5.01291 -24.5449 3.09643
-4.95916 -24.5261 3.667
-4.90668 -24.5236 4.40226
-4.89778 -24.5446 4.711
-4.88366 -24.6106 5.24344
-4.8756 -24.7341 5.95959
-4.87533 -24.7567 6.07865
-4.88765 -24.848 6.50852
-4.89978 -24.9128 6.79438
-4.93975 -25.0524 7.38771
-4.94863 -25.0852 7.52613
-4.96961 -25.1597 7.84098
-4.99564 -25.2376 8.16072
-5.01772 -25.2977 8.40268
-5.02845 -25.3246 8.50982
-5.10974 -25.5267 9.31181
-5.15762 -25.6415 9.75954
-5.24254 -25.8494 10.5319
-5.33313 -26.084 11.3343
-5.43075 -26.3699 12.2135
-5.50544 -26.5049 12.657
-5.62473 -27.0086 13.4954
-5.71908 -27.3056 13.9571
-5.81668 -27.5677 14.2162
-5.91103 -27.8261 14.4289
-6.01452 -28.1096 14.6612
-6.22523 -28.626 15.0958
-6.57511 -29.2925 15.6245
-6.95182 -29.8239 15.9209
-7.56487 -30.1627 16.2495
-5.68359 -18.2864 28.4137
-5.84253 -18.981 28.0485
-6.20019 -19.9368 27.5908
-6.39797 -20.4638 27.3185
-6.50626 -20.7465 27.1603
-6.68097 -21.1978 26.8958
-6.7956 -21.4886 26.7129
-6.92079 -21.7927 26.486
-7.10879 -22.2279 26.1128
-7.30265 -22.6706 25.6645
-7.36854 -23.2113 24.8316
-20.1259 -12.2311 29.9174
-20.5195 -12.0626 29.82
-21.2638 -11.8315 29.6094
-21.8168 -11.6883 29.4436
-22.5191 -11.4541 29.2321
-23.1227 -11.1255 28.969
-23.5562 -10.9375 28.7774
-23.9902 -10.7504 28.5856
-24.4201 -10.4879 28.3701
-24.8893 -10.1887 28.119
-25.2667 -9.94084 27.9064
-25.6994 -9.57479 27.6399
-26.0899 -9.24906 27.3875
-26.3133 -9.07326 27.2148
-26.7358 -8.54476 26.7968
-27.001 -8.13179 26.4683
-27.3519 -7.54479 25.9963
-27.6663 -6.91713 25.5228
-6.72337 40.7466 1.70142
-6.68371 40.8493 0.99788
-6.67209 40.9406 0.347903
-6.82103 40.9339 -0.20232
-6.84743 40.912 -0.516156
-6.86358 40.8015 -1.38112
-6.87774 40.665 -2.25152
-6.85324 40.5705 -2.82336
-6.78333 40.411 -3.84951
-2.18273 17.2664 24.5501
-2.09533 16.4659 24.4661
-2.05698 15.8033 24.4104
-2.03053 14.752 24.4352
-2.04163 14.209 24.5726
-2.05689 13.86 24.7327
-2.0868 13.282 25.0784
-2.1136 12.7905 25.3871
-2.13727 12.4793 25.6517
-2.15988 12.2651 25.8793
-2.19654 11.9337 26.2347
-2.24444 11.6246 26.6212
-2.31817 11.1767 27.199
-2.43866 10.8278 27.7686
-2.68819 10.6104 28.253
-2.99184 10.3963 28.7845
-3.14276 10.2929 29.0373
-3.34437 10.1453 29.372
-3.67125 9.97405 29.8266
-3.79517 9.90549 29.9977
-4.03244 9.72118 30.2964
-4.44398 9.65146 30.719
-4.64217 9.20693 31.0563
-8.25416 -32.8169 14.7792
-7.80205 -33.0355 14.289
-7.37676 -32.9533 14.0896
-6.59879 -32.8697 13.6047
-6.2881 -32.8292 13.4187
-6.01096 -32.7952 13.2477
-5.86636 -32.7778 13.1581
-5.62568 -32.7512 12.9734
-5.16031 -32.7077 12.5842
-4.81565 -32.6391 12.2121
-4.53835 -32.5333 11.6556
-4.33231 -32.4044 11.0947
-4.10262 -32.2366 10.3691
-3.99511 -32.0763 9.47851
-4.01354 -32.0079 8.76689
-4.0584 -31.9508 8.16376
-4.16992 -31.8601 7.33295
-4.25583 -31.7745 6.81695
-4.39579 -31.6151 6.03153
-4.46068 -31.4795 5.64303
-4.54601 -31.2164 5.09348
-4.60866 -31.002 4.67804
-4.68276 -30.7602 4.19711
-4.72215 -30.5614 3.91378
-4.748 -30.4096 3.72033
-4.78718 -30.0749 3.40977
-4.82426 -29.767 3.1217
-4.86531 -29.392 2.82094
-4.93228 -28.6611 2.36452
-5.01092 -27.6532 1.89288
-5.08731 -26.8947 1.66433
-5.1305 -26.4801 1.62785
-5.28999 -25.2879 1.40486
-37.2301 -7.06876 -12.5537
-37.4121 -6.77796 -12.2186
-37.6045 -6.5655 -11.782
-37.8144 -6.1547 -11.0587
-37.9146 -5.78245 -10.3836
-37.9177 -5.54928 -10.0322
-37.8488 -5.24483 -9.52696
-37.7605 -4.88354 -8.91732
-37.7066 -4.71005 -8.4158
-5.8707 -4.33873 33.0844
-5.54033 -4.90018 32.9672
-5.44957 -5.2857 32.8817
-5.1333 -5.94304 32.6378
-4.98135 -6.36217 32.4888
-4.66526 -6.872 32.1811
-4.43426 -7.2204 31.9539
-4.10925 -7.72316 31.5914
-3.74053 -8.30077 31.1342
-3.5064 -8.69458 30.7663
-3.37984 -8.92618 30.5386
-3.29959 -9.08649 30.3719
-3.17446 -9.34736 30.101
-3.05103 -9.65825 29.7907
-2.94055 -10.0401 29.4772
-2.69573 -10.5173 28.572
-26.2597 4.49375 -26.1174
-26.6144 3.9833 -25.9619
-26.7274 3.45292 -26.0349
-27.0627 2.95592 -25.811
-27.4411 2.29638 -25.5763
-27.7731 1.7306 -25.3494
-28.1534 0.88152 -25.083
-28.3565 0.457233 -24.9315
-28.5021 0.150429 -24.8207
-28.8339 -0.461306 -24.5219
-29.1486 -0.86225 -24.1972
-29.3216 -1.11272 -24.0001
-29.5983 -1.47525 -23.6564
-29.8089 -1.74427 -23.3865
-30.0692 -2.0701 -23.0216
-30.1566 -2.17842 -22.897
-30.3709 -2.44104 -22.5837
-30.5463 -2.65128 -22.3268
-30.9486 -3.17575 -21.6837
-31.1273 -3.3334 -21.4529
-31.3402 -3.61303 -21.101
-31.5841 -3.81862 -20.7874
-31.8169 -4.05293 -20.445
-32.0721 -4.31103 -20.0589
-32.432 -4.63191 -19.5389
-32.7791 -4.93331 -19.0356
-32.8508 -4.99066 -18.9347
-33.2223 -5.2449 -18.4372
-33.4179 -5.36268 -18.186
-33.6327 -5.48387 -17.9124
-33.8418 -5.60123 -17.6455
-34.0523 -5.70466 -17.3816
-34.3615 -5.83501 -17.0075
-34.6738 -5.97332 -16.6215
-35.1428 -6.15842 -16.0432
-35.3189 -6.22481 -15.8204
-35.7924 -6.41577 -15.2043
-36.1168 -6.57429 -14.7576
-36.4794 -6.72325 -14.1467
-36.689 -6.79895 -13.743
-36.8915 -6.85248 -13.3428
-37.0202 -6.92105 -13.0562
-37.2301 -7.06876 -12.5537
-4.64217 9.20693 31.0563
-4.80158 7.82006 31.6641
-4.80638 7.42834 31.7713
-4.83921 6.77989 31.9743
-4.7965 6.22354 32.0588
-4.69943 5.33376 32.1455
-4.63814 4.79493 32.1989
-4.56168 4.41719 32.1884
-4.51448 4.07536 32.1933
-4.49654 3.59917 32.1886
-4.42412 2.7959 32.1379
-4.35385 2.45677 32.0617
-4.0456 2.00686 31.6708
-4.41133 27.523 22.7048
-4.82174 27.3963 22.9791
-5.33229 27.1455 23.3511
-5.72221 26.9695 23.6219
-6.03025 26.8243 23.8321
-6.3143 26.6734 24.0375
-2.40348 33.6682 15.9759
-2.02738 33.1421 15.1239
-1.83991 32.9771 14.2377
-1.75898 32.9803 13.262
-1.68179 33.0305 11.9237
-1.65564 33.0831 11.267
-1.68161 33.4502 10.5438
-1.69935 33.6528 10.2446
-1.73285 33.9885 10.0109
-1.77039 34.3424 9.75444
-1.82205 34.7619 9.57852
-1.96583 35.7621 9.28884
-2.14172 36.7053 9.17239
-2.63725 37.4037 9.44199
-2.88511 37.7423 9.56646
-3.17878 38.1007 9.71773
-3.50237 38.4734 9.87179
-3.81091 38.7494 10.0467
-4.9684 38.8747 10.2215
-5.54758 38.7409 10.4959
-6.22559 38.6971 10.5537
-6.22559 38.6971 10.5537
-6.56696 39.0128 9.83463
-6.75775 39.143 9.49136
-6.90148 39.2874 9.07043
-7.20248 39.5465 8.22826
-7.20684 39.5505 8.21497
-7.41944 39.7525 7.47469
-7.58029 39.9348 6.69428
-7.82705 40.2914 4.97146
-7.87961 40.4516 4.12645
-7.85753 40.5163 3.75411
-7.78804 40.5476 3.53979
-7.69086 40.5913 3.22681
-7.41809 40.6648 2.63392
-7.12155 40.6975 2.25911
-6.72337 40.7466 1.70142
-26.7263 22.4167 -1.68897
-26.5096 22.887 -1.41711
-26.3619 23.5476 -0.750681
-26.292 23.9045 -0.357276
-26.0863 24.6319 0.465225
-25.9252 25.0512 0.913394
-25.739 25.4582 1.31439
-25.6001 25.734 1.56785
-25.4087 26.0925 1.87922
-25.094 26.6529 2.33834
-24.8236 27.1076 2.6596
-24.6236 27.4427 2.95606
-24.1999 28.1059 3.35956
-24.1223 28.2259 3.44085
-23.8256 28.6598 3.69666
-23.1536 29.5639 4.05797
-22.855 29.9553 4.22939
-22.6139 30.2657 4.36557
-22.2944 30.646 4.53581
-21.9877 30.997 4.68995
-21.679 31.2909 4.88001
-20.7181 32.0245 5.32068
-20.1643 32.5231 5.19276
-29.4576 -32.7634 -1.4961
-29.5829 -32.5556 -2.0314
-29.6638 -32.3983 -2.45045
-29.7843 -32.1446 -3.13203
-29.86 -31.9813 -3.56965
-29.9133 -31.8567 -3.92712
-30.0377 -31.6167 -4.46465
-30.0635 -31.4866 -4.79229
-30.1681 -31.1617 -5.37288
-30.306 -30.7465 -5.97107
-30.3678 -30.5335 -6.2716
-30.502 -30.0943 -6.80251
-30.5852 -29.8295 -7.10131
-30.6637 -29.5708 -7.36204
-30.8105 -29.0897 -7.81477
-30.9566 -28.607 -8.2229
-31.0463 -28.319 -8.4219
-31.1361 -28.032 -8.61851
-31.4261 -26.9813 -9.36055
-12.253 27.2274 22.5874
-11.7293 27.1911 22.8236
-11.1815 27.2341 23.0113
-10.5542 27.2007 23.2831
-10.0778 27.1639 23.5062
-9.19863 27.0442 23.741
-8.35018 26.9224 23.8853
-7.90068 26.8588 23.9551
-7.56817 26.8136 23.9965
-7.24695 26.7681 24.0331
-6.83686 26.719 24.0547
-6.3143 26.6734 24.0375
-6.3143 26.6734 24.0375
-6.28526 26.2833 24.4277
-6.07603 25.188 25.4667
-5.98647 24.8922 25.6688
-5.6546 23.9711 26.2796
-5.37283 23.1803 26.7525
-5.06866 22.2317 27.1788
-4.94545 21.8008 27.3409
-4.82389 21.3526 27.5118
-4.71353 20.9393 27.6495
-4.59902 20.4966 27.7666
-4.49187 19.5161 28.11
-18.3133 5.25899 -29.9794
-17.8915 5.74078 -30.2024
-17.6172 5.94476 -30.3068
-17.2506 6.1792 -30.4122
-16.608 6.77132 -30.5284
-16.2045 7.14315 -30.5816
-15.9131 7.41265 -30.6063
-15.3232 7.97148 -30.6249
-14.8869 8.38028 -30.5493
-14.6637 8.79904 -30.3697
-14.5209 8.99115 -30.2774
-14.1698 9.37245 -30.0856
-13.9989 9.63694 -29.8928
-13.86 9.94359 -29.654
-13.7852 10.1749 -29.4781
-13.6112 10.6559 -29.0461
-13.5287 10.9693 -28.7382
-13.4973 11.3052 -28.3557
-13.4932 11.9202 -27.6087
-13.5924 12.2352 -27.0185
-13.6586 12.4152 -26.6352
-13.7525 12.6113 -26.2524
-13.8416 12.7698 -25.9607
-18.8012 11.6721 28.8674
-18.9513 11.0635 29.0245
-18.7334 10.6285 29.3033
-18.6098 10.2681 29.5037
-18.526 10.0365 29.6346
-18.3116 9.42731 29.9747
-18.2113 9.14165 30.1338
-18.0891 8.79171 30.3282
-17.9821 8.41253 30.5008
-17.8331 7.60708 30.7762
-17.6952 6.78173 31.0391
-17.5895 6.10104 31.2428
-17.5113 5.59225 31.3879
-17.4597 5.28203 31.4511
-17.3619 4.67523 31.5341
-17.2998 4.05928 31.5771
-17.2912 3.54595 31.5666
-17.2394 3.04017 31.5611
-17.2424 2.33364 31.4618
-17.2285 1.75338 31.3625
-17.2138 1.09521 31.2249
-17.1987 0.423604 31.0778
-17.1897 -0.346685 30.8957
-17.1947 -0.781568 30.7907
-17.168 -1.03245 30.7296
-17.115 -1.36539 30.6267
-17.0453 -1.70765 30.5253
-16.7215 -2.12066 30.4497
-16.1546 -2.83628 30.3139
-15.878 -3.17005 30.2533
-15.4649 -3.6633 30.164
-15.0737 -4.12288 30.0912
-15.0176 -4.18277 30.0891
-14.5118 -4.49321 30.2712
-13.8846 -4.81131 30.5678
-13.7552 -4.86883 30.6363
-13.3376 -5.02187 30.8845
-13.0979 -5.09951 31.0346
-12.6298 -5.20635 31.3449
-12.1296 -5.24211 31.6618
-11.7278 -5.22929 31.8586
-11.1294 -5.19096 32.1266
-10.6817 -5.1582 32.3212
-10.0662 -5.11035 32.5761
-9.44819 -5.01931 32.8226
-8.88793 -4.934 33.015
-8.10209 -4.80644 33.1081
-7.17324 -4.66003 33.1841
-5.8707 -4.33873 33.0844
-10.6205 -34.9932 13.1949
-11.3145 -34.7464 13.7417
-11.5839 -34.7554 13.829
-11.7814 -34.776 13.8751
-12.4995 -34.8074 14.0694
-13.0335 -34.816 14.1113
-13.6069 -34.8283 14.1408
-14.0138 -34.8427 14.1538
-14.7405 -34.8655 14.1626
-15.1807 -34.9022 14.1314
-15.5268 -34.874 14.1071
-16.6183 -34.7815 13.9531
-17.9066 -34.6387 13.7342
-18.5202 -34.5584 13.5205
-18.8853 -34.5034 13.3919
-19.2774 -34.4463 13.2151
-20.0065 -34.3314 12.8639
-20.5986 -34.238 12.5782
-20.9051 -34.1872 12.4175
-21.3237 -34.1169 12.1894
-21.7277 -34.0475 11.9595
-22.2051 -33.9643 11.6885
-22.8804 -33.8117 11.3547
-23.289 -33.6884 11.1787
-23.8274 -33.5296 10.92
-24.72 -33.2323 10.5016
-25.3312 -33.0091 10.2042
-25.922 -32.7679 9.91538
-26.3578 -32.5946 9.68559
-26.6565 -32.469 9.52083
-26.9463 -32.3508 9.34342
-27.1569 -32.2622 9.21059
-27.2984 -32.2023 9.11373
-27.7454 -32.0205 8.78162
-28.1589 -31.8635 8.43774
-28.502 -31.7528 8.08096
-28.7029 -31.6762 7.87469
-28.9342 -31.608 7.58424
-29.175 -31.5545 7.24943
-29.5023 -31.5179 6.66115
-29.7378 -31.4961 6.18893
-29.9661 -31.4863 5.67631
-30.24 -31.4795 5.03884
-30.4687 -31.475 4.46485
-30.4546 -31.5731 4.08007
-30.4706 -31.6297 3.72929
-30.5069 -31.7473 2.94237
-30.5427 -31.8813 2.06147
-30.5355 -31.9059 1.95058
-30.452 -32.0226 1.58444
-30.3618 -32.1376 1.14177
-29.8004 -32.589 -0.196922
-29.6828 -32.6753 -0.488451
-29.4576 -32.7634 -1.4961
-8.0912 -38.6091 -1.23321
-8.4498 -38.8092 -1.7071
-8.70308 -38.916 -2.10612
-8.83212 -38.9654 -2.31359
-9.18059 -39.0896 -2.82719
-9.63258 -39.1741 -3.32399
-10.1237 -39.239 -3.73923
-10.5306 -39.284 -3.97715
-10.8698 -39.3083 -4.12935
-11.5029 -39.3223 -4.39247
-12.1272 -39.3486 -4.53256
-12.3004 -39.3561 -4.56241
-12.7219 -39.3665 -4.63009
-13.7065 -39.2914 -4.67443
-14.0491 -39.2624 -4.68685
-14.488 -39.2207 -4.70505
-14.8812 -39.2115 -4.66288
-15.5626 -39.1193 -4.63307
-8.0912 -38.6091 -1.23321
-7.56839 -38.0963 -1.07005
-6.98639 -37.4223 -1.07383
-6.40816 -36.5787 -0.874278
-6.09098 -36.0878 -0.798031
-6.04007 -35.7259 -0.614352
-6.02908 -35.3835 -0.490553
-6.07024 -35.0226 -0.335889
-6.11382 -34.5668 -0.198463
-6.16803 -34.3124 -0.143602
-6.25557 -34.0283 -0.148615
-6.42978 -33.5437 -0.250396
-6.65799 -33.1086 -0.5398
-6.8242 -32.8358 -0.746939
-7.08798 -32.4775 -1.11344
-7.34584 -32.1595 -1.45798
-7.6596 -31.8183 -1.87593
-8.09775 -31.4022 -2.44025
-8.54982 -31.0238 -2.99662
-8.74864 -30.8693 -3.23058
-9.20773 -30.5255 -3.75146
-9.43791 -30.3521 -4.00587
-9.71395 -30.1438 -4.30399
-10.0679 -29.861 -4.67896
-10.3527 -29.6032 -4.98057
-10.6699 -29.2862 -5.3177
-10.8771 -29.0691 -5.53696
-10.9935 -28.8935 -5.66958
-11.2981 -28.4493 -6.01187
-11.4938 -28.0981 -6.24296
-11.7594 -27.5468 -6.56953
-12.0402 -26.8846 -6.92919
-12.2132 -26.4354 -7.15883
-12.5034 -25.6065 -7.55826
-12.5887 -25.3554 -7.67704
-12.7614 -24.83 -7.92101
-12.884 -24.4379 -8.09817
-12.9713 -24.1471 -8.22677
-13.0523 -23.873 -8.34707
-13.1679 -23.4757 -8.52033
-13.3306 -22.8932 -8.77028
-13.4368 -22.5035 -8.93622
-13.5984 -21.8758 -9.19948
-13.7458 -21.2714 -9.45013
-13.8157 -20.9688 -9.57412
-13.9222 -20.445 -9.78522
-14.0184 -19.6643 -10.082
-14.0978 -19.0859 -10.3064
-14.0874 -18.5025 -10.5035
-14.0801 -18.3507 -10.554
-14.079 -17.8074 -10.752
-13.9618 -17.2171 -10.9171
-13.9106 -16.8662 -11.0322
-13.8624 -16.6503 -11.0972
-13.8094 -16.3578 -11.1962
-13.7073 -15.727 -11.4169
-13.6464 -15.1285 -11.6666
-13.6484 -14.6051 -11.9509
-13.6704 -14.2046 -12.1849
-13.6902 -13.8432 -12.3958
-13.7245 -13.509 -12.6085
-13.933 -12.8959 -13.1461
-13.9862 -12.6527 -13.34
-14.1748 -12.0014 -13.9187
-14.2249 -11.8016 -14.0951
-14.4187 -11.0293 -14.7957
-14.5615 -10.4137 -15.3677
-14.6564 -9.95078 -15.8026
-14.7177 -9.59411 -16.135
-14.7929 -9.17867 -16.531
-14.8379 -8.76942 -16.9011
-14.8902 -8.27824 -17.3505
-14.9103 -8.03891 -17.5655
-14.9282 -7.83339 -17.75
-14.9532 -7.57325 -17.9839
-14.9815 -7.29509 -18.2339
-15.0076 -7.06288 -18.4432
-15.0571 -6.70827 -18.7652
-15.1046 -6.37747 -19.0627
-15.165 -5.78936 -19.5763
-15.3505 -5.27167 -20.0713
-15.4827 -4.92886 -20.4031
-15.6967 -4.36901 -20.9435
-16.0653 -3.95829 -21.433
-16.1344 -3.41279 -21.9268
-4.47866 -21.2853 12.8339
-4.32306 -20.9467 13.0925
-4.20159 -20.6726 13.3718
-4.06386 -20.2924 13.744
-3.91921 -19.8296 14.208
-3.81296 -19.4545 14.5789
-3.70047 -19.0051 15.0223
-3.53708 -18.3419 15.6768
-3.47008 -17.6503 16.2181
-3.44903 -17.0391 16.594
-3.42372 -16.5697 16.8307
-3.37608 -15.946 17.0492
-3.30872 -15.3124 17.1537
-3.15277 -14.0428 17.2461
-3.02113 -13.2241 17.1531
-2.92722 -12.8158 16.9815
-2.86373 -12.5467 16.862
-2.66459 -11.9329 16.3902
-32.1346 -19.2817 17.6988
-32.0459 -19.8619 17.383
-32.0523 -20.1472 17.1795
-32.0775 -20.3928 16.9714
-32.2369 -20.9091 16.2917
-32.5141 -21.4999 15.2393
-32.6891 -21.8495 14.586
-32.8334 -22.1436 14.0153
-32.9257 -22.2651 13.6908
-33.0706 -22.3535 13.2407
-33.3322 -22.3471 12.5703
-33.3879 -22.3402 12.4322
-33.6176 -22.3053 11.8684
-33.7804 -22.2585 11.488
-34.0366 -22.1457 10.9272
-34.4592 -21.78 10.1968
-32.1346 -19.2817 17.6988
-32.594 -18.8306 17.3824
-32.7704 -18.7529 17.1881
-33.1475 -18.5639 16.7871
-33.9296 -18.1228 15.9091
-34.1194 -18.0237 15.5714
-34.4052 -17.9149 14.9899
-34.5464 -17.866 14.6883
-34.6681 -17.835 14.4001
-34.9314 -17.7946 13.7191
-35.1115 -17.8419 13.1445
-35.1181 -18.062 12.878
-35.1265 -18.57 12.2838
-35.1343 -18.8924 11.8981
-35.1421 -19.4773 11.2136
-35.1139 -19.8123 10.9051
-35.0519 -20.1292 10.7035
-34.8845 -20.7289 10.3962
-34.7833 -21.104 10.1844
-34.4592 -21.78 10.1968
-24.5537 -13.1513 -17.6233
-24.1665 -13.6983 -17.345
-24.052 -13.9163 -17.2322
-23.9203 -14.2178 -17.0752
-23.7883 -14.5665 -16.8849
-23.5726 -15.1202 -16.5791
-23.4947 -15.323 -16.4661
-23.3788 -15.6465 -16.2848
-23.2171 -16.1159 -16.0188
-23.091 -16.5069 -15.7973
-22.9998 -16.9471 -15.5543
-22.9216 -17.3022 -15.356
-22.8855 -17.6497 -15.169
-22.8319 -18.0335 -14.9597
-22.7837 -18.5325 -14.6933
-22.7196 -18.9781 -14.4521
-22.6901 -19.3413 -14.2631
-22.6671 -19.7366 -14.0595
-22.6306 -20.1372 -13.8538
-22.6026 -20.5089 -13.6658
-22.5745 -20.8038 -13.5188
-22.5379 -21.1843 -13.3303
-22.4512 -21.9495 -12.9561
-22.4296 -22.1257 -12.8706
-22.3698 -22.5761 -12.6536
-22.3043 -23.0107 -12.4461
-22.0772 -24.2161 -11.8767
-21.9914 -24.7483 -11.6375
-21.9483 -25.1348 -11.4731
-21.7957 -25.7308 -11.205
-21.6027 -26.2838 -10.9566
-21.4006 -26.786 -10.7294
-21.3292 -27.1287 -10.5857
-21.0513 -27.9384 -10.2411
-20.8721 -28.5836 -9.98368
-20.7978 -29.1008 -9.78866
-20.6901 -29.8454 -9.50756
-20.5823 -30.3465 -9.3202
-20.5269 -30.5926 -9.22997
-20.3874 -31.1517 -9.02403
-20.2945 -31.4462 -8.91552
-20.279 -31.6289 -8.84645
-20.1241 -32.1243 -8.66693
-19.9894 -32.5677 -8.50158
-19.9177 -32.7889 -8.41764
-19.6915 -33.4346 -8.16666
-19.4058 -34.1903 -7.8655
-19.1448 -34.7927 -7.61283
-18.8481 -35.4652 -7.32515
-18.4231 -36.2929 -6.93984
-18.2386 -36.5809 -6.79451
-17.9942 -36.9457 -6.58253
-17.7595 -37.1854 -6.4431
-17.5741 -37.4496 -6.24652
-17.3683 -37.6762 -6.07133
-16.9309 -38.0663 -5.71096
-16.5969 -38.3656 -5.42864
-16.2813 -38.6607 -5.13183
-15.5626 -39.1193 -4.63307
-17.5963 -8.6284 30.7511
-18.014 -9.05467 30.7065
-18.255 -9.47934 30.6805
-18.4952 -9.76874 30.6293
-18.7838 -10.0934 30.5577
-19.1346 -10.4451 30.4605
-19.5896 -10.9582 30.2821
-20.0221 -11.592 30.0609
-20.1259 -12.2311 29.9174
-37.7066 -4.71005 -8.4158
-37.4794 -4.08262 -8.46068
-37.2726 -3.51814 -8.50382
-37.0784 -3.03397 -8.62011
-36.8114 -2.37916 -8.84009
-36.6447 -1.97097 -8.96457
-36.5419 -1.7296 -9.05167
-36.4414 -1.443 -9.08778
-36.2777 -1.13652 -9.29904
-36.1055 -0.80748 -9.51155
-35.7813 -0.248301 -9.90117
-35.5037 0.223844 -10.2223
-35.2968 0.543181 -10.5018
-35.1202 0.807223 -10.7439
-34.8957 1.12641 -11.0613
-34.6428 1.47183 -11.4265
-34.4693 1.69615 -11.6858
-34.2712 1.9495 -11.9839
-34.0825 2.1842 -12.273
-33.8781 2.43336 -12.5906
-33.6123 2.74807 -13.0114
-33.3526 3.04714 -13.4382
-33.1653 3.25601 -13.7567
-32.9843 3.45356 -14.0831
-32.7466 3.70729 -14.553
-32.3257 4.15131 -15.4483
-32.0462 4.4453 -16.096
-31.8212 4.68114 -16.6638
-31.5539 4.96108 -17.3494
-31.3368 5.18804 -17.9158
-31.1005 5.40918 -18.42
-30.825 5.63001 -18.9805
-30.6403 5.73089 -19.4493
-30.5002 5.79949 -19.768
-30.1641 5.93907 -20.4379
-29.5998 6.07928 -21.6108
-29.453 6.09664 -21.9029
-29.2853 6.10656 -22.2227
-28.9666 6.12962 -22.7329
-28.3353 5.80766 -23.6334
-27.7966 5.44224 -24.346
-27.6309 5.31662 -24.5631
-27.5408 5.24255 -24.6822
-27.1236 4.93667 -25.1715
-26.9063 4.75335 -25.434
-26.2597 4.49375 -26.1174
-16.1344 -3.41279 -21.9268
-15.8712 -2.59519 -22.5561
-15.8712 -2.59519 -22.5561
-15.3976 -2.15569 -22.6239
-15.0205 -1.93875 -22.5238
-14.4176 -1.59577 -22.3687
-14.0819 -1.34169 -22.3158
-13.7192 -1.0326 -22.2805
-13.2968 -0.712473 -22.1975
-12.8478 -0.343804 -22.1289
-12.1622 0.221809 -22.0119
-11.4601 1.28204 -21.8878
-25.422 -0.876553 27.6831
-25.3662 -0.300421 27.4381
-25.1817 0.019132 27.456
-24.9183 0.561049 27.4534
-24.7293 0.849846 27.4124
-24.3911 1.32666 27.3257
-23.6769 2.19904 27.0946
-23.3405 2.64285 26.9341
-23.045 3.09907 26.5849
-22.8727 3.36232 26.3751
-22.7606 3.73794 26.0723
-22.8514 4.54599 25.4345
-22.9749 4.90367 25.1687
-23.1109 5.22896 24.9282
-23.5093 5.57726 24.6828
-24.3169 5.94325 24.429
-24.8703 6.09697 24.3046
-25.0711 6.15397 24.2583
-25.6845 6.30599 24.1309
-25.999 6.38252 24.0569
-26.3679 6.44579 23.9424
-26.9545 6.51004 23.7337
-27.7204 6.47905 23.5443
-33.0058 6.75078 1.0358
-33.2064 7.16548 1.09572
-33.3086 7.40257 1.11975
-33.4553 7.69689 1.17198
-33.7003 8.14568 1.39851
-34.1389 9.22801 1.97394
-34.5577 10.2443 2.57588
-34.6905 10.9342 3.13427
-34.649 11.4318 3.66792
-34.4417 12.0947 4.28433
-34.1785 12.7826 5.01907
-34.0102 13.1406 5.29049
-33.9356 13.2781 5.49296
-33.8554 13.4149 5.63142
-33.5798 13.8511 5.95435
-33.3887 14.1458 6.1915
-33.1328 14.5324 6.51194
-32.9043 14.8726 6.79673
-32.7202 15.1453 7.01786
-32.4099 15.5496 7.45672
-31.9418 16.0001 8.22868
-31.8179 16.1149 8.42815
-31.7053 16.2138 8.61917
-31.4784 16.3996 9.01975
-31.3339 16.5058 9.28479
-31.1458 16.6294 9.64303
-30.8928 16.7643 10.1498
-30.5416 16.8747 10.9066
-30.2419 16.9362 11.5655
-30.0875 16.9591 11.9079
-30.008 16.968 12.0848
-29.8505 16.9754 12.4382
-29.6122 16.9674 12.9769
-29.3051 16.9368 13.6758
-29.0705 16.9007 14.2128
-28.9075 16.8692 14.5871
-28.6643 16.8112 15.1485
-28.5012 16.7527 15.5306
-28.3018 16.6365 16.011
-28.1506 16.5249 16.3823
-27.9378 16.3068 16.922
-27.8472 16.2138 17.1517
-27.6399 16.0077 17.6772
-27.4857 15.808 18.0766
-27.3532 15.6196 18.4206
-27.2183 15.391 18.7703
-27.0604 15.0999 19.1743
-26.9261 14.8424 19.5163
-26.6949 14.3889 20.0968
-26.4727 13.9712 20.644
-26.3742 13.4257 21.0002
-33.0058 6.75078 1.0358
-33.0139 6.17749 1.26002
-33.0695 5.98796 1.39793
-33.2138 5.69152 1.68497
-33.4896 5.16267 2.2502
-33.7955 4.58337 2.87486
-33.9949 4.22518 3.28216
-34.3081 3.71591 3.91894
-34.6186 3.21074 4.55612
-35.2002 3.32677 5.47001
-35.7505 3.70526 6.32028
-36.1901 4.17691 7.11316
-36.265 4.70249 7.61118
-36.2712 5.09074 7.93659
-36.2018 5.77087 8.4478
-36.0993 6.23059 8.75938
-35.9986 6.57982 8.97033
-35.8437 7.06009 9.21273
-35.654 7.376 9.53911
-35.3292 7.86805 10.0264
-27.7204 6.47905 23.5443
-28.3004 6.02907 23.7142
-28.7187 5.62865 23.8945
-28.9521 5.47539 23.8939
-29.3469 5.12275 23.8875
-29.917 4.65071 23.7435
-30.5239 4.14064 23.4959
-30.8338 3.87634 23.3311
-31.1853 3.573 23.1157
-31.5779 3.22909 22.8506
-31.993 2.8662 22.5453
-32.1788 2.69891 22.3929
-32.6192 2.30238 21.9956
-33.3308 1.48486 21.1512
-33.4428 1.3341 21.0072
-33.6382 1.04818 20.7512
-33.9095 0.69534 20.3869
-34.1203 0.138451 20.0536
-34.2869 -0.28152 19.7261
-34.4738 -0.820922 19.3432
-13.8416 12.7698 -25.9607
-14.2378 13.0809 -25.8393
-14.6777 13.4344 -25.6298
-15.0419 13.619 -25.4442
-15.4439 13.8179 -25.2318
-15.6976 13.9333 -25.0954
-16.4029 14.2161 -24.7221
-16.8012 14.3487 -24.5174
-17.17 14.4406 -24.3185
-17.7676 14.511 -24.0089
-18.5082 14.5973 -23.6221
-18.9686 14.6167 -23.3762
-19.2953 14.603 -23.1953
-19.7301 14.5773 -22.9512
-20.0773 14.5334 -22.7461
-20.5978 14.4475 -22.4108
-20.9391 14.3854 -22.1825
-21.4619 14.2806 -21.8145
-21.7754 14.2082 -21.572
-22.0291 14.1482 -21.3698
-22.3511 14.061 -21.0945
-22.6154 13.9884 -20.8567
-22.9404 13.8899 -20.5532
-23.3772 13.7559 -20.1392
-23.6832 13.6526 -19.8368
-24.1047 13.5048 -19.4132
-24.5638 13.334 -18.9312
-24.8176 13.234 -18.6538
-25.1414 13.1028 -18.2947
-25.4736 12.9621 -17.9212
-25.7932 12.8206 -17.5607
-25.9753 12.7374 -17.3551
-26.3197 12.5783 -16.9438
-26.6333 12.4294 -16.5606
-27.1775 12.1645 -15.879
-27.5069 11.995 -15.4776
-27.9018 11.7926 -14.9557
-28.4568 11.4998 -14.1992
-28.7131 11.3555 -13.8519
-28.9906 11.1984 -13.4665
-29.234 11.053 -13.1163
-29.5093 10.8842 -12.7134
-29.7369 10.7303 -12.3896
-30.1807 10.413 -11.7226
-30.4761 10.1896 -11.2724
-30.7188 9.99377 -10.9
-31.1019 9.66455 -10.3123
-31.3304 9.45115 -9.95623
-31.5977 9.17275 -9.53149
-31.7269 9.02356 -9.31926
-31.9121 8.80847 -9.01835
-32.1195 8.55299 -8.67473
-32.3785 8.18818 -8.21086
-32.5091 7.98843 -7.96533
-32.8103 7.51848 -7.39327
-32.967 7.23968 -7.06595
-33.1175 6.92838 -6.70883
-33.2699 6.61516 -6.35505
-33.3692 6.40697 -6.12748
-33.5032 6.05971 -5.74618
-33.6073 5.72616 -5.37409
-33.6753 5.48658 -5.11213
-33.7991 5.16629 -4.78697
-33.8495 4.90704 -4.48993
-33.9183 4.65588 -4.22658
-34.015 4.11391 -3.69997
-34.0602 3.5487 -3.14613
-33.9469 2.97323 -2.49639
-26.3742 13.4257 21.0002
-26.0189 13.3531 21.6754
-25.8702 13.2547 21.9789
-25.731 13.1873 22.2429
-25.518 13.0907 22.585
-25.3616 13.0246 22.8275
-25.122 12.9238 23.1877
-24.9066 12.8346 23.5037
-24.6258 12.7198 23.9089
-24.1474 12.5282 24.5828
-23.5825 12.3139 25.3235
-23.1941 12.1888 25.726
-22.7673 12.0586 26.1371
-22.2714 11.9231 26.5934
-21.8389 11.8031 26.9893
-21.5983 11.7268 27.1992
-21.3753 11.6796 27.3636
-20.6152 11.5256 27.9012
-20.1 11.4237 28.261
-19.7741 11.392 28.4683
-19.2459 11.4319 28.7307
-18.8012 11.6721 28.8674
-27.8556 18.3018 -3.93218
-27.3692 18.858 -4.42173
-26.9902 19.4736 -4.53692
-26.6612 20.0335 -4.58784
-26.3724 20.541 -4.57611
-26.0982 21.0119 -4.54686
-25.8975 21.3286 -4.52331
-25.8394 21.4031 -4.52468
-25.2949 22.1404 -4.49085
-27.8556 18.3018 -3.93218
-27.9267 18.8012 -3.50344
-27.9319 19.1841 -3.15922
-27.8518 19.8407 -2.67176
-27.7852 20.2515 -2.3837
-27.6302 20.8217 -2.05052
-27.4353 21.3924 -1.76229
-27.2349 21.8283 -1.6029
-26.7263 22.4167 -1.68897
-3.20244 21.2978 -17.3168
-2.48266 20.7773 -16.9575
-2.31124 20.4555 -16.8298
-2.19643 20.2179 -16.7294
-2.2105 20.0221 -16.6642
-2.35852 19.5069 -16.4609
-2.43715 19.2297 -16.3475
-2.45642 19.164 -16.3206
-2.66086 18.4695 -16.0362
-2.94561 17.3934 -15.5788
-3.19411 16.6934 -15.2905
-25.2949 22.1404 -4.49085
-25.3347 22.3708 -4.12564
-25.5507 22.4244 -3.69229
-26.0116 22.5357 -2.76163
-26.0234 22.5397 -2.73623
-26.2638 22.6199 -2.21508
-26.7263 22.4167 -1.68897
-13.6336 31.2832 17.7569
-14.2241 31.149 17.2744
-14.6088 31.0107 17.0152
-14.9011 30.7751 16.9325
-15.1263 30.6144 16.8422
-15.7474 30.1079 16.6224
-16.455 29.5395 16.3662
-16.6729 29.3599 16.2857
-16.866 29.203 16.2081
-17.4109 28.7596 15.9878
-18.0153 28.2948 15.7103
-18.3427 28.0761 15.5265
-18.9079 27.7323 15.1723
-19.2783 27.9005 14.5761
-19.438 28.0056 14.2895
-19.6629 28.1592 13.8803
-19.8695 28.3089 13.4959
-19.9775 28.3926 13.2893
-20.3265 28.6371 12.6437
-20.3343 28.9206 12.2911
-20.296 29.3738 11.6781
-20.259 29.6691 11.2909
-20.2194 29.9753 10.8862
-20.1594 30.3648 10.3726
-20.1066 30.7671 9.82376
-20.05 31.1299 9.30533
-19.9199 31.4865 8.76986
-19.8132 31.7427 8.38421
-18.914 32.6562 8.13844
-13.6336 31.2832 17.7569
-13.221 31.1217 18.4006
-13.0233 30.9334 18.8543
-12.8926 30.6687 19.2642
-12.8038 30.4178 19.5841
-12.6951 30.0904 19.9905
-12.4333 29.2903 20.9107
-12.2551 28.7571 21.4477
-12.0644 27.9329 22.1463
-12.0342 27.6944 22.3338
-12.253 27.2274 22.5874
-3.71774 36.0968 -10.6296
-4.41867 36.0919 -10.5111
-4.53809 36.0791 -10.5011
-4.9987 36.0747 -10.4091
-5.29647 36.0734 -10.347
-6.37073 36.0501 -10.0914
-6.87873 36.0379 -9.8788
-7.15767 36.04 -9.71241
-7.74516 36.0214 -9.30896
-8.32726 36.0212 -8.86839
-8.73598 36.035 -8.51612
-9.18448 36.067 -8.08932
-9.75847 36.1418 -7.51069
-9.98138 36.1965 -7.26379
-10.2275 36.5714 -6.62186
-3.71774 36.0968 -10.6296
-3.43397 36.4519 -10.3134
-3.28932 36.7239 -10.0583
-3.21229 36.9174 -9.87348
-3.22254 37.3397 -9.45338
-3.15037 37.8835 -8.92427
-3.10739 38.1607 -8.65506
-3.0806 38.3235 -8.49565
-3.11162 38.8829 -7.94708
-3.28866 39.273 -7.54213
-3.46601 39.538 -7.24705
-3.59181 39.7441 -7.00665
-4.03864 40.1967 -6.34348
-4.60847 40.5666 -5.61287
-4.8928 40.6889 -5.26343
-5.41993 40.9017 -4.61004
-6.1352 40.6684 -4.16056
-6.78333 40.411 -3.84951
-6.33631 38.1649 11.7578
-6.30015 38.4915 10.9989
-6.22559 38.6971 10.5537
-24.1655 -26.108 19.4145
-24.4744 -25.4784 19.7031
-24.5355 -24.9536 20.1487
-24.5746 -24.3632 20.6809
-24.598 -24.1136 20.8973
-24.5959 -23.7366 21.237
-24.4069 -23.3372 21.6583
-24.2887 -23.1341 21.8814
-23.8509 -22.5732 22.5375
-23.4182 -22.0251 23.1774
-23.0117 -21.8007 23.6456
-22.5247 -21.6006 24.1439
-22.236 -21.4915 24.4303
-21.9434 -21.3866 24.7077
-21.6135 -21.3678 24.9235
-21.1451 -21.3109 25.234
-20.9035 -21.2844 25.3921
-20.5828 -21.2452 25.5992
-20.0466 -21.19 25.9368
-19.5335 -21.1605 26.2386
-19.1107 -21.0929 26.5027
-18.5024 -21.2203 26.7317
-3.06988 -16.096 2.77669
-3.22107 -16.1504 2.21573
-3.27671 -16.1359 1.96321
-3.33829 -16.062 1.65489
-3.52657 -15.9686 0.966235
-3.63918 -15.8859 0.556888
-3.90534 -15.6784 -0.387248
-4.21977 -15.4277 -1.48718
-4.29264 -15.3693 -1.73647
-4.47269 -15.2707 -2.28165
-4.91406 -15.214 -3.07729
-5.41964 -15.256 -3.83654
-5.75706 -15.3576 -4.2589
-5.79274 -15.3736 -4.29881
-6.18974 -15.6097 -4.70054
-6.7407 -16.1993 -5.09487
-7.03534 -16.7901 -5.15213
-7.21484 -17.3693 -5.07332
-7.30908 -18.0129 -4.85989
-7.38032 -18.8348 -4.52998
-7.36991 -19.1574 -4.35587
-7.34781 -19.506 -4.15504
-7.29645 -19.8716 -3.91174
-7.20098 -20.2937 -3.58745
-7.0635 -20.8152 -3.16248
-6.93277 -21.2224 -2.80007
-6.70389 -21.7895 -2.22805
-6.49282 -22.2517 -1.72616
-6.33975 -22.5567 -1.36731
-6.20016 -22.8387 -1.04952
-5.99422 -23.2678 -0.522316
-5.85411 -23.5507 -0.16089
-5.68728 -23.8731 0.266502
-5.5128 -24.4114 0.795193
-5.28999 -25.2879 1.40486
-0.857957 26.1561 -2.41652
-1.00537 27.076 -1.76046
-1.06536 27.4544 -1.2504
-1.09587 27.6446 -0.989036
-1.14077 27.907 -0.572014
-1.17569 28.1097 -0.262309
-1.21111 28.3236 0.05959
-1.25196 28.52 0.426411
-1.282 28.6484 0.68967
-1.34611 28.9086 1.26005
-1.38449 29.0471 1.60355
-1.43612 29.1963 2.11022
-1.49358 29.3231 2.73569
-1.55141 29.351 3.57029
-1.58387 29.2855 4.21954
-1.59447 29.2124 4.53574
-1.61176 29.0215 5.17854
-1.62344 28.7853 5.78991
-1.63102 28.5065 6.37917
-1.6349 28.3336 6.71658
-1.64055 28.0597 7.22014
-1.64664 27.728 7.76918
-1.65153 27.4952 8.13709
-1.6591 27.1527 8.64436
-1.66745 26.7906 9.16808
-1.67226 26.5965 9.43491
-1.67884 26.3306 9.78342
-1.68866 25.8762 10.3313
-1.69413 25.6232 10.635
-1.70249 25.1922 11.1364
-1.71034 24.7592 11.626
-1.71383 24.2859 12.082
-1.71244 23.8551 12.4405
-1.70202 23.2911 12.8116
-1.67961 22.4366 13.2917
-1.65704 21.833 13.5818
-1.61325 20.9749 13.8924
-1.60966 20.8438 13.9378
-1.60523 20.4716 14.0662
-1.59739 19.781 14.3189
-1.59136 19.109 14.5695
-1.59036 18.9023 14.6494
-1.58739 18.001 15.0022
-1.59106 17.3539 15.266
-1.6137 16.8213 15.5216
-1.63797 16.3691 15.7479
-1.6774 15.4238 16.1468
-1.71748 14.4408 16.5362
-1.73174 13.9729 16.6842
-1.74459 13.5911 16.8063
-1.75439 13.1642 16.9075
-1.76401 12.8051 17.0017
-1.76974 12.5658 17.0624
-1.78247 11.918 17.1897
-1.79318 11.3714 17.2847
-1.797 10.8529 17.3373
-1.80152 10.3071 17.3816
-1.794 9.72246 17.3493
-1.79896 9.24812 17.3761
-1.79663 8.67468 17.3403
-1.79621 8.25792 17.3225
-1.79897 7.74233 17.2894
-1.79933 7.12156 17.2335
-1.80668 6.42403 17.1762
-1.81321 5.47152 17.0844
-1.82446 5.0051 17.0443
-1.84707 4.3823 17.0156
-1.85535 4.26985 17.0328
-1.86948 3.78053 16.9987
-1.88276 3.24684 16.9553
-1.91711 2.20067 16.8891
-1.93874 1.43333 16.8312
-1.96236 0.554586 16.7599
-1.97833 -0.118647 16.6966
-1.99229 -0.766337 16.6298
-1.99529 -0.910651 16.6145
-2.00002 -1.14588 16.5888
-2.02463 -1.68639 16.573
-2.06933 -2.78724 16.5076
-2.10361 -3.38032 16.4954
-2.13348 -3.87845 16.4873
-2.18358 -4.42495 16.5272
-2.25556 -5.18492 16.5974
-2.33807 -6.01538 16.6856
-2.45849 -7.07669 16.8355
-2.51675 -7.84172 16.9011
-2.52228 -7.93968 16.9078
-2.59356 -8.9429 16.9371
-2.61162 -9.21568 16.9427
-2.66691 -10.0711 16.9503
-2.69007 -10.4769 16.9343
-2.66369 -10.9467 16.7101
-2.6445 -11.3438 16.5136
-2.66459 -11.9329 16.3902
-31.4261 -26.9813 -9.36055
-31.4777 -26.3099 -9.93581
-31.4904 -26.0077 -10.1973
-31.4925 -25.7218 -10.4262
-31.4895 -25.478 -10.6218
-31.4745 -25.0984 -10.9292
-31.4709 -24.549 -11.3571
-31.4514 -24.0935 -11.7179
-31.4747 -23.7571 -11.9182
-31.604 -23.0762 -12.2141
-31.688 -22.6313 -12.4062
-31.8113 -22.0307 -12.6517
-32.0042 -21.2001 -12.9353
-32.2678 -20.4511 -13.0879
-32.4647 -20.1201 -13.0803
-32.9011 -19.4611 -13.0147
-33.2852 -18.905 -12.9379
-33.5972 -18.6635 -12.7466
-33.7731 -18.5212 -12.6337
-34.1473 -18.2381 -12.375
-34.6242 -17.9144 -12.0038
-35.3259 -17.4451 -11.4414
-35.6699 -17.2268 -11.136
-36.0822 -16.9712 -10.7513
-36.5417 -16.6619 -10.2876
-36.7272 -16.4614 -10.0444
-36.9513 -16.234 -9.74413
-37.1358 -15.976 -9.47785
-37.3852 -15.5959 -9.10465
-37.6246 -15.2288 -8.7109
-37.7581 -15.0321 -8.39154
-37.8879 -14.7823 -8.068
-38.0846 -14.3147 -7.51354
-38.1776 -13.7379 -6.75168
-38.2037 -13.4091 -6.3309
-38.2142 -13.0926 -5.97503
-38.2148 -12.6718 -5.46779
-38.2229 -12.2705 -5.08786
-38.074 -11.6557 -4.48563
-37.7884 -11.0644 -3.45237
-18.5024 -21.2203 26.7317
-18.6443 -20.3666 27.1566
-18.5347 -19.8212 27.5082
-18.4904 -19.2938 27.8148
-18.449 -18.8662 28.0644
-18.4595 -17.9411 28.5271
-18.5313 -17.0614 28.9263
-18.6196 -16.4981 29.1549
-18.7175 -16.1663 29.2597
-18.8391 -15.806 29.3633
-19.072 -15.1128 29.5619
-19.187 -14.8277 29.6301
-19.4661 -14.2579 29.7254
-19.6912 -13.8468 29.7738
-19.7697 -13.5919 29.7947
-19.8484 -13.3 29.8209
-20.0009 -12.8452 29.8519
-20.1259 -12.2311 29.9174
-6.74855 16.2538 -15.9329
-6.22811 16.1593 -15.8291
-6.10677 16.1064 -15.7924
-5.76863 15.9937 -15.7035
-5.23978 15.9171 -15.5866
-4.46879 16.1565 -15.4562
-4.07573 16.3331 -15.4132
-3.19411 16.6934 -15.2905
-4.49187 19.5161 28.11
-4.61681 18.7308 28.5928
-4.67965 18.1964 28.8782
-4.83898 17.985 29.0842
-5.04798 17.5985 29.366
-5.33631 17.0943 29.7195
-5.64751 16.4837 30.1091
-5.89547 15.96 30.4064
-6.06259 15.5731 30.5966
-6.2352 15.0572 30.8187
-6.36105 14.4488 31.0314
-6.5961 13.2476 31.4328
-6.253 12.3412 31.4753
-5.83863 11.4343 31.4197
-5.53707 10.7903 31.374
-5.32491 10.3521 31.3345
-4.9015 9.89458 31.0797
-4.64217 9.20693 31.0563
-5.68359 -18.2864 28.4137
-5.15647 -17.4729 28.4857
-4.81497 -17.0059 28.4852
-4.65296 -16.79 28.4806
-4.49616 -16.5877 28.4699
-4.3428 -16.3942 28.4583
-4.09484 -16.0214 28.4563
-3.81056 -15.6056 28.4561
-3.6427 -14.9098 28.4893
-3.48574 -14.3333 28.5164
-3.392 -13.9728 28.535
-3.2603 -13.4453 28.5649
-3.13706 -12.8973 28.6017
-3.00216 -12.2674 28.6422
-2.87102 -11.5638 28.6697
-2.69573 -10.5173 28.572
-2.18273 17.2664 24.5501
-2.04209 17.5359 24.0669
-1.89684 18.1881 23.2228
-1.79924 18.7353 22.5664
-1.75754 19.1482 22.2608
-1.69267 19.8957 21.7959
-1.67024 20.2498 21.6382
-1.6463 20.8471 21.4634
-1.62687 21.6937 21.2892
-1.64816 22.7238 21.236
-1.7342 23.8683 21.3281
-1.97494 24.8238 21.557
-2.26276 25.3506 21.7613
-2.79778 26.1315 22.1121
-3.57335 26.9701 22.4118
-4.41133 27.523 22.7048
-8.25416 -32.8169 14.7792
-8.67676 -33.3771 14.2956
-8.94554 -33.556 14.2006
-9.0479 -33.6211 14.1678
-9.26236 -33.7581 14.0967
-10.0544 -34.2656 13.828
-10.6205 -34.9932 13.1949
-33.9469 2.97323 -2.49639
-34.3645 2.5716 -2.32204
-34.7256 2.0972 -2.05219
-34.981 1.80374 -1.90433
-35.4033 1.29465 -1.64275
-35.642 0.907522 -1.43959
-36.1976 -0.00224431 -1.05903
-36.4519 -0.460165 -0.868487
-36.6138 -0.799102 -0.728381
-36.7582 -1.12141 -0.595542
-36.9024 -1.40545 -0.472614
-37.3051 -2.5502 -0.0137196
-37.2843 -2.74314 0.045624
-37.3718 -3.69983 0.398676
-37.4229 -4.38864 0.67694
-37.4459 -4.79036 0.849723
-37.4627 -5.21623 1.04781
-37.4767 -6.00751 1.45725
-37.4783 -6.55368 1.80958
-37.4779 -7.00109 2.19715
-37.4761 -7.2494 2.44184
-37.4551 -7.61502 2.85001
-37.4547 -8.01327 3.59989
-37.4776 -8.15658 4.26114
-37.5045 -8.23484 4.90139
-37.5595 -8.20662 5.93433
-37.5898 -8.08925 6.51458
-37.6268 -7.80343 7.36256
-37.6408 -7.58588 7.84404
-37.6427 -7.47181 8.0525
-37.6403 -7.18246 8.5445
-37.6272 -6.91343 8.92843
-37.6101 -6.63452 9.31041
-37.5637 -6.12764 9.95051
-37.5043 -5.55787 10.6513
-37.4809 -5.36205 10.8875
-37.4551 -5.1824 11.1049
-37.4243 -4.9902 11.3353
-37.3684 -4.69937 11.7047
-37.3068 -4.41516 12.0765
-37.2509 -4.18168 12.3889
-37.2026 -3.99508 12.6482
-37.1087 -3.66295 13.1033
-36.9851 -3.28035 13.6491
-36.91 -3.08967 13.9544
-36.8108 -2.87015 14.3059
-36.702 -2.62939 14.6851
-36.6145 -2.41543 14.9863
-36.4375 -2.14261 15.5014
-36.2217 -1.78991 16.1078
-36.0402 -1.58219 16.5584
-35.8967 -1.41944 16.8861
-35.73 -1.23742 17.2566
-35.5471 -0.984035 17.6219
-35.3538 -0.911294 17.9455
-35.1714 -0.85166 18.2458
-35.0118 -0.793304 18.5095
-34.8733 -0.752467 18.7342
-34.4738 -0.820922 19.3432
-26.2597 4.49375 -26.1174
-25.4293 4.56119 -26.861
-25.0223 4.62716 -27.2322
-24.4278 4.72925 -27.6507
-23.8272 4.86028 -28.0425
-23.1576 4.95767 -28.4574
-22.6338 5.05334 -28.7206
-22.1018 5.13457 -28.9689
-21.3216 5.23755 -29.3028
-20.9136 5.28316 -29.4554
-20.5008 5.30419 -29.5788
-19.7711 5.33933 -29.7721
-19.1468 5.41051 -29.9326
-18.3133 5.25899 -29.9794
-4.41133 27.523 22.7048
-4.15123 28.0997 22.3403
-3.70449 28.6695 21.7522
-3.53475 28.9426 21.4962
-3.41675 29.1303 21.3129
-3.24933 29.4107 21.0378
-3.08893 29.6751 20.7722
-2.72819 30.2687 20.1167
-2.48501 30.6941 19.5226
-2.38889 31.0236 19.132
-2.30735 31.4005 18.6822
-2.23247 31.8081 18.1676
-2.22052 32.2319 17.68
-2.24761 32.8518 16.998
-2.31411 33.2579 16.6461
-2.40348 33.6682 15.9759
-12.253 27.2274 22.5874
-12.9555 26.7114 22.6799
-13.0821 26.6366 22.683
-13.9609 26.1382 22.6874
-14.5148 25.8234 22.6833
-14.9263 25.5515 22.6589
-15.4784 25.1113 22.6066
-15.9437 24.7273 22.5236
-16.2976 24.4453 22.4474
-16.8231 23.9282 22.3474
-17.3298 23.4345 22.2496
-17.413 23.3509 22.234
-17.7463 22.9633 22.1905
-18.0687 22.3834 22.2493
-18.2497 22.0135 22.3051
-18.426 21.4427 22.4746
-18.5145 21.071 22.6072
-18.6231 20.535 22.8147
-18.6747 20.1974 22.9609
-18.7326 19.848 23.1083
-18.651 19.6083 23.3477
-18.4827 19.2379 23.7614
-18.2292 18.7792 24.3126
-17.8573 18.2446 25.0396
-17.4898 17.8551 25.5988
-17.3353 17.5115 25.9818
-17.2328 17.302 26.2252
-17.0891 16.9752 26.5892
-16.9721 16.691 26.8977
-16.8695 16.387 27.2101
-16.7728 16.1012 27.4985
-16.8288 15.6089 27.8037
-16.9961 14.8705 28.1964
-17.0734 14.4679 28.4157
-17.2117 13.9319 28.68
-17.7654 12.9765 28.8471
-18.2096 12.269 28.9433
-18.5183 12.0328 28.8745
-18.8012 11.6721 28.8674
0 1
1 2
2 3
3 4
4 5
5 6
6 7
7 8
8 9
9 10
10 11
11 12
12 13
13 14
14 15
15 16
16 17
17 18
18 19
19 20
20 21
21 22
22 23
23 24
24 25
25 26
26 27
27 28
28 29
30 31
31 32
32 33
33 34
35 36
36 37
37 38
38 39
39 40
40 41
41 42
42 43
44 45
45 46
46 47
47 48
48 49
49 50
50 51
51 52
52 53
53 54
54 55
55 56
56 57
57 58
58 59
59 60
60 61
61 62
62 63
63 64
64 65
65 66
67 68
68 69
69 70
70 71
71 72
72 73
73 74
74 75
75 76
76 77
77 78
78 79
79 80
80 81
81 82
82 83
83 84
84 85
85 86
86 87
87 88
88 89
89 90
90 91
91 92
92 93
93 94
94 95
95 96
96 97
98 99
99 100
100 101
101 102
102 103
103 104
104 105
105 106
106 107
107 108
108 109
109 110
110 111
111 112
112 113
113 114
114 115
115 116
116 117
117 118
118 119
119 120
120 121
121 122
122 123
123 124
124 125
125 126
126 127
128 129
130 131
131 132
132 133
133 134
134 135
135 136
136 137
137 138
138 139
139 140
140 141
141 142
142 143
143 144
144 145
145 146
146 147
147 148
148 149
149 150
150 151
151 152
152 153
153 154
154 155
155 156
156 157
157 158
158 159
159 160
160 161
162 163
163 164
164 165
165 166
166 167
167 168
168 169
169 170
170 171
171 172
172 173
173 174
175 176
176 177
177 178
178 179
179 180
180 181
181 182
182 183
183 184
184 185
185 186
186 187
187 188
188 189
190 191
191 192
193 194
194 195
195 196
196 197
197 198
198 199
199 200
201 202
202 203
203 204
204 205
205 206
206 207
207 208
208 209
209 210
210 211
211 212
212 213
213 214
214 215
215 216
216 217
217 218
218 219
219 220
220 221
221 222
222 223
223 224
224 225
225 226
226 227
227 228
228 229
229 230
230 231
232 233
233 234
234 235
235 236
236 237
237 238
238 239
239 240
240 241
241 242
242 243
243 244
244 245
245 246
246 247
247 248
248 249
249 250
251 252
252 253
253 254
254 255
255 256
256 257
257 258
258 259
259 260
260 261
261 262
262 263
263 264
264 265
265 266
266 267
267 268
268 269
269 270
270 271
271 272
272 273
273 274
275 276
276 277
277 278
278 279
279 280
280 281
281 282
282 283
283 284
284 285
285 286
286 287
287 288
288 289
289 290
290 291
291 292
292 293
293 294
294 295
295 296
296 297
297 298
298 299
299 300
300 301
302 303
303 304
304 305
305 306
306 307
307 308
308 309
309 310
310 311
311 312
312 313
313 314
314 315
315 316
316 317
318 319
319 320
320 321
321 322
322 323
323 324
324 325
325 326
326 327
327 328
328 329
329 330
330 331
332 333
333 334
334 335
335 336
336 337
337 338
338 339
339 340
340 341
342 343
344 345
345 346
346 347
347 348
348 349
349 350
350 351
351 352
352 353
353 354
354 355
355 356
356 357
357 358
358 359
359 360
360 361
361 362
362 363
363 364
364 365
365 366
366 367
367 368
369 370
370 371
371 372
372 373
373 374
374 375
375 376
376 377
377 378
378 379
379 380
380 381
381 382
382 383
383 384
384 385
385 386
386 387
387 388
388 389
389 390
390 391
391 392
392 393
393 394
394 395
395 396
397 398
398 399
399 400
400 401
401 402
403 404
404 405
405 406
406 407
407 408
408 409
409 410
411 412
412 413
413 414
414 415
415 416
416 417
417 418
418 419
419 420
420 421
421 422
422 423
424 425
425 426
426 427
427 428
428 429
429 430
430 431
431 432
432 433
433 434
434 435
435 436
436 437
437 438
438 439
439 440
440 441
441 442
442 443
443 444
444 445
445 446
446 447
447 448
448 449
449 450
450 451
451 452
452 453
453 454
454 455
455 456
456 457
457 458
458 459
460 461
461 462
462 463
463 464
464 465
465 466
466 467
467 468
468 469
469 470
470 471
471 472
472 473
473 474
474 475
475 476
476 477
477 478
478 479
479 480
481 482
482 483
483 484
484 485
485 486
487 488
488 489
489 490
490 491
491 492
492 493
493 494
494 495
495 496
496 497
497 498
498 499
499 500
501 502
502 503
503 504
504 505
505 506
506 507
507 508
508 509
509 510
510 511
511 512
512 513
513 514
514 515
515 516
516 517
517 518
518 519
519 520
520 521
521 522
522 523
523 524
524 525
525 526
526 527
527 528
528 529
529 530
530 531
531 532
532 533
533 534
534 535
535 536
536 537
537 538
538 539
539 540
540 541
541 542
543 544
544 545
545 546
546 547
547 548
548 549
549 550
550 551
552 553
553 554
554 555
555 556
556 557
557 558
558 559
559 560
560 561
561 562
562 563
563 564
564 565
565 566
566 567
567 568
568 569
569 570
570 571
571 572
572 573
573 574
574 575
575 576
576 577
577 578
578 579
579 580
580 581
581 582
582 583
584 585
585 586
586 587
587 588
588 589
589 590
590 591
591 592
592 593
593 594
594 595
596 597
597 598
598 599
599 600
600 601
601 602
602 603
603 604
604 605
605 606
606 607
608 609
609 610
610 611
611 612
612 613
613 614
614 615
615 616
616 617
617 618
619 620
620 621
621 622
622 623
623 624
624 625
625 626
626 627
627 628
628 629
629 630
630 631
631 632
632 633
633 634
634 635
635 636
636 637
637 638
638 639
639 640
640 641
641 642
642 643
643 644
644 645
645 646
646 647
647 648
648 649
649 650
650 651
651 652
652 653
653 654
654 655
655 656
656 657
657 658
658 659
659 660
660 661
661 662
662 663
664 665
665 666
666 667
667 668
669 670
670 671
671 672
672 673
673 674
674 675
675 676
676 677
677 678
678 679
680 681
681 682
682 683
683 684
684 685
685 686
686 687
687 688
688 689
689 690
691 692
692 693
693 694
694 695
695 696
696 697
697 698
698 699
699 700
700 701
701 702
702 703
703 704
704 705
705 706
706 707
707 708
708 709
709 710
710 711
712 713
713 714
715 716
716 717
717 718
718 719
719 720
720 721
721 722
722 723
723 724
724 725
725 726
726 727
727 728
728 729
729 730
730 731
731 732
732 733
733 734
734 735
735 736
736 737
737 738
738 739
739 740
740 741
741 742
742 743
743 744
744 745
745 746
746 747
747 748
748 749
749 750
750 751
751 752
752 753
754 755
755 756
756 757
757 758
758 759
759 760
760 761
761 762
762 763
764 765
765 766
766 767
767 768
768 769
769 770
770 771
771 772
772 773
773 774
774 775
775 776
776 777
777 778
778 779
779 780
780 781
781 782
782 783
783 784
784 785
785 786
786 787
787 788
788 789
789 790
790 791
791 792
792 793
793 794
794 795
795 796
796 797
797 798
798 799
799 800
800 801
801 802
802 803
803 804
804 805
805 806
806 807
807 808
808 809
809 810
810 811
811 812
813 814
814 815
815 816
816 817
817 818
818 819
819 820
820 821
821 822
822 823
823 824
824 825
825 826
826 827
827 828
828 829
829 830
830 831
831 832
832 833
834 835
835 836
836 837
837 838
838 839
839 840
840 841
841 842
842 843
843 844
844 845
845 846
846 847
848 849
849 850
850 851
851 852
852 853
853 854
854 855
855 856
856 857
857 858
858 859
859 860
860 861
861 862
862 863
864 865
865 866
866 867
867 868
868 869
869 870
870 871
871 872
873 874
874 875
875 876
876 877
877 878
878 879
879 880
880 881
881 882
882 883
883 884
884 885
885 886
886 887
887 888
888 889
889 890
890 891
891 892
892 893
893 894
894 895
895 896
896 897
897 898
898 899
899 900
901 902
903 904
904 905
905 906
906 907
907 908
908 909
909 910
910 911
911 912
912 913
913 914
914 915
915 916
916 917
917 918
918 919
919 920
920 921
921 922
922 923
923 924
924 925
925 926
926 927
927 928
928 929
929 930
930 931
931 932
932 933
933 934
934 935
935 936
936 937
937 938
938 939
939 940
941 942
942 943
943 944
944 945
945 946
946 947
947 948
948 949
949 950
950 951
951 952
952 953
953 954
954 955
955 956
956 957
957 958
958 959
959 960
960 961
961 962
962 963
963 964
964 965
965 966
966 967
967 968
968 969
969 970
970 971
971 972
972 973
974 975
975 976
976 977
977 978
978 979
979 980
980 981
981 982
982 983
983 984
985 986
986 987
987 988
988 989
989 990
990 991
991 992
992 993
993 994
994 995
995 996
996 997
997 998
998 999
999 1000
1000 1001
1001 1002
1003 1004
1004 1005
1005 1006
1006 1007
1007 1008
1008 1009
1009 1010
1010 1011
1012 1013
1013 1014
1014 1015
1015 1016
1016 1017
1017 1018
1018 1019
1019 1020
1020 1021
1021 1022
1022 1023
1023 1024
1024 1025
1025 1026
1026 1027
1027 1028
1028 1029
1029 1030
1030 1031
1031 1032
1032 1033
1033 1034
1035 1036
1036 1037
1037 1038
1038 1039
1039 1040
1040 1041
1041 1042
1042 1043
1043 1044
1044 1045
1045 1046
1046 1047
1047 1048
1048 1049
1049 1050
1050 1051
1051 1052
1052 1053
1053 1054
1054 1055
1055 1056
1056 1057
1057 1058
1058 1059
1059 1060
1060 1061
1061 1062
1062 1063
1063 1064
1064 1065
1065 1066
1066 1067
1068 1069
1069 1070
1070 1071
1071 1072
1072 1073
1073 1074
1074 1075
1075 1076
1077 1078
1078 1079
1079 1080
1080 1081
1081 1082
1082 1083
1083 1084
1084 1085
1085 1086
1086 1087
1087 1088
1088 1089
1089 1090
1090 1091
1091 1092
1093 1094
1094 1095
1095 1096
1096 1097
1097 1098
1098 1099
1099 1100
1100 1101
1101 1102
1102 1103
1103 1104
1104 1105
1105 1106
1106 1107
1107 1108
1108 1109
1109 1110
1110 1111
1111 1112
1112 1113
1113 1114
1114 1115
1115 1116
1116 1117
1117 1118
1118 1119
1119 1120
1120 1121
1121 1122
1122 1123
1123 1124
1124 1125
1125 1126
1126 1127
1127 1128
1128 1129
1129 1130
1130 1131
1131 1132
1132 1133
1133 1134
1134 1135
1136 1137
1137 1138
1138 1139
1139 1140
1140 1141
1141 1142
1142 1143
1143 1144
1144 1145
1145 1146
1146 1147
1147 1148
1149 1150
1150 1151
1151 1152
1152 1153
1153 1154
1155 1156
1156 1157
1157 1158
1158 1159
1159 1160
1160 1161
1161 1162
1162 1163
1163 1164
1164 1165
1165 1166
1166 1167
1167 1168
1168 1169
1169 1170
1170 1171
1171 1172
1172 1173
1173 1174
1174 1175
1176 1177
1177 1178
1178 1179
1179 1180
1180 1181
1181 1182
1182 1183
1183 1184
1184 1185
1185 1186
1186 1187
1187 1188
1188 1189
1189 1190
1190 1191
1192 1193
1193 1194
1194 1195
1195 1196
1196 1197
1197 1198
1198 1199
1199 1200
1200 1201
1201 1202
1202 1203
1203 1204
1204 1205
1205 1206
1206 1207
1207 1208
1208 1209
1209 1210
1210 1211
1211 1212
1212 1213
1213 1214
1215 1216
1216 1217
1217 1218
1218 1219
1219 1220
1220 1221
1221 1222
1222 1223
1223 1224
1224 1225
1225 1226
1226 1227
1227 1228
1228 1229
1229 1230
1230 1231
1231 1232
1232 1233
1234 1235
1235 1236
1236 1237
1237 1238
1238 1239
1239 1240
1240 1241
1241 1242
1242 1243
1243 1244
1244 1245
1246 1247
1247 1248
1248 1249
1249 1250
1250 1251
1251 1252
1252 1253
1253 1254
1254 1255
1255 1256
1256 1257
1258 1259
1259 1260
1260 1261
1261 1262
1262 1263
1263 1264
1264 1265
1265 1266
1266 1267
1267 1268
1268 1269
1269 1270
1270 1271
1271 1272
1272 1273
1273 1274
1274 1275
1275 1276
1276 1277
1277 1278
1278 1279
1279 1280
1281 1282
1282 1283
1283 1284
1284 1285
1285 1286
1286 1287
1287 1288
1288 1289
1289 1290
1290 1291
1291 1292
1292 1293
1293 1294
1294 1295
1295 1296
1296 1297
1297 1298
1298 1299
1299 1300
1300 1301
1301 1302
1302 1303
1303 1304
1304 1305
1305 1306
1306 1307
1307 1308
1308 1309
1309 1310
1310 1311
1311 1312
1312 1313
1313 1314
1314 1315
1315 1316
1316 1317
1317 1318
1318 1319
1319 1320
1320 1321
1321 1322
1322 1323
1323 1324
1324 1325
1325 1326
1326 1327
1327 1328
1328 1329
1330 1331
1331 1332
1332 1333
1333 1334
1334 1335
1335 1336
1336 1337
1337 1338
1338 1339
1339 1340
1340 1341
1341 1342
1342 1343
1343 1344
1344 1345
1345 1346
1346 1347
1347 1348
1348 1349
1349 1350
1350 1351
1351 1352
1352 1353
1353 1354
1354 1355
1355 1356
1356 1357
1357 1358
1358 1359
1359 1360
1360 1361
1361 1362
1362 1363
1363 1364
1364 1365
1365 1366
1366 1367
1367 1368
1368 1369
1369 1370
1370 1371
1371 1372
1372 1373
1373 1374
1374 1375
1375 1376
1376 1377
1377 1378
1378 1379
1379 1380
1380 1381
1381 1382
1382 1383
1384 1385
1385 1386
1386 1387
1387 1388
1388 1389
1389 1390
1390 1391
1391 1392
1392 1393
1393 1394
1394 1395
1395 1396
1396 1397
1397 1398
1398 1399
1399 1400
1400 1401
1402 1403
1403 1404
1404 1405
1405 1406
1406 1407
1407 1408
1408 1409
1409 1410
1410 1411
1411 1412
1412 1413
1413 1414
1414 1415
1415 1416
1416 1417
1417 1418
1418 1419
1419 1420
1420 1421
1421 1422
1422 1423
1423 1424
1424 1425
1425 1426
1426 1427
1427 1428
1428 1429
1429 1430
1430 1431
1431 1432
1432 1433
1433 1434
1434 1435
1435 1436
1436 1437
1437 1438
1438 1439
1439 1440
1440 1441
1441 1442
1442 1443
1443 1444
1444 1445
1445 1446
1446 1447
1447 1448
1448 1449
1449 1450
1450 1451
1451 1452
1452 1453
1453 1454
1454 1455
1455 1456
1456 1457
1457 1458
1458 1459
1459 1460
1460 1461
1461 1462
1462 1463
1463 1464
1464 1465
1465 1466
1466 1467
1467 1468
1468 1469
1469 1470
1470 1471
1471 1472
1472 1473
1473 1474
1474 1475
1475 1476
1476 1477
1477 1478
1478 1479
1479 1480
1480 1481
1481 1482
1482 1483
1483 1484
1484 1485
1485 1486
1487 1488
1488 1489
1489 1490
1490 1491
1491 1492
1492 1493
1493 1494
1494 1495
1495 1496
1496 1497
1497 1498
1498 1499
1499 1500
1500 1501
1501 1502
1502 1503
1503 1504
1505 1506
1506 1507
1507 1508
1508 1509
1509 1510
1510 1511
1511 1512
1512 1513
1513 1514
1514 1515
1515 1516
1516 1517
1517 1518
1518 1519
1519 1520
1521 1522
1522 1523
1523 1524
1524 1525
1525 1526
1526 1527
1527 1528
1528 1529
1529 1530
1530 1531
1531 1532
1532 1533
1533 1534
1534 1535
1535 1536
1536 1537
1537 1538
1538 1539
1539 1540
1541 1542
1542 1543
1543 1544
1544 1545
1545 1546
1546 1547
1547 1548
1548 1549
1549 1550
1550 1551
1551 1552
1552 1553
1553 1554
1554 1555
1555 1556
1556 1557
1557 1558
1558 1559
1559 1560
1560 1561
1561 1562
1562 1563
1563 1564
1564 1565
1565 1566
1566 1567
1567 1568
1568 1569
1569 1570
1570 1571
1571 1572
1572 1573
1573 1574
1574 1575
1575 1576
1576 1577
1577 1578
1578 1579
1579 1580
1580 1581
1581 1582
1582 1583
1583 1584
1584 1585
1585 1586
1586 1587
1587 1588
1588 1589
1589 1590
1590 1591
1591 1592
1592 1593
1593 1594
1594 1595
1595 1596
1596 1597
1597 1598
1598 1599
1600 1601
1601 1602
1602 1603
1603 1604
1604 1605
1605 1606
1606 1607
1607 1608
1609 1610
1610 1611
1611 1612
1612 1613
1613 1614
1614 1615
1615 1616
1616 1617
1617 1618
1618 1619
1619 1620
1620 1621
1621 1622
1622 1623
1623 1624
1624 1625
1625 1626
1626 1627
1627 1628
1628 1629
1629 1630
1630 1631
1631 1632
1632 1633
1633 1634
1634 1635
1635 1636
1636 1637
1637 1638
1638 1639
1639 1640
1640 1641
1641 1642
1642 1643
1643 1644
1644 1645
1645 1646
1646 1647
1647 1648
1648 1649
1649 1650
1650 1651
1651 1652
1652 1653
1653 1654
1655 1656
1657 1658
1658 1659
1659 1660
1660 1661
1661 1662
1662 1663
1663 1664
1664 1665
1665 1666
1667 1668
1668 1669
1669 1670
1670 1671
1671 1672
1672 1673
1673 1674
1674 1675
1675 1676
1676 1677
1677 1678
1678 1679
1679 1680
1680 1681
1681 1682
1682 1683
1683 1684
1684 1685
1685 1686
1686 1687
1687 1688
1688 1689
1690 1691
1691 1692
1692 1693
1693 1694
1694 1695
1695 1696
1696 1697
1697 1698
1698 1699
1699 1700
1700 1701
1701 1702
1702 1703
1703 1704
1704 1705
1705 1706
1706 1707
1707 1708
1708 1709
1709 1710
1710 1711
1711 1712
1712 1713
1713 1714
1714 1715
1715 1716
1716 1717
1717 1718
1718 1719
1719 1720
1720 1721
1721 1722
1722 1723
1723 1724
1724 1725
1725 1726
1726 1727
1727 1728
1728 1729
1729 1730
1730 1731
1731 1732
1732 1733
1733 1734
1734 1735
1735 1736
1736 1737
1737 1738
1738 1739
1739 1740
1741 1742
1742 1743
1743 1744
1744 1745
1745 1746
1746 1747
1747 1748
1748 1749
1749 1750
1750 1751
1751 1752
1752 1753
1753 1754
1754 1755
1755 1756
1756 1757
1757 1758
1758 1759
1759 1760
1761 1762
1762 1763
1763 1764
1764 1765
1765 1766
1766 1767
1767 1768
1768 1769
1769 1770
1770 1771
1771 1772
1772 1773
1773 1774
1774 1775
1775 1776
1776 1777
1777 1778
1778 1779
1779 1780
1781 1782
1782 1783
1783 1784
1784 1785
1785 1786
1786 1787
1787 1788
1788 1789
1789 1790
1790 1791
1791 1792
1792 1793
1793 1794
1794 1795
1795 1796
1796 1797
1797 1798
1798 1799
1799 1800
1800 1801
1801 1802
1802 1803
1803 1804
1804 1805
1805 1806
1806 1807
1807 1808
1808 1809
1809 1810
1810 1811
1811 1812
1812 1813
1813 1814
1814 1815
1815 1816
1816 1817
1817 1818
1818 1819
1819 1820
1820 1821
1821 1822
1822 1823
1823 1824
1824 1825
1825 1826
1826 1827
1827 1828
1828 1829
1829 1830
1830 1831
1831 1832
1832 1833
1833 1834
1834 1835
1835 1836
1836 1837
1837 1838
1838 1839
1839 1840
1840 1841
1841 1842
1842 1843
1843 1844
1844 1845
1845 1846
1846 1847
1847 1848
1849 1850
1850 1851
1851 1852
1852 1853
1853 1854
1854 1855
1855 1856
1856 1857
1857 1858
1858 1859
1859 1860
1860 1861
1861 1862
1862 1863
1863 1864
1864 1865
1865 1866
1866 1867
1867 1868
1868 1869
1869 1870
1871 1872
1872 1873
1873 1874
1874 1875
1875 1876
1876 1877
1877 1878
1878 1879
1880 1881
1881 1882
1882 1883
1883 1884
1884 1885
1885 1886
1886 1887
1887 1888
1889 1890
1890 1891
1891 1892
1892 1893
1893 1894
1894 1895
1895 1896
1896 1897
1897 1898
1898 1899
1900 1901
1901 1902
1902 1903
1903 1904
1904 1905
1905 1906
1907 1908
1908 1909
1909 1910
1910 1911
1911 1912
1912 1913
1913 1914
1914 1915
1915 1916
1916 1917
1917 1918
1918 1919
1919 1920
1920 1921
1921 1922
1922 1923
1923 1924
1924 1925
1925 1926
1926 1927
1927 1928
1928 1929
1929 1930
1930 1931
1931 1932
1932 1933
1933 1934
1934 1935
1936 1937
1937 1938
1938 1939
1939 1940
1940 1941
1941 1942
1942 1943
1943 1944
1944 1945
1945 1946
1947 1948
1948 1949
1949 1950
1950 1951
1951 1952
1952 1953
1953 1954
1954 1955
1955 1956
1956 1957
1957 1958
1958 1959
1959 1960
1960 1961
1962 1963
1963 1964
1964 1965
1965 1966
1966 1967
1967 1968
1968 1969
1969 1970
1970 1971
1971 1972
1972 1973
1973 1974
1974 1975
1975 1976
1976 1977
1977 1978
1978 1979
1980 1981
1981 1982
1983 1984
1984 1985
1985 1986
1986 1987
1987 1988
1988 1989
1989 1990
1990 1991
1991 1992
1992 1993
1993 1994
1994 1995
1995 1996
1996 1997
1997 1998
1998 1999
1999 2000
2000 2001
2001 2002
2002 2003
2003 2004
2005 2006
2006 2007
2007 2008
2008 2009
2009 2010
2010 2011
2011 2012
2012 2013
2013 2014
2014 2015
2015 2016
2016 2017
2017 2018
2018 2019
2019 2020
2020 2021
2021 2022
2022 2023
2023 2024
2024 2025
2025 2026
2026 2027
2027 2028
2028 2029
2029 2030
2030 2031
2031 2032
2032 2033
2033 2034
2034 2035
2035 2036
2036 2037
2037 2038
2038 2039
2040 2041
2041 2042
2042 2043
2043 2044
2044 2045
2045 2046
2046 2047
2047 2048
2048 2049
2049 2050
2050 2051
2051 2052
2052 2053
2053 2054
2054 2055
2055 2056
2056 2057
2057 2058
2058 2059
2059 2060
2060 2061
2061 2062
2062 2063
2063 2064
2064 2065
2065 2066
2066 2067
2067 2068
2068 2069
2069 2070
2070 2071
2071 2072
2072 2073
2073 2074
2074 2075
2075 2076
2076 2077
2077 2078
2078 2079
2079 2080
2080 2081
2081 2082
2082 2083
2083 2084
2084 2085
2085 2086
2086 2087
2087 2088
2088 2089
2089 2090
2090 2091
2091 2092
2092 2093
2093 2094
2094 2095
2095 2096
2096 2097
2097 2098
2098 2099
2099 2100
2100 2101
2101 2102
2102 2103
2103 2104
2104 2105
2105 2106
2106 2107
2107 2108
2108 2109
2109 2110
2110 2111
2111 2112
2112 2113
2113 2114
2114 2115
2115 2116
2116 2117
2117 2118
2118 2119
2119 2120
2120 2121
2121 2122
2122 2123
2123 2124
2124 2125
2125 2126
2126 2127
2127 2128
2128 2129
2129 2130
2130 2131
2131 2132
2132 2133
2134 2135
2135 2136
2136 2137
2137 2138
2138 2139
2139 2140
2140 2141
2141 2142
2142 2143
2143 2144
2144 2145
2145 2146
2146 2147
2147 2148
2148 2149
2149 2150
2150 2151
2151 2152
2152 2153
2153 2154
2154 2155
2155 2156
2156 2157
2157 2158
2158 2159
2159 2160
2160 2161
2161 2162
2162 2163
2163 2164
2164 2165
2165 2166
2166 2167
2167 2168
2168 2169
2169 2170
2170 2171
2171 2172
2172 2173
2174 2175
2175 2176
2176 2177
2177 2178
2178 2179
2179 2180
2180 2181
2181 2182
2182 2183
2183 2184
2184 2185
2185 2186
2186 2187
2187 2188
2188 2189
2189 2190
2190 2191
2192 2193
2193 2194
2194 2195
2195 2196
2196 2197
2197 2198
2198 2199
2200 2201
2201 2202
2202 2203
2203 2204
2204 2205
2205 2206
2206 2207
2207 2208
2208 2209
2209 2210
2210 2211
2211 2212
2212 2213
2213 2214
2214 2215
2215 2216
2216 2217
2218 2219
2219 2220
2220 2221
2221 2222
2222 2223
2223 2224
2224 2225
2225 2226
2226 2227
2227 2228
2228 2229
2229 2230
2230 2231
2231 2232
2232 2233
2234 2235
2235 2236
2236 2237
2237 2238
2238 2239
2239 2240
2240 2241
2241 2242
2242 2243
2243 2244
2244 2245
2245 2246
2246 2247
2247 2248
2248 2249
2250 2251
2251 2252
2252 2253
2253 2254
2254 2255
2255 2256
2257 2258
2258 2259
2259 2260
2260 2261
2261 2262
2262 2263
2263 2264
2264 2265
2265 2266
2266 2267
2267 2268
2268 2269
2269 2270
2270 2271
2271 2272
2272 2273
2273 2274
2274 2275
2275 2276
2276 2277
2277 2278
2278 2279
2279 2280
2280 2281
2281 2282
2282 2283
2283 2284
2284 2285
2285 2286
2286 2287
2287 2288
2288 2289
2289 2290
2290 2291
2291 2292
2292 2293
2293 2294
2294 2295
2295 2296
2296 2297
2297 2298
2298 2299
2299 2300
2300 2301
2301 2302
2302 2303
2303 2304
2304 2305
2305 2306
2306 2307
2307 2308
2308 2309
2309 2310
2310 2311
2311 2312
2312 2313
2313 2314
2314 2315
2316 2317
2317 2318
2318 2319
2319 2320
2320 2321
2321 2322
2322 2323
2323 2324
2324 2325
2325 2326
2326 2327
2327 2328
2328 2329
2330 2331
2331 2332
2332 2333
2333 2334
2334 2335
2335 2336
2336 2337
2337 2338
2338 2339
2339 2340
2340 2341
2341 2342
2342 2343
2343 2344
2344 2345
2346 2347
2347 2348
2348 2349
2349 2350
2350 2351
2351 2352
2352 2353
2353 2354
2354 2355
2355 2356
2356 2357
2357 2358
2358 2359
2359 2360
2360 2361
2361 2362
2362 2363
2363 2364
2364 2365
2365 2366
2366 2367
2367 2368
2368 2369
2369 2370
2370 2371
2371 2372
2372 2373
2373 2374
2374 2375
2375 2376
2376 2377
2377 2378
2378 2379
2379 2380
2380 2381
2381 2382
2382 2383
2383 2384

