143 0 113
14.1244 -38.7652 -6.04298 
27.0238 -19.556 -15.9468
22.8477 -38.1141 0.178999 
31.6064 -30.5518 3.61919
28.1636 -33.3424 -5.96035 
34.8224 -24.9437 -8.85856
31.6064 -30.5518 3.61919 
10.7776 -37.3789 11.893
6.51188 -28.8376 15.2999 
24.4291 -26.7775 17.8225
33.2863 -23.7577 7.00202 
31.9401 -25.5234 4.5607
24.4291 -26.7775 17.8225 
14.1415 -28.381 23.3648
34.3644 -22.4711 6.95128 
35.6834 -13.6768 6.20134 
36.7426 -11.716 6.54819
20.9381 -15.2935 28.9121 
25.4074 -1.5009 27.7381
30.4789 -14.7301 21.0384 
34.3644 -22.4711 6.95128
15.6626 -10.6303 31.364 
18.2768 -10.1447 30.9945
6.40609 -6.0089 -11.7198 
6.40609 -6.0089 -11.7198
19.3859 -6.33511 -22.96 
18.9724 1.94916 -30.4959
24.6911 3.09499 -2.08416 
20.7197 14.6715 -12.3963
30.359 -0.370316 -22.399 
36.2739 -5.01537 -13.2126
36.2694 0.682358 -4.57129 
33.6031 3.54049 -6.00109
33.6031 3.54049 -6.00109 
30.5855 -1.93645 1.98845
18.0975 9.57914 30.5538 
32.3814 14.5969 6.02816
32.3814 14.5969 6.02816 
30.1944 18.245 1.14269
4.61804 16.8137 -15.6801 
1.138 -10.3153 16.4263
30.1944 18.245 1.14269 
25.3554 25.8888 3.54348
0.836592 18.0634 23.1558 
3.72235 18.0634 27.8477
21.13 25.6247 12.0845 
20.6319 28.7012 11.0511
20.6319 28.7012 11.0511 
22.3048 30.887 4.65542
18.1189 32.9762 -2.3739 
8.0235 39.1632 -5.65635
8.20635 38.4566 9.40391 
18.0975 9.57914 30.5538
7.05418 39.626 -4.15972 
2.44611 35.2368 -2.2049
8.92688 39.4742 6.092 
8.58743 39.6415 5.60515 
31.462 -25.8779 3.86843 
29.3116 -2.76793 3.04096 
7.4261 -40.816 -1.46659 
31.9401 -25.5234 4.5607 
33.2863 -23.7577 7.00202
9.79734 -24.4604 -6.36406 
7.4261 -40.816 -1.46659
18.2768 -10.1447 30.9945 
20.9381 -15.2935 28.9121
14.8681 -6.14166 -21.2002 
19.3859 -6.33511 -22.96
36.5373 -4.98924 1.74855 
16.6832 15.3965 -14.6787 
4.61804 16.8137 -15.6801
3.72235 18.0634 27.8477 
3.18066 31.0607 17.8111
5.9399 -28.5867 15.0291 
6.51188 -28.8376 15.2999
14.1415 -28.381 23.3648 
6.78345 -26.826 24.0876
34.7015 -21.2831 -12.2322 
1.73396 -17.5999 2.11417 
12.3776 -16.165 -11.6906
35.8805 -2.1825 15.0127 
33.132 2.84158 2.15271
21.504 6.16594 -29.7524 
16.4827 6.72396 -31.2006
14.4945 12.2747 -26.4191 
14.8681 -6.14166 -21.2002
2.44611 35.2368 -2.2049 
2.49483 35.1905 -13.419
36.3484 0.537757 -4.46687 
36.2694 0.682358 -4.57129
15.2419 1.29678 32.3004 
12.3776 -16.165 -11.6906 
9.79734 -24.4604 -6.36406
26.7428 -18.5428 -16.4355 
33.132 2.84158 2.15271 
32.4699 6.13189 -0.311675
3.18066 31.0607 17.8111 
3.65949 35.1808 13.6553
21.1159 3.14709 -30.0304 
27.3735 18.4345 -4.58576 
16.4827 6.72396 -31.2006 
32.252 6.89236 16.9267 
2.18141 -23.8665 17.0079 
35.7736 -3.66472 15.8038 
30.4789 -14.7301 21.0384
32.4699 6.13189 -0.311675 
27.3735 18.4345 -4.58576
24.1249 22.3171 -5.27248 
3.65949 35.1808 13.6553 
6.58988 -34.4855 14.3379 
18.187 -22.9822 26.2966 
4.02312 -16.1433 29.4422 
2.15619 3.44909 30.9127
36.2739 -5.01537 -13.2126 
26.7428 -18.5428 -16.4355
6.78345 -26.826 24.0876 
4.02312 -16.1433 29.4422
2.49483 35.1905 -13.419 
22.3048 30.887 4.65542 
10.7776 -37.3789 11.893 
6.58988 -34.4855 14.3379
22.8477 -38.1141 0.178999
28.1636 -33.3424 -5.96035
18.187 -22.9822 26.2966
25.4074 -1.5009 27.7381 
32.252 6.89236 16.9267
21.1159 3.14709 -30.0304
21.504 6.16594 -29.7524
36.5373 -4.98924 1.74855
14.4945 12.2747 -26.4191
20.7197 14.6715 -12.3963 
16.6832 15.3965 -14.6787
24.1249 22.3171 -5.27248
25.3554 25.8888 3.54348 
8.92688 39.4742 6.092
8.0235 39.1632 -5.65635 
7.05418 39.626 -4.15972
8.58743 39.6415 5.60515
1.138 -10.3153 16.4263 
1.73396 -17.5999 2.11417
2.18141 -23.8665 17.0079
35.7736 -3.66472 15.8038
36.7426 -11.716 6.54819 
0 1
2 3
4 5
6 7
8 9
10 11
12 13
14 5
15 16
17 18
19 20
21 22
23 24
25 26
27 28
29 30
31 32
33 34
35 36
37 38
39 40
41 42
43 44
45 46
47 48
49 50
51 52
53 54
55 46
56 54
57 11
58 34
59 7
60 61
62 63
64 65
66 67
68 16
69 70
71 72
73 74
75 76
77 1
78 79
80 81
82 83
84 85
86 87
88 89
90 52
91 92
93 67
94 95
96 97
98 26
99 38
100 26
101 81
102 76
103 104
105 106
107 106
108 72
109 74
110 13
111 112
113 114
115 116
117 70
118 42
119 120
0 63
0 121
2 122
4 3
10 104
10 20
12 123
17 123
124 125
124 22
29 126
29 127
31 128
33 129
37 95
130 131
130 132
133 132
49 131
49 48
51 134
51 97
135 136
135 87
53 137
55 137
138 139
138 140
62 120
66 79
68 34
71 112
77 30
77 5
78 140
80 125
80 141
82 126
84 83
93 1
142 141
111 112
