103 0 83
4.91966 -11.7472 0.161426 
3.82268 -10.5301 -1.49305
5.81606 -11.3673 0.413872 
4.91966 -11.7472 0.161426
-1.56676 -7.72704 4.78206 
-0.704613 -5.10573 3.57604
-1.71625 -5.3246 0.962921 
4.56927 -5.37872 -2.74463 
0.696855 -8.06565 4.63476
1.82196 -3.97709 7.07243 
-10.2475 -2.09238 -4.92747 
-10.7542 -3.84377 0.517878
-9.34337 -1.91596 -5.66365 
-5.94744 -4.77702 -3.52284
10.0862 -2.08428 -4.39856 
5.89613 -7.04746 4.55618
-9.0546 -1.8353 3.64081 
1.59182 -1.22135 -4.82559 
-0.0271138 3.69145 -5.71764
-3.11607 -1.17388 7.3981 
-7.21792 1.58722 5.73688
5.74775 0.0291696 6.22306 
1.82196 -3.97709 7.07243
-4.11365 1.3784 -7.18884 
-7.31827 1.80887 -7.42315
7.75077 1.72244 4.24454 
7.54055 7.13797 0.642444
-3.83951 8.10917 4.86344 
-6.03917 8.6525 -3.46719 
-2.92861 8.30886 4.91448 
-2.17287 6.96959 5.56743
-0.599857 9.18628 -1.39249 
-0.641416 9.75712 -1.97367
6.67029 8.70442 -0.138323 
-1.30308 9.81286 -3.99821 
-6.03917 8.6525 -3.46719
-4.82716 11.0378 -0.67251 
-3.88978 11.8772 1.50302
-1.28375 9.94676 -3.97474 
-1.30308 9.81286 -3.99821
-1.62385 11.9298 -1.02038 
-2.73435 12.0637 1.81684
0.65338 11.6346 -0.166669 
4.75842 8.90145 -2.75159
-0.478827 -1.35818 5.59618 
0.406385 -1.04004 7.20487
-1.04653 -3.83817 6.29211 
-1.12491 -3.86544 6.2519
-10.6851 2.27018 -1.39079 
-10.6783 2.23426 -1.30956
-10.6783 2.23426 -1.30956 
5.03496 -7.98731 4.66871 
5.81606 -11.3673 0.413872
5.89613 -7.04746 4.55618 
5.03496 -7.98731 4.66871
0.406385 -1.04004 7.20487 
1.37875 6.10089 6.05588
-1.5518 2.20944 6.94329 
-3.11607 -1.17388 7.3981
1.23657 11.1627 3.32005 
0.65338 11.6346 -0.166669
-0.641416 9.75712 -1.97367 
-1.62385 11.9298 -1.02038
-1.56493 2.14305 6.97017 
-1.5518 2.20944 6.94329
-10.389 -5.71548 -1.54949 
-9.80223 -2.22061 -5.1759
4.75842 8.90145 -2.75159 
1.37875 6.10089 6.05588 
5.74775 0.0291696 6.22306
-2.16317 6.95464 5.57536 
7.95581 -9.4671 -1.34976 
4.56927 -5.37872 -2.74463
-8.87617 -8.11932 -0.62888 
8.84594 -6.84127 2.07532 
7.17544 -10.4958 -0.302231
-10.7542 -3.84377 0.517878 
-10.389 -5.71548 -1.54949
-1.84456 -3.88973 6.75008 
0.874233 -8.46618 4.53017 
-3.32344 -10.4041 1.29788 
-7.1343 -9.58777 1.62976
-10.3585 -2.06813 -4.86225 
-10.2475 -2.09238 -4.92747
10.5903 -4.72232 -1.32607 
7.95581 -9.4671 -1.34976
7.17544 -10.4958 -0.302231 
-9.80223 -2.22061 -5.1759 
-9.34337 -1.91596 -5.66365
-7.1343 -9.58777 1.62976 
-8.87617 -8.11932 -0.62888
-1.84456 -3.88973 6.75008
-3.32344 -10.4041 1.29788
10.0862 -2.08428 -4.39856
10.5903 -4.72232 -1.32607
1.59182 -1.22135 -4.82559
7.75077 1.72244 4.24454
-2.92861 8.30886 4.91448
1.23657 11.1627 3.32005
-2.73435 12.0637 1.81684 
-0.704613 -5.10573 3.57604 
0.874233 -8.46618 4.53017
8.84594 -6.84127 2.07532
0 1
2 3
4 5
6 5
7 8
9 8
10 11
12 13
14 15
16 11
17 18
19 20
21 22
23 24
25 26
27 20
28 20
29 30
31 32
33 26
34 35
36 37
38 39
40 41
42 43
44 45
46 47
48 49
50 24
51 52
53 54
55 56
57 58
59 60
61 62
63 64
65 66
67 60
68 69
70 30
71 72
73 13
74 75
76 77
78 47
79 3
80 81
82 83
84 85
86 85
87 88
89 90
2 75
4 91
4 92
7 93
9 45
10 66
12 24
14 94
16 81
16 49
17 95
19 91
21 96
25 26
27 97
27 37
28 62
29 41
33 43
33 98
34 32
99 37
100 47
51 101
53 102
57 30
59 56
65 90
74 94
79 8
80 13
