3438 0 0
1.01000170167	-29.8206343851
0.695575657653	-29.7987678105
0.554063720744	-29.8180284574
0.0082831378004	-29.8911896954
-0.239379987467	-29.9037513831
-0.494729688443	-29.9200682676
-0.710100671878	-29.9287386488
-0.90847359203	-29.9322573298
-1.11494658512	-29.9358827715
-1.39534661127	-29.9583346601
-1.72954907413	-29.9616853832
-1.88236719229	-29.9535495807
-2.12844791391	-29.9460374548
-2.36640550475	-29.9339618593
-2.51173710948	-29.9262270279
-2.69875190968	-29.911484292
-2.8484667307	-29.8927762758
-3.08018825767	-29.9041909969
-3.27719351916	-29.8901705211
-3.29100393042	-29.8890139014
-3.5062925524	-29.8726148189
-3.75345392095	-29.9173201595
-25.749609404	-10.033190306
-25.6023412499	-10.1496173184
-25.3105627432	-10.3457254251
-25.1069078688	-10.4378684482
-24.8626161655	-10.536198165
-24.6987200642	-10.6156080416
-24.4512711672	-10.6975297846
-24.1338760553	-10.8014932909
-24.0112696313	-10.8115449806
-23.8496064016	-10.8201375642
-23.6441155636	-10.8183603837
-23.4786395802	-10.8050979286
-23.2683849536	-10.7781597784
-23.1012297363	-10.7403189164
-22.8898714431	-10.6926975161
-22.5696146981	-10.5921264683
-19.6206935208	-7.94313409523
-19.4075288842	-7.81478904846
-19.257088925	-7.72718114426
-19.0526495383	-7.59914920155
-18.7500645669	-7.4263173048
-18.6443720925	-7.37057220409
-18.4714500755	-7.29451072126
-18.3182412757	-7.20509819183
-18.1897927273	-7.15210386955
-18.0461173935	-7.12972054236
-17.9552129819	-7.09161667672
-17.9031810532	-7.02177938979
-17.6962991294	-6.91885307556
-17.5537999166	-6.85506211337
-17.2458899956	-6.74749239138
6.3310171636	-26.6291584608
6.72534203355	-26.554726356
6.85666727146	-26.5313413133
7.13238360458	-26.4834469395
7.60013527632	-26.4443013788
7.99718275592	-26.4390966085
8.28272043548	-26.4029317994
8.50675135084	-26.3513696769
8.69225201895	-26.3087882814
8.91631927014	-26.2926445641
9.11962467188	-26.254034454
9.38940133658	-26.1578551107
-0.960127754204	-25.1808084058
-1.05621176777	-25.6202203288
-1.02538483408	-25.7041315689
-0.986980717992	-25.8275373669
-0.865929273231	-25.9882655822
-0.697904458199	-26.1185317433
-0.403378966507	-26.1667607887
-1.96833315686	-25.2535860279
-2.01564325973	-25.5527880661
-2.09167522479	-25.7680970921
-2.17801629222	-25.9618496875
-2.27344060646	-26.150632893
-2.37713078804	-26.2654252301
-2.57573581642	-26.428148149
-2.73211667637	-26.564598573
-2.90749590697	-26.6561252205
-3.10602405878	-26.7540283037
-3.25144419537	-26.8036338418
-3.37056576079	-26.8371847028
-3.70097937456	-26.8849103266
-3.92870856578	-26.9440060985
-4.14720264092	-26.9771181042
-4.28250338214	-27.0000475747
-4.43151300266	-27.0558383986
-4.6596341658	-27.1228323349
-4.94946477999	-27.1953428294
-5.04794809159	-27.2201192924
-5.24605859326	-27.2998693979
-5.35382804964	-27.3499052328
-5.61372809527	-27.5103230734
-5.70542989504	-27.5887604405
-5.80247866507	-27.6967700481
-5.87572509643	-27.8054111305
-5.93641371411	-27.9675150557
-5.98107856731	-28.1243248715
-6.03365980761	-28.2749077828
-6.02778814891	-28.2892937397
-5.99463788711	-28.4312518203
-5.92817389416	-28.582401423
-5.84307315655	-28.7335252013
-5.71664083653	-28.8948382072
-5.64174903291	-28.9701238961
-5.46153058644	-29.1315791228
-5.1884145999	-29.3127398075
-5.0320227163	-29.3896308912
-4.83220535135	-29.4979431423
-4.74252053449	-29.5429694469
-4.48584531729	-29.6800351382
-4.05410016115	-29.7991281787
-3.97061932907	-29.8313886634
-3.75345391448	-29.9173201351
-17.2460147649	-6.74745408962
-17.1878500627	-6.59958027989
-17.1250533549	-6.47745929874
-16.967769329	-6.08855969171
-16.9187605623	-5.94184015741
-16.8046016139	-5.6808129582
-15.6470499892	-1.14452109674
-15.5265593307	-0.763331102923
-15.5065035396	-0.555378458878
-15.4460520413	-0.0969216595551
-15.4154451604	0.111150971255
-15.394346268	0.380127387632
-15.3908025039	0.558341968242
-15.3359719237	0.724020090837
-15.2049839666	1.13738971921
9.96367864591	-21.2786581817
10.232681916	-20.8650072054
10.2239556325	-20.7152259529
10.308627572	-20.6168244268
10.4230259809	-20.4357252166
-23.7374077975	-8.12080501032
-23.8451809222	-7.63405180848
-24.032631592	-7.28055184334
-24.0996865094	-7.11200476106
-24.143815989	-6.99531696573
-24.2635871988	-6.80065750296
-24.3740866735	-6.49028929704
-24.4112029202	-6.34330768154
-24.4490960947	-6.26484839612
-24.4579370711	-6.1199461813
-24.5076393809	-5.93610270709
-24.5335508561	-5.8300979803
-24.5348981773	-5.82285536737
-24.5436833406	-5.77060282286
-6.65095020758	-24.9117101401
-6.65068788688	-24.9105418831
-6.65065136997	-24.9104394519
7.18318088969	-15.159015099
7.14041318881	-15.6730982361
7.15452300691	-15.8040460252
7.18971086086	-15.9449599288
-5.30173132047	-13.4935826144
-5.30415087056	-13.717545627
-5.35954777061	-14.1723172406
-4.99777930368	-21.0377421759
-4.85484904292	-21.268472192
-4.7042312776	-21.4729238613
-4.59449164939	-21.5955900323
-4.52734666337	-21.6648358925
-4.31805810033	-21.8667634627
-4.05135694179	-22.067334973
-3.82628099386	-22.2269291402
-3.61818699864	-22.3865546347
-3.31564566179	-22.3275578408
-19.7139231571	6.32941087595
-19.9347010157	6.14494857193
-20.1253391381	5.99563553575
-20.2076122348	5.95573995444
-20.5353785992	5.81297429571
-20.6915319565	5.75470688964
-20.8997301303	5.6695339194
-21.0955772182	5.6124864712
-21.2643696066	5.56641382821
-21.413292513	5.52962259263
-28.7646957557	2.39457215601
-28.8782417516	2.31373965087
-29.1692449141	2.20930829841
-29.3359074216	2.10679462982
-29.422815667	2.07751756396
-29.4787210434	2.07125328998
-29.6839197646	2.07219369091
-29.8981921037	2.07166197287
-30.0258270317	2.09678913448
-30.1015919643	2.09319209452
-30.1939719072	2.15660228696
-30.3608247983	2.29637825815
-30.4518618525	2.39521895039
-30.6023179528	2.59504532143
-30.6459403397	2.67354055892
-30.7244511638	2.80761852779
-30.7892469936	3.0397001086
-30.8477199321	3.25559773397
-30.9719818796	3.46321747444
-15.5816156336	2.26713266095
-15.7402353725	2.53381833462
-15.8861938184	2.68292062858
-16.0901134355	2.9952531155
-16.1825625954	3.0763248009
-16.2397150276	3.189813671
-16.3758116114	3.42828369521
-16.5401071987	3.62103569811
-16.6399448432	3.76770723794
-16.7731121245	3.95954275875
-16.9892573442	4.23403507077
-17.1361827098	4.37888795227
-17.2695419735	4.50953967598
-17.5012029528	4.71707821671
-17.6590729562	4.86380067218
-17.8737060339	5.04975858235
-18.0394732182	5.17739941037
-18.2051368709	5.29372273696
-18.3126926466	5.41210235564
-18.6660165614	5.65159718202
-18.8357662668	5.77966220759
-19.0421598939	5.89971706025
-19.3230461048	6.07251006651
-19.3908725894	6.11671148106
-19.7143345807	6.32849175593
-27.5454303675	8.44593872458
-27.2994328784	8.43828649721
-27.1683612091	8.47545747617
-26.9599848051	8.61411493617
-26.8311112834	8.73417298162
-26.7523367017	8.77836642069
-26.3858630195	8.9761936968
-26.1512205454	9.08017748161
-25.913311599	9.25929270205
-25.7000273154	9.44604541464
-25.5552167295	9.56673954091
-25.2998618706	9.77357745771
-24.9880346883	9.92273863522
-24.791394382	10.0480700409
-24.6348363904	10.1739121233
-24.3738557926	10.3675309634
-24.208181208	10.4746468131
-24.0685332521	10.5782999223
-23.7791871155	10.7895577137
-23.5904581212	10.9328584112
-23.4347738426	11.0377167768
-23.2732085423	11.185306945
-23.0256643278	11.4128751588
-22.9066062489	11.5615817503
-22.7964326052	11.6292209831
-22.5845344108	11.766581895
-14.0516809759	2.00273356069
-13.9664680465	2.46363497632
-14.7405636061	2.61961002581
-14.2415801011	2.71031449787
-7.67928257389	-5.42269882606
-7.88315720289	-5.64463398791
-8.03445504919	-5.84171174275
-8.16175668343	-6.01631978817
-8.37406303173	-6.30820070774
-8.46012370867	-6.41144067323
-8.50222842379	-6.49268319256
-8.76359335808	-6.75715065554
-9.01270007863	-7.04505141778
-9.0904963124	-7.12720918926
-9.23922195875	-7.28077076932
-9.32032974382	-7.36670557318
-9.59990991164	-7.66091887429
-9.77325245332	-7.82393779903
-10.2457721814	-8.24802962956
-10.3551881411	-8.32285990418
-10.6048947676	-8.4587773631
-10.7205457662	-8.50564682596
-10.8821821036	-8.55363234705
-11.0090817233	-8.58054025059
-11.1380223089	-8.60149201656
-21.2003720897	-5.98338192977
-21.3872463844	-5.99947758375
-21.5969464597	-6.0314350276
-21.7461950507	-6.0665545623
-21.9153505924	-6.11149484742
-22.2668999977	-6.22293446979
-22.5019467362	-6.34553822684
-22.6342593907	-6.44319703822
-22.8423806214	-6.42773513665
-7.89997820704	-4.46694638436
-7.83330199592	-4.76631709396
-7.75214185827	-5.03587172552
-7.69789745024	-5.22768586361
-7.67936834778	-5.42275943471
-19.4316933256	9.60937802038
-19.578886211	9.38835517566
-19.6927121253	9.15113431845
-19.7485566737	9.03681386663
-19.8020454848	8.87268510675
-19.8310058552	8.7566336392
-19.8726278821	8.51636854124
-19.8965590188	8.04121917292
-19.8936941154	7.8021982885
-19.9054199268	7.4830489772
-19.9023716909	7.15488565702
-19.8775173755	6.97036263023
-19.815358937	6.66620789688
-19.791421683	6.52927248389
-19.7139302963	6.32939389522
2.42046321128	-5.90625576406
2.22507026171	-6.41679944539
2.15347415951	-6.60823662289
2.06183418107	-6.84967120178
1.97744876424	-7.05811533225
1.91996696349	-7.2280621823
1.82561493714	-7.48466944568
1.70985032794	-7.83946906756
1.64294478411	-7.97059656541
1.59447343329	-8.17129326452
1.5249242821	-8.45000901598
1.4214010513	-8.73277394517
1.40306104158	-8.83505641826
1.33281935078	-9.08764651885
-4.01365608823	1.77032616454
-4.21572822722	1.95844493343
-4.43099909553	2.23483126548
-4.64873509216	2.60748646364
-4.8200041872	2.85248586549
-4.96803457873	3.13032784272
-5.07569480859	3.2685726368
-5.19703357812	3.44000705195
-5.41174956938	3.75771811827
-5.55247889926	3.90526017686
-5.62483047804	4.01275869368
-5.76983462671	4.20086176067
-5.86222952023	4.33777730052
-5.96866726385	4.52373175892
-6.20182766102	4.86249481664
-6.30508092381	5.01177985637
-6.40786942607	5.15634945421
-6.47169774263	5.31304003414
-6.56325159437	5.47673340519
-6.60883418882	5.54485113859
-6.66393718522	5.62482788551
-6.97319874764	6.02933705319
-20.9004859208	1.35100516294
-20.8945636349	1.34795390923
-20.8800857286	1.34167008053
-20.8756905106	1.34076911845
-20.8679697716	1.33877029728
-22.4307534735	13.5104611549
-22.4816680553	13.678348355
-22.5097615552	13.8361889533
-22.5159664032	14.0861331527
-22.5283752511	14.3380096657
-22.5737317799	14.521051099
-22.5857462535	14.6920013203
-22.5296834344	14.8228508631
-22.5546897029	15.0104055522
-22.5544243309	15.3027707036
23.765165158	-13.2445617525
23.6269330549	-13.4479558985
23.4594045771	-13.6808513747
23.317636726	-13.7856753414
23.2319580394	-13.9671479367
23.1763146594	-14.0457746475
23.0576738836	-14.2350680405
22.9676678114	-14.3291639451
22.8597087579	-14.506506276
22.7348192762	-14.7302100815
22.5401703159	-15.020035477
22.4299988355	-15.1829556704
22.2226155154	-15.3788190215
-6.97333890036	6.02925452621
-7.16884516295	5.58046117286
-7.22904223852	5.49682967673
-7.33480608371	5.24681759497
-7.45860134264	5.09774435528
-7.51012364144	4.9294061656
-7.58085661767	4.77357470311
-7.67411969572	4.59457611186
-7.79181119061	4.32927997985
-7.86670070848	4.12985642131
-7.92622298836	3.93371739757
-8.01669048892	3.6111020222
-8.06310067811	3.2889471684
-8.06952844516	3.05209950089
-8.03305614453	2.74793165536
-7.98651761846	2.46236028893
-7.90944139513	2.20443327086
-7.88154827802	2.1056886368
-7.8132198658	1.91926280557
-7.72841422588	1.7367044559
-7.58131566825	1.40694698329
-7.39597054173	1.01122551003
-7.23739282535	0.728833306055
-7.15622514589	0.54657627747
-7.07474450238	0.337259260338
-7.00607381114	0.161681126568
-6.89442487308	-0.0761235458818
-6.82585449164	-0.3614142569
14.5857003532	-8.36882057256
14.4643815056	-8.52769336636
14.105182674	-8.82359206329
13.8916539928	-8.99419744258
13.6569005234	-9.19752809604
13.5355023627	-9.27838199367
13.3996474529	-9.35561768857
13.1287891446	-9.53415676398
12.9488654194	-9.64089284919
12.7428289055	-9.75054883645
12.7066158634	-9.76453671607
12.5803331351	-9.82602026395
12.3234919624	-9.92567940962
12.1878017329	-9.97581159286
11.8317846002	-10.1025738032
11.5290071582	-10.2260825775
11.4921460515	-10.2424670401
11.3694010121	-10.2947370398
11.2838196116	-10.3342822606
11.1399638583	-10.4014274417
10.891806237	-10.4652732021
10.6997267437	-10.5068935504
10.3416766627	-10.7041104761
10.1135476918	-10.8201799015
9.96565565008	-10.9035036795
9.68840010519	-11.0406794573
9.50539567745	-11.1554371846
9.34685811247	-11.3246585184
-11.6615556578	16.9083644568
-11.2958101425	17.0301357566
-10.8645958788	16.875857865
-10.0672582335	13.3493480625
-10.1942962105	13.1784655392
-10.2594906368	13.0900652193
-10.3661091435	12.8764357368
-10.4634103621	12.6649202165
-10.5028544866	12.5423802716
-10.5497460913	12.3709153959
-10.629702042	12.1496533734
-10.7223063931	11.8718837823
-10.78477437	11.6021907715
-10.8063361363	11.4565526914
-10.8622088985	10.9531242229
-10.9010803926	10.3081766565
-10.9031629502	10.0430927014
-10.9042500416	9.87464241902
-10.9013068992	9.69168436189
-10.901899086	9.55731208916
-10.8830961017	9.30346326189
-10.8765590396	9.10909454089
-10.8926261259	8.86201495247
-10.9353805577	8.61133528781
-10.986453135	8.37058679086
-10.9959637992	8.03939463676
-11.0094548052	8.02156135727
-11.0578804602	7.69535840773
-11.0972216883	7.47330140217
-11.1394976318	7.31098852014
-0.840010198017	5.52903489774
-0.578862729835	5.59066672019
-0.43939055036	5.63022021085
-0.28183436847	5.71152831125
-0.199071639296	5.75962249403
0.0311089834174	5.91659941194
0.269387830146	6.08404568927
0.479611635233	6.23798707069
0.632569522871	6.38201012352
0.875984351642	6.56793853667
1.07964528469	6.75054950927
1.23162318457	6.88795324769
1.35292261362	7.00806152541
1.47751440594	7.15123880425
1.5790482013	7.25738482907
1.74680879816	7.46238131118
1.89359496856	7.66980938758
2.16812086573	8.03988836913
2.25393851844	8.28893413662
2.33086030291	8.51390607738
2.41630031785	8.66781388886
22.514285192	-3.87389980921
22.5423623326	-3.8434284078
22.5813047307	-3.80320261811
22.6173520543	-3.75085705987
22.6719617117	-3.67383578119
22.7188369652	-3.60727808854
22.8028481232	-3.53579377437
22.8288986841	-3.50628981704
22.995614119	-3.37880197019
23.1569636836	-3.24272899157
23.329543853	-3.11725274886
23.5234935781	-2.97822343378
23.6501847627	-2.8890944769
23.7864161803	-2.79392793235
23.9311481197	-2.71176723065
24.1107868033	-2.6065898196
24.3268190044	-2.49064801237
24.4219859705	-2.4465143213
24.6008311855	-2.35714786999
24.7974891455	-2.25709566072
25.3355818917	-2.29439780459
20.4112459848	23.424660346
20.4112350057	23.4246631807
20.4112312116	23.4246700494
-10.59938604	21.544599905
-10.5993052089	21.5448171546
-10.5986629142	21.5452920797
25.3355803794	-2.29436877016
25.5216161275	-2.51680808863
25.8149829175	-3.10812726323
20.6023370951	-3.02326608065
20.5944574622	-3.23753125035
20.5853424211	-3.36796183987
20.5691965779	-3.43596899715
20.5018726954	-3.68011113197
20.4439985561	-3.89286247499
20.3713551852	-4.09657256974
20.1750296291	-4.54156243677
20.0254195111	-4.81068512045
19.8774926089	-5.06317001375
19.7031602076	-5.32827391264
19.5185673121	-5.56404538556
19.4189291344	-5.6829443842
19.2204368956	-5.88242592153
19.1128082856	-6.00169490349
18.9458822118	-6.17037189909
18.7019174735	-6.40661722599
18.4524807862	-6.54779213949
18.2903254956	-6.64931653564
18.0550420151	-6.71502989161
-5.74544375243	18.2341641976
-5.57586742487	17.9321645846
-5.38386229717	17.6613176469
-5.30250581738	17.561223968
-5.22298425584	17.4333938654
-5.16769179364	17.3466129062
-5.09001453641	17.2196363036
-4.99613190121	17.0672010128
-4.8237401095	16.7519674704
-4.69537378747	16.4849122733
-4.40215316721	15.9098036014
-4.14912177673	15.3961385459
-4.00138187639	15.0813049034
-3.89209565129	14.8533063838
-3.81304551918	14.6912095625
-3.7588260282	14.585566252
-3.64582228496	14.3517984769
-3.5079552508	14.0616893266
-3.28824375922	13.5929040302
-3.22274932728	13.4787479452
-3.0465233893	13.1811971812
-2.87981382334	12.8972232928
-2.73594759857	12.6772778352
-2.65818044443	12.555248654
-2.57448310818	12.3960223437
-2.4402744979	12.2169749212
-2.37848096632	12.1117407681
-2.28417926909	11.8970593945
-8.09436373417	22.611459206
-7.88823973177	22.4605740838
-7.67561867174	22.3341419435
-7.57509783634	22.2359115303
-7.24390696951	21.8578547313
-7.05098767235	21.7080560284
-6.91120363838	21.574389202
-6.84766292067	21.5125158374
-6.65910444939	21.3496226153
-6.54989461641	21.2017944362
-6.45040497045	21.0583498912
-6.39891149884	20.9759510391
-6.30477363998	20.8037973212
-6.25123524889	20.6898478067
-6.17405696389	20.5060372673
-6.10036924129	20.2795227019
-6.05556638427	20.0680233483
-5.97544853078	19.7280909112
-5.90065006942	19.3572265666
-5.87482823335	19.1584051805
-5.85587045829	19.0240164401
-5.8377543942	18.896003139
-5.80546553148	18.6767374034
-5.74548145428	18.234328791
-6.25885859935	25.1791667991
-6.1327990368	25.1013254887
-6.05175797995	25.0329949277
-5.8723360075	24.867557236
-5.76996576132	24.76835024
-5.70476126483	24.7042562875
-5.64891055086	24.6308015482
-5.61502890742	24.5831762685
-5.47520930068	24.4636065476
-5.38236409183	24.2200423677
23.3850901181	0.421813819582
23.5626594544	0.366583465331
23.7534941807	0.279343072503
23.9660969682	0.14177500408
24.1780153475	-0.0137207700622
24.3208780422	-0.097948309966
24.6316214121	-0.337141567527
24.6884994175	-0.438839530298
24.8191369054	-0.546772594192
24.9160984891	-0.61829862462
24.9987448388	-0.726127178684
25.0857901307	-0.79979507806
25.2291503154	-0.908336880083
25.5739228668	-1.06070808856
17.0076321877	8.73382142222
17.0114161371	8.74986253865
5.4606217788	16.0418726451
5.41099561884	15.8136975565
5.43928050157	15.4386537304
5.45649170417	15.2836035095
5.48657790698	15.0369582824
5.4938861486	14.7459497944
5.5016896458	14.6653688362
5.52169232378	14.5285299024
5.56431525303	14.3523864661
5.58407304783	14.1153746269
5.58935429735	13.9845944322
5.61097653876	13.7223486741
5.6169059136	13.5989462445
5.62310765522	13.4166568047
5.59735424927	12.9902058633
5.568800541	12.6812026897
5.51182423299	12.3648174466
5.44057905455	12.0817807501
5.34174653653	11.7958382653
5.19248177915	11.4641377609
4.80851388673	10.7219600713
4.48279241549	10.2337505904
4.33058346434	10.0437508063
4.18658763491	9.87828150787
4.06347295679	9.76450581269
3.76370999499	9.49430872794
3.48943732032	9.28220260768
3.0140497288	8.97036994898
2.86132457059	8.85792667874
2.6782250071	8.72287372197
2.41630031649	8.66781388498
3.62867134601	16.8408594562
3.52558124377	16.7986571706
3.36077821643	16.7284989986
3.0243425103	16.5756370019
2.66534541934	16.2290942561
2.49076050693	16.026723406
2.305294395	15.8112636468
2.1812321535	15.6191266293
1.92518584177	15.3032683778
1.7485339981	15.0900545685
1.52897751178	14.7865094453
1.18304470871	14.3043899133
1.06701211225	14.1009130069
0.936357745929	13.9018939941
0.808442193597	13.6895168766
0.690553862759	13.5182874601
0.63445578725	13.4227223634
0.496376136459	13.1780828601
0.451415657896	13.1010922871
0.147324197783	12.7666523194
0.00421471943975	12.6116230452
-0.0741704604288	12.2738464492
15.4509364261	13.056116947
15.1583813858	12.8804039845
14.9654454491	12.7031105907
14.8001840629	12.5435411152
14.6496559907	12.3989546755
14.5750784707	12.3207105762
14.3744820254	12.0876284158
14.2298145694	11.8746909117
14.1031417646	11.7284432629
13.9532066257	11.554079806
13.7801628495	11.3392233756
13.6335877512	11.1560316183
13.5226391624	10.9858223429
13.4273135225	10.8194459529
13.2303567081	10.5472046675
13.1339874663	10.3839710275
12.930181861	10.0846132811
12.750306493	9.84846281992
12.5848352062	9.632760578
12.4607299432	9.47441253757
11.9871643772	20.2712641193
12.2091920174	20.1575453264
12.3906957195	20.0585625624
12.6374072953	19.9170081399
12.8992768668	19.7796019278
13.0670769937	19.7346689467
13.2904409941	19.6100196903
13.4888597374	19.4937485169
13.7883147056	19.3514672469
8.34428678728	19.6274142155
8.06239439515	19.8696428561
7.69740532546	20.0615590241
7.32799110291	20.2589186246
6.92105135725	20.476410981
6.65306187157	20.5991984623
6.3050510435	20.7634905373
6.11999652396	20.8317780183
5.85447908888	20.9178270165
5.5557856352	20.9972947845
5.4469692754	21.0167608984
5.23094887787	21.0378210219
5.10164028872	21.0664458889
4.90282351778	21.0411244099
4.62074630176	20.9862539627
4.4416917883	20.9167362172
4.28725000519	20.845777491
4.06323626143	20.7184317155
3.84477303927	20.5586619581
3.69041972066	20.4242270314
3.47836859667	20.1422730165
3.33181136762	19.9498837997
2.96123096579	19.4607206695
2.88441041467	19.3207363218
2.74317888266	19.1789616281
2.58183906304	18.8853525026
16.3020233899	16.7927778419
16.0496850532	16.6347880118
15.7969827515	16.3942810461
15.5940964814	16.3017417914
15.4578606856	16.1861208707
15.2931627068	16.0474480504
-0.0914430714693	-21.2332764971
0.0954248173416	-21.1553773584
0.175763172501	-21.0668064193
0.255623172967	-20.9615932226
0.362429195317	-20.8065019801
0.504807098801	-20.566509304
0.565346038484	-20.4900777957
0.652850089807	-20.3830686101
0.759269427335	-20.2522209942
0.819545912109	-20.1913955395
0.993671938961	-20.1384661088
1.03553652901	-20.0917963437
1.13345296788	-19.9635409636
1.24789299006	-19.8355473269
1.44733471504	-19.6415470118
1.62093052434	-19.4870936748
1.68847892765	-19.4234414394
1.79435240824	-19.3153816946
1.91080038551	-19.2427384117
2.00495791421	-19.1932310031
2.07982795301	-19.1471596862
2.16650870345	-19.1009064035
2.23873637235	-19.0726448242
2.34280111832	-19.0196912484
25.7531404784	-17.9545266774
25.906048696	-17.7933482251
26.025371293	-17.6734289284
26.1573566844	-17.5120271306
26.2580611614	-17.3537067769
26.3387582707	-17.20524446
26.4257987296	-17.040207978
26.510164174	-16.8744620324
26.6208244318	-16.6347614817
26.727005694	-16.3597414612
26.7757340307	-16.2092770967
26.8476536069	-16.0607057307
26.9673026518	-15.8235005169
27.1122744938	-15.6032258171
27.2113920899	-15.46187986
27.4166595308	-15.2372959725
27.5228728678	-15.1291094985
27.6803036212	-15.0302383905
27.8369237254	-14.9565645922
-9.08087837746	-4.11416634256
-9.00599933303	-4.17905179205
-8.83361762198	-4.26845592046
-8.52882411451	-4.37431557981
-8.17402183139	-4.4552914576
-7.9017870776	-4.46754423594
-13.330447048	-1.42011108561
-13.3492749269	-1.37065624117
-13.410287042	-1.25249431059
-13.4307051937	-1.18810859664
-13.5424630281	-0.801682146931
-13.624112656	-0.596764636848
-13.6851640718	-0.420358837524
-13.7459208533	-0.19791472657
-13.7671677803	-0.0969599744984
-13.8121793869	0.101962257064
-13.8706653694	0.479360809541
-13.927587158	0.688764422708
-13.9723620539	0.848120669073
-13.9694733101	1.15779416402
-13.9778956236	1.47295409802
-13.9343979571	1.70863120277
-14.0516848485	2.00271678266
-21.441347448	13.2615680615
-21.4689112412	13.2721657624
-21.5668032468	13.3011364906
-21.6687083407	13.3255987313
-21.9418829384	13.4017441392
-22.1763976458	13.4637425583
-22.4306284357	13.5103610317
16.9352546809	22.1341099645
16.9081118217	22.1144228427
16.848742294	22.0482809373
16.8082844394	22.0053363193
16.797398729	21.9943163149
16.6388039388	21.8654506792
16.4961932601	21.6926955265
16.4476972211	21.6382050435
16.3358765442	21.520203277
16.2675460635	21.4324320466
16.0963003568	21.2614279567
16.0047984064	21.1606874337
15.8502984416	21.0095940266
15.6492536087	20.8325829374
15.4678228074	20.6735550227
15.2825609006	20.4620477632
15.0891687478	20.278968956
15.0303879127	20.2214560801
14.7481821205	19.9807134057
14.5069750129	19.7651696949
14.3757839516	19.6463428108
14.2078718367	19.5360911728
14.0464943127	19.4510293432
13.7882795292	19.351482461
-1.57722597668	-19.406530772
-1.61813581299	-19.0762563473
-1.62138185434	-18.8966855442
-1.62365164624	-18.7293797996
-1.6016702849	-18.5400991945
-1.58850662373	-18.3894660021
-1.54571103895	-18.2328401779
-1.45811519673	-18.0758067246
-1.36419496095	-17.8822815514
-1.21386546859	-17.6940851345
-1.04362177826	-17.5244480526
-0.980478719388	-17.4650955261
28.1909552182	-17.9853802429
28.2319917445	-17.8424430883
28.2643849334	-17.6775852672
28.2567102855	-17.5528154906
28.2937853565	-17.4498838865
28.3030307835	-17.3411854543
28.3076746578	-17.2259255199
28.3139875168	-17.0966362709
28.3124462941	-16.9833052682
28.2911259118	-16.8585337541
28.2792890313	-16.6942748102
28.2813715583	-16.5410703607
28.2579159767	-16.4096226178
28.2223244682	-16.1987265401
28.1329055065	-15.9222804193
28.0400008702	-15.679065117
28.0075038706	-15.5342037719
28.0420476502	-15.4847602059
28.0300080542	-15.1981364087
27.9786155467	-15.0679854302
27.842896778	-14.9568288075
-6.98976869365	-12.6291707906
-6.76312156588	-12.8608109767
-6.51581708598	-12.9152376335
-6.33349136601	-13.0039748293
-6.19243766325	-13.0703253966
-6.03156915185	-13.1508687632
-5.90401520526	-13.185455418
-5.6841242474	-13.2552908006
-5.54038876992	-13.2784956829
-5.30173133797	-13.4935829282
25.5739071245	-1.06066561956
25.3897496093	-1.32186001128
25.3364155102	-1.56274080699
25.2695037266	-1.75995171274
25.3355807619	-2.2944011355
-25.9157561464	-3.84727874483
-25.8420647108	-4.11191134764
-25.821880056	-4.26921790312
-25.8205446316	-4.45087455951
-25.7777922309	-4.64515305185
-25.7573405366	-4.8989295138
-25.7526018298	-5.18243104744
-25.7521335065	-5.3878923099
-25.7394834982	-5.62817946113
-25.661982846	-5.98628246128
-25.579462819	-6.376177337
-25.4121772542	-6.75589645221
-25.2657290275	-7.06715514956
-25.0899630279	-7.40983327779
-24.7935014225	-7.76292908369
-24.5767073507	-8.05671133079
-24.4769573734	-8.17115617956
-24.4483791294	-8.36303244791
9.81925853687	-21.541760051
9.96403164377	-21.2788589393
-0.403328025899	-26.1666885533
-0.176884981667	-26.2308335844
0.0339702573856	-26.4078442774
0.165532284424	-26.6197341036
0.243527278783	-26.6680680201
0.453625642041	-26.7691475294
0.570095529215	-26.8193379116
0.695695349967	-26.8867727334
0.885922285733	-26.9427266263
0.950679003837	-26.977580188
1.07930321083	-27.0711290157
1.25329095938	-27.1507149739
1.44168590768	-27.4030870142
13.1683688184	-23.6398185991
12.6807504739	-23.9811402239
12.3727808014	-24.0978618484
12.2082368757	-24.1955808813
11.9389553816	-24.3324257443
11.6746416741	-24.4640304639
11.506183925	-24.5588458666
11.3167191675	-24.6519733064
11.2307688011	-24.7065931614
11.0272148667	-24.836234254
10.5780660527	-25.1790582972
10.36846806	-25.3684732152
10.2428624271	-25.4990611056
10.1157261145	-25.6397999969
9.83219161206	-25.8814995737
9.61704856223	-26.0577823109
9.38940132811	-26.1578550558
-27.7695060528	7.93243097461
-27.918084239	7.82758870894
-28.1911008925	7.6295670171
-28.5626369077	7.26113557768
-28.6811436006	7.17533237943
-28.8075044961	7.05790962131
-28.9268278154	6.90849721207
-29.1446949915	6.69953100868
-29.2633134701	6.55509537824
-29.4388666973	6.34125071675
-29.5826046884	6.15719788825
-29.6622327192	5.95854278195
-29.8269164096	5.61542838794
-29.9728720691	5.35734055754
-30.067337548	5.02725296584
-30.1589674397	4.75063197754
-30.1272055618	4.5234414375
-30.2250553412	4.30252423089
13.621631425	-23.916077753
14.0959909803	-23.7214791849
14.3280453447	-23.5901859592
14.5214263831	-23.5065449225
14.8510853218	-23.2854948286
15.2290397823	-23.0721635647
15.4409233115	-22.9453624709
15.634776587	-22.8298394189
15.820993066	-22.7228053677
15.9808149112	-22.6193805415
16.1480081859	-22.5183564606
16.2920089746	-22.4263098512
16.4287267721	-22.3254805778
16.444540646	-22.2985012707
16.6242437517	-22.1871731961
16.742656459	-22.1071990409
16.9368674794	-21.9972152245
17.1320327454	-21.8151119485
17.2672552669	-21.706193337
17.4474543025	-21.5303468426
21.6224228118	-16.3912020909
21.8551914024	-16.1055749854
21.9235627764	-15.8545636923
22.0265664283	-15.6797397023
22.0589434008	-15.6189183381
22.2225700271	-15.3787323849
-24.9959029309	14.6888986212
-25.134879018	14.4383165505
-25.2286543072	14.2412278646
-25.3027262702	14.1246490908
-25.5979135704	13.4678203494
-25.7406345572	13.1769253901
-25.8686830817	12.92046077
-25.9966793415	12.6438158925
-26.0495233796	12.5353919332
-26.1592803832	12.3132148292
-26.2483343984	12.1060284374
-26.3000337638	11.9971549162
-26.348061427	11.8978115157
-26.420337792	11.7239420183
-26.4700590123	11.5949545914
-26.5258072504	11.4634753004
-26.5945332928	11.3057139569
-26.6759547505	11.1176873114
-26.8153470677	10.7968304061
-26.8651002543	10.6771804081
-26.9263840934	10.5498873528
-27.0285209014	10.3286549163
-27.1259889924	10.0518878462
-27.226605476	9.78643513253
-27.2960319711	9.59885306026
-27.4491116535	9.20139994852
-27.5404701277	8.72685374478
-27.5540862689	8.62542204569
-27.5454073776	8.44594672317
-23.6547785218	3.49516138414
-23.8010100603	3.44119819308
-24.1023332653	3.4923285158
-24.6406483179	3.24749034962
-24.7499614071	3.19296030262
-24.9248343746	3.06680076952
-25.1074071668	2.92475694462
-25.1942629089	2.85416518934
-25.3251569117	2.71550053519
-25.4468608283	2.6018727442
-25.5387256155	2.47634879031
-25.6567408926	2.32753116447
-25.7649720697	2.14948348946
-25.8476369212	2.01969040945
-25.8858885071	1.93913155324
-25.9555695895	1.82809823693
-26.0517665857	1.60467475372
-26.1088782989	1.51206915092
-26.1617048668	1.3887482447
-26.276971382	1.07816709545
-26.3073318504	0.978073939848
-26.3470976443	0.831960405851
-26.4038274377	0.631799741916
-26.4778504366	0.38525503567
-26.5171312813	0.182297123461
-26.5331780231	0.0995990261255
-26.5407708458	-0.0647032638344
-26.5495896958	-0.315250701937
-26.5573331132	-0.574173900982
-26.5456994003	-0.921715345564
-26.5232200397	-1.27655186621
-26.4691787549	-1.47087499677
-26.4662676088	-1.64813003442
-26.4324931008	-1.92474048684
-26.3999451765	-2.23759483885
-26.3670593617	-2.54648733341
-26.2890911273	-2.91444929975
-26.2647296152	-3.03991634105
-26.1833436436	-3.32363888886
-26.1179093398	-3.51083868346
-25.9157353864	-3.84793965309
16.3215442511	7.75495885194
16.5877592052	8.0338032281
16.7178085556	8.17753451793
16.8647922537	8.3328647708
16.9003370575	8.49361936462
17.0114234766	8.74984293192
21.3110858272	-12.9088067536
21.6336289845	-12.5300944882
21.8801015306	-12.3073445965
22.0124817226	-12.2292290695
22.2524382245	-12.1084279092
22.5235898518	-11.9069361454
22.730834518	-11.7314516331
22.8349840094	-11.6384316563
22.9959324724	-11.5263032759
23.1014467485	-11.490491274
23.3078972733	-11.4554573967
22.222464356	-15.3788113659
22.1041349214	-15.1952399042
22.0122493856	-14.9664719272
21.9396555808	-14.8304266762
21.8828145832	-14.7117225729
21.839221979	-14.6017527187
21.7560129422	-14.4005373744
21.5435787017	-13.920163381
21.445024691	-13.681338248
21.4082468455	-13.5566425516
21.3739323968	-13.4288662118
21.3485905077	-13.288039455
21.3105587708	-12.9086769184
-22.5544256808	15.3026331049
-22.8405941351	15.2764747289
-22.9814278511	15.2345887417
-23.0901895797	15.2183970383
-23.3271899543	15.1848473627
-23.7203278417	15.0815753135
-24.0805783352	14.9542053759
-24.3118184454	14.8525996945
-24.4482013764	14.7863863181
-24.8151948563	14.6912709632
-24.9958469588	14.6888351119
1.44173282648	-27.4031323104
1.45080042486	-27.6164358819
1.42755799813	-27.7529369024
1.35298185096	-27.9789687973
1.31244705772	-28.1691676861
1.26537525233	-28.3616759819
1.21627782421	-28.5221718474
1.19567482622	-28.69686375
1.19703909342	-28.8625249967
1.17830024474	-29.0327478914
1.16661727713	-29.107029301
1.12736201664	-29.2541618525
1.04509045218	-29.4411893396
0.984514126559	-29.5656474473
0.977431593245	-29.6579240355
1.00980163241	-29.8203534578
-30.2780015981	4.20662096051
-30.2376514013	4.30679541094
-22.8417405975	-6.42766606745
-22.956533303	-6.33806987321
-23.0757830406	-5.99866707802
-23.134324745	-5.7791839582
-23.3498027001	-5.29199287466
-23.3990287642	-5.17360928512
-23.5956914555	-4.90082727346
-23.7674432369	-4.58755133618
-23.8658716258	-4.20843256408
-23.8891794258	-4.085751211
-23.9019772124	-4.01171797944
-23.9213898172	-3.81466712631
-23.8928025048	-3.46187873954
-23.8223873777	-3.30017088948
-23.6786069284	-3.06027913156
-23.5188517341	-2.84670702232
-23.3145478289	-2.53660680621
-23.1857937859	-2.4211061919
-23.0739824458	-2.32716215314
-22.9241410239	-2.22194917635
-22.7581429853	-2.11326307024
-22.6058646611	-2.04086416118
-22.4547937091	-1.97624792566
-22.274276875	-1.93387551532
-22.1570562704	-1.90466317791
-22.0554288731	-1.91348764449
-21.9075048644	-1.93616420695
-21.7614510189	-1.97376590861
-21.5379453197	-2.04448682189
-21.3632415521	-2.11578210027
-21.230770542	-2.17167888326
-21.123034067	-2.24303116244
-21.0409142358	-2.27532004397
-20.9102988103	-2.31912264274
-20.7962916179	-2.35513195671
-8.61271293809	-10.3138279856
-8.31577058592	-10.2841864193
-8.12897008985	-10.2166272278
-8.06647696027	-10.1864858452
-7.93254371966	-10.1099352596
-7.73477317409	-9.95675376047
-7.53152649371	-9.77286955056
-7.43522594452	-9.66866854444
-7.35896547511	-9.59230635505
-7.27410984503	-9.48892826194
-7.19136635963	-9.4083878719
-7.14238056929	-9.33397429611
-7.00158992802	-9.09682931525
-6.87610084773	-8.80564527584
-6.73726765077	-8.47337067236
-6.51482273612	-7.80212724206
-6.41195373188	-7.18679837496
-6.38949427244	-6.85258027283
-6.48554424543	-6.69035106719
-6.54651474673	-6.46891716363
-6.66402027469	-6.27866609352
-6.74008230206	-6.16197667191
-7.03008613693	-5.84767537242
7.16777627077	-16.4604549878
6.88066817222	-16.4544913318
6.67709669816	-16.567874581
6.58004934591	-16.6409882066
6.4210091127	-16.7204266847
6.28971341624	-16.8545930329
6.10230736143	-16.9464844859
5.94597194768	-17.0322934739
5.81542136232	-17.1156190714
5.70231636062	-17.1930566362
5.56639099846	-17.2847319569
5.45887786863	-17.3597363055
5.32467147938	-17.4554593935
5.14604772733	-17.6354336034
-3.71089306267	-31.0231926349
-3.71814959116	-30.7637388751
-3.71182264468	-30.5269137592
-3.70721580222	-30.4587178852
-3.71675269882	-30.3018301291
-3.70464991771	-30.196468409
-3.75345390606	-29.9173200775
-3.31567649264	-22.3275044047
-3.23456183423	-22.4414995039
-3.11456147604	-23.0182159045
-3.01552704412	-23.1456112824
-2.79482324892	-23.5697160568
-2.67937596086	-23.7994969129
-2.48093685688	-24.2487970835
-2.30963844224	-24.574540353
-2.17338471772	-24.8991901159
-2.08688959103	-25.0756724149
-1.96832944666	-25.2536439639
-15.0091848584	2.405917522
-14.9073050319	2.60050690389
-14.7405078053	2.619453534
13.6745268956	-17.1108261641
13.5314196149	-17.2400512689
13.4598334791	-17.4242900059
13.232068445	-17.8390177427
13.0788895521	-18.1192348628
13.053402943	-18.1880583482
12.9648634178	-18.3468946411
12.7985720628	-18.6718311397
12.4908027068	-19.0291781964
12.3564820089	-19.1552847033
12.1715001472	-19.3099446875
12.0628814099	-19.4224884286
11.5691015986	-19.8018206627
11.3702922201	-19.9188068242
11.2164171199	-19.9518467071
11.0495486201	-20.0303703782
10.8735596507	-20.0791535466
10.6753544398	-20.229955005
10.4231368641	-20.4356877071
-7.03004634339	-5.84764615259
-6.75973107444	-5.80835041621
-6.49344148687	-5.61110273287
-6.31539100978	-5.6085226368
-5.91016152345	-5.51500041846
-5.33425281529	-5.33127505659
-4.9039695659	-5.0902066711
-4.3346136144	-4.6924550727
-4.23925979826	-4.6180406355
-4.05450929495	-4.46398268256
-3.86379242796	-4.28507643577
-3.39901444668	-3.80455018787
-1.6894981905	-1.81363376354
-1.50120891209	-1.61473248565
-1.39846368092	-1.50337638067
-1.21594356942	-1.28076231719
-1.02168632422	-1.04284340583
-0.899067263354	-0.90482871591
-0.821313886594	-0.802374223392
-0.727451063388	-0.678918407029
-0.717862805072	-0.666090173492
-0.599741233618	-0.509455682667
-0.481724842623	-0.383997239223
-0.372922594285	-0.241549406009
-0.252924564035	-0.0872590179513
-0.170731574812	0.0223218918461
-0.0927809988427	0.125603753071
-0.0194880233646	0.22233218942
0.0439629090954	0.302291667557
0.135486351476	0.41983689269
0.244116810563	0.564898255844
0.401216833961	0.784069174942
0.550214989381	0.974856199579
0.915110353869	1.39694399155
1.07814920611	1.57225683784
1.22954699332	1.75201322335
1.29137588521	1.81731916135
1.42429575034	2.00513720881
1.89364006689	2.57554330366
1.89398211637	2.58060987624
2.13368283639	2.88691316884
2.31343828487	3.12223424471
2.44912502765	3.31009629156
2.56026369075	3.50271571986
2.61453292564	3.578879894
2.84095300643	3.87345390915
2.9664320528	4.10511532968
3.07236047447	4.28686438425
3.31491304647	4.75183046133
3.60101810974	5.23044134297
3.75652022809	5.43074462672
3.97064249502	5.74230152189
4.18889692596	6.1265241092
4.22817746159	6.17569425162
4.51704013117	6.55861348043
4.80608073363	6.9456181531
5.02487626455	7.24563708187
5.20546133444	7.50343033638
5.58925096371	8.052030896
5.78109753193	8.32645981805
5.87102955544	8.46732346639
6.069102436	8.73523522229
6.31059607412	9.07565684448
6.44991310943	9.27610671878
6.75799865621	9.7020397249
6.9124830037	10.0221149858
7.04540311085	10.2354955648
7.32760497894	10.7806418279
7.54265943632	11.0740270304
7.61245615549	11.173184587
7.77166435772	11.3898868468
7.88286852603	11.5327687915
8.08221523125	11.8092366842
8.16196670725	11.9512494735
8.31672832973	12.1881072397
8.60496180918	12.5346056462
8.97816607409	12.9349104149
9.12091995492	13.1049813919
9.29326922672	13.325307761
9.49169897889	13.5657249862
9.63639617282	13.739661927
9.76554952463	13.882543252
9.95139584351	14.0669128234
10.1111050832	14.2230697613
10.4301503482	14.5207018782
10.903163816	14.9680005464
11.0917086319	15.1343268363
11.2162435432	15.2416232638
11.3099508545	15.3414723811
11.4290013194	15.4657011619
11.6057893781	15.7240027569
11.825768004	16.1749026128
11.9777624937	16.4356704991
12.2461367204	16.8284388433
12.4165891505	17.0954907894
12.8104737729	17.5540593754
13.3359412847	18.2401113815
13.5495842066	18.5816144516
13.6549383692	18.7614745233
13.814360788	19.1511322414
13.7882725009	19.3514865486
-4.97677693365	-7.87163840193
-4.87782815115	-7.6108018123
-4.57760763083	-7.14580795843
-4.41196282138	-6.92189228617
-4.02126952335	-6.40355770923
-2.66766046371	-4.36674584711
-2.25799970059	-3.78481678741
-2.03688762057	-3.50198551022
-1.82378903882	-3.22325025759
-1.81690280498	-3.21449469917
-1.60724147707	-2.96810747864
-1.42937962488	-2.83829160655
-1.07721648598	-2.52227158744
-0.674889338235	-2.17125090197
-0.351333661744	-1.82113333884
-0.118078700593	-1.57075122583
0.1098382656	-1.3004526527
0.283980857095	-1.05428403154
0.520977307135	-0.746952008374
0.782647926854	-0.482287786807
0.938102427128	-0.287838267741
1.03541746296	-0.12443264251
1.18947165459	0.0817801917631
1.34168858899	0.292458355754
1.45832224292	0.482124471208
1.64210496114	0.70859402827
1.81037847628	0.941254379182
1.97649528499	1.15662273107
2.18338172044	1.39532220994
2.36601451859	1.70028726733
2.6643685247	2.14080247794
3.06881057573	2.68098018797
3.44594632383	3.1946649421
3.83659854332	3.81871228472
4.10787943008	4.17531912165
4.20195121093	4.35201366495
4.29307087278	4.47764565538
4.46362260368	4.7049675593
4.6071239238	4.88639093124
4.70689705801	5.00809759639
4.82045590267	5.14706745016
4.97509580299	5.33881174466
5.09433820593	5.4861699075
5.17777243324	5.62279365043
5.37848135187	5.85411216607
5.55238855758	6.09367295976
5.71905929545	6.34181612558
5.80634187553	6.49726202397
5.84963930054	6.56982345937
5.9361466141	6.72007806513
6.03392238644	6.87799612976
6.19181465685	7.14534686059
6.27687836386	7.28400574624
6.44102659724	7.52418080988
6.69822525929	7.92650108955
6.84139089123	8.15878665089
6.97112944591	8.38236245735
7.12849465057	8.65950490443
7.36748851137	8.98731995304
7.60115002249	9.35426268453
7.94104099766	9.84271312947
8.09489559111	10.0462972566
8.1901117765	10.1387394078
8.44323873669	10.4932056251
8.57099203779	10.6528241301
8.73492341994	10.8760864063
8.83080627637	11.0083703296
8.95579919739	11.1748163297
9.19072633511	11.5175991632
9.35633980719	11.6945548397
9.49239955743	11.9308167041
9.63672248925	12.1221127192
9.80451577627	12.3365853478
9.9966317565	12.5826295613
10.2152774956	12.8387979396
10.2919307157	12.9287187415
10.387525271	13.0548398948
10.5305813821	13.2657938622
10.7081408378	13.5699647769
10.8279050948	13.7445109175
11.0342690716	14.0051428586
11.1785026619	14.2069528135
11.3001251446	14.3430464996
11.404569467	14.4793518757
11.5468648458	14.66872808
11.7794328092	14.9434272407
12.0577596796	15.3681420653
12.2458947105	15.5970986144
12.4357089231	15.7780053798
12.6740415392	15.9886926435
12.9551232726	16.209725117
13.0484352681	16.2427944699
13.298338635	16.3525888354
13.4422824034	16.423435709
13.5830841015	16.46973164
13.7514228738	16.5165970157
13.9625745652	16.5424631794
14.1759372824	16.4927672976
14.7621395248	16.2394935714
15.0290166143	16.1403220537
15.2931627052	16.0474480616
15.0969155848	-17.2311416333
14.7255234136	-17.2109412893
14.4523831275	-17.1422572764
14.2365185945	-17.1573128274
14.092325717	-17.1343735895
13.6745268938	-17.1108261769
27.8415873689	-14.9566678133
27.9061100621	-14.6676803816
27.9883732892	-14.4270977639
28.0035604857	-14.3016086311
28.0183333626	-14.1377147025
28.0232958065	-13.9853412725
28.0607963328	-13.7824884928
28.0778425565	-13.6480773655
28.1030370524	-13.4243389731
28.0951377328	-13.2535935834
28.0967897216	-13.0569830522
28.1040660582	-12.6860858699
28.1204667451	-12.4110709934
28.1293890673	-12.1588628347
28.1362684759	-11.9565253117
28.1166709816	-11.7588530635
4.47673013768	-1.74568615704
4.459309538	-1.57240595143
4.51856945751	-1.23437551098
4.63942514872	-0.852578389111
4.72350454421	-0.461352998811
4.77191425453	-0.22101582737
4.85422452874	0.210775401743
4.87594435084	0.315965803417
4.91604798467	0.505445257393
4.94691711155	0.641873009377
4.99985614723	0.833801875946
5.06284565327	1.09866164483
5.11723740963	1.31015049473
5.19987892842	1.58968857355
5.30364195497	1.94846244403
5.3738668887	2.09980463281
5.45818327009	2.30481185291
5.5039919206	2.40827046063
5.51832950334	2.43882492608
5.65579449224	2.75864240207
5.76494178505	2.93432987444
5.82935133646	3.02959773173
5.9648345237	3.21140680242
6.05069642225	3.31643685676
6.23920649086	3.5375113076
6.49761441912	3.82802787126
7.77005675452	5.15964613765
8.31111917578	5.68410627237
8.43018099693	5.78471976765
8.48416376163	5.82037810947
8.63406721227	5.95939267502
9.03738616476	6.32229360209
23.3079878267	-11.455452363
23.4042684469	-11.5717903825
23.498892161	-11.8308507016
23.5359001202	-11.9570578814
23.6386373856	-12.2660634198
23.675354133	-12.385676405
23.7232532261	-12.5261640342
23.8174487587	-12.7882591554
23.8325177098	-13.0111699432
23.765259355	-13.244256427
-21.7028063894	18.0104388278
-21.8238930666	18.0667489773
-22.1897925182	17.9640363995
-22.8479708278	17.5809605696
-23.1289844648	17.3640831439
-23.4051182312	17.1278875493
-23.7227529107	16.8122663368
-24.0768280244	16.4526890978
-24.3679033938	16.1533375153
-24.6201610428	15.8274953668
-24.7225493835	15.6290865633
-24.8248663752	15.4384040309
-24.8832397393	15.2464685984
-24.9395337986	15.118776481
-24.9957879704	14.6887597015
-20.3606458011	19.3861395443
-20.1736640253	19.4648936704
-19.7890001164	19.7028808128
-19.5167726092	19.9533054712
-19.3211787226	20.115231264
-19.1807389818	20.2323376675
-18.9465047834	20.4446266773
-18.7892572006	20.5457377908
-18.6415355123	20.6980994609
-18.4165002393	20.9213377324
-18.2189696974	21.1395759081
-18.0916242108	21.2923794372
-18.0039735998	21.4005044205
-17.8752719536	21.5562163713
-17.7479688862	21.7636942931
-17.6615933078	21.882423568
-17.5104414042	22.2112185021
-17.4296917742	22.3357994922
-17.3562066357	22.567176793
-17.3259925671	22.6785541811
-17.2750656447	22.913961221
-17.2344701771	23.1139911927
-17.2161857681	23.2240202087
-17.2017761735	23.3896830463
-17.1822107505	23.7018280678
-17.1863798768	24.059670269
-17.2041291798	24.1865722992
-17.2298128042	24.3185733836
-17.2584503724	24.43737613
-17.2667152881	24.5906749133
-17.3097902798	24.7705322222
-17.4249747355	25.0994602228
-17.4462904763	25.4019866029
18.0542574618	-6.7154146162
17.9767277335	-6.4849910687
17.8708000356	-6.34281545268
17.7872486127	-6.18095564073
17.6606109053	-5.86983185121
17.5964848666	-5.75378054834
17.5566813898	-5.63273315612
17.484616292	-5.35413621512
17.3588950768	-4.93042919479
17.2978134204	-4.75650069571
17.292628353	-4.73969994966
17.2278130621	-4.52274463025
17.169558631	-4.07760821585
17.0172530479	-3.78340053347
16.8109454939	-3.52231552071
16.8411794138	-3.42312017378
-2.28417927198	11.8970593946
-2.01835488203	11.9666380608
-1.87443421391	12.0084263401
-1.55612407637	12.0317693707
-1.31438476556	12.054181605
-1.16887737281	12.098076905
-0.696757544199	12.1954591277
-0.560907951518	12.2321629587
-0.354782117506	12.2436895378
-0.293221916437	12.241944881
-0.0741705928182	12.2738608633
13.7810553089	8.1377878974
13.5007355503	8.43397393217
13.3623629804	8.68430440999
13.2107042931	8.83043682275
13.066235073	8.96332213624
13.0425703574	8.98678266674
12.9071260041	9.09838805233
12.7705914099	9.20007350238
12.6500159182	9.29583397803
12.4665681394	9.47329228541
15.2931627059	16.0474480592
15.29403058	15.7649935349
15.3000586571	15.5688718608
15.3255816685	15.3905128374
15.3480155716	15.2258690816
15.3493714436	14.9056342162
15.3811531151	14.6888810051
15.3768462909	14.4715754865
15.4252828898	14.2487860147
15.4348470947	14.0159496094
15.4273028187	13.9381938238
15.4427947266	13.7398864098
15.4434001275	13.5784435808
15.4498505306	13.3466592106
15.4509907466	13.0560809846
1.33280073359	-9.08729056918
1.63521740182	-9.11972427186
1.85573858633	-9.14117718149
2.02230062274	-9.15701384636
2.13506043004	-9.19830418218
2.26566218431	-9.22899318191
2.65877461382	-9.31808931385
3.0667027484	-9.38963698791
3.30969960645	-9.42744655256
3.66061085465	-9.4642167773
4.0539763392	-9.46090709664
4.29202599487	-9.43955755747
4.48432414123	-9.39790447226
4.66440905862	-9.33494278689
4.93559215554	-9.16376797495
5.30798853672	-8.86994475864
5.39090227172	-8.80004481437
5.60130272236	-8.62745343432
5.78380378663	-8.3894170985
5.97884992274	-8.06874448255
6.12072292253	-7.79563408883
-23.216635654	-7.96484770848
-22.8928308264	-8.22022120469
-22.6986602653	-8.36037006734
-22.5087044726	-8.49860775318
-22.223666672	-8.69301990364
-21.8196889305	-8.96511498681
-21.6519479134	-9.08055063961
-21.2568967097	-9.32706067731
-21.0439822522	-9.43934684358
-21.0381407319	-9.44249552396
-20.8697257813	-9.53650091513
-20.6392766833	-9.65460874648
-20.5209590037	-9.71223924631
-20.3360410047	-9.81397818491
-19.9998089118	-9.96032440646
-19.7705892924	-10.0511272815
-19.7361937838	-10.0633325113
-19.4966501234	-10.1414467703
-19.2720394846	-10.2037475205
-19.1084486222	-10.2443069573
-19.0094509389	-10.2564642883
-18.8343783949	-10.2791662684
-18.4536608018	-10.3037928698
-18.206345843	-10.297623258
-17.9595734887	-10.2383140503
-17.7062846025	-10.1764499257
-17.5467651109	-10.1167557944
-17.4278579846	-10.0596235525
-17.325888729	-9.99798555942
-17.2095583332	-9.91482630809
-17.0830151338	-9.80676443962
-17.0129230282	-9.70062599534
-16.9162715848	-9.54155147115
-16.8776973956	-9.44512366104
-16.8505141091	-9.35205626409
-16.8197089619	-9.23495040567
-16.7558269551	-8.87117271435
-16.7361515739	-8.57995614479
-16.796463175	-8.0112373921
-16.8439766733	-7.72998782015
-16.9199792464	-7.44907387912
-16.9748828466	-7.13903108306
-17.1482382116	-6.89908246436
-17.2459172001	-6.74752486822
-2.60870724968	-10.2026216936
-2.27113509214	-10.0756960585
-2.04823072909	-10.0194160531
-1.81981784107	-9.96490112914
-1.581593817	-9.90115350737
-1.49611079894	-9.88231736415
-1.27142556642	-9.82819770642
-0.94238747681	-9.73546150441
-0.599608215989	-9.65288239301
-0.222378331117	-9.52674290023
0.234540810809	-9.39684659157
0.438473687014	-9.33615385682
0.767437257441	-9.27464986125
0.830726197264	-9.26913554541
1.0816877986	-9.16590478095
1.18548094402	-9.12640222562
1.33266816843	-9.08734900012
9.34759661128	-11.3184197099
9.09832120195	-11.2113783454
8.90325144716	-11.1202356396
8.73557896239	-11.0749812857
8.54621387721	-11.0243622423
8.40470261871	-11.0041990999
8.21253558834	-10.9942882101
8.02597145525	-10.9589392982
7.83651079035	-10.940387867
7.68839581197	-10.9256018943
7.50796596524	-10.9119096933
7.29595934979	-10.9030106511
7.0687201973	-10.9000615002
6.90772084555	-10.900374912
6.52209733923	-10.9334199082
6.19393485152	-10.9714435394
6.05090723581	-11.0094719383
5.92014304475	-11.0604786259
5.68950295647	-11.1761145094
5.64282235914	-11.2132605809
5.55498801017	-11.3087815591
5.43103554253	-11.4988348558
5.36850115525	-11.6176833784
5.32505072513	-11.7330668907
5.30652947437	-11.8858238558
5.3040429137	-11.989314939
5.31822778517	-12.1036653417
5.39189944402	-12.2999588631
5.54148963357	-12.6418374786
5.63659019414	-12.8377433665
5.77362908224	-13.0866225826
5.82195543885	-13.1791060266
5.90217615648	-13.3043283638
5.99121132124	-13.449008744
6.15667578769	-13.6975412843
6.39868532852	-13.9841832875
6.4842232616	-14.1064223584
6.78868163763	-14.5143078667
6.93340795999	-14.6764550566
7.08571100029	-14.9063605843
7.1835490632	-15.1590734881
28.1165687664	-11.7588437676
27.8872733496	-11.8845668738
27.6623164972	-11.9574652249
27.3860858359	-11.9954267726
27.320126774	-12.0040022024
27.2314796418	-12.0162690924
27.0252476778	-12.0387547996
26.5080365328	-12.112048013
26.2272057817	-12.1507805335
26.0921326443	-12.155320249
25.8751778518	-12.2121326503
25.7599833915	-12.2412305617
25.5731435048	-12.3048323571
25.3999646889	-12.3539494957
25.1648436271	-12.4485800601
25.0128633271	-12.5352111059
24.8561664568	-12.6037382956
24.6036490715	-12.7004154937
24.4093460285	-12.7880184077
24.0727293789	-13.0332081919
23.7651910349	-13.2412985898
-10.9336703153	16.184639157
-11.2663388373	16.1184143147
-11.3768283408	16.111077734
-12.0529632962	16.1630343325
-12.1768478739	16.0733693123
-17.4462904153	25.4019866547
-17.2185788235	25.5550592029
-17.0930587227	25.5486443238
-16.9981117952	25.5324741579
-16.8608354336	25.5034504024
-16.7884808594	25.51904205
-16.6076246112	25.466948089
-16.5632086009	25.4545504911
-16.4155904653	25.4145220484
-16.2391909306	25.3563250058
-16.0422195993	25.3316078414
-15.8658953031	25.2672273793
-15.7326843197	25.2347593043
-15.5822445132	25.1855961084
-15.3414921862	25.1146760822
-15.2094362903	25.0709985329
-15.126250589	25.0404258381
-15.0149137233	24.9703813101
-14.8860207635	24.9263735525
-14.7911005408	24.8934407413
-14.6634450018	24.8380803289
-14.4944271847	24.7564903547
-14.3871668425	24.7024151662
-14.2727479444	24.6326753766
-14.1423239449	24.5536653988
-14.001573988	24.4419772658
-13.8544630113	24.3266550881
-13.7462018631	24.2523798856
-13.6204709973	24.1505504793
-13.4198262507	23.9842840996
-13.316579964	23.8968665748
-13.1274299877	23.708614049
-13.0025846386	23.5650899763
-12.8926278045	23.4124614261
-12.7658899621	23.2354533862
-12.6735259448	23.111910118
-12.5815598901	22.9677762674
-12.5167131836	22.8179360881
-12.4571115375	22.6385015207
-12.388696684	22.4307261182
-12.3704291726	22.324217439
-12.3552303521	22.2542588001
-12.3311171577	22.0769823822
-12.3163796727	21.8677253784
-12.3114134739	21.5543734764
-12.3119150361	21.274570735
-12.3162699324	21.1354474627
-12.3475260917	20.9060328592
-12.3686113612	20.5755616665
-12.3835031777	20.2868170474
-12.4085343097	19.9476352396
-12.4184443224	19.7426013979
-12.4159927025	19.3382828196
-12.4263083068	19.0102748295
-12.4227561144	18.7944290758
-12.4105656146	18.5758730421
-12.3979593196	18.4537318914
-12.3835907399	18.3115083941
-12.3587677651	18.1287356085
-12.3305017698	17.9587251788
-12.335870418	17.7508782382
-12.3185872871	17.5765326052
-12.2360478963	17.3156734187
-12.1708156943	17.1774431636
-12.0672729788	17.044618033
-11.6616306146	16.9083097591
-5.38229462188	24.2200445222
-5.67271575446	24.0695479437
-5.82019680212	24.0450733674
-6.1128605806	24.0086597522
-6.30660068817	23.9715378461
-6.62175373418	23.8334688538
-6.94282965062	23.7038941343
-7.07314692551	23.6092739536
-7.34033257174	23.4482815927
-7.54400109901	23.2935736754
-7.62124521882	23.2253582714
-7.77357624306	23.0605019994
-7.89859316698	22.9023103453
-8.00289104881	22.7751137327
-8.09445375583	22.6114688035
-30.9719347841	3.46318397595
-30.7765668532	3.67547991995
-30.5427235369	3.93264487669
-30.2379307974	4.30696790016
20.8593658541	4.22738167533
20.9844124132	4.07043457442
21.2116328125	3.79861350287
21.3142573976	3.64885759331
21.4988611729	3.36914918128
21.6908308478	3.09649126353
21.8699222309	2.8174167673
21.9908154404	2.6411536314
22.1140904006	2.46185882028
22.2115727083	2.30565042793
22.2945422487	2.17546001332
22.3713112855	2.04800658947
22.4933469275	1.85496910274
22.6460212515	1.6032679918
22.783289591	1.38590177411
22.8073324235	1.16024139436
22.9676753864	1.04859963347
23.0875145524	0.908339538709
23.1445036037	0.832501714928
23.3042413347	0.580653169523
23.3850901298	0.421813823422
-9.87037905775	18.3304891424
-10.0613794045	18.0432848845
-10.3081644726	17.680347505
-10.4130898811	17.4629554949
-10.6253233483	17.1754985197
-10.8644300719	16.8757870173
28.3328450284	-5.90075128673
28.5413850733	-6.1868907742
28.6408015697	-6.38531860121
28.6791037417	-6.60137893131
28.7291678131	-6.71115098612
28.7581242332	-6.87710614146
28.766107275	-6.92274728982
28.7794183679	-7.01955793141
28.799486257	-7.1596402561
28.8169623617	-7.40435365016
28.8275221347	-7.71979167405
28.8216946283	-8.08455763965
28.8094343984	-8.37582084703
28.7493521753	-8.5144320149
28.7296189397	-8.76672833228
28.6495264572	-9.39409936981
28.5896115971	-9.8032243114
28.5497530935	-10.0483847382
28.4742364514	-10.3738268861
28.4655239982	-10.5025382641
28.4350295586	-10.7183731753
28.3728868102	-10.9628612738
28.3357282301	-11.1056147741
28.2644723467	-11.2705068247
28.2291496241	-11.5376942788
28.1166470148	-11.7588461916
-12.1807300034	16.0729188962
-12.3503168797	15.7491603698
-12.3797132425	15.6473436999
-12.4815058565	15.3833995999
-12.6632021975	14.8638929957
-12.7461757806	14.6280994356
-12.7807718005	14.451410239
-12.872545744	14.2189769638
-13.0372351987	13.7836544207
-13.2058709992	13.3080865344
-13.3490738053	12.9154804114
-13.4160355866	12.7468974089
-13.5011135159	12.5300783283
-13.5892742177	12.2907346267
-13.7147384452	11.9369756759
-13.7542711321	11.8106672907
-13.788149651	11.6946820411
-13.8554888738	11.4272172085
-13.8874181264	11.2753738736
-13.9685519064	10.7864105822
-14.0468583578	10.4944471375
-14.0408061543	10.0271388528
-14.0352279687	9.74645685256
-13.9805633788	9.6088054531
-13.955484316	9.46411688468
-13.877515811	9.22939088577
-13.7864937135	9.07978593708
-13.6244707035	8.86730456809
-13.5107335157	8.71471605165
-13.1354724069	8.42082768199
-12.9990455883	8.32585852293
-12.6332459642	8.14009022202
-12.4451332749	8.00779384005
-12.305721905	7.91784841833
-12.2200232322	7.86879358892
-12.1061663448	7.80086979528
-11.8835838535	7.6753347319
-11.711799947	7.57819947067
-11.5447342831	7.50645480234
-11.1394941769	7.3110181238
2.58183906304	18.8853525026
2.08047196943	19.0001160277
1.93476950816	19.0568803673
1.74754489142	19.1367433163
1.53665741604	19.1966551383
1.27660842634	19.3114301757
1.0911134692	19.4138800002
0.898084219432	19.5280801405
0.692362056559	19.6179329629
0.564336761039	19.6795711199
0.447937531932	19.7597505544
0.30417579866	19.8874194565
0.258997556622	19.9276748035
0.169533350135	20.023227404
0.114161637791	20.1267033103
0.0793213402076	20.2311412173
0.0454441857624	20.4170720616
0.081817980712	20.6235242669
0.084403401194	20.993954956
0.137097325697	21.2250858823
0.199369939604	21.4816530351
0.284874570091	21.760934819
0.317163472277	21.8878439196
0.372589752537	22.049781856
0.510601300776	22.3758881032
0.659867282043	22.5523845938
0.715384840716	22.69044172
0.78635119936	22.8004364734
0.882957801208	22.9310670152
0.993909006226	23.0255407634
1.08032015531	23.1191416541
1.36551609968	23.2801094549
-21.5812119065	23.4329489941
-21.4510796234	23.1727327631
-21.4269597625	23.0605368136
-21.4576244256	22.6365463533
-21.4906896683	22.4222783797
-21.4666919496	22.2184538893
-21.4308344021	21.9891503917
-21.3558461054	21.6191283898
-21.3018700933	21.371642994
-21.2435223195	21.1546138488
-21.1748255983	20.9388325691
-21.1386799445	20.7615807901
-21.0709829155	20.5842970249
-20.993272066	20.3869295272
-20.9740731527	20.3439631845
-20.9236627828	20.1981729701
-20.7551053302	19.8827600697
-20.7172432103	19.6939488694
-20.6552893038	19.4888744453
-20.3607126142	19.3861175767
6.31888318305	-28.0175488585
6.46724861798	-28.0471234303
6.7247369405	-28.0383692888
7.0149687407	-27.9277548818
7.20125295926	-27.8079725768
7.27222646058	-27.747798783
7.90159782002	-24.6278499218
8.16926726226	-24.1890290798
8.24380466956	-24.0652025363
8.46961791601	-23.7129050011
8.57038611487	-23.5636770255
8.64152858077	-23.4508152013
8.8097902256	-23.1857363725
8.86654900882	-23.0919532755
8.98548851564	-22.9037278623
9.29186526622	-22.4117877535
9.53927093674	-21.9997083085
9.59504774444	-21.9165085665
9.96367864672	-21.2786581815
1.36544168729	23.2801514703
1.58099192579	23.2669460451
1.91869759077	23.2123396449
2.23528256735	23.1683982409
2.4311196897	23.1497622259
2.77801632715	23.1332312292
3.05399899387	23.0957015868
3.36789395807	23.0578985874
3.78322936011	23.0151082042
3.97911699671	22.9962673155
4.15477593443	22.9826554892
4.43240677322	22.9544221306
4.89614840792	22.9104318363
5.30146263726	22.8991564856
5.4682086891	22.8799047597
5.8312399074	22.8392813474
6.0324818924	22.8161810713
6.40924835926	22.7633444898
6.69243712398	22.7256961238
6.87579169568	22.7047004403
7.49235587664	22.6132179833
7.90552532691	22.5425933911
8.11759631685	22.5013356694
8.34302107169	22.4521028837
8.55433062967	22.4028831277
8.83969213203	22.3283336523
9.26375673367	22.2077052957
9.56695233001	22.0980433358
9.77799955131	22.0261846683
9.94062995756	21.9586320496
10.0689626856	21.874713731
10.2747182006	21.7893316349
10.6363825011	21.5860669025
11.0235718498	21.3335148981
11.3289799018	21.1592639005
11.4757723366	21.0132394501
11.6295261437	20.8917136657
11.7686686457	20.75975237
11.9484080218	20.5257636452
11.9871327643	20.2711307375
1.01000170089	-29.8206343854
1.53364358119	-29.8314098267
2.13751593201	-29.7127333449
2.4251979514	-29.6596329923
2.8386452798	-29.556567101
3.07381685743	-29.4877913187
3.5449986615	-29.3159791048
3.7244607286	-29.2544365866
3.97320141237	-29.1311774401
4.11327970773	-29.0747061199
4.21918299368	-29.0228709599
4.3893216822	-28.9615380293
4.72781652833	-28.8149334597
4.85462383428	-28.7476957921
4.94000644089	-28.7129780344
5.00821410662	-28.6853199139
5.34394297222	-28.5224196205
5.54716619488	-28.4357342734
5.73655570448	-28.2835634646
6.07004730586	-28.1079390965
6.31887070797	-28.0176490381
-25.7495914898	-10.0331529819
-25.9841415638	-9.81817847975
-26.068314258	-9.76960745341
-26.2034843591	-9.70332962139
-26.4301618665	-9.5744929344
-26.6568610633	-9.45731289076
-26.763868623	-9.3970820905
-26.9508950971	-9.26416199923
-27.1126032745	-9.14491943984
-27.2011784561	-9.0766608098
-27.2668201063	-9.01925575913
-27.3655901772	-8.9294686956
-27.4812962652	-8.81663298201
-27.6983828132	-8.57935192587
-27.8070673639	-8.45253305988
-27.9432375067	-8.23449749129
-31.4156531773	3.21730189763
-31.2735374898	3.34495178513
-30.9719467593	3.46319056884
-25.7497176466	-10.0332303188
-25.6117398451	-9.90019495734
-25.4458824802	-9.70383560129
-25.3428166484	-9.55895814175
-25.3132964518	-9.51413046602
-25.1945902524	-9.21499945427
-25.0527192435	-9.03504339514
-24.9571444503	-8.90551877225
-24.8283048383	-8.82008993999
-24.7029665705	-8.6992036673
-24.5904712203	-8.63457909761
-24.4479373261	-8.36300363573
6.33106544663	-26.6291590428
6.3385472347	-26.9174213594
6.31217634538	-27.2069338509
6.31725537159	-27.2783853962
6.31716556815	-27.4277632552
6.28970881743	-27.6078237499
6.27126116592	-27.8188204914
6.31812528662	-28.0174785195
6.33100584684	-26.6291588941
6.04833903492	-26.6052832231
5.95982842598	-26.6025215257
5.63502928782	-26.5999613401
5.31493281844	-26.6067417533
5.03965792918	-26.5799193363
4.8496823537	-26.5915221264
4.67299839144	-26.5956860958
4.50114987867	-26.6015559858
4.24328758809	-26.6150952705
3.90840379589	-26.6416767373
3.62078968855	-26.6714607271
3.48628239414	-26.6875962993
3.30325518241	-26.7136554833
3.03762425457	-26.7583969296
2.88448235078	-26.8118747677
2.50878882638	-26.8881619713
2.20718498049	-26.9892208864
2.08289208731	-27.0253392175
1.98191482105	-27.0887296314
1.7807699362	-27.1781005388
1.59489853508	-27.2408351114
1.44167210948	-27.4030812043
-0.960112432971	-25.1807482761
-1.96834496831	-25.2536259119
-0.960106486924	-25.1807564376
-0.480513608913	-24.9222368179
-0.162980355707	-24.7256258705
0.0209542712405	-24.5600453846
0.168166016847	-24.4178570815
0.340542551232	-24.1509671519
0.467218316302	-23.9237645799
0.513731554807	-23.7996718288
0.553242474219	-23.6615590813
0.585107410534	-23.4638966857
0.596097999119	-23.2599920585
0.552851168382	-23.0175178988
0.491036080784	-22.8509170318
0.441281516272	-22.7356652561
0.178737403903	-22.4139301528
-0.0890170060442	-22.2476792781
-0.801895976143	-21.8632560259
-1.01481256882	-21.6803903461
-1.14101911719	-21.5316976771
-1.18671812068	-21.4782543672
-1.33056948311	-21.2289895997
-1.41135651097	-21.0378066219
-1.47999493727	-20.8540419162
-1.5365512065	-20.6995394924
-1.5777627235	-20.4748880622
-1.61591575581	-20.2423752712
-1.63889509158	-20.0772127695
-1.66366009172	-19.8287995747
-1.65267660224	-19.6371574978
-1.62951795624	-19.5483518099
-1.5772966176	-19.4077698421
-23.7374483389	-8.12073904803
-24.0099334805	-8.23366249276
-24.1403060375	-8.24037225882
-24.4480825578	-8.36296055582
-23.7374086821	-8.12067496333
-23.4585866872	-8.03470218469
-23.216377909	-7.96504588704
7.18364654696	-15.1591220523
7.41830547737	-14.9525291803
7.62520520086	-14.9800293225
7.9087586142	-15.015292847
8.26657505523	-15.0582645644
8.62060235538	-15.1086214441
8.82691238563	-15.1189766481
8.94917700076	-15.1543292194
9.23055475434	-15.1721863548
9.57098000218	-15.1894967506
9.82941182598	-15.1941554853
9.99448831184	-15.2019606091
10.0393992276	-15.2038903374
10.1752706421	-15.2207059724
10.3547017909	-15.2338956359
10.5757821654	-15.2482353493
10.7751963637	-15.250417365
10.9141389479	-15.2672329619
11.0345591704	-15.2974582444
11.2807012345	-15.3437115607
11.4692902005	-15.4014794432
11.5575078082	-15.4386053694
11.8282942457	-15.5543673062
12.0281158411	-15.6541876748
12.168196757	-15.738846199
12.459983669	-15.9466578446
12.8677837936	-16.2872182067
13.2157280894	-16.6703741361
13.4058359793	-16.8727133706
13.5121294906	-16.9469721688
13.6745268901	-17.1108262475
-5.30173198316	-13.493600436
-5.10503272382	-13.1538337308
-5.01845634133	-13.078663164
-4.75989068868	-12.7849474656
-4.52458681603	-12.5330987102
-4.45961120126	-12.4506504237
-4.40448932161	-12.3724083996
-4.28515990957	-12.186411985
-4.10425201469	-11.9224163416
-4.02947368667	-11.8162153804
-3.96861878568	-11.7306161032
-3.65006908906	-11.3145067607
-3.49734887116	-11.1489296461
-3.29241150887	-10.89050565
-2.99694313841	-10.5623405216
-2.94593875521	-10.5074017
-2.83906577101	-10.3903705347
-2.7538760673	-10.3032602921
-2.60842623235	-10.2026707791
-15.5816156035	2.26713266703
-15.3215538055	1.80410833057
-15.1872413838	1.53306694347
-15.2069055525	1.13664728152
-15.5816119052	2.26713478236
-15.3549010076	2.32679721215
-15.0091848584	2.40591752201
-27.5454417091	8.44594323894
-27.5976634863	8.20781806018
-27.7672595098	7.93094153622
-14.0517104532	2.00260303727
-14.2463951827	1.67625252528
-14.7298523686	1.40401070144
-15.2054554553	1.13737931727
-14.7405755487	2.61969196687
-15.0091848584	2.405917522
-14.24162197	2.71022291165
-13.9664680464	2.46363497747
-14.2419254442	2.71100387913
-14.238563614	3.07879961846
-14.2246666786	3.23992090565
-14.2114041177	3.44446394562
-14.2923896527	4.06573964923
-14.3308385276	4.25044117773
-14.494750908	4.97026017077
-14.7003472371	5.91506153747
-14.7495877105	6.12826273486
-14.7887742107	6.29870817425
-14.8313725865	6.46088646466
-14.8617357667	6.65586548741
-14.8507788547	6.83480625893
-14.8823273909	6.9759863399
-14.9413928788	7.18647833543
-14.9647919242	7.26132964809
-15.0934366308	7.5934570015
-15.2512074578	7.92084163094
-15.332998845	8.0475104462
-15.4136824817	8.17537302063
-15.5584751545	8.3499794687
-15.6029762452	8.39895920576
-15.7674681628	8.54753856327
-15.9311777946	8.66948750365
-16.0947822231	8.76485217997
-16.26466377	8.85220372826
-16.4037581799	8.91547691225
-16.5925318571	8.98500681745
-16.91232487	9.04100992421
-17.2772258632	9.1430442147
-17.6253667547	9.28016420243
-17.9755971607	9.36939838753
-18.2748866942	9.43085226248
-18.5830939375	9.50163953488
-19.0344647189	9.59171301465
-19.1403550725	9.60852664593
-19.2595712845	9.60300239145
-19.4316933169	9.6093780208
-7.68051082612	-5.42417913087
-7.49723527355	-5.48007962084
-7.33501225744	-5.58187763429
-7.03014920937	-5.84771592797
-13.9664680465	2.46363497645
-13.7007329361	2.39024435251
-13.5270255836	2.30059842175
-13.3451387419	2.23574716337
-13.1087799316	2.12689229376
-12.898333925	2.04974807911
-12.8095530402	2.02853318903
-12.6666572629	2.03616731279
-12.4152044151	1.99449657845
-12.1913606716	1.97699936944
-11.8848616156	1.97865010107
-11.6894472668	1.99446980663
-11.6277178749	2.00040306917
-11.4940496102	2.01883588474
-11.2962782877	2.0370652775
-11.1170225334	2.07498235437
-10.8656073403	2.13586374847
-10.6923938078	2.19984662811
-10.5511653319	2.25321842548
-10.4757836635	2.34712676165
-10.2869796326	2.3879301061
-10.1747811946	2.49436473268
-10.0909400834	2.57739605739
-9.99809837037	2.70565140747
-9.89504032376	2.9686955829
-9.7807147629	3.43757432388
-9.77057973752	3.56893833094
-9.73941732326	3.79931984991
-9.74231441086	3.93823477285
-9.74739722532	4.16769045062
-9.7922447196	4.40185162486
-9.91432540023	4.75386244608
-10.0909024348	5.32981402916
-10.2652226163	5.75239278665
-10.4352988318	6.16123385526
-10.5786897524	6.50808227792
-10.6743361412	6.64473719111
-10.7167404871	6.74331678263
-10.7883921842	6.83980708863
-10.8954550908	6.94981956468
-11.0105876194	7.12502524097
-11.1393985654	7.31106885122
-7.90152018831	-4.46743262955
-7.76404722823	-4.35516135901
-7.67928152855	-4.23326909807
-7.57872112636	-3.94128022836
-7.49307893962	-3.65782507739
-7.44339006989	-3.17601564809
-7.29011018653	-2.33142655546
-7.04163512216	-1.3167419789
-6.91766931785	-0.77316470267
-6.84028856668	-0.555039556134
-6.82546493053	-0.36159126717
-19.4314328568	9.60951297188
-19.6245687792	9.72054385011
-19.772077185	9.82762775242
-19.9827046919	9.93393497921
-20.0669014341	9.98303678168
-20.1863690946	10.0710074724
-20.3817415854	10.1533349446
-20.5138572702	10.2183211066
-20.6646005416	10.2826155319
-20.832588737	10.3459749897
-21.1006360421	10.4933933181
-21.2181590574	10.5497075999
-21.3301987817	10.6058747069
-21.6610234897	10.7892736048
-21.9187813618	10.9509094096
-22.1920381201	11.109658212
-22.283572381	11.2257248679
-22.344595813	11.2814003021
-22.5079878531	11.6039792232
-22.5851815542	11.7623002295
2.42023528421	-5.90613600098
2.69143856825	-5.81378596012
3.02318133055	-5.96393848795
3.19006183591	-6.02542685806
3.27057629624	-6.06282488344
3.43222935147	-6.11285865511
3.77388304763	-6.34307713472
4.02000633347	-6.46777532062
4.18813956993	-6.55013487656
4.36125963541	-6.64417546713
4.50855743842	-6.72400149341
4.59674047547	-6.74370730589
4.84336266757	-6.88830914866
4.97612257124	-6.9726292121
5.24017342719	-7.19484053388
5.57221877597	-7.42308439216
5.72223400484	-7.51502772671
5.84326618143	-7.63257062404
5.8935244151	-7.67042990314
6.12069140033	-7.7955511956
2.42045312863	-5.9063198184
2.52525689724	-5.49496383215
2.5393391844	-5.27368275968
2.57838886847	-4.97338363502
2.58207213342	-4.7968300941
2.6210245293	-4.57015701064
2.65145168884	-4.33079734334
2.72720222342	-4.01972785469
2.74052059866	-3.96491067584
2.79546422974	-3.78686681395
2.84441435909	-3.66671380583
2.9026760281	-3.52493621446
2.98941172898	-3.33925445016
3.13522246623	-3.10267988264
3.23974356681	-2.90719612937
3.33756248127	-2.75866775876
3.50255545072	-2.56087624471
3.64379140785	-2.41017476068
3.70887505057	-2.34233553149
3.88363836318	-2.15462419428
3.99641383772	-2.04377926661
4.14790477198	-1.92110596309
4.47698565707	-1.74585004416
-4.01365612039	1.77032616738
-3.63472933345	1.81453499624
-3.34586019642	1.92511680189
-3.20473934378	2.01005303807
-3.10740798939	2.05164828293
-3.00735223712	2.11860981073
-2.84500011305	2.24051477219
-2.61112712026	2.44047423221
-2.40543088316	2.66433486094
-2.04292619187	3.13363020311
-1.90751780989	3.31005596452
-1.80548402331	3.49660917366
-1.69483754155	3.66546732886
-1.6177937	3.77547636229
-1.53147398107	3.91964352443
-1.4698233884	4.03375972592
-1.41854284064	4.13513386803
-1.36423303949	4.27208909742
-1.26839130417	4.49380942665
-1.19873247843	4.65695764792
-1.12444304472	4.77564523572
-0.901941181472	5.1961850802
-0.839993209148	5.52902506564
-4.01365608702	1.77032620719
-4.11654409836	1.59090042016
-4.22644836636	1.4112050115
-4.39302606123	1.29315566921
-4.67223411392	1.09623987664
-4.9718053643	0.874440498949
-5.10534507442	0.800089985864
-5.22493710506	0.71305631786
-5.45393793804	0.581514449609
-5.70477456929	0.435940302762
-5.90058320462	0.305148973343
-6.05412512678	0.198961972496
-6.32013389579	0.0150251067375
-6.42861683884	-0.0555614032662
-6.66336231984	-0.232105012345
-6.82563648263	-0.361605722905
-22.4307441905	13.5103669436
-22.5754735783	13.2646429551
-22.5892454059	13.0599774728
-22.6172848111	12.8842548137
-22.6128352871	12.7547868312
-22.6653898634	12.4885326976
-22.6522715094	12.2532324705
-22.6964182761	12.2010383151
-22.7152714376	12.042026626
-22.5865923597	11.7549606998
-6.97274870806	6.02937841763
-6.95748540695	6.57850060433
-6.97813333599	6.92476883235
-6.96252988642	7.01800630769
-6.98903777021	7.22220643389
-7.02016644205	7.5089436309
-7.03270266094	7.64337972398
-7.04027641368	7.73483363545
-7.06708319322	8.02729365503
-7.06860097988	8.22906152722
-7.10058380335	8.40937725775
-7.13055700935	8.61114900934
-7.17179736282	8.88060612086
-7.214853889	9.12725693362
-7.25521487838	9.25556308995
-7.28147255529	9.41209237649
-7.29710247101	9.535883167
-7.32695771921	9.75574023365
-7.36301638322	10.039855412
-7.40063201011	10.2489158987
-7.45054288279	10.5038535357
-7.52234232716	10.8070958497
-7.57565459718	10.987981831
-7.67367669386	11.2820655233
-7.78525769564	11.4870817001
-7.87524356484	11.6542601368
-7.98114937599	11.8322603885
-8.06234015137	11.9710257124
-8.14142035737	12.0906103888
-8.33498945625	12.3117980768
-8.56085174906	12.4920690821
-8.58667899543	12.5141723151
-8.76265654594	12.6611080314
-8.84771202461	12.7275455123
-8.98633690517	12.8425054944
-9.18527581347	12.9655297607
-9.32761819652	13.0144906957
-9.51476078326	13.1314211128
-9.64637881675	13.1780216474
-9.88326214402	13.3064909886
-10.0672294281	13.3493992433
14.5856324664	-8.3681792541
14.8244597584	-8.37041836869
15.0830631045	-8.30864223161
15.3077680208	-8.26698792211
15.5981818594	-8.21726085316
15.9206658789	-8.10795201571
16.1710186587	-8.01527932624
16.3708865714	-7.92248924207
16.5505702602	-7.83081475111
16.858432923	-7.67193053074
17.0576503331	-7.5676167235
17.2558192789	-7.44414626192
17.4078903397	-7.33490440597
17.5512965986	-7.2454550079
17.7739608693	-7.06991965544
17.8211918706	-6.92661044683
18.0554370004	-6.71504881736
14.5854992032	-8.36793900719
14.4211032722	-8.25509368899
14.3818950638	-8.2122196912
14.2060279327	-7.98345001088
14.0058607851	-7.79392573509
13.9586866483	-7.757512404
13.8538725491	-7.64907302782
13.7236655715	-7.53586675003
13.588236302	-7.40733111271
13.4653465933	-7.3078588084
13.2799304218	-7.15665069023
13.1228944304	-6.99819358067
13.0012736939	-6.92643867401
12.8654557943	-6.83948491302
12.6628523827	-6.72489317681
12.2419919153	-6.5339605338
11.8347504838	-6.39967963903
11.5924469667	-6.34606673988
11.320716266	-6.31706153125
11.0162507739	-6.28504350087
10.7844246164	-6.28235115538
10.6752319634	-6.29007709767
10.4836374919	-6.30718862022
10.3572496555	-6.31914437884
10.1540121192	-6.34846379871
10.1230765915	-6.35346117537
9.91436622839	-6.39235045319
9.63484106657	-6.44526130243
9.42998613193	-6.49966355412
9.16332503306	-6.57744355129
9.01390164276	-6.62693625746
8.77432530845	-6.71235429406
8.62609116073	-6.76947746164
8.41096072633	-6.87767454938
8.19182594256	-6.97588022941
8.00776313854	-7.05644635411
7.8352627238	-7.1368465198
7.63313087286	-7.22203491044
7.39944134146	-7.33129717275
7.23935134752	-7.4010095137
7.01152641272	-7.5025218517
6.90346826845	-7.54700495589
6.79163683584	-7.61421937055
6.6046412907	-7.72471773414
6.45121394143	-7.79224250347
6.12069115706	-7.79554572005
-11.661621548	16.9083339889
-12.043513638	16.5516335132
-12.1381646022	16.3979803884
-12.1807826119	16.0729405426
-10.8644109522	16.8750186524
-10.7698737282	16.6626661314
-10.7942818297	16.4931237639
-10.9337657409	16.1846193379
-10.0671653237	13.3493583136
-10.1230782027	13.7215050228
-10.16162202	13.9800209503
-10.2824777136	14.4234195538
-10.3843173169	14.7146045439
-10.4360713605	14.9212826446
-10.489905966	15.1503582998
-10.5306142909	15.316981218
-10.5616436506	15.5253313939
-10.578083521	15.7068153127
-10.6405255019	15.9330384602
-10.9337657412	16.1846193362
-0.839965830216	5.52902793526
-1.09709579229	5.74142118709
-1.28697346882	5.92970248988
-1.65433867842	6.33514124273
-1.82926653195	6.56502528236
-1.93753852556	6.77765891413
-2.06537137529	6.93863161744
-2.15976200006	7.08273114531
-2.28370273918	7.23926425898
-2.40126721103	7.40454731073
-2.5083889502	7.56207117902
-2.71669376773	7.89676154867
-2.85344145383	8.14908439883
-2.92243082739	8.36347599766
-2.96618787645	8.47603115995
-3.02100576933	8.65845809957
-3.04504039091	8.77754845745
-3.0823497911	9.20233967747
-3.06881978534	9.49915914719
-3.04467186328	9.75385525852
-2.99648843564	9.96588332554
-2.8944831195	10.3302002909
-2.82090236052	10.6203884511
-2.71619830754	10.8938064789
-2.60438861052	11.2050834875
-2.54257060943	11.4202211758
-2.4495924578	11.5919920791
-2.28417926747	11.8970593943
2.41630031754	8.66781389064
2.31126965514	8.81336849967
2.24355383337	8.97950012168
2.17569417795	9.18032334305
2.11264071671	9.2977033654
1.98364391518	9.53664648208
1.8202197262	9.79619022025
1.68031183233	9.99282872845
1.34266589985	10.4843038614
1.11756197167	10.8861961773
0.965983555084	11.1211062242
0.760836373796	11.3743663656
0.642358042125	11.540244168
0.553291881114	11.6619865244
0.342738751459	11.8516769272
0.231239228904	11.9472842315
0.0267996985223	12.0946633647
-0.074169694745	12.2738207967
20.602337095	-3.02326606825
20.7554747662	-2.7024315001
20.9106881484	-2.53919407135
21.1034211416	-2.25702125797
21.2939862983	-1.990555181
21.5355609709	-1.67290986185
21.7837325972	-1.38721497119
21.9276071778	-1.2204271007
22.115458535	-0.978657692515
22.3241053305	-0.747217844653
22.5065892621	-0.515186941823
22.5954043866	-0.418867765319
22.6610854233	-0.283258170008
22.9383932467	0.0105347415596
22.9600622957	0.0536085117538
23.0545741265	0.120623787934
23.1777096738	0.211013656359
23.3850296659	0.421696691665
20.6023370297	-3.02326684286
20.4593104097	-2.84678552689
20.267236837	-2.74883283535
20.1241550993	-2.7200915543
19.4805601768	-2.67218954491
19.2522345465	-2.71089399802
19.0567844661	-2.74224544563
18.9065192426	-2.75848402105
18.6443171596	-2.77466498352
18.370764104	-2.8207841547
18.0832275979	-2.90429335076
17.9630541054	-2.94983941014
17.7429908849	-3.05304980331
17.6303988037	-3.10338470333
17.4900922919	-3.16310607156
17.2624852886	-3.25964773765
17.1011158216	-3.33961917825
16.8411794141	-3.42312017606
-5.7459998992	18.2339917704
-5.98636820037	18.1545861419
-6.30224504085	18.1101037142
-6.4906296315	18.1214427517
-6.76119551537	18.1396577333
-6.91882426452	18.1308833996
-7.24524440564	18.1106997641
-7.4481579179	18.1272778896
-7.72247774193	18.1726251987
-7.85586644531	18.1844274483
-7.99434257353	18.1975891118
-8.14836869892	18.2135862124
-8.29121145263	18.2278058613
-8.41760672676	18.2389907595
-8.55382741842	18.2494463737
-8.92571784757	18.2872025336
-9.30324619693	18.2797935434
-9.68918808614	18.2877889019
-9.87040094836	18.3305197762
25.8149829175	-3.1081272632
25.5035145078	-3.5024767027
25.325333621	-3.7200714517
25.1188789231	-3.90597971897
25.0048872405	-4.02640102662
24.8499054243	-4.17724644745
24.6580156252	-4.35967109977
24.4341948612	-4.55280089275
24.2033254221	-4.77366452427
24.0271542772	-4.90724539488
23.7352638066	-5.11406904635
23.2814489919	-5.39565929199
22.9761553903	-5.59261227508
22.9155364962	-5.63606893199
22.7426680849	-5.76489170968
22.5973688556	-5.87431170205
22.4415982296	-6.00288318098
22.2284312977	-6.22175894222
22.088649137	-6.35029851856
21.9846221561	-6.45579905255
21.7421781644	-6.7512423406
21.6263013868	-6.87314621941
21.4369932856	-7.08844525968
21.3076833431	-7.23859572807
21.1492652589	-7.42401568827
20.9712743051	-7.62126272879
20.8270870373	-7.78935153114
20.6398141496	-7.97780375028
20.5147479435	-8.12504282417
20.308207219	-8.34305591953
20.1742969581	-8.48030199035
20.024732794	-8.62516167145
19.5771435678	-9.04574693993
19.4331423754	-9.17254379144
19.2080265118	-9.3830464257
19.0416441293	-9.54586099363
19.0196065713	-9.5715913702
18.8647278207	-9.7136939701
18.5281213646	-10.0205911971
18.2901920848	-10.2332246565
18.1087999639	-10.3869132836
17.9874935192	-10.5068471093
17.8992444222	-10.60390712
17.765915251	-10.7440970544
17.6936628599	-10.8095190158
17.5021643148	-11.0115455745
17.2696021809	-11.2660194389
17.0220036979	-11.519601392
16.7406315552	-11.8009356255
16.4735802195	-12.0758003291
16.178111159	-12.3713460108
15.9351187976	-12.5719686119
15.8444032835	-12.6528977678
15.6349949413	-12.8309307187
15.4896942106	-12.953611538
15.2676025036	-13.118478237
15.1013641292	-13.2300527718
14.8959843441	-13.3581234393
14.6944053458	-13.4741149416
14.5823487991	-13.5280360919
14.4230550944	-13.6118397973
14.2270684208	-13.6928058657
14.0541829704	-13.7556092802
13.6834391284	-13.8421215015
13.4762725899	-13.8966556316
13.3173735895	-13.9312925552
13.1145951371	-13.9695927798
12.8925059995	-13.990858557
12.7898955442	-13.9913508617
12.6589529426	-13.9806942628
12.4358781627	-13.9527076105
12.2466099576	-13.9369710034
12.0761123856	-13.8762807503
11.8957118584	-13.7859041395
11.5432233917	-13.5529351577
11.2799818476	-13.3362744922
11.1833744108	-13.2550351734
10.9804923699	-13.0519708283
10.6580334409	-12.7342560916
10.3484601236	-12.4169197272
10.2987918518	-12.3619156877
10.1089809073	-12.1353441257
9.82583246268	-11.8619361521
9.58153138398	-11.6584508671
9.46141047096	-11.5212045588
9.43132597703	-11.4701762192
9.34720246125	-11.3220768579
25.8149829175	-3.10812726323
26.2615864865	-3.34489609722
26.390722536	-3.43658831758
26.4833056761	-3.54562958272
26.688308036	-3.72438356775
26.8714957235	-3.90381392893
27.0113754857	-4.06519207809
27.2467703121	-4.4011066626
27.4191938189	-4.63566678621
27.5317894121	-4.79562809656
27.642434949	-4.9352759269
27.7726464662	-5.16673902521
28.0016363442	-5.39270038093
28.1289675798	-5.53155406598
28.2021773329	-5.65402772671
28.3328693866	-5.90079705032
-8.09439962313	22.6114655882
-8.35820196449	22.4418924795
-8.51511926288	22.3304715883
-8.77513822344	22.0921882635
-8.99119382017	21.9012745915
-9.11457978152	21.7480126636
-9.25233471962	21.5866776599
-9.33368998869	21.4453282491
-9.41747539811	21.2801378046
-9.53765532863	21.0895070827
-9.60666489965	20.9333037298
-9.67308577441	20.7834757168
-9.73648854045	20.594328044
-9.80697672534	20.3470063748
-9.92979212382	19.8370475868
-9.96537385765	19.5040115561
-9.99699810856	19.1175018923
-10.0093626829	18.9349642461
-9.99947853404	18.5726192568
-9.87035917306	18.3304725185
5.46064143392	16.0418796885
5.67698696666	16.2445191162
6.02555727555	16.6411848499
6.28360370764	16.944207656
6.51497293917	17.2088251511
6.86243865283	17.5574042222
7.05274037232	17.8044568233
7.11365253263	17.8856050097
7.24495001331	18.0736343838
7.41197064924	18.2486362709
7.56330665278	18.4732485329
7.73593708276	18.7396252122
7.86780851444	18.9272122653
7.95847633706	19.070897644
8.03897444365	19.1857739805
8.21698104455	19.4328865506
8.3442448523	19.627974133
5.46062866869	16.0418730224
5.16173460015	16.1357358067
4.89131528322	16.2138815291
4.64825108832	16.3324358102
4.44869449443	16.4472908591
4.24102978226	16.5717223115
3.97471804553	16.714606432
3.85626991155	16.7758678751
3.62827179596	16.849059539
3.62811045187	16.8399665868
3.53920141708	17.1079682047
3.39734998557	17.3020479409
3.37925230748	17.3250672408
3.2351384751	17.5521016489
3.12978618395	17.7649582227
2.91598636418	18.1813477341
2.83513894011	18.3651669128
2.58186263269	18.8854621213
15.4509478269	13.0561106101
15.6059858844	12.9949646232
15.8824614104	12.7695598616
16.0253364718	12.6047572656
16.326588037	12.2629250047
16.4342117839	12.1187329109
16.7091709278	11.7416568155
16.814945456	11.5108886718
16.9619032165	11.1132638446
17.0085358859	10.9969065151
17.0815874853	10.6939950988
17.1054937351	10.4486720994
17.1285376813	10.1227725572
17.1075856821	9.6224365956
17.0724165856	9.27879274492
17.0597137949	9.19576739502
17.0114210628	8.74984656365
11.987132765	20.2711307252
11.7268787577	20.1585799715
11.54960222	20.1102542292
11.3532053501	20.060000311
11.0619068489	20.028150661
10.8467489704	20.0037980255
10.5727942675	19.971018786
10.2573914887	19.9252924165
9.90912450467	19.8813629654
9.66143792278	19.8387791507
9.49517172488	19.8112568586
9.24736807991	19.7790463895
8.93749824526	19.7064051932
8.68151721298	19.6990411399
8.5549871441	19.6585965842
8.343799914	19.6280682251
16.3021020508	16.7927731267
16.219111483	17.0838889854
16.1462841622	17.3332044251
16.0981222214	17.5003647877
16.0158000544	17.7145323647
15.9842912776	17.8719604161
15.9234169122	18.040945356
15.8590311425	18.1754052873
15.8120531527	18.296871764
15.7691861082	18.4097522839
15.7455837784	18.5192281292
15.7232306569	18.716283132
15.7196982571	18.8279277667
15.7294275071	19.0297048796
15.7961764532	19.2650934183
15.9789813685	19.6261351032
16.1199173922	19.8437521528
16.1962673257	19.9208747278
16.2025106874	20.0118738435
16.36048805	20.1957985715
16.5445300004	20.3658855142
16.7451169738	20.5196170652
16.9012137713	20.6536157047
17.1414288535	20.7516566691
17.2885107628	20.8511077553
17.3724817491	20.9099750122
17.4300436713	20.9704542462
17.5821782534	21.0723096052
17.8508644202	21.2308745208
18.0658277031	21.312553927
18.1747139728	21.3312651406
18.2195941624	21.3377543863
18.2437773424	21.3369254575
18.4298112196	21.3136911369
18.5685996584	21.3357610457
18.7414246818	21.3373993323
18.9853833798	21.3188797775
19.1646357894	21.2965098297
19.3149340666	21.2476402861
19.542301505	21.1770476223
19.6775778773	21.1225835409
19.7583586597	21.0913757603
19.8935932076	21.0352944018
20.0413711097	20.9662332269
20.1806807663	20.8867413994
20.2313951101	20.8572163575
20.3636427554	20.7827244336
20.4506871686	20.7249293692
20.5839761764	20.6273915165
20.7346251134	20.5131047783
20.7980033476	20.4540734627
26.7117678588	-0.538335457403
26.5424122725	-0.767227167039
26.3834483141	-0.892642134598
26.1148545848	-1.02305661954
25.971551474	-1.06313077458
25.9089607598	-1.06596387183
25.7933186719	-1.02116294855
25.5739031426	-1.06065313746
16.3020544597	16.7927528274
16.5060463592	16.7052875707
16.7611153513	16.5584610184
16.9339306404	16.332543557
17.1057344558	16.1629027353
17.2678488337	16.0003060075
17.4076971799	15.8511036633
17.5135437151	15.6550658576
17.6372673391	15.493519167
17.7338754584	15.3528901144
17.8064275113	15.2413375785
17.9162043711	15.0339741798
17.9760366371	14.9737976136
18.0313849514	14.8526558438
18.1139871684	14.686133583
18.2259682674	14.4047819095
18.2759058744	14.2497494837
18.3430874927	14.0813683698
18.4008915362	13.8995433536
18.4892934959	13.6406563579
18.5787214013	13.3415614511
18.6398982267	13.1495612422
18.7126165042	12.9077983804
18.7934444722	12.7422591338
18.8858760289	12.4772117895
20.8231849924	6.13399375763
20.8880166744	5.78040126005
20.9004686639	5.69212113233
20.9191936294	5.54218686013
20.9695342957	5.11530318004
20.9274970253	4.88001041484
20.9246723769	4.61763112205
20.8985533383	4.43968694259
20.8593603505	4.22737254667
-0.0913346365899	-21.2333017905
-0.248825829782	-20.9408124914
-0.385559492793	-20.6004540793
-0.534248888893	-20.3257713665
-0.673951574858	-20.0712099686
-0.817528094542	-19.8725997479
-0.954139821443	-19.7521858905
-1.19375760772	-19.5507607176
-1.4096846423	-19.3695203287
-1.57737963604	-19.4066658412
-0.0912159073703	-21.2334325814
-0.170326657543	-21.5383504206
-0.30834207329	-21.8359501093
-0.661779919421	-22.3659463932
-0.922773890015	-22.7234084272
-1.11411432005	-22.9849882467
-1.23589261341	-23.1578414432
-1.31762047279	-23.3681795611
-1.3561315007	-23.5443945985
-1.37690413374	-23.7961772605
-1.37079966457	-23.9998304177
-1.27721928348	-24.2717042229
-1.25130774597	-24.393575107
-1.20156427529	-24.5948743778
-0.839364180561	-25.2153044741
-0.519595927147	-25.7988312248
-0.45200250997	-25.9707577626
-0.403274467576	-26.1666488544
10.4229938171	-20.435728259
10.3911180942	-20.1831231719
10.3555448741	-20.0841292519
10.2730151629	-19.9272085128
10.2673316566	-19.7637743536
10.1722799423	-19.6743163933
10.0807991154	-19.5611096229
9.95925528087	-19.4032976741
9.86112760882	-19.2731460637
9.71646917645	-19.0887298536
9.60455315511	-18.9212713273
9.41962355632	-18.6687265095
9.27992800451	-18.4655282074
9.14963940179	-18.2975566081
8.93694467542	-18.0552840592
8.78176056129	-17.9164514542
8.66895027709	-17.8009079707
8.44969218352	-17.6063254572
8.31763347313	-17.4906395279
7.90448834696	-17.1277920559
7.7452841386	-17.0112949777
7.66535731048	-16.9038221201
7.51366025921	-16.7794271031
7.16780663569	-16.4605105899
-6.98980385029	-12.6292099126
-7.03304790532	-13.1321326534
-6.87086776462	-13.8753456965
-6.55130513074	-14.4679727643
-5.76354841561	-15.6683468675
-5.36826342323	-16.2679712709
-5.25907284121	-16.4447928304
-5.05205546757	-16.7345274862
-4.90124843368	-16.9393215557
-4.74435011791	-17.1281545802
-4.64981979148	-17.2489075264
-4.41328238071	-17.5331863172
-3.91119747661	-18.1074828106
-3.81016167727	-18.2400347177
-3.61812029108	-18.4878892649
-3.39818668619	-18.7884935224
-3.22070522633	-19.0397878024
-3.14759112805	-19.2023764699
-3.01439101392	-19.5360165304
-3.00376918679	-20.1644520055
-2.98298835136	-20.3263330126
-2.96844252679	-20.5954357335
-3.00787921445	-20.8666767973
-3.00258353897	-21.1750204186
-3.01963093948	-21.3972920536
-3.06751632216	-21.5698943748
-3.06997742411	-21.7103302103
-3.09034225602	-21.7394360413
-3.15882865897	-22.0866311415
-3.31565264481	-22.3275487589
-6.98958897639	-12.6281859426
-6.99536663991	-12.1270904647
-6.98690442919	-12.0202851092
-6.93364632602	-11.8061265981
-6.82779440326	-11.4243236211
-6.70689787589	-11.0966455028
-6.2628989262	-10.2382457948
-5.85876665412	-9.36731496665
-5.6907148682	-9.00226134159
-5.54574429809	-8.72041540204
-5.29610621136	-8.3528792564
-5.19509597264	-8.16554737488
-5.14063363909	-8.09236829187
-4.97677693365	-7.87163840193
-25.9156147651	-3.84944720377
-25.7587890548	-3.68939444657
-25.3892988997	-3.3474629956
-25.1621432749	-3.12682757092
-25.0227780771	-2.95666374721
-24.9638153482	-2.89830803526
-24.8834647882	-2.79961962369
-24.7787470045	-2.71985461924
-24.6991296391	-2.57389356974
-24.5705159314	-2.38201473139
-24.5197181412	-2.29668281045
-24.4160680696	-2.15612694836
-24.3408440506	-2.03924456376
-24.2450152377	-1.87392663875
-24.1473332164	-1.69881103012
-24.000831076	-1.48223778645
-23.8843389714	-1.27084164463
-23.7954315499	-1.04184906358
-23.724461594	-0.877259038136
-23.645367818	-0.697623353689
-23.5918784394	-0.554467901274
-23.5427342734	-0.277556884219
-23.5206404279	-0.205572748352
-23.4978064418	-0.0952750181586
-23.4824882487	-0.0187435865837
-23.4531908567	0.146972976187
-23.4212368885	0.280343790499
-23.4066625465	0.498287487406
-23.3646014832	0.652089683079
-23.3505991684	0.820141440699
-23.3666711555	0.945589645021
-23.3606196793	1.0176116535
-23.3639126825	1.15434116918
-23.3382525465	1.26640740785
-23.3132810854	1.41758566915
-23.3371685083	1.66013774901
-23.3761279662	1.84706681141
-23.3930473024	1.92195885683
-23.4013264621	1.99453505434
-23.4108805551	2.11103187211
-23.427735793	2.302292833
-23.420681689	2.45204864812
-23.4429535698	2.64167527433
-23.4696090496	2.96930813847
-23.50363516	3.08742749062
-23.5584872204	3.16435230149
-23.5995235942	3.27682941215
-23.6547261579	3.49517416133
7.18966221744	-15.9449023816
7.36120761371	-16.1644420748
7.31869412377	-16.2714791059
7.16864347138	-16.4626370081
7.18967395434	-15.9449786439
7.06512798184	-16.008407301
7.16718934237	-16.4598520505
13.1684828479	-23.6399313486
13.6216622632	-23.9160673169
13.168539991	-23.6399701094
13.3285719371	-23.0987569244
13.431477458	-22.8244632986
13.7402377827	-22.1600886892
13.9161994228	-21.7081913291
14.0189870243	-21.4519372
14.128283069	-21.2001050807
14.1978334616	-21.0397071982
14.4147538895	-20.5521018657
14.4674369662	-20.3610176564
14.5881858582	-20.0894368059
14.7176974237	-19.7952252695
14.8197664432	-19.5230769619
14.8976755642	-19.3230483937
14.9774575371	-19.0167992797
15.0108149212	-18.856436105
15.0372697097	-18.7361264882
15.0737443514	-18.4955024089
15.1130677463	-18.3196652602
15.1880123987	-17.8786296301
15.1942425024	-17.7883175088
15.2091119117	-17.5948552057
15.237971901	-17.4229087282
15.0956807296	-17.2305862059
-27.7682961515	7.93145166203
-27.8370106805	7.77458700768
-27.8787133196	7.50177444678
-27.9493511276	7.09195634487
-28.0055412894	6.87964742308
-28.1607762511	6.35724854317
-28.2989202956	6.1412040649
-28.4156105843	5.97548687876
-28.5398337333	5.78308386954
-28.6461557146	5.61917927394
-28.7867884265	5.42773270981
-29.0272156576	5.20258042143
-29.1239703711	5.12539524157
-29.2204263423	5.04214472319
-29.3685004685	4.97100674692
-29.6461514692	4.79044474181
-29.8521223265	4.55989051773
-30.1617390728	4.35494962904
-30.2375998017	4.30677722172
13.621693943	-23.9161230716
13.6620657613	-24.0385103851
13.5172361789	-24.1947190393
13.3644627047	-24.4752906456
13.2274793409	-24.6633336362
13.04730434	-24.8945979832
12.8666804574	-25.0517702752
12.6742042747	-25.2299012034
12.3900238584	-25.4277468291
12.2847324207	-25.4944635623
12.2061045083	-25.5424689894
12.1491104255	-25.5752571088
11.9259472931	-25.6825447266
11.7469049164	-25.7528683376
11.5278251244	-25.8345944432
11.2927193377	-25.9236243126
10.9580809044	-25.995448419
10.5623825299	-26.0693202922
10.2548046307	-26.0962926928
9.91835947392	-26.1087898068
9.77986241128	-26.0785977367
9.73477864741	-26.095273159
9.38940132413	-26.157855025
-23.6546037455	3.4952748453
-23.5356640865	3.69474829194
-23.4952276084	3.87163012875
-23.4764150898	3.95943221998
-23.4892752714	4.08381395925
-23.4932921683	4.16452361835
-22.7544530359	22.9585720874
-22.5570254398	23.1136494335
-22.4280299105	23.1352246336
-22.3249120687	23.181343026
-22.1864440532	23.2065937059
-22.0909913943	23.42042875
-21.9772415828	23.4775497277
-21.8924383219	23.4898741071
-21.8474533704	23.4931571885
-21.5818405604	23.4313430111
16.3215552149	7.75489983672
16.435589225	7.44208167756
16.594360952	7.23976842852
16.6791094991	7.0484734043
16.8532592897	6.80034442938
16.9685264532	6.59435941761
17.0464253506	6.49111671581
17.1462122985	6.35424375245
17.2432191136	6.22095173485
17.3774929881	6.02626494364
17.4989845551	5.87995481526
17.619763542	5.75283093722
17.7199832552	5.64169765045
17.8765848278	5.49829352535
18.0645974791	5.34564821739
18.1533355567	5.30296905957
18.2263772762	5.25318036414
18.344937079	5.17697536485
18.5376091666	5.07306818426
18.7088493659	4.98395316052
18.9362095969	4.90768769037
19.340447456	4.72749689155
19.8053210209	4.51999805779
20.0428134384	4.43653633972
20.2410010333	4.37151511619
20.5195654479	4.2848537568
20.6338524128	4.25916110524
20.8593603166	4.22737254638
16.3216138927	7.75486328644
15.8606806804	7.76589959528
15.4114511986	7.79550683951
15.1373363825	7.77966311534
14.9335993711	7.80234322548
14.5375410547	7.83375316242
14.2683373907	7.91979261432
13.781119442	8.13777773178
21.3104739039	-12.9085683655
21.021893302	-12.9235698647
20.3952806602	-13.1894705563
20.1401415354	-13.286178133
19.7837991753	-13.4618153237
19.5311203118	-13.5700350256
19.2889541145	-13.6826715036
19.0686579012	-13.7791806294
18.7754099753	-13.9699492505
18.4392957492	-14.1979476713
18.2457913602	-14.3401090205
18.0938065357	-14.4568794771
17.8873746492	-14.6365186213
17.5257993557	-14.9756773547
17.3310355123	-15.1944271553
17.025657086	-15.484603093
16.802824995	-15.7216801874
16.3421678319	-16.199427451
15.8955446651	-16.6595863991
15.6590172898	-16.913738915
15.5072871796	-17.0355250662
15.3412887491	-17.1380502778
15.0955897068	-17.2304611684
-22.5544103062	15.3025744969
-22.5005442632	15.6134584776
-22.4184228692	15.9027332968
-22.3525610134	16.0880775527
-22.3108079308	16.2394544946
-22.28250559	16.3185807916
-22.1916478673	16.6428938644
-22.1420784271	16.812431904
-21.9738312571	17.2375780759
-21.8805968047	17.4264082227
-21.8059452208	17.6542165619
-21.7028558967	18.0103843851
-22.8417685314	-6.42769324266
-22.8724923898	-6.68938638908
-22.9197914038	-6.84079683891
-22.9647307314	-7.18672486768
-22.9622694425	-7.48018676075
-23.2165591722	-7.96491115428
-4.97679803121	-7.87134683349
-4.81177809738	-8.05242942577
-4.18338479666	-8.64369365497
-3.85751272094	-8.95687910983
-3.69821363766	-9.12537835107
-3.4081872624	-9.44230655601
-3.18783743358	-9.65509380426
-3.08451572555	-9.78763065549
-2.81601327579	-10.0534798841
-2.6085948114	-10.2024864399
4.47698565554	-1.74585004355
4.89043449804	-1.86958559089
5.16181033177	-2.04061504708
5.35168075392	-2.1760704894
5.62457609911	-2.3665983908
5.99069553476	-2.62636156411
6.61827513642	-3.09027247329
6.87909476841	-3.23975823904
7.24613559164	-3.46245068924
7.42750302157	-3.57019600649
7.60703235542	-3.66458234359
7.76570676895	-3.75214987357
7.9557819679	-3.84676766792
8.16911239693	-3.94561930424
8.39711293038	-4.03950436048
8.54398485137	-4.09370066505
8.71217704393	-4.14164673807
8.84048936697	-4.16660363653
8.90200015085	-4.15543672685
9.09020166678	-4.2073508939
9.25713046614	-4.22276750247
9.41202358273	-4.24404962045
9.54487187702	-4.27635687898
9.71060923841	-4.28502531685
9.82894636334	-4.28764398257
9.93000739461	-4.28801343233
10.0940704736	-4.27400499121
10.3884651602	-4.25350150811
10.634453803	-4.2198334971
10.8744597668	-4.19431516135
11.0439251267	-4.17463192538
11.2565287643	-4.15233119288
11.4570334575	-4.13468042356
11.6146781491	-4.11561805374
11.7631770808	-4.09002302921
11.8797785084	-4.07175930323
11.9990492096	-4.04133320487
12.1569366801	-4.0074427441
12.3923910741	-3.94687592003
12.6720892119	-3.87153099822
12.7988388868	-3.83287231035
12.9768762116	-3.78922704211
13.178438261	-3.73505344699
13.3473647597	-3.69048587572
13.3754435497	-3.68403316726
13.6457779973	-3.61056478605
13.7293182182	-3.58566579881
13.9217293942	-3.54466094336
14.1268891399	-3.50107557913
14.3116072723	-3.4712802445
14.5349437055	-3.44213365607
14.8220935545	-3.40915796368
15.0774054299	-3.38658233667
15.384568874	-3.35876127367
15.5981671977	-3.34440912461
16.002600164	-3.36437371493
16.3155920596	-3.32592481909
16.46973026	-3.36929595647
16.6099314242	-3.39500808357
16.8411794139	-3.42312017607
23.3080144136	-11.4554535501
23.4052489146	-11.2565417285
23.4755516933	-11.082313582
23.6349378508	-10.796110776
23.7303185492	-10.6523735852
23.7993848464	-10.5489442053
23.8588889277	-10.4906950528
23.9219226683	-10.3763422091
24.0299044373	-10.1393967933
24.1728073509	-9.93688866987
24.3641230272	-9.64824562702
24.5626195995	-9.35313590965
24.7650415541	-9.06613961243
24.9144136897	-8.87320030192
25.1022241732	-8.645251285
25.3867208817	-8.3049013124
25.5620988074	-8.13910606808
25.6793880976	-8.00307575576
25.7773186219	-7.89379847191
25.8787392281	-7.79130991365
26.0426966988	-7.62107584641
26.1762291395	-7.48436994575
26.2881824386	-7.369684794
26.4607473641	-7.20255870628
26.6415342076	-7.05701091278
26.8942785371	-6.83452866404
27.0211578407	-6.7223013929
27.101689699	-6.64666219624
27.1936875755	-6.56282231651
27.3727948977	-6.44020949364
27.4854491992	-6.34189366194
27.6672765217	-6.16377317265
27.7080870007	-6.12884895691
27.9942126965	-6.01920694675
28.1383660679	-5.94557883872
28.3328450284	-5.90075128621
-21.7028170685	18.0104304979
-21.4863516602	18.2915058117
-21.2365631855	18.5792760578
-21.0654254442	18.7352937989
-20.9299585852	18.8422186071
-20.6674140594	19.158516994
-20.3607387662	19.3860665722
13.7810668269	8.13778647074
13.6139029394	7.57960742098
13.5216970843	7.44467304338
13.4721956335	7.36688952743
13.3066617806	7.19346472051
13.1833178511	7.04578758041
13.034739699	6.92332557982
12.9126798366	6.79013485752
12.8001497717	6.73156069138
12.7111352578	6.66863616151
12.5627142918	6.57060770389
12.4365877025	6.48177947646
12.319284072	6.42856781007
12.1009490646	6.3492523395
11.952912281	6.29086800725
11.8227212106	6.24642051206
11.7000636352	6.20904670528
11.532823151	6.13651913546
11.4224156348	6.09655980694
11.2059232349	6.07939459153
11.0193995041	6.08244048927
10.6558569991	6.0946399453
10.1041465345	6.16221313917
9.94721519095	6.18761823247
9.56665443896	6.26941716006
9.32982237805	6.34293610613
9.03735766169	6.32236910261
9.03739718405	6.32227267903
9.18885946545	6.63239521658
9.2182761713	6.69883451921
9.35106384523	7.02829031542
9.4375296585	7.21220292396
9.49104480268	7.3123839431
9.58139202474	7.47384834907
9.70968307208	7.66004525175
9.74154844675	7.70400621106
9.83563522823	7.83456252722
10.0314389193	8.05970472192
10.127017772	8.15166473471
10.3034030415	8.30933238576
10.5029715524	8.46112892008
10.6916838902	8.59161453831
10.8908578975	8.70105122504
11.1467392261	8.85849746492
11.3921492414	8.99526666561
11.5408903192	9.0661303975
11.6789915218	9.13570751666
11.9726489767	9.27657109242
12.3122792416	9.40408510226
12.4607980189	9.47441450663
-17.446225912	25.4022466228
-17.6066851603	25.502040173
-17.7077104608	25.503373847
-17.8694767852	25.5318754769
-18.0868576263	25.5172123655
-18.2686486792	25.4771968099
-18.3486407457	25.4703180331
-18.4664350129	25.4588697071
-18.6150760008	25.435491794
-18.8066610369	25.3962564487
-19.0993067395	25.3163542695
-19.2102317866	25.3115063748
-19.3782206	25.2503174446
-19.5799823639	25.1756844072
-19.765766525	25.0717853204
-19.9224228114	25.0098839274
-20.06136233	24.9371379761
-20.1418228291	24.8740842824
-20.2342453858	24.8003345644
-20.3605771979	24.7618220286
-20.4351751918	24.7055715644
-20.5088563421	24.627045643
-20.6334665561	24.6196931703
-20.7165067489	24.5549785961
-20.8689388234	24.3388179139
-20.9232787906	24.2505728709
-21.0923903195	24.2112784965
-21.1018327207	24.0669987844
-21.2838412026	24.0263295711
-21.3469325726	23.9649676164
-21.4181882097	23.8473552858
-21.4733078029	23.7907243241
-21.5043890227	23.7466730349
-21.5812813441	23.4342075981
-5.3822956361	24.2200621835
-5.05722356349	24.2721762652
-4.8376717484	24.2721219187
-4.68734806688	24.2688854097
-4.4989500079	24.2239160538
-4.34035996528	24.2231621488
-4.18816460706	24.2176462001
-3.85866462675	24.1824027654
-3.46678506114	24.1208099027
-3.31204153485	24.0796812584
-2.77035622411	24.0146851549
-2.45106046382	23.9615512774
-1.64641554033	23.8187619249
-0.638738203855	23.6632202494
-0.157539718357	23.6043913847
0.029280555673	23.580766143
0.276320852959	23.5302407558
0.557625282873	23.5293970412
0.714017184337	23.5059081899
1.03220532227	23.4193799555
1.36529959833	23.2802555584
