2146 0 0
-1.06742338669	12.7845633466
-1.12178650804	12.6632526704
-1.17386578529	12.5746089147
-1.31928237378	12.4415903792
-1.4139501854	12.3316256412
-1.46690896095	12.2718551562
-1.5087559723	12.2075320448
-1.58304661564	12.1283307088
-1.64406414029	12.0571539427
-1.7315993525	11.9499509777
-1.80218223266	11.7784840289
-1.80628647131	11.6345371758
-1.81059909685	11.5548953926
-1.79604952268	11.4380653633
2.25154129085	12.5892958702
2.06397899303	12.7551351747
1.87042931827	12.9013030446
1.76452017949	12.9600275019
1.58155245942	13.1283259627
1.39946485291	13.1799814072
1.12519902327	13.2761535193
0.860386832231	13.3741859982
0.682926508995	13.4219415705
0.523991401314	13.4787878357
0.275514943889	13.5618069165
0.0038930639651	13.665635145
-0.492117826307	13.7893262512
-0.693836681794	13.8269669598
-0.986797194542	13.8812875125
-1.23146439307	13.8930717594
-1.71470909559	13.8306058352
-2.31710499204	13.5920436836
-2.43222869633	13.5232246221
-2.53770047595	13.4538748475
-2.62016108734	13.3545378481
-2.75670013603	13.2252090479
-2.86469964458	13.1319128488
-2.90246528254	13.0444749286
-6.464311607	7.74322225214
-6.461906584	7.74310709323
-6.45434692121	7.74222927403
-3.53075396655	7.55331214244
-3.71265783699	7.55681136901
-3.88504624727	7.57477384467
-4.02876022409	7.54545317409
-4.09472322714	7.53395099711
-4.21657159508	7.50160866961
-4.37775627815	7.42885118506
-4.47818100175	7.36663141766
-4.50640312717	7.34464397584
-4.68000241935	7.21914710525
-4.78019450415	7.13593021343
-4.85231301112	7.07424041572
-4.91044738498	6.98171172406
-4.96042164404	6.9223867971
-5.03253001663	6.77784405289
-5.15824804314	6.62311896971
-5.26920281501	6.43270041139
-5.32726700234	6.35172902555
-5.44022737892	6.15361412812
-5.94391805312	5.88500778156
-6.06615066213	6.16462419937
-6.09349035727	6.32293875366
-6.1338451254	6.45596312944
-6.18298422367	6.56747993727
-6.23722565759	6.70518561344
-6.27289278578	6.80545887378
-6.33001591153	6.90838580702
-6.3362018493	6.94572677425
0.426787606022	7.40699008839
0.521275155094	7.11836751067
0.559982487822	6.96655235395
0.592849476128	6.89009858385
0.610770655563	6.8041488625
0.648176678753	6.73481602836
0.706273331306	6.63811960376
0.778413075598	6.54371411115
0.82759068375	6.47447796627
0.839876113967	6.41641801473
0.913215461921	6.30327317971
0.954732417532	6.22737763776
1.00835217249	6.14398304004
1.10292152133	6.00950159023
1.1866413088	5.89828970663
9.45540678344	3.52001554745
9.51081774398	3.39253670601
9.56641676064	3.31400024548
9.59845311417	3.19916246556
9.63666090217	3.06125684597
9.65591952186	2.97048834045
9.68074804213	2.85283740313
9.69545484099	2.75929779321
9.71922772602	2.65671794371
9.72916217432	2.57001935885
9.74084376149	2.46318936095
9.74821544624	2.05153765606
9.75817935961	1.91681092001
9.77272307016	1.75560458273
9.77403230937	1.67636070875
9.77490903796	1.52715295911
9.77611347057	1.40919522072
9.81226058306	1.17844191562
9.81886494512	1.00158009141
9.83778041444	0.885904257756
9.82939245796	0.80475238645
9.83814459492	0.542626609455
-2.72103501982	6.02333981234
-2.59301945077	5.94039612618
-2.49505450338	5.85284631865
-2.43406222366	5.79533956807
-2.33581160645	5.7565574524
-2.24309194808	5.68788766022
-2.17118226357	5.61952247583
-2.00764854536	5.49906497694
-1.93313735838	5.44432947061
-1.88061684934	5.36026907307
3.92899679703	2.31763159021
4.10211725655	2.3795803466
4.18988551575	2.46956824381
4.3213410498	2.62391366034
4.4066160377	2.79636366172
4.47684776355	2.9717137093
4.57015126795	3.14148304474
4.65592679693	3.32596909064
4.76493940577	3.57966231352
4.8690610466	3.82901228408
4.9504392845	4.05204859727
5.01876789715	4.25572537331
5.10295851475	4.54525473079
5.13471979552	4.69547775419
5.18430048782	4.93843068115
5.21059531115	5.16693042867
5.22075082697	5.32917060953
5.21218516722	5.44634560974
5.21250551601	5.56086863678
5.22103314309	5.67915678919
5.22007247766	5.81507005292
5.20521577911	5.95224078921
5.19543658623	6.09102434367
5.20850002389	6.30442080321
5.20766658038	6.45590651565
5.20895496729	6.65228228904
5.20347557796	6.75665026351
5.20226773432	7.01936125585
5.23715741751	7.1757591693
-9.78674826681	1.37853264798
-9.92362165584	1.49126906657
-10.090029969	1.61208040333
-10.1402032808	1.74457714305
-10.2219180227	1.83397346509
-10.3539905505	2.01018843971
-10.4061796277	2.08100997334
-10.4788404762	2.19766935061
-10.5539510778	2.32400701835
-10.5933256524	2.40777951387
-10.6708722404	2.54549494433
-10.7001064978	2.61646364737
-10.7667132147	2.63622930837
-10.8367669741	2.69708179888
-10.9666132612	2.76187373912
-11.0238792878	2.77527089268
-11.0776185443	2.78727217575
-11.1611332687	2.78443856758
-11.2329294899	2.7836249947
-11.4441897922	2.73427150258
-11.5334202269	2.69476448236
-11.6351511577	2.64322141684
-11.7160992294	2.59511740573
-11.8162059035	2.51679218702
-11.8962840853	2.41679670561
-11.9575686376	2.31584042395
-11.9950303171	2.25482595581
-12.0189807361	2.195918829
-12.0505202982	2.04401441281
-12.0815234911	1.87329064417
2.02195248775	-0.340323904668
2.10802255374	-0.430879447504
2.15648614241	-0.531937780036
2.23055585285	-0.634654071032
2.27896288052	-0.710994762198
2.30192564935	-0.74961705122
2.37895855563	-0.879311396928
2.40216400589	-0.918328988632
2.48013430443	-1.05143668581
2.53343814468	-1.13982745701
2.57767499321	-1.21306146033
2.60507197953	-1.26772004452
2.64626091453	-1.32459123048
2.71725880586	-1.43583751688
2.79801086653	-1.51713396984
2.83979661153	-1.59123697764
2.9437576347	-1.70290922589
3.05050763264	-1.78998423899
3.16432725204	-1.87875901637
3.28205873151	-1.99944402043
3.38199765114	-2.10312766458
3.45974911673	-2.13373092578
3.58693524662	-2.23484016816
3.67222710482	-2.31470153234
3.75864154607	-2.35949184911
3.81627993166	-2.40935016511
3.88837288076	-2.46583831929
3.98701204632	-2.5428242292
4.07043191435	-2.60398471596
4.23658387845	-2.72425179264
4.27015980556	-2.74837166158
4.39170116374	-2.84436827732
4.50767660499	-2.95555146164
4.57850966334	-3.02706256654
4.63854755488	-3.08517186974
4.73071893139	-3.18566392221
4.81740686297	-3.27251179273
4.87024916123	-3.32675709362
4.99563752464	-3.4553092551
5.08539516513	-3.55445613541
5.14842177307	-3.65583213686
5.24345004331	-3.78754033919
5.31894461287	-3.87322438454
5.43223377357	-4.01490677494
5.49715425279	-4.09354085987
5.60697508981	-4.23917958085
5.68897804028	-4.34502932117
5.74724108308	-4.41731555601
5.86597453068	-4.52862209354
5.92863146777	-4.60358981508
6.04326990874	-4.73601839202
6.11074969452	-4.81341504398
6.22437590586	-4.94663366989
6.23080159426	-4.97072522595
6.28394544995	-5.07805438301
6.34105407653	-5.1577405243
6.42409802998	-5.23230673686
6.53920924317	-5.41154414399
6.62901849342	-5.5625660207
6.81021107317	-5.72249884249
6.88050810328	-5.81626521033
6.92896638653	-5.89000373573
6.99023482797	-5.99108269404
7.04039836046	-6.06499780302
7.10718922103	-6.11922248168
7.15586066596	-6.18647952043
7.22573670423	-6.28495530678
7.29391689929	-6.34524036955
7.35115212481	-6.42350164133
7.39193711746	-6.49370549401
7.44429238261	-6.6016657721
7.5142669085	-6.6952703568
7.57744158782	-6.80676613473
7.63509541829	-6.93749086962
7.66124848468	-7.08728706877
6.9015246214	0.811264571069
6.82498787569	1.07349620474
6.79971677281	1.23081106478
6.76812035034	1.41887737139
6.74196325075	1.56745932834
6.71138060819	1.76093767291
6.67005152852	2.06107678514
6.60094222959	2.5438218695
6.55671282928	2.75650009703
6.53931367748	3.07786973428
6.53769528429	3.15893929052
6.52040831824	3.40833320705
6.50139924976	3.79160300177
6.48617584466	4.16914685596
6.48284891952	4.44310982584
6.45867602221	4.83178024306
6.44778269473	5.16644069946
6.43384736576	5.21877543463
6.38223524864	5.58332038072
6.33194249418	5.8235100002
6.29012525838	5.98241186235
6.21076803225	6.20560327903
6.13129468228	6.43015945558
6.10672972056	6.48476242834
6.04774293814	6.63702329898
5.94076884774	6.84899294144
5.85000168129	7.03642073683
-5.38908833084	1.76375138967
-5.4529737053	1.90359143427
-5.51622634896	1.98157283762
-5.62964375549	2.12397309123
-5.67272855813	2.23258171685
-5.71879424203	2.3263588949
-5.74696522073	2.44587974204
-5.78549774148	2.51290129141
-5.8438542945	2.62726599404
-5.89488667749	2.72617591074
-5.94661100155	2.83302432966
-5.98073229326	2.90277395924
-6.04916951138	2.96503221115
-6.08842052384	3.02759158151
-6.16571909765	3.23890641323
-6.21160501742	3.37220295089
-6.28659509669	3.510337102
-6.41255283282	3.64420944502
10.8563915739	2.20606939539
10.8632738445	2.19195181442
10.8827456239	2.15968756759
10.8917397677	2.14104574222
10.9139542459	2.09747387502
10.9313813898	2.058702032
10.9410547001	2.03359630904
10.9507411148	2.01147266406
10.9780237529	1.94710000786
10.9948644788	1.90374201575
11.0107107464	1.86509822785
11.0141365174	1.85627724919
11.0256302527	1.82616522756
-7.72954584688	0.800056013406
-7.75264269998	1.05762206483
-7.7554580268	1.12342337194
-7.75576498364	1.19696917208
-7.71790413583	1.42534122167
-7.66454418682	1.72985687406
-7.62074225517	1.93316631781
-7.60573071462	2.00504412042
-7.56914925242	2.13412616634
-7.53323059245	2.24330846402
-7.49952537191	2.33014145092
-7.45679878171	2.47430212992
-7.40587587605	2.57304191003
-7.34275618791	2.72768799403
-7.29234493569	2.80069439969
-7.22713669275	2.90739305616
-7.15464676481	2.99813270924
-7.12662777767	3.03718152041
-7.03333882092	3.16556318737
-6.96175298699	3.22770809708
-6.86571666156	3.42895769593
-6.68077684633	3.57451275524
-6.56592310602	3.58820534191
-6.41255312115	3.64420914412
-2.89404643289	1.86449721857
-2.90882873384	1.73926452784
-2.92788814221	1.6219746297
-2.93573736876	1.53341250179
-2.94676417748	1.42094357988
-2.95805991772	1.28419272653
-3.00682848674	1.12552886959
-3.01072515096	1.09150104409
-3.00062310967	0.995336882009
-3.00579532067	0.872386830548
-3.01509500131	0.778415100058
-3.02917414766	0.682970253351
-3.03984831156	0.586788316182
-3.05608626942	0.434585912784
-3.06436682136	0.3445980788
-3.07422172051	0.216999576917
-3.08443753335	0.0579388493904
-3.08961409115	-0.0584768407723
-3.11999051793	-0.247351471922
-3.12337046117	-0.431983649701
-3.12230192733	-0.536657005194
-3.12894734262	-0.645612486144
-3.1378713142	-0.728332681731
-3.13117449221	-0.884537646155
-3.1421233035	-0.963046421296
-3.14256550155	-1.13787165984
-3.14464908428	-1.3756120585
-3.15125851847	-1.52926253974
-3.16404414781	-1.76744817487
-5.36959153246	-7.30317379587
-5.39554881756	-7.58451518199
-5.38056563211	-7.68403137149
-5.3692591439	-7.76454346738
-5.33865364003	-7.94843944697
-5.29793487363	-8.15995777686
-5.25544240835	-8.33519492069
-5.21941038913	-8.47456764372
-5.19809656678	-8.55637885527
-5.1913330546	-8.65363050914
-5.11632946544	-8.76859368535
-5.07188670978	-8.88812671458
-5.0222858994	-9.0315424418
-4.99884523289	-9.09363544303
-4.95974567723	-9.19262800603
-4.88785577247	-9.35673824599
-4.82025726075	-9.49600350225
-4.73875181647	-9.66137349305
-4.67112083278	-9.79098735086
-4.63213415794	-9.85816700426
-4.59013311945	-9.93711163582
-4.50076046187	-10.0412857015
-4.41847135584	-10.1545075891
-4.30821576414	-10.3573617547
-4.23593061582	-10.4552980293
-4.17156603569	-10.5482133417
-4.12542596853	-10.6122839277
-4.05354582123	-10.7139108019
-3.94382236874	-10.8629100111
-3.80455776411	-10.9975128801
-3.70143440904	-11.1290461534
-3.6080954665	-11.250079231
-3.52565122235	-11.3568031702
-3.47035484374	-11.4289458939
-3.35042051618	-11.5932055119
-3.21192498951	-11.788399166
-3.11660952019	-11.90020059
-2.97724091592	-12.0630242869
-2.86546131063	-12.1978834566
-2.78189618204	-12.2845761708
-2.66687086573	-12.4007504886
-2.47805176082	-12.589594382
-2.36430452117	-12.7047992602
-2.28527046413	-12.7909165315
-2.19816549426	-12.8607319381
-2.13323053545	-12.9184677782
-2.01725668377	-13.0286864344
-1.95366665639	-13.0800344427
-1.89349569546	-13.1264099419
-1.73152359335	-13.2577932628
-1.66261853254	-13.3607091161
-1.62148375693	-13.3849220174
-1.45313700696	-13.473774542
-1.27804169398	-13.5790493156
-1.13726513499	-13.6681704916
-0.998216169101	-13.7665849001
-0.842691351923	-13.8517174472
-0.733877202987	-13.9104488948
-0.631474920473	-13.9618856761
-0.437944446125	-14.0393058819
-0.291456085704	-14.1078285546
-0.0984009050563	-14.1943707542
-0.0227615398908	-14.2275730467
0.0306009217564	-14.24897827
0.110183518882	-14.2817127947
0.264717388202	-14.3453032061
0.329549791259	-14.3940972033
0.546279763876	-14.420670807
0.679648633292	-14.4492768718
0.764610714795	-14.4679339288
0.978567208422	-14.4943384349
1.1048704662	-14.4962622416
1.3088885814	-14.4650336107
1.32485087117	-14.4124510625
1.34929520563	-14.3755196286
1.4579641374	-14.3144925564
6.10822858645	-1.02345036533
6.11760258957	-0.876617651148
6.13274659528	-0.824257083385
6.19895335519	-0.59361903091
6.28513182457	-0.316360460586
6.30012540958	-0.268476092964
6.30541446703	-0.224369643706
6.36468751997	-0.100591075638
6.476183588	0.102388487245
6.54708025382	0.265192962233
6.64700699727	0.461278305731
6.73107470363	0.611034702466
6.74090539382	0.626342811143
6.80585722822	0.745275601903
6.90157114011	0.811338885278
7.0474569318	-2.18977166815
6.89890189135	-2.06654836494
6.79974698011	-2.00108837303
6.77850158972	-1.98169395333
6.74515584236	-1.95098167429
6.64645708173	-1.8284147571
6.56370139933	-1.73360768621
6.5122069041	-1.67144124841
6.40104580246	-1.56304797612
6.29329453885	-1.41298297845
6.28290662777	-1.39892101196
6.19352378366	-1.27740442091
6.13693362555	-1.1665576128
6.10822858645	-1.02345036533
10.2963613161	-3.07949001757
10.3006732322	-2.79533490128
10.3142629709	-2.52528860043
10.3159152624	-2.28608350112
10.3168153702	-2.08049615633
10.2868648604	-1.82653086501
5.2657144055	-5.30792616264
5.31331415288	-5.37346766047
5.349213054	-5.43952768556
5.39849780117	-5.51665803938
5.44347118195	-5.57731590732
5.5059393608	-5.65995957314
5.58498017767	-5.79257004109
5.71127184248	-5.97866890164
5.78723382584	-6.09226549013
5.83730755983	-6.16705301849
5.89891661354	-6.25329252306
5.91499447103	-6.27648776158
5.98391920817	-6.36945852985
6.0616291733	-6.46894085587
6.11962042596	-6.55274709846
6.22156760918	-6.68490879098
6.31485498803	-6.81839465361
6.43549744642	-6.97280412587
6.55473973274	-7.13967000479
6.61414877984	-7.20417765446
6.66275296968	-7.25918895096
6.75545492284	-7.35709787935
6.85638361476	-7.47091233252
7.14208263518	-7.76485857727
11.5207782186	-5.52199269753
11.5207778376	-5.52199468435
11.520785267	-5.5220097279
8.34140900996	-4.59747576135
8.34603123032	-4.60399622012
9.67891167416	-6.10556009459
9.63987866427	-6.05579231508
9.60559926974	-6.02433436058
9.50371467438	-5.94244406654
9.29902621775	-5.71257491492
9.19328643754	-5.58645071145
9.13359471179	-5.499902285
9.07409181076	-5.4164778722
8.96129890867	-5.30748632564
8.91924963261	-5.26240713928
8.85085979808	-5.18230236464
8.78464057715	-5.09471381807
8.72961176591	-5.02720038239
8.73708702066	-4.91775504485
8.66262030091	-4.83669204151
8.55308793988	-4.77366015339
8.52176075454	-4.74211734581
8.42829484059	-4.67756742
8.34602769341	-4.60399795876
-3.75986701859	-8.67991832029
-3.72211426537	-8.85721862857
-3.69642840705	-8.95399484881
-3.66898387358	-9.05868940718
-3.5675090928	-9.32992299608
-3.53364186046	-9.39651213818
-3.4798006451	-9.5034920293
-3.40377002177	-9.63213446232
-3.3179128844	-9.75533787904
-3.26116681401	-9.83610866913
-3.18144650741	-9.94688977807
-3.06636575776	-10.1148642949
-2.98212956624	-10.2354176732
-2.92217572474	-10.3359120619
-2.85147715478	-10.4465555999
-2.79307367343	-10.5241579866
-2.72154285704	-10.6218940381
-2.63288828087	-10.7298775447
-2.52198621319	-10.8465246138
-2.45444549699	-10.9158857427
-2.28650078391	-11.0582237833
-2.2182026737	-11.1203511356
-2.07021968785	-11.231051419
-1.81199691291	-11.4126902282
7.19105699298	-8.23587703031
7.28655165503	-8.33033454727
7.36926027804	-8.48019579208
7.40760648035	-8.58825381898
7.45308575484	-8.7641895354
7.4415168481	-8.98911355605
7.38654090236	-9.26756822329
7.36846184164	-9.38301159608
7.33908871071	-9.47712084137
7.32133672985	-9.52876404859
7.3077305632	-9.56831887305
7.27577480546	-9.65038672696
7.20200582056	-9.8153447447
7.14006038228	-9.94338064153
7.00977076103	-10.1964596315
6.911669786	-10.3706652895
6.85728241463	-10.4732312621
6.75307296347	-10.6537880923
6.62518202164	-10.8587986059
6.52052976228	-11.0117385164
6.47093687559	-11.0854241782
6.3781207915	-11.2161822335
6.25658269369	-11.3830978124
6.17671921396	-11.4898749422
6.00179348232	-11.7130263563
5.91041927627	-11.824253689
5.820595321	-11.9291060341
5.76090688548	-11.9990489833
5.69777938003	-12.0733051825
5.62962645041	-12.1420908321
5.60351353052	-12.1690087806
5.52258260938	-12.2522714423
5.34472612718	-12.43255627
4.98269237281	-12.7990287132
4.84721041179	-12.9299591634
4.73821339559	-13.0353902129
4.6393163818	-13.1257658737
4.51644874744	-13.2402374549
4.40245299459	-13.3505632282
4.29763059709	-13.4480867573
4.19032573045	-13.5482782988
4.06543183085	-13.6098720563
3.98327185457	-13.6804117177
3.89934160789	-13.7544446797
3.78982770909	-13.8401930064
3.68043346619	-13.9201653575
3.61899844465	-13.9684624803
3.57025332033	-14.004279655
3.51105349563	-14.0264633195
3.37185986121	-14.1218732368
3.21472608409	-14.237624529
3.16304351759	-14.2722066165
3.11678457361	-14.2995677685
3.08128285181	-14.3191652271
2.9757557905	-14.3819048938
2.89556632459	-14.3890160153
2.79951862362	-14.4438360633
2.7256684841	-14.4896684054
2.64376203739	-14.5085428465
2.53400239482	-14.5410713886
2.45145893901	-14.5227850062
2.4311618813	-14.4796934311
2.37092470958	-14.4638664102
2.31432591918	-14.4449146038
2.28474299555	-14.4049660684
2.26918589688	-14.3731438093
2.24333007375	-14.2291979148
2.17516960097	-13.9647177242
2.9964850041	-9.87827454772
3.1366704862	-9.78129840351
3.22752961041	-9.72388550078
3.4251030401	-9.55961605726
3.59089167584	-9.45517868663
3.71235644008	-9.41695736449
3.79725295369	-9.35418591026
3.91090753078	-9.26191884814
4.0349113172	-9.16719059799
4.15923653085	-9.08010920392
4.26129623311	-9.03433556483
4.32883854718	-8.9896497745
4.42846529749	-8.92658534141
4.50279346352	-8.88048898787
4.64334723538	-8.79609896713
4.7759302799	-8.71707459088
4.97350152884	-8.58731435304
5.0546844278	-8.49481884634
5.15932907934	-8.41301244884
5.22801175613	-8.31445859078
-0.0899825671825	9.13980726453
-0.164046040371	8.98968258947
-0.103329812847	8.81677727967
-0.0665056309676	8.71361023939
-0.0311236529847	8.5845797937
0.000841295449326	8.43996932265
0.0107863376796	8.39053578269
0.0217533889354	8.35335780503
0.145210241715	7.99339643985
0.246978224053	7.7670897509
0.339657074915	7.59102885426
0.3733594048	7.5268193927
0.426267339274	7.40729302429
-12.3624508297	4.00463700471
-12.4063943991	4.216510452
-12.3240108981	4.43930326467
-12.3024005127	4.58923398831
3.40170976592	3.91583415389
3.46105474278	4.03202755212
3.53790402698	4.15242723055
3.59984361597	4.29714041451
3.7192968456	4.45902500046
3.76066204917	4.53182847505
3.82441454729	4.66227811251
3.85054286461	4.7401223359
3.87316294218	4.83024925257
3.9106754946	4.97015999786
3.92289156693	5.05576808749
3.93389765593	5.11630648165
3.92034107537	5.17484510701
3.89969236845	5.2913971222
3.86367865629	5.33424644184
3.8422212528	5.38169056894
3.78717734149	5.51365762357
3.73624674878	5.62487590431
3.67529275228	5.73505161072
3.59655030079	5.89569462667
3.53063483798	6.03394373614
3.53060064435	6.03397599484
3.54822891038	6.2469962148
3.5682851166	6.35529448373
3.60337233451	6.48399670872
3.62990766463	6.56389429199
3.63603121811	6.62534894138
3.65139712203	6.81152280808
3.70554564405	7.07299276717
3.73580740217	7.33123862013
4.36065039773	11.035307343
4.20181534594	11.2030583456
4.03622941959	11.3720903124
3.95353401434	11.4325530646
3.85014339306	11.5171533139
3.74494659472	11.6007626556
3.70520718021	11.632683581
3.5297735848	11.7328118825
3.38747026971	11.8652047347
3.33414699401	11.9148457043
3.22684997656	12.0108162208
3.1462847039	12.0953165101
3.06128712854	12.1804846016
2.96949388727	12.219429955
2.86453807097	12.1959959206
2.73081597251	12.3174953493
2.56731456214	12.4560936684
2.48188697188	12.5061478605
2.35840640306	12.5514343896
2.25154129085	12.5892958702
-4.22089427218	4.54960584488
-4.11431803837	4.71184559067
-4.07175737993	4.78551699695
-3.98815699209	4.91132542237
-3.9108477989	4.99584278993
-3.82013929396	5.10830691389
-3.66763813711	5.24543536198
-3.47146989113	5.37574054911
-3.34888861769	5.51432754881
-3.27975967714	5.59512856604
-3.22878737708	5.64902972955
-3.1291112558	5.74363530533
-3.0277839735	5.82943823862
-2.86855708034	5.9333849774
-2.72102233566	6.02334472553
-9.01328141017	1.90548871606
-8.95066716167	1.95105243326
-8.90830470718	2.10649966198
-8.81615887326	2.21650612328
-8.73005277475	2.39292319565
-8.69475788891	2.44628958473
-8.63174495564	2.58606098164
-8.57549031799	2.73887295267
-8.47945572074	2.93130776683
-8.41891917936	3.04699622072
-8.38584944029	3.10701518373
-8.32378361082	3.25781637442
-8.29578967225	3.32276630388
-8.230599394	3.47538402519
-8.19750172788	3.56165616441
-8.15915651921	3.66470207679
-8.10099760636	3.84599839197
-8.06610707553	3.99246191594
-8.0401248274	4.08204089763
-8.0451727316	4.14324275387
-8.05290985428	4.21716277903
-8.07309546891	4.34692639328
-8.13403666804	4.53768725467
-8.16410428205	4.59035730442
-8.19205182819	4.63858897246
-8.29939519791	4.82848438966
-8.38112255339	4.96123214631
-8.46955349688	5.0881818354
-8.55130022409	5.19024229594
-8.58836346346	5.26725538478
-8.61210967956	5.29229161426
-8.67754197567	5.33603723844
-8.77691761488	5.56968577424
-8.84805718982	5.64110704255
-8.92392014424	5.67176580815
-9.03924562915	5.7478355279
-9.17403554646	5.78801669424
-9.26482956999	5.79943140351
-9.36560086488	5.80286563527
-9.45927622996	5.7927189666
-9.54456957653	5.77851353757
-9.6316909657	5.75421787768
-9.65999813351	5.75076976
-9.70746432404	5.76820520891
-9.87163483072	5.69192701538
-9.99714445359	5.62734512643
-10.0893003537	5.57576521128
-10.1591455262	5.50939737387
-10.2658969203	5.37228246037
-10.3891761962	5.17357281545
-10.485805064	5.09005241073
-10.5305937048	4.99358458832
-10.5877076238	4.86352474012
-10.5352838736	4.76330440127
-10.5754766722	4.67616169579
-10.6033161008	4.61422518785
-10.639573066	4.53024387214
-10.6797205439	4.44320223085
-10.7625507556	4.29072197871
-10.8494478478	4.15526637887
-10.9090462376	4.12210913832
-11.0016850291	4.04585475325
-11.0737774472	4.00090775279
-11.1457474512	3.95034292656
-11.2325265418	3.91771003955
-11.2885892677	3.9160352528
-11.382166404	3.91149030732
-11.4641935022	3.91152012825
-11.5318045359	3.91137669456
-11.5955886792	3.90394429412
-11.7091248782	3.89663149669
-11.7828129752	3.90225634149
-11.8521488939	3.91146724535
-11.9444505097	3.9096004832
-12.0394594583	3.9201006686
-12.1492852621	3.94277185111
-12.2019049801	3.95896001996
-12.2637511968	3.97930883863
-12.3624750244	4.00479528562
7.86343780594	-1.13125500467
7.9362956172	-1.21761036145
7.98938344723	-1.2022210768
8.08376036765	-1.25029440105
8.26296421225	-1.33251021445
8.48188892559	-1.44824616096
8.60285930915	-1.46348026195
8.69167327115	-1.53734328088
8.78090001402	-1.57762207686
8.86772470096	-1.61502828873
8.92923871053	-1.63649074554
8.9470330166	-1.64741261593
9.01119908322	-1.68323175444
9.12096662197	-1.71740798329
9.32502889744	-1.76350796067
9.48321399594	-1.78778512929
9.57955353962	-1.79981232264
9.65365107099	-1.80912487378
9.83206305786	-1.81381023314
10.0226448989	-1.82369522496
10.1334680571	-1.82121739073
10.2109858049	-1.84061383591
10.2868541089	-1.82654716611
2.17516960229	-13.9647177125
2.21168165995	-13.7642345417
2.23112200248	-13.7124780097
2.23767333184	-13.5886905027
2.25563323352	-13.458792744
2.26157390588	-13.419099104
2.27328595638	-13.3363729148
2.31720140514	-13.1916309896
2.2936637417	-13.1092773814
2.29034031597	-13.0350824113
2.29012396475	-12.9530668594
2.36655506655	-12.8535921405
2.3244102181	-12.6900672572
2.31776337237	-12.5523211685
2.31676543878	-12.4703577586
2.31627981052	-12.4262934929
2.31692263646	-12.3325494095
2.31841717153	-12.2643530041
2.31532411409	-12.175185267
2.30965545865	-12.1394448783
2.32387898183	-11.9920882787
2.33679602282	-11.8692657012
2.35036656832	-11.7374234766
2.35364386311	-11.5711091082
2.38197705774	-11.4515181095
2.40514926878	-11.336578091
2.43993451511	-11.2035574553
2.47084270781	-11.0769069771
2.49796904095	-10.9773980234
2.52253181841	-10.8958281028
2.55036247632	-10.8204111295
2.58907358427	-10.7285252327
2.61277093966	-10.5973658296
2.71321614683	-10.410968161
2.72550261267	-10.3844163399
2.77534532319	-10.2799754534
2.82587386517	-10.1796916407
2.83792168482	-10.1163994911
2.92378585779	-10.0030397754
2.99648500408	-9.87827454774
-9.00596334157	1.90989773149
-9.01327303947	1.90551292495
5.23718837502	7.17575093967
5.17898945635	7.24751219424
5.14604635945	7.30834174035
5.06313914592	7.49939954656
5.02815583419	7.57786333865
5.0201196636	7.60166589282
4.9617370963	7.74848792097
4.93870616032	7.89399941319
4.93718828281	8.18316952638
4.96197584443	8.35567058767
5.02334714534	8.66904453179
4.96692896295	8.92105640102
4.89731761942	8.98663604567
4.79696750529	9.17208537295
4.69373729026	9.38062310494
4.63500203354	9.45431006945
4.59204509075	9.53270882721
4.51790807443	9.61831279564
4.36607370639	9.73216367101
4.27792922507	9.79152972097
4.16121976247	9.83684631824
3.99117620477	9.91747777887
3.88033488028	9.94306393324
3.76215531997	10.0042809729
-1.88064646804	5.36026141669
-1.72905413995	5.52930767241
-1.63280197326	5.59884683538
-1.50060472729	5.73871434753
-1.41639527699	5.8394776901
-1.37833862607	5.90578187091
-1.31752650444	5.98471730941
-1.15702473208	6.15006955407
-1.11030296833	6.24716190072
-1.02942470414	6.36388328966
-0.899723605501	6.55927353311
-0.86841219649	6.55464102025
-0.82321968524	6.62449250141
-0.766153203961	6.74318206991
-0.719366183861	6.87046595489
-0.729083663431	7.05642282871
-0.716983869789	7.19079130657
-0.714065771617	7.3183802132
-0.710983273589	7.50633420965
-0.714828662082	7.57783392285
-0.727675919297	7.65983831863
-0.791290122162	7.89967165005
-0.865895105991	8.14368286117
-0.938103531565	8.25963813169
-1.0243320497	8.37857927713
-1.13275785194	8.5155256702
-1.15784990277	8.55212237232
-1.28418419024	8.71253897239
-1.38577489041	8.84223829632
-1.47891812177	8.96136213224
-1.55727140626	9.0345248672
-1.65173692967	9.17391063016
10.290138531	-3.01747663284
10.2963613161	-3.07949001768
1.76371733759	11.8125060394
1.59465344607	11.855631326
1.48965071205	11.9174158392
1.36638889737	11.9984705602
1.24962893067	12.0642003288
1.1819918184	12.1145390505
0.933645095619	12.0982376102
0.632335321997	12.2654519821
0.411716790935	12.3327470586
0.346937845739	12.3550948565
0.201581755268	12.4077443228
0.124255080126	12.4339030769
-0.00722775061771	12.4815007547
-0.0976677023268	12.5092754145
-0.195107675919	12.5381202933
-0.313167372705	12.5728952077
-0.429687618921	12.6242334414
-0.600888374386	12.6556659404
-0.674207534504	12.6661670507
-0.705524093525	12.6959182012
-0.763351430068	12.7204686804
-0.855938263937	12.7529952974
-0.931514177634	12.7660176609
-1.06743233258	12.7845457129
5.84998445589	7.03642352432
5.89424932518	7.26429142693
5.86840170529	7.40328752006
5.78043856687	7.63113441453
5.69518543461	7.77604162498
5.59474993386	7.90915717045
5.52728236553	7.99105867447
5.41577699677	8.1187250646
5.29339992224	8.21227262775
5.08688836367	8.33319260758
4.92685212673	8.35002285693
4.74768864601	8.39146296404
4.65633911744	8.50385691307
4.49793317338	8.59686310432
4.40654192109	8.68384698562
4.31319324701	8.78969398845
4.2266830296	8.88971197525
4.15535812381	8.99768220632
4.04704385815	9.21299622626
3.93772561521	9.54356021967
3.8886624076	9.6568813432
3.83548062401	9.78818483921
3.80749004041	9.86536550061
3.80324655774	9.91566894341
3.76210899455	10.0042639235
-5.44023222276	6.15398919743
-5.64522635026	6.04111129703
-5.71424108784	5.97297119484
-5.82056259804	5.91149466139
-5.94391706177	5.88501035729
2.82429795731	-3.71951431345
2.93704916132	-3.79832543807
3.01552250349	-3.86429370024
3.07834258509	-3.91975713006
3.17015522046	-3.99757594369
3.22759789333	-4.04928858616
3.33105007369	-4.14656088486
3.3949128161	-4.20632944681
3.45964686957	-4.28324276034
3.57304163702	-4.35463201537
3.6573896048	-4.42895899981
3.74200216321	-4.53400659473
3.83472337174	-4.65457610984
3.94599573468	-4.76995226577
4.03586126142	-4.89982955997
4.12420142325	-4.98764167347
4.16088493876	-5.06595989415
4.20184556012	-5.21895255438
4.24995736633	-5.33945705167
4.28458444134	-5.52918058457
4.32282572636	-5.68582689736
4.33055028792	-5.77264839239
4.35762658773	-5.87878738481
4.3573351306	-5.9062684635
4.3674125864	-6.16342796297
4.37515935766	-6.29544303664
-1.38994735774	-10.4613979956
-1.42743950001	-10.3807137162
-1.42349319096	-10.2843668977
-1.43884906193	-10.2182853346
-1.44377807056	-10.154583223
-1.44912945827	-10.0554108647
-1.46156173057	-9.96896372852
-1.50706884764	-9.87205839461
-1.5381205546	-9.8167013135
-1.56626452982	-9.73189696227
-1.61116791866	-9.61468729079
-1.68296637456	-9.46715447766
-1.74115594	-9.35145311214
-1.75847803198	-9.32115750643
-1.80379402156	-9.25904487484
-1.84106622816	-9.20687586359
-1.90838331452	-9.11007421889
-1.97805813943	-9.03829404351
-2.0353026753	-8.97568115177
-2.06546726228	-8.94293168366
-2.10855873976	-8.9027327732
-2.18452862543	-8.86124043767
-2.28808931697	-8.83608114568
-2.40301147074	-8.78045428057
-2.52920169115	-8.73254019338
-2.6639270332	-8.69846000523
-2.75574185809	-8.67757933711
-2.76027374054	-8.67442768954
-2.87022959643	-8.60159242983
-2.95197086197	-8.59040932614
-3.14069208189	-8.61307865825
-3.21917504537	-8.63072785325
-3.25984523387	-8.64289910704
-3.40829276017	-8.6841519247
-3.5329824169	-8.72002209941
-3.58872379451	-8.76113662159
-3.75923575203	-8.68342540959
0.134703004073	-10.1539734301
0.0301637349368	-10.1872824506
-0.031281076253	-10.1986827587
-0.101614090736	-10.193496205
-0.268651116382	-10.217324411
-0.421167864914	-10.2446232604
-0.530638928497	-10.2716882762
-0.73414009095	-10.4045984833
-0.836469204479	-10.4172457653
-0.879117352212	-10.4314952685
-0.988562128665	-10.4878641974
-1.14316403476	-10.5021425295
-1.17876068125	-10.5086084566
-1.28210030467	-10.4804340334
-1.38991775398	-10.4613891094
0.285575971056	-2.76503621098
0.163489109756	-2.62646963006
0.0895579003625	-2.56826487026
-0.0392307029896	-2.45305781307
-0.215058610439	-2.31851024232
-0.340723271194	-2.22459920212
-0.444824166143	-2.17557025314
-0.539330151746	-2.15110514981
-9.84632873685	-1.34872114535
-9.89102932799	-1.23831717846
-9.93854099033	-1.15310980196
-10.0169565141	-1.02137928717
-10.0860515773	-0.903561273176
-10.16218747	-0.756200590923
-10.2031419024	-0.626785587807
-10.2168431513	-0.558604424102
-10.229684481	-0.447931497049
-10.2334688978	-0.329652277189
-10.2316958934	-0.195715622353
-10.205663436	-0.0691805041366
-10.1967763525	-0.0357386275704
-10.085055043	0.130615948248
-10.0609225701	0.223229507161
-10.0223088899	0.301836330616
-9.99478502338	0.356212940254
-9.97136072637	0.451536649956
-9.97438804611	0.520410991098
-9.9459446468	0.659519529875
-9.90496024667	0.743864029653
-9.85554657725	0.830825975463
-9.82865970162	0.911329716486
-9.77607281785	1.08312091446
-9.77674891894	1.14316574021
-9.81255019099	1.24613357628
-9.78662843632	1.37856471295
1.23421650038	-5.76804984811
1.10876720582	-5.76700940276
0.923999944936	-5.77157261638
0.799772732042	-5.780150467
0.636412105518	-5.78990352309
0.531551172797	-5.7941513388
0.354143075677	-5.79019993806
0.221812946781	-5.77244586086
0.0879232379041	-5.75532042337
-0.0594031376826	-5.73449224555
-0.271375047532	-5.73137537574
-0.424028969768	-5.70235079165
-0.543798221511	-5.67823916183
-0.669423156894	-5.65026337088
-0.753811032734	-5.63030460619
-0.930857032472	-5.58661042293
-1.14552717876	-5.53176493924
-1.34286308369	-5.47053541356
-1.43693046556	-5.44012250867
-1.62062937349	-5.3858755494
-1.75912074239	-5.34332293356
-1.87180722267	-5.30289993539
-2.11128599446	-5.20883718258
-2.36765251781	-5.10715068707
-2.73230786941	-4.96280386166
-3.11926103711	-4.80805450537
-3.38882010413	-4.70923585376
-3.69761140543	-4.58566360303
-3.94359456598	-4.49272734497
-4.22658188902	-4.39836622656
-4.40052025982	-4.33700748347
-4.62139678022	-4.2571971492
-4.76735848154	-4.20907187397
-4.96605101432	-4.12475101615
-5.17530675107	-4.01411291827
-5.43869506912	-3.83854192244
-5.74275862959	-3.66396681383
-5.86861351373	-3.55645842619
-5.98295681665	-3.43707402703
-6.06395240611	-3.33730519958
-6.09358060171	-3.29704127566
-6.12837968068	-3.24991152661
-6.19208377972	-3.11169282642
-6.23618763587	-3.0038954821
-6.25960081074	-2.93655296188
-6.31104631479	-2.80918426156
-6.34092678762	-2.68058891058
-6.36436792224	-2.55801566999
-6.380522237	-2.45159807176
-6.37980246875	-2.40216333295
-6.39682593897	-2.29804456812
-6.40479351072	-2.2021457937
-6.38426564424	-2.1272249339
-6.37511222716	-2.0419475973
-6.35417999449	-1.96148350081
-6.32793008347	-1.83220920125
-6.27831376531	-1.67619803509
-6.2227846641	-1.52034179418
-6.15646039503	-1.46834071996
-6.12333809325	-1.43610358355
-6.00993653304	-1.36401706726
-5.96992970713	-1.3335729109
-5.86890684357	-1.28053506219
-5.80119381716	-1.24035433927
-5.69287343875	-1.21194627523
-5.62459777185	-1.16370657124
-5.53647180157	-1.10572489741
-5.47771339843	-1.05592918797
-5.42709974669	-1.0260274002
-5.36616307527	-0.998168216054
-5.27676307379	-0.963248746537
-5.19587729357	-0.918046338315
-5.12022145975	-0.88399906725
-4.9593200798	-0.834651932374
-4.83157890427	-0.872842429269
4.37669822795	-6.29798053268
4.23135664799	-6.34158222138
4.18493115465	-6.35415298136
4.0194423408	-6.39522812943
3.79863439872	-6.43405279202
3.49010389723	-6.50308242577
3.40343999575	-6.48908127381
3.28880114967	-6.47503986788
3.0973810326	-6.4550875242
2.93591677325	-6.4365186951
2.84101032178	-6.42005293613
2.65156288759	-6.39552959146
2.39151671063	-6.31634748185
2.26351919825	-6.27480281061
2.17757174531	-6.23799809808
1.98062385375	-6.15763870527
1.82389661598	-6.08486161232
1.6926577388	-6.01639175847
1.53188116567	-5.94005674627
1.40334458861	-5.86953401394
1.33068881138	-5.82714483981
1.23423751357	-5.76809158061
1.457964599	-14.3144862467
1.57309010955	-14.3117964722
1.66056879603	-14.2852507396
1.77526306638	-14.251279479
1.84715242275	-14.1602269227
1.94471219356	-14.0890891237
2.17516960155	-13.964717717
-6.38973789104	10.3705265296
-6.30695272939	10.4576688088
-6.24136530407	10.5435408237
-6.18029999258	10.6139524841
-6.11311412583	10.6844583447
-6.05897976732	10.7358568909
-5.96188788838	10.8240274095
-5.80782201898	10.9266169169
-5.69077284531	11.0261251662
-5.54800598791	11.137892639
-5.47393652901	11.20240293
-5.27809802671	11.3616823211
-5.18212766317	11.4380469427
-4.84704524336	11.7161356165
-4.50173935285	11.9435243978
-4.36294128446	12.043436132
-4.26177947158	12.1116069688
-4.07514494285	12.2435792493
-3.92172898273	12.3385241725
-3.76419328649	12.4491232592
-3.68478984585	12.5064008137
-3.50596380239	12.6209674374
-3.41922768027	12.692144515
-3.40458405179	12.7033050938
-3.28021557948	12.793747485
-3.15620138371	12.8812788665
-3.0827943185	12.9339600163
-2.90246528254	13.0444749286
0.374215202723	-13.0462545065
0.256490714246	-13.0144427493
0.128335088992	-12.9924364633
0.0110085718938	-12.9632149102
-0.10256312492	-12.9430212155
-0.229460465045	-12.8812075405
-0.305551120341	-12.838080814
-0.375526431923	-12.8041753148
-0.439489380691	-12.7459001014
-0.533648265805	-12.6571485557
-0.58962172519	-12.6099074973
-0.563667375264	-12.5387017792
-0.700945249096	-12.4776972035
-0.796985531813	-12.4109998963
-0.912164839927	-12.3268387594
-1.00458178364	-12.2594701362
-1.05973961794	-12.2076419175
-1.09642294469	-12.1760961294
-1.14859154793	-12.1215019815
-1.20906656859	-12.0501828622
-1.28880449851	-11.9668047848
-1.34344285786	-11.9223216063
-1.38943834637	-11.8541568074
-1.54530329576	-11.7414942337
-1.64060010291	-11.5937866408
-1.81200045805	-11.412681441
-1.06743324955	12.7845434616
-1.11428015467	12.8524901622
-1.2201906946	12.9153720756
-1.29599251995	12.9655614126
-1.37229385961	13.01524908
-1.43620802171	13.0479186749
-1.51580786405	13.0851664946
-1.58962030329	13.1177056042
-1.69157342619	13.1472283406
-1.77668437393	13.1818072791
-1.90220902044	13.1680066994
-2.00078729146	13.1581194169
-2.06603319316	13.1663122825
-2.26603214471	13.1243865437
-2.36189821965	13.0900850719
-2.62926397757	13.0285367282
-2.71277024984	13.0157579799
-2.7891514777	13.0135278695
-2.90246528254	13.0444749286
2.25154129085	12.5892958702
2.17300895798	12.4500523865
2.14524270034	12.3960571906
2.08783009547	12.2461977432
2.04319915526	12.1573418748
1.99745994036	11.9875012623
1.94439550235	11.9215166029
1.90946187506	11.8711631637
1.88483725208	11.8408147889
1.76542887301	11.8128766355
-3.5307365389	7.55330903193
-3.32286299631	7.66335075761
-3.24357257939	7.72256147014
-3.10381736308	7.83330985775
-2.95382786352	7.96618929075
-2.85181616072	8.04487836164
-2.81357249498	8.07608298585
-2.69547835443	8.16229348347
-2.54502934487	8.30972630291
-2.46309548707	8.37380306222
-2.3974020378	8.46486453626
-2.36932705613	8.49486679614
-2.27549528911	8.57556161735
-2.23007717723	8.62344950407
-2.19763497833	8.69869487905
-2.03778479748	8.79311423823
-1.91141093562	8.93266894071
-1.81540393044	9.01173790461
-1.65292473798	9.17397145217
-3.53073510904	7.55330853982
-3.42663722937	7.45038937687
-3.32092702587	7.29205961127
-3.2027983155	7.06807533623
-3.12264383003	6.9123883633
-3.04252035475	6.73927603636
-3.01517865113	6.67402312524
-2.91198714343	6.4440600348
-2.79570476556	6.17758311886
-2.75294958159	6.11877968121
-2.72099806956	6.02335182513
-5.94391688518	5.8850076465
-6.03713676227	5.67411261337
-6.1084995755	5.5528788506
-6.12553135281	5.48384268184
-6.1485496096	5.36799287121
-6.20258312473	5.14780826358
-6.22647252227	5.01200047132
-6.25220027049	4.86557898231
-6.28097420642	4.70668703597
-6.31631215045	4.53416058141
-6.35245044241	4.39733824272
-6.3580348271	4.26826898069
-6.3738333774	4.19347236469
-6.3904483628	4.12081817139
-6.40327660726	3.98875183577
-6.40657911288	3.86735477996
-6.4064368791	3.78236980131
-6.41254936128	3.6442135881
0.426290913567	7.40697096631
0.379256198684	7.56108368937
0.422040431545	7.76324732593
0.450552427789	7.86211036228
0.468879893519	7.93831991909
0.488358646393	8.01532122031
0.499294060996	8.10545792639
0.508547931464	8.14796325858
0.519776954098	8.20818480176
0.513394517308	8.27612084448
0.538824646376	8.37349785971
0.558537616607	8.49618009106
0.587872687087	8.68955879219
0.638479264504	8.80501115783
0.689296775925	8.99411035491
0.742214995514	9.15560341626
0.753184706898	9.25015824904
0.749780896562	9.48219558402
0.727286377714	9.61625437104
0.689115693515	9.71958523176
0.674849682985	9.76308231393
0.591591136101	9.931919936
0.535495881571	10.0227552059
0.483016390692	10.1079598817
0.399019951104	10.2083054381
0.308595871646	10.3035823879
0.278874227844	10.3579612957
0.178605928528	10.4330572136
0.136295029669	10.5078994031
0.0288489510876	10.6145499983
-0.0749588044362	10.6932309056
-0.190102390351	10.7819570491
-0.307145262572	10.8233466835
-0.40984584703	10.8996325965
-0.564273784486	10.9669421746
-0.715820062316	11.0458312883
-0.890624356431	11.1488827931
-1.0530185762	11.2206269772
-1.11223131321	11.2523561688
-1.23339924012	11.2776479194
-1.46141764324	11.3145240081
-1.59251980249	11.3150031163
-1.84523807509	11.3380954597
-1.88122971919	11.3947553793
-1.88391027683	11.410357474
-1.85732791278	11.4390247025
-1.83150238085	11.4541331455
-1.79604952268	11.4380653633
3.92898908345	2.3176147657
3.780067795	2.40568386603
3.66408476492	2.49888883048
3.55614579677	2.59549643105
3.49105515606	2.66638349483
3.31815721502	2.91201672022
-12.5858375752	3.84003991647
-12.4903150238	3.95236316703
-12.3624661602	4.0047030949
3.9289852478	2.3175873517
3.98001750911	2.02302467605
4.00369019817	1.92215235644
3.98642209501	1.77835392282
3.97000772185	1.61504886856
3.98025080333	1.47619386956
3.99292401486	1.29829170085
4.01253006826	1.15797901361
4.04394737369	0.974828749203
4.0881394593	0.755462038764
4.11134541312	0.644743930036
4.1956358872	0.500967277473
4.23170758081	0.456262383628
4.28837491344	0.312858894961
4.34731549627	0.212531781611
4.39241528508	0.1356098985
4.50668853434	-0.0213972084516
4.56582525988	-0.103038323151
4.74985340469	-0.295283485666
4.85542409051	-0.397150102713
4.96334522896	-0.509112686734
5.08605419319	-0.559932452282
5.1817270326	-0.608034066619
5.30177706788	-0.661462230491
5.37950452145	-0.704057289137
5.5319953984	-0.805845212769
5.64724179275	-0.856505694561
5.7348125655	-0.895365998454
5.83175840844	-0.93588779454
5.94890560318	-0.986881775799
6.10822858645	-1.02345036533
-9.7867342756	1.37853819226
-9.56130438508	1.46194650124
-9.47123085247	1.53269577499
-9.38066187353	1.58577691401
-9.2585672985	1.69058894809
-9.19505134009	1.74688966194
-9.01326040332	1.90549642515
6.9015190262	0.811321849054
7.04489367659	0.608887254753
7.09189744308	0.528745764536
7.14748881987	0.448271956384
7.24824190916	0.266126083239
7.33865251247	0.00982475751337
7.43224839075	-0.16486409314
7.4789565913	-0.296630216101
7.50917136718	-0.388462114822
7.54598390093	-0.565837442063
7.60086358221	-0.696764604978
7.643865952	-0.782059875047
7.71380321642	-0.884592570244
7.86497411143	-1.13081050315
-5.38896800287	1.7651965134
-5.46888036332	1.73167326173
-5.54407326753	1.7128398866
-5.6797856763	1.70333180121
-5.81175064987	1.64121053994
-5.98242442347	1.58081186855
-6.0596536988	1.46964449381
-6.25701370224	1.33272825023
-6.27255965593	1.31536188334
-6.29385016924	1.27858701346
-6.33299364823	1.19271132186
-6.41253160732	1.09311937249
-6.44177620941	1.05790766484
-6.4974974518	0.990284379784
-6.55738548889	0.897911107876
-6.60405876967	0.85494337281
-6.6578642211	0.820227703505
-6.69367800885	0.823207244858
-6.85670612529	0.714843736746
-6.95211682422	0.641056427397
-7.15744960283	0.685271342469
-7.41943591299	0.657286181802
-7.47327717157	0.654377873425
-7.52435191915	0.656575552177
-7.6088705975	0.665553055409
-7.64338685155	0.680367340587
-7.72954584638	0.80005596412
-5.38897540143	1.76515062004
-5.33518277734	1.70178327025
-5.28547858851	1.62287904352
-5.21748311785	1.52000295911
-5.17001298731	1.44512178972
-5.12045402886	1.36530842774
-5.07369220545	1.31364479792
-5.0067906185	1.13801425271
-4.97208887938	0.999007417651
-4.9898920202	0.793568211312
-4.97899128739	0.677109544578
-4.94437423155	0.527841632067
-4.93489268614	0.447979582774
-4.92408638249	0.373982325583
-4.92979454772	0.264820201527
-4.90308467499	0.190366112887
-4.88439902162	0.0903295960626
-4.86584185299	-0.00448816998113
-4.83586945311	-0.134642852679
-4.81799016945	-0.245209565818
-4.82327504301	-0.385842916589
-4.81181281632	-0.519738598138
-4.82459091878	-0.572401085814
-4.83770165949	-0.592129214676
-4.83158168085	-0.872814042095
9.83601501987	0.543204846479
9.90117929424	0.384900620529
9.94484353916	0.275390745817
9.97109665056	0.199163327497
10.006722279	0.0614820006686
10.0339656801	-0.0379653557467
10.0626590031	-0.149560728552
10.0972324385	-0.285235924079
10.1257342877	-0.400153167004
10.1231315664	-0.485018472276
10.1589191867	-0.647682793996
10.19661184	-0.776577469357
10.2073127151	-0.906200286134
10.2342697314	-1.07230493684
10.2933850806	-1.41750574277
10.3072236655	-1.53475496883
10.3084808293	-1.66388445025
10.2868401846	-1.82652146531
9.83772067109	0.540393246841
9.67789108248	0.77673687634
9.53774727196	0.910121483182
9.44108340056	1.00468897617
9.25985982831	1.24948313521
9.19190545941	1.33028426476
9.08143003885	1.52107261312
9.02341885386	1.59245568734
8.89565851097	1.81685616027
8.75080938039	2.1469869313
8.68434357643	2.3356392956
8.62448420959	2.47799947689
8.56196827763	2.62772287484
8.55857299724	2.86438929691
8.53985987703	2.94351000724
8.50206727466	3.1112709655
8.46560999466	3.22052979287
8.42033942194	3.31705697537
8.3524571131	3.44057529292
8.28663967624	3.58957540582
8.21447880277	3.71874010101
8.12389067794	3.89076329076
8.04202135761	4.03751245296
7.92993041059	4.22590744282
2.7936088234	7.5895895414
2.70192094221	7.62515605172
2.63322826061	7.67906032684
2.57386122278	7.74754512442
2.51532378354	7.80040861355
2.41870906997	7.88464190144
2.35781596494	7.89383198629
2.30095316852	7.92236086738
2.23432069648	7.97719949164
2.17343148129	8.03672276952
2.11966994728	8.09846353338
2.05075091469	8.18025892618
2.00088772613	8.23667566042
1.86395587037	8.3442783652
1.79375612176	8.4105296768
1.68489040408	8.51207031877
1.61774450441	8.58462385733
1.53486659975	8.65815345099
1.43577835398	8.7442118816
1.26146435727	8.7935838602
1.12348032641	8.86767869134
0.93318066771	8.9281070156
0.734944746313	9.01303874356
0.453236381366	9.08291202152
0.103244947697	9.1599070949
-0.0900204332393	9.13974234818
-7.72954582861	0.800055381984
-7.79365136956	0.671353344802
-7.82911180138	0.58114444589
-7.88441994827	0.374009309386
-7.90682223674	0.221370099916
-7.91405043671	0.178282823299
-7.92953986696	0.0908192140559
-7.94949773533	-0.057669132564
-7.95488485147	-0.156735614089
-7.95351760946	-0.2982287313
-7.96619178056	-0.496851911876
-7.97682318917	-0.643302268788
-8.02307695805	-0.75729042896
-8.05225405038	-0.883904202658
-7.97751939803	-0.937176976524
-7.96763501534	-1.05110907317
-7.95278852274	-1.12362653047
-7.95048413787	-1.21095481588
-7.94011855304	-1.33330052008
-7.93006755988	-1.43224707899
-7.90581003638	-1.53730029979
-7.85510204698	-1.74507943194
-7.80174676464	-1.86663573413
-7.76803681666	-2.00846778678
-7.73862791418	-2.12865467376
-7.69049249214	-2.19871916895
-7.66109958549	-2.30011162763
-7.61543749356	-2.44222697954
-7.58781269324	-2.52234416295
-7.55224475031	-2.61406803037
-7.51759267974	-2.70009532157
-7.45671364958	-2.82687410561
-7.41765595881	-2.90029596192
-7.38585226556	-2.97664737868
-7.32839861028	-3.07897756562
-7.23867010243	-3.21781183493
-3.00643966659	-3.60837807102
-2.40664413068	-3.59516769511
-2.20600290789	-3.57870860764
-2.05869261889	-3.55877223174
-1.80501588896	-3.51084252912
-1.65614566736	-3.47864621546
-1.59510666189	-3.47117424776
-1.48763317094	-3.44179705777
-1.31385611778	-3.39899602394
-1.06815567597	-3.35815521429
-0.968171272689	-3.33054429303
-0.840177290079	-3.28850366572
-0.68401070499	-3.23825878722
-0.492021467971	-3.17670421461
-0.364032206584	-3.12888679041
-0.252352750186	-3.09062566478
-0.135964697953	-3.04740472708
-0.0374501373152	-3.0087055589
0.0139591479893	-2.9776901014
0.154236245603	-2.87066260508
0.285577253562	-2.76503968563
-2.89402710116	1.86457659469
-2.84479405363	1.91183780851
-2.79228360964	1.97545608022
-2.7398614834	2.07672497059
-2.59931032868	2.38918735488
-2.54705296807	2.5691450116
-2.51841998855	2.69349935084
-2.48685184837	2.81114667841
-2.46210001851	2.88510840216
-2.43585229927	2.94310590182
-2.40296907018	2.98257328162
-2.3378507175	3.08789103935
-2.30916864124	3.21921942292
-2.25419845938	3.4293406824
-2.22713213047	3.53636350673
-2.19949960227	3.64513096757
-2.15610941405	3.81775384812
-2.12888370573	3.9296790264
-2.10029054121	4.04016320639
-2.11137473544	4.1468652268
-2.09468169739	4.23794876183
-2.10746726876	4.25153782728
-2.09327036592	4.35695325015
-2.05490248517	4.48123861842
-1.99424801693	4.71889165933
-1.96349475511	4.85643106242
-1.95681897412	4.92139178491
-1.93930688431	5.02327510722
-1.91950428941	5.12873888324
-1.90430714531	5.21337609213
-1.88064402411	5.36026200584
-2.89405846102	1.86452636541
-2.97365820605	1.94324400836
-3.03410507044	2.03074783268
-3.08339256962	2.11236600611
-3.16791992124	2.19738103037
-3.22281763728	2.30926278811
-3.31929066232	2.45499003923
-3.34870376305	2.51754447288
-3.37346739061	2.57229040523
-3.44614958158	2.7387787236
-3.51670608033	2.90403667731
-3.54693745016	2.9869130824
-3.58372817528	3.07535613654
-3.62868267017	3.17986449615
-3.66503900196	3.25366338946
-3.7407183908	3.42420368223
-3.78310386867	3.51016747001
-3.83198379309	3.60166906328
-3.86805805566	3.68245483264
-3.91300115606	3.77627350989
-4.03052689647	4.02793347754
-4.06503554135	4.10399708415
-4.10624777676	4.19332771908
-4.13017261445	4.27000068566
-4.13947196332	4.35690266866
-4.22089481698	4.54960528825
7.04745737349	-2.18977168096
7.13520910574	-2.07693289309
7.21165720659	-2.02664969089
7.27183587074	-1.92659851098
7.40541964057	-1.82358522216
7.50491418918	-1.73370567966
7.58897725229	-1.65292853845
7.63882035809	-1.51014437155
7.68468982527	-1.40861741764
7.77039688462	-1.33825502593
7.8030848713	-1.31373610322
7.86343780592	-1.13125499591
7.04745737288	-2.18977204775
7.09797593219	-2.28948837678
7.1279755792	-2.38307491896
7.16958045819	-2.47929009343
7.22631406525	-2.58590360502
7.28735037778	-2.71656451381
7.32846419249	-2.84057413202
7.40066531912	-2.92766248296
7.44586196684	-2.97135549251
7.52034751707	-3.10793507057
7.53739887	-3.1752365655
7.57426625785	-3.32808609864
7.62581062885	-3.44485850423
7.65746580903	-3.51704730213
7.70791394563	-3.60807843683
7.79712666132	-3.77193875482
7.88362290837	-3.92433591163
7.91922121398	-3.98622595757
8.0239570228	-4.1385912917
8.06564379202	-4.18670480948
8.11382249946	-4.25854770272
8.23864959501	-4.42687787857
8.28586331473	-4.49533152363
8.32125398298	-4.54049482557
8.34600993124	-4.60400898758
10.2963665893	-3.07948669209
10.3437740378	-3.17889642504
10.3802892038	-3.29091521787
10.3879094478	-3.41678011546
10.3950048826	-3.57528258508
10.3975152081	-3.68275722998
10.3986345273	-3.81557800531
10.3976313898	-4.00455007475
10.3947948325	-4.19037914938
10.3857362595	-4.28472113486
10.3651655559	-4.38487117069
10.344767026	-4.45571440851
10.3115616687	-4.63062703237
10.2784699553	-4.7711332289
10.2352679665	-4.95128558269
10.2100073335	-5.07887707792
10.1526747724	-5.22199972009
10.1262774839	-5.3045645494
10.1009045032	-5.37596243881
10.0530247722	-5.48833590509
10.0348696444	-5.59297662775
9.98478408495	-5.69368434203
9.92036254577	-5.80388028487
9.85415775568	-5.89965901737
9.77772784298	-5.99383041748
9.67902611278	-6.10557803432
9.67903308285	-6.10557776102
9.58423406299	-6.23399178857
9.53442065632	-6.3131106325
9.47541812716	-6.39182400916
9.37706307694	-6.54003000232
9.30550744325	-6.64179824032
9.23190514752	-6.70846406546
9.19699902766	-6.74696225027
9.0921161477	-6.84408467367
8.97521576709	-6.91302096381
8.88456549189	-6.99148639978
8.86026958243	-7.01629486435
8.79447216617	-7.06645427533
8.7183531865	-7.11653112066
8.64503644469	-7.15688163718
8.50414250321	-7.23322317721
8.41217736602	-7.26113452477
8.26774854528	-7.17750129352
8.19375776083	-7.19339472002
8.10839578329	-7.1589315803
8.05216932953	-7.11901444246
7.95393118994	-7.08159209707
7.91409579409	-7.07224157167
7.66122621828	-7.08729078917
7.1419808914	-7.76484533564
7.14470097492	-7.55073998699
7.23441134938	-7.47935815098
7.2878368482	-7.41108062593
7.49253441085	-7.23834753875
7.66126592074	-7.08731236097
7.14212538884	-7.76486478594
7.24298383581	-7.9620588022
7.26726327081	-8.04687230248
7.27034110724	-8.07030569664
7.19110260205	-8.23587491575
-3.7595345648	-8.67955274066
-3.82670563254	-8.55193600977
-3.86486940923	-8.4409632958
-3.8856625588	-8.19604270471
-3.93732672441	-8.08788763163
-3.94653254592	-8.04436194169
-3.96087944619	-8.00871593705
-3.9951529999	-7.91085006293
-4.04349411814	-7.8147506583
-4.06750902165	-7.74871642826
-4.12344365215	-7.59676138447
-4.17949212075	-7.44217831527
-4.24487866731	-7.26603479729
-4.26288177796	-7.14417722348
-4.31346069931	-7.01714717519
-4.3903833272	-6.8363960687
-4.46630156157	-6.62880315446
-4.5307804	-6.51595337398
-4.55021996891	-6.44980362384
-4.26739986532	-3.33719082
-4.29529289431	-2.95576382964
-4.32063488962	-2.69850516483
-4.33634535831	-2.58821100937
-4.34667180757	-2.48950815009
-4.38858134089	-2.34470843262
-4.4241441177	-2.19651717534
-4.45450300113	-2.04891745628
-4.47879316266	-1.94973834319
-4.50994872964	-1.84078004295
-4.54568947376	-1.70249446285
-4.59144613172	-1.59040738079
-4.62973535277	-1.49205886965
-4.63619315471	-1.39451446402
-4.66727065652	-1.3111113333
-4.67610463453	-1.29973814811
-4.69632576273	-1.26520738608
-4.72963231793	-1.12919632202
-4.83157923249	-0.872840024935
7.19031137155	-8.23570556709
7.1126349863	-8.28107316116
6.99214165241	-8.28917515692
6.86663116207	-8.31381384306
6.62126566285	-8.30982883215
6.53701744605	-8.31544924567
6.46954953696	-8.33652875685
6.35738233527	-8.33040816934
6.25246691722	-8.32648156842
6.16552105838	-8.33229462206
6.03000282581	-8.36116344163
5.86162574053	-8.37983257475
5.61931466645	-8.36883897978
5.43075437365	-8.35224580598
5.34714307841	-8.33278866938
5.22804471835	-8.31447503865
2.99648500409	-9.87827454755
2.86145448738	-9.8247029851
2.78017152438	-9.79211498376
2.71174230792	-9.7324063051
2.65711032657	-9.66806398746
2.55098304623	-9.50601767807
2.47786924635	-9.43874227092
2.43331970919	-9.38494827746
2.28887200656	-9.24810009375
2.16227473671	-9.13669493342
2.1153241039	-9.09743464749
2.03898903082	-9.03529711435
1.96768883019	-8.97496317775
1.87945925304	-8.91255827741
1.73600724176	-8.81316819373
1.57607054813	-8.68669496637
1.34091202026	-8.61176868724
1.29011794987	-8.59668060641
1.21641973553	-8.59358258635
1.036364266	-8.55545682678
0.952840547336	-8.57886812746
0.88209040402	-8.60647642234
0.840926874876	-8.63287143959
0.774000471882	-8.67187374341
0.723511956428	-8.68478176277
0.64508291247	-8.78181933201
0.571152414417	-8.88351800526
0.522661697212	-8.97648841186
0.484259453222	-9.06116967176
0.433570420532	-9.16779359551
0.346604423495	-9.24523643064
0.307952280254	-9.36929528395
0.332742959525	-9.49796217623
0.300869148693	-9.66616527961
0.247028837592	-9.86169145045
0.2102870307	-9.96704379902
0.198345230997	-10.0280335533
0.134703004078	-10.1539734302
-1.81199655868	-11.4126907629
-1.75596665882	-11.298280838
-1.7474539802	-11.2618802327
-1.73215959673	-11.2204783646
-1.65103330217	-11.065751078
-1.61249000297	-10.9535297417
-1.5419382	-10.7777563158
-1.46726562094	-10.5641437522
-1.38990049471	-10.4613827859
-0.0899991963035	9.13978789252
-0.248246531898	9.31778958362
-0.332315554065	9.35450936388
-0.417794772737	9.44613803215
-0.559670259763	9.62295495837
-0.677338026974	9.78471862461
-0.759395379718	9.87603934404
-0.854260742993	10.001804307
-0.980175769852	10.1392707897
-1.07210219721	10.1987588502
-1.16771873097	10.2815745833
-1.264859369	10.3674840723
-1.35380954288	10.489937144
-1.43910897594	10.6145634178
-1.50376021247	10.7138014005
-1.51737121494	10.7355914929
-1.60113340409	10.8847867562
-1.65721766649	11.0009573498
-1.7007722367	11.1994545229
-1.74310465683	11.2889135477
-1.79604952268	11.4380653633
3.5306101408	6.03395905746
3.39166921039	6.0132739311
3.36411483356	6.01475246393
3.28274246456	5.98401048227
3.22242647488	5.95825048421
3.13768439168	5.90852086926
3.05129473441	5.85164689049
2.94384655136	5.78695904503
2.8634792687	5.7402806036
2.79561801466	5.67265207433
2.71411948456	5.61682945392
-10.5154235111	7.14860862342
-10.4428953229	7.19440296848
-10.3920931025	7.21201887411
-10.3187857002	7.1950377102
-10.2551997377	7.18774211029
-10.2199601759	7.17170075865
-10.1535874655	7.17227302462
-10.0788365231	7.17069071949
-10.0189620252	7.17824696885
-9.94586785479	7.18915738133
-9.84722400396	7.21034569685
-9.77329034275	7.25743000601
-9.69352227477	7.28629999584
-9.63676438304	7.31430405721
-9.58045934033	7.33491008315
-9.51739673292	7.36729850275
-9.4605726297	7.39984030728
-9.3994474444	7.4386948294
-9.33982164041	7.48107303598
-9.27143918479	7.53505068462
-9.18478020796	7.61558160923
-9.13632551359	7.6884731324
-9.06130937169	7.77407240954
-8.98143948832	7.8706278595
-8.90574837394	7.9617946285
-8.91976334037	8.05630205963
-8.88411988238	8.06564679754
-8.81572897102	8.10756091757
-8.70020306669	8.22919222587
-8.5796710841	8.35959807204
-8.43340004796	8.52025953452
-8.4164226787	8.53813395301
-8.37614436355	8.56421945663
-8.34062395446	8.6021789132
-8.25717431894	8.68890781887
-8.20128274973	8.73554670379
-8.11165733755	8.82546587198
-7.9870302596	8.95340265214
-7.73783299121	9.2067604778
-7.61911724738	9.3375029312
-7.59638040641	9.36146780809
-7.46889007894	9.48329895398
-7.35958550179	9.59321807889
-7.29854738785	9.65465700454
-7.19496056223	9.74632538055
-6.99218015713	9.94856260581
-6.85562903255	10.0846694973
-6.73235996968	10.1856327085
-6.5707086656	10.2927919081
-6.38920739776	10.3710684235
-4.22090039385	4.54959891791
-4.31843927022	4.63761311982
-4.41680458286	4.77210138434
-4.51926491735	4.89932201921
-4.58806244949	5.00165079529
-4.67735985391	5.13233411288
-4.76063095719	5.28486802156
-4.82721627731	5.40529331509
-4.94604728709	5.46752191744
-4.98297464907	5.53213787051
-5.13638445276	5.78665614321
-5.190705589	5.86971914942
-5.22150129424	5.91111124527
-5.28215165287	6.00399845927
-5.36640891819	6.07289185127
-5.44023222276	6.15398919743
5.2371727	7.17576929815
5.3717058008	7.16912566779
5.52002810628	7.10876273191
5.62198853869	7.08680368359
5.68710700183	7.06801003124
5.85000168129	7.03642073683
1.76411086604	11.8123822384
1.92667159773	11.6722683969
2.04778030076	11.5297247366
2.18076558965	11.4183981049
2.31007100001	11.2085014396
2.48087851606	11.0833724845
2.65335118094	10.9343521284
2.81767013487	10.796577276
3.03997893083	10.6081887601
3.16601784464	10.5024624517
3.33286198229	10.3382838189
3.42064906166	10.2692236245
3.51428809104	10.1863300707
3.59747059987	10.125732561
3.76209381668	10.0042583864
2.82431978952	-3.71949284865
2.72153396119	-3.82268213319
2.67801456542	-3.88548937239
2.6191929246	-3.98764537821
2.56897456115	-4.05465530247
2.50706264049	-4.11054067219
2.35766827365	-4.29305458143
2.29256070136	-4.38936704028
2.18169002352	-4.50125788136
2.00625470338	-4.68739223952
1.96688810191	-4.73462882131
1.91251658019	-4.77324067863
1.84961656211	-4.85264088462
1.77445774616	-4.94537052416
1.74811609621	-4.9900161457
1.66717756752	-5.07246330993
1.57374458205	-5.21054733612
1.43470593292	-5.395451569
1.3310343827	-5.55171081007
1.28251298538	-5.63428352275
1.22952205282	-5.73374839409
1.23421832288	-5.76805504441
2.82429994416	-3.71951235889
2.69908778938	-3.59102959582
2.54892875518	-3.45727208953
2.42897408082	-3.35401089839
2.35738663022	-3.29781625495
2.25716437393	-3.23213078189
2.12071405798	-3.15566906931
1.95776063056	-3.09857805112
1.84687595009	-3.01534220977
1.68134501336	-2.95419880039
1.59543337714	-2.92452996136
1.51857099297	-2.88792610308
1.41648011703	-2.86763367571
1.20213220572	-2.78818146093
1.00892494097	-2.76731424444
0.854629512081	-2.75158596935
0.792864263516	-2.75412520956
0.678476308455	-2.76478873946
0.58112047504	-2.78597406759
0.500976241926	-2.79026387083
0.285593389306	-2.76506015878
0.134699102253	-10.1539771612
0.242794718453	-10.1980621644
0.343425945116	-10.314401796
0.458582051242	-10.4254811037
0.531018983563	-10.5161971543
0.604728065479	-10.6339813322
0.657925827123	-10.7121621996
0.686478725471	-10.8115789285
0.730093138275	-10.9166170095
0.792038916211	-11.0740947876
0.866897418077	-11.2807525464
0.883325450869	-11.4136009359
0.892214837088	-11.557213204
0.886016007928	-11.6165236432
0.864052946818	-11.7694305381
0.813823773294	-11.9047864524
0.842370944892	-11.9582511341
0.809794558833	-12.1284022363
0.779059670891	-12.2546264795
0.758471217199	-12.3103142082
0.751099540372	-12.4096456761
0.683044583186	-12.4827996363
0.653977785843	-12.5560039126
0.611485206771	-12.6305770238
0.526081527025	-12.7557913835
0.445002255141	-12.8557574821
0.374606783825	-13.0460775485
-1.65181576453	9.17393826657
-1.68300902215	9.27501458233
-1.70579551055	9.33705515005
-1.77147096127	9.49259011144
-1.79090652585	9.6546930727
-1.82640891298	9.8279715987
-1.88124918536	9.95462753929
-1.92345436482	10.057023471
-1.97982856493	10.1902644346
-2.062860707	10.3440617496
-2.20518424686	10.5712568578
-2.29446764791	10.6780985579
-2.37519508171	10.7593930884
-2.4345457091	10.8757388693
-2.5634531452	10.9667269208
-2.68338857832	11.0261515699
-2.85923289127	11.103714892
-2.9259027678	11.1298002854
-3.12033144434	11.1019169735
-3.3291184556	11.0386093591
-3.40258062451	11.0232225117
-3.6210839322	10.9147220344
-3.72445994587	10.8549379485
-3.76936209319	10.7953465841
-3.90659471715	10.6594305738
-4.00743607229	10.5405690704
-4.06962949973	10.4604468468
-4.13998110532	10.3772086341
-4.17621611959	10.2569221184
-4.23395914583	10.1618982327
-4.34141365716	9.99779301422
-4.40558849788	9.80188751162
-4.47914538882	9.61908055891
-4.57449672259	9.48364185939
-4.63616673642	9.37694251511
-4.71579334109	9.25508333315
-4.81983787873	9.08532271537
-4.91211526307	8.97111265966
-4.95757344052	8.92038999019
-5.01317721267	8.88127016998
-5.17137159124	8.8057894927
-5.23514014828	8.79321958157
-5.34242710115	8.7828167589
-5.39324816712	8.78109777642
-5.50261066469	8.84551707186
-5.53460366927	8.86736117758
-5.56753954144	8.90670069679
-5.61773695303	8.94435476031
-5.66563394574	9.0078924504
-5.70555885557	9.06596788608
-5.77356019614	9.11963248379
-5.85195736528	9.23485891883
-5.9677776265	9.41119920375
-6.02974163411	9.55375979548
-6.07990206499	9.70286727187
-6.14300097797	9.80786898159
-6.20061595017	9.96371861428
-6.2654093017	10.1367381589
-6.29544425676	10.207711525
-6.33034233781	10.2729345534
-6.38979802027	10.3705730601
5.22804849778	-8.31447818804
5.20248504197	-8.1391274584
5.2633281047	-8.00324121294
5.24787314466	-7.87087453521
5.22084642901	-7.77185626927
5.18998839868	-7.68112409039
5.15473990526	-7.57797545702
5.13588918994	-7.47823094297
5.07529543655	-7.3688963718
5.04145420096	-7.30748547365
4.93541210919	-7.14775914542
4.86763198847	-7.04577600408
4.82145534124	-6.97875706904
4.77616794632	-6.86720825429
4.71667791538	-6.74579745077
4.64224274298	-6.64475514391
4.57390013119	-6.53881929373
4.50563679276	-6.457153206
4.37451532709	-6.30129023933
1.45796539627	-14.3144628758
1.3584750853	-14.1468840903
1.32189374923	-14.0174236871
1.28516037206	-13.9574594537
1.24900946671	-13.8665663538
1.13070361399	-13.7955316668
1.06932697895	-13.67802465
0.998305222021	-13.6213562065
0.928987716932	-13.5597993113
0.872695410112	-13.5144794017
0.807671065146	-13.4703588494
0.770388131425	-13.3826583941
0.69897945243	-13.3473304542
0.652721460423	-13.2884214839
0.633887264269	-13.2933192236
0.499948824288	-13.2123358753
0.374583943106	-13.0461172014
