2008 0 0
25.2644153546	12.9263968295
25.0879552087	12.8641203836
24.8563524164	12.7571665178
24.6824000699	12.5793429535
24.5097472061	12.3361666983
24.35238499	12.1580613817
24.2862560684	12.0657197861
24.1200209307	11.8635129578
23.9487224794	11.7230886245
23.9009934144	11.6621192585
23.7649732651	11.5381421906
23.5549949252	11.3066706457
23.427206698	11.2346108373
23.3072192995	11.2240631886
23.2052912489	11.0868582548
23.0478078317	11.0146762289
23.0182257894	10.6202576196
18.4050968822	-5.04058577997
18.6745141134	-5.46494608885
18.6639740681	-5.74513505479
18.6446930096	-5.81039749631
18.5751410189	-5.98891751803
18.4047649506	-6.38899209217
18.2998815	-6.62437547639
18.2026936545	-6.82002027903
18.1671050149	-6.86854722779
18.0380901119	-7.10100411625
17.8109192292	-7.40306193238
17.6919492315	-7.56077564539
17.472804498	-7.79819120789
17.332041835	-7.96789674473
17.207342518	-8.07593139991
17.0635674792	-8.19278517427
16.8933144752	-8.31627555608
16.7345747986	-8.41162945837
16.4187283235	-8.62959805749
16.1527434952	-8.775224006
15.7743782409	-8.98637753356
15.5519497891	-9.07988804356
15.3515161104	-9.15629124125
15.0136193694	-9.24589378185
14.7773510441	-9.26449598089
14.4242112011	-9.26714622484
13.1382370025	11.9720792033
12.8575129122	11.8531498835
12.6735502553	11.7087929003
12.4532804204	11.5261429066
12.2395433299	11.2681148755
12.03267332	11.069482988
11.9176234021	10.9464584665
11.6730197429	10.6533640015
11.3735032013	10.250686178
11.200040942	10.0126459266
11.0320228379	9.76840184814
10.878912349	9.53067018623
10.7128995927	9.25433498149
10.5544231719	8.98585662895
10.3390973735	8.57441643246
10.3031774073	8.52072564237
10.0958047111	8.10422261918
9.9438839809	7.76169851818
9.82818014274	7.47185417394
9.78572339638	7.35420367885
9.7612252728	7.22697372628
9.6690578403	6.96523543446
9.5960896543	6.59567509311
9.55700084616	6.29967785913
9.54066280231	6.03991999538
9.52316200264	5.75261875672
9.49044748072	5.54783155436
9.49140660584	5.40935322653
9.49806489045	5.26724967073
9.50269638503	5.11394866577
9.51196567017	4.95932679074
9.55411817452	4.53831240717
9.55911966846	4.37494545449
9.60921711594	4.19863658086
9.66569656825	3.92946197142
9.73450899802	3.69071832153
9.84464010185	3.2588146376
9.97171763494	2.82146008653
10.0712451685	2.50778998987
10.2007834963	2.17461591665
10.2433197017	2.05243328516
10.3103307144	1.85080905719
10.3809605688	1.6782125548
10.4934744985	1.3922168499
10.6092948036	1.13085260996
10.692895414	0.946804367118
10.8129482164	0.579487902694
10.9254379763	0.310874129993
11.053893764	0.0599493634406
11.1167409797	-0.119284132506
11.3124776698	-0.288203970177
11.4349219392	-0.504760783416
11.5680690752	-0.821426864165
20.8110300985	9.47991612783
20.7490997995	9.73929045784
20.6696418854	9.95187464665
20.6259091523	10.1006797284
20.6175029818	10.195272684
20.5815184509	10.4028350316
20.4205154552	10.7269385075
20.0170318448	11.2307267503
19.501371391	12.3459321122
19.3293405307	12.8098880547
19.1938648466	13.1377461483
19.1148503661	13.2599286387
18.9384913382	13.444121333
18.7438904004	13.6426623009
18.5974227307	13.7633134317
18.4820378815	13.8588162835
18.292216435	14.0069414021
18.0110702709	14.1834972043
17.8215318797	14.298068851
17.6090953734	14.4115742429
17.3003446823	14.5584872437
17.1541754375	14.6614287397
16.9210644809	14.8122883729
16.6852251358	14.9576103188
16.4857033353	15.0658346715
16.3073074997	15.1764977579
16.1107851242	15.2908304335
15.9542665787	15.3521353892
15.74832145	15.4609632589
15.614485461	15.486406812
15.4616296745	15.5591659004
15.3389264607	15.6121355021
15.1876651589	15.6640916156
15.0780108816	15.6969635248
14.7395083521	15.7793430882
14.5143762611	15.6998478233
14.3508572475	15.6966938259
14.2232734016	15.6631930152
14.1165003592	15.6247413449
13.9569982759	15.5688716179
13.6372610884	15.3170052871
13.5147831049	15.1911146502
13.4043505826	15.0479388717
13.3417719383	14.958254322
13.2110925148	14.7182061885
13.0943280497	14.5253866616
13.0368364536	14.3303077527
12.9457013804	13.9821901671
12.8907328617	13.7627213345
12.8372388321	13.6074315907
12.7729623364	13.2590328729
12.7739149715	12.9156711964
12.7565112977	12.5848330125
12.8044156775	12.3813480574
12.8784809395	12.2013793051
13.1381272504	11.9721622697
9.20479373298	11.9050764775
9.2112560349	11.849309531
9.21466658273	11.7981337463
9.21927405142	11.6431477751
9.20410364507	11.2126535554
9.16486082856	10.8469296938
9.10323363003	10.4658101245
9.01669205012	10.0889510213
8.96444101216	9.83965945965
8.9100499698	9.62343169125
8.85769452644	9.44344108431
8.8188768889	9.32363950075
8.73661313753	9.07567616691
8.63443127026	8.87702842646
8.55959647953	8.71478025509
8.46689827603	8.56542552259
8.29399032614	8.23227560175
8.1608409192	8.11600436849
8.05372806899	8.09406822878
7.57302428315	7.86961318475
7.26042350592	7.70282622398
6.97948600776	7.53606878994
11.5679230807	-0.821203800176
11.8086295915	-0.94957465308
12.1463151639	-1.03184942504
12.3055653014	-1.09916156429
12.5617380208	-1.19743930329
12.7422969058	-1.26513470506
13.0060903405	-1.36579707329
13.2623175677	-1.477003886
13.6410371728	-1.63219904373
13.8644207613	-1.74068712434
14.2748705608	-1.8645456019
14.5062898391	-1.9470412287
14.7252879714	-2.02821187208
14.9216785959	-2.09669575431
15.1717078474	-2.18187954802
15.3972365508	-2.25518389816
15.6586368617	-2.35585711205
15.7382002305	-2.38095861572
15.8689514865	-2.42199608201
16.1902922508	-2.51282462364
16.3028691357	-2.54592052658
16.5427604647	-2.6106076935
16.7428974587	-2.67477655982
16.8984475357	-2.71550248959
17.0445636883	-2.76666919064
17.2058827976	-2.82891998695
17.3531594816	-2.88692523347
17.5259184692	-2.94047129937
17.704201568	-3.02336905248
17.9087766298	-3.10646697803
18.0276734048	-3.17374744726
18.2576158314	-3.30290457137
18.444618056	-3.44550402464
18.7265793098	-3.63727233574
18.8651327215	-3.75535473905
19.3124386647	-3.95397557887
7.59803378041	14.4937876406
7.58604348168	14.5095311597
7.53836638005	14.5894842817
7.4760493835	14.6768929758
7.36240552837	14.8282896282
7.20142234695	15.1218360375
7.05655259336	15.2782168468
6.93468008054	15.4096977438
6.66759391161	15.6232868182
6.52238267556	15.7504946127
6.31615023766	15.9215357252
6.13042201527	16.0473836409
5.77673462892	16.183018308
1.12806249062	5.34527768331
1.3461102261	4.88998135746
1.45085442624	4.73431620208
1.5939863773	4.42068872989
1.6855600898	4.22386604763
1.84163362006	3.90115921373
1.87786779781	3.83096466781
1.97973043627	3.63628349742
2.24836829565	3.16587774762
2.36764429746	2.86600906802
2.46707254732	2.68979557656
2.49914344458	2.51460718135
2.5526793229	2.3054161625
2.62520348162	1.92243766654
2.66425525009	1.62487671893
2.68393580168	1.40538126648
2.68061163454	0.995435160856
2.67355921585	0.814243832666
2.64779166383	0.523265149497
2.56488181888	0.177142221834
2.49456280447	-0.13428577038
2.43569853824	-0.324817291045
2.31325476527	-0.635221550061
2.217669911	-0.875199525033
2.18184739223	-0.965846311128
2.13349608274	-1.0491649648
1.89553410421	-1.3976105096
1.82034832708	-1.49870705164
1.73775177381	-1.60440248344
1.58221951657	-1.79480197567
1.38064312348	-2.02800203834
1.24532921581	-2.17658727002
0.989702118121	-2.45316118847
0.824970891041	-2.62524481072
0.685488948745	-2.77793159914
0.487173924222	-2.98021729951
0.211995843543	-3.25235251321
0.00552956156916	-3.45885149622
-0.135488058061	-3.60020196483
-0.215587910179	-3.66202067729
-0.344236986908	-3.80466392227
-0.466299360341	-3.92971978784
-0.59429376747	-4.05945695513
-0.86000636769	-4.3242658795
-1.1636128461	-4.64550839654
-1.30046183426	-4.82949555164
-1.45785404313	-5.00873286542
-1.72682311531	-5.33305670735
-1.88403462268	-5.53278610631
-2.05037284573	-5.76529497391
-2.08787994583	-5.81549236662
-2.21298695363	-6.00274572784
-2.38981187701	-6.31625516892
-2.64694939428	-6.75971661995
-2.8103754996	-7.0678856657
-2.91963581479	-7.28205926435
-3.02270900455	-7.47642981121
-3.06042867789	-7.55574221116
-3.25991105831	-7.929587179
-3.44378750098	-8.27333620167
-3.57716952218	-8.511180436
-3.64582805679	-8.63679494834
-3.81705303655	-8.97296763712
-4.02083390764	-9.29854914372
-4.18841590418	-9.58166678376
-4.29956787786	-9.76672544299
-4.48525906439	-9.99186476894
-4.64530420207	-10.1838969657
4.71954071261	-8.75268845596
4.72805988789	-8.76560411224
4.76517429242	-8.8437469193
4.85681497236	-8.98318532967
4.91295699436	-9.09389074971
4.99215309369	-9.23812208664
5.07835375418	-9.41724629878
5.16824554158	-9.59332198259
5.58768559231	-9.94078891982
5.77550127805	-10.2189453579
7.46170775799	-25.1918586335
7.47694608332	-25.1912969808
7.55796585625	-25.1868643135
7.62632270692	-25.1824647613
7.6483412166	-25.1803671468
7.76851972131	-25.1647704774
8.04848591977	-25.1191135118
8.18240657732	-25.1018851029
8.29325492119	-25.091435002
8.41927483737	-25.0622643051
8.45721030025	-25.0518831286
4.81301335978	-12.1068907171
4.49611613012	-12.5188084456
4.31052558961	-12.7001016503
4.17180646227	-12.816591704
4.12100810205	-12.8832553508
3.94072049609	-13.0763217722
3.69722984281	-13.3558031122
3.45307208212	-13.6588796122
3.29594265448	-13.8620830719
3.15430202536	-14.0623654637
3.05216056909	-14.1933248775
2.81287946577	-14.4870751134
2.70985898592	-14.6769382056
2.62346826447	-14.7847416115
2.46897247533	-15.0672457514
2.44854559076	-15.239219159
2.43580859301	-15.5826210488
2.70431925753	-22.7040215752
2.39168249941	-22.7060612914
2.15228138035	-22.7548436385
1.82589577377	-22.766669813
1.62581227636	-22.7837951909
1.37371838383	-22.7934844622
1.01666749342	-22.7717554331
0.873704608377	-22.7532922854
0.584514180326	-22.7435604443
0.31492332638	-22.7391717297
0.115045310258	-22.7323231043
-0.0974424529246	-22.7070771078
-0.33390810792	-22.7072090044
-0.43940366742	-22.7279233511
-0.690209947975	-22.6811741297
-0.855888511298	-22.6816563407
-0.991403299875	-22.6512728118
-1.22266219165	-22.6165370683
-1.48457018699	-22.60191665
-1.62789828047	-22.5794354243
-1.7503319133	-22.527323612
-1.82452861747	-22.4008581508
-2.08574792657	-22.3503110124
-2.22231752792	-22.3638059676
-2.36051092523	-22.3327510171
-2.63895274714	-22.2775073722
-2.71839009013	-22.1160548543
-2.84279267127	-22.0312157308
-3.04869470119	-21.9995311757
-3.24469640834	-21.9395957061
-3.40586766442	-21.8739238368
-3.66694204195	-21.6352172897
-3.84269106248	-21.500407589
-0.0221988106847	-25.0261049764
-0.0221988516033	-25.0261039951
-0.0221988561182	-25.026104382
-4.6447830732	-10.183313329
-4.73441183692	-10.0992201714
-5.6428395446	-7.20951446804
-5.96485625989	-7.03811514867
-6.22229496822	-7.017646809
-6.3557692265	-6.93584120598
-6.49902181138	-6.810907009
-6.76152455632	-6.54608575431
-6.92515185841	-6.43449487858
-7.20278625004	-6.27434322093
-7.29748557377	-6.19275271415
-7.41168937121	-6.0891171649
-7.61860876341	-5.90167351412
-7.74497317601	-5.77071420251
-7.86535252851	-5.69926575784
-8.10652268496	-5.51854169836
-8.23434260002	-5.41862256652
-8.40933398006	-5.29166662444
-8.54161449994	-5.17645069735
-8.90564975959	-4.9683790898
-9.14665728463	-4.82602858258
-9.29456357358	-4.75773979267
-9.57816587576	-4.55262516676
-9.89833581773	-4.31314214471
-10.0929103491	-4.19192407158
-9.88136665466	5.19881197349
-10.2224879934	5.2934664296
-10.4189235699	5.34087575613
-10.681236797	5.40975477472
-10.899205583	5.52533171112
-10.9909595827	5.55489191308
-11.2861538489	5.69638179991
-11.6455914004	5.82518693594
-11.8213805073	5.89687875012
-11.9864307797	5.94278919163
-12.2455908926	6.15495391767
-7.20620840695	-11.1639501773
-7.20613014097	-11.1610903927
-7.20633147536	-11.1612273329
-13.6165360444	11.0035951853
-13.4281399802	11.2685207833
-13.1948565121	11.3995921169
-13.0599875456	11.5471341592
-12.9068282235	11.5897616704
-12.7859432648	11.6488275154
-12.6222210545	11.6882862462
-12.4047260875	11.8141987858
-12.1384529613	11.9498461362
-11.7548105364	12.1275322493
-11.5828635166	12.2014620843
-11.2338725314	12.3442715662
-11.0213108968	12.4174452765
-10.7968081682	12.5000472663
-10.6153806973	12.555714008
-10.4652165775	12.6078506504
-10.294288979	12.668088903
-10.1294069592	12.6910980566
-9.91053468681	12.7759833713
-9.69737137307	12.8569231773
-9.38859949425	12.9224104525
-9.19266586522	13.0138273508
-8.93585827044	13.0947028723
-12.2457216447	6.15485329741
-12.3963596024	6.55569241448
-12.5116592501	6.69743355012
-12.7199484496	7.00998653497
-12.853879302	7.36046601857
-12.9189096236	7.57324637731
-13.0479139049	7.99508289536
-13.0964196105	8.1720730208
-13.1488522513	8.38456439332
-13.2028019156	8.61749820502
-13.2980667906	8.87780569129
-13.3833133366	9.33276405616
-13.4069576344	9.45268488549
-13.4035584768	9.69646216912
-13.5061434213	10.2544224249
-13.5352885154	10.5794378507
-13.616536043	11.0035951834
-14.0949699933	-12.4306761909
-14.1146652497	-12.3679770317
-14.146222266	-12.2470353745
-14.1892961925	-12.1095348274
-14.2579914151	-11.8960056016
-14.2938849178	-11.6613370771
-14.4040055098	-11.4562828536
-14.3662427642	-11.3186843471
-14.3333553622	-11.1081340552
-14.3090989704	-10.7680863719
-30.4341350832	3.18287393124
-30.4012586266	3.17144721612
-30.3657157929	3.17387219846
-30.2905969908	3.16507002765
-30.1785230201	3.11387341364
-30.0824654317	3.13004715101
-29.9109662395	3.15006207066
-29.7724884491	3.13425020294
-29.7720734559	2.70947577721
-29.6066843675	2.74708006697
-29.4653610011	2.85847455545
-29.2548268037	3.2465809039
-29.1146545373	3.11968677569
-28.9897574883	3.15838331539
-28.8835532193	3.11280705166
-28.8271646208	3.05519679616
-28.7928927854	2.87785012663
-28.8367649872	2.43466007918
-28.7203653376	2.34029999682
-28.6629281937	2.24483655261
-28.5672691563	2.20454096137
-28.5175326953	2.07835203345
-28.3633558787	2.01433386245
-28.0030249698	2.28186021681
-27.854150855	2.33308013819
-27.5890702498	2.33584320754
-14.3091537839	-10.7681543035
-14.6878903665	-10.4532787778
-14.9550544786	-10.306524841
-15.1422757917	-10.1694870367
-15.3038393933	-10.0592761931
-15.520196614	-9.85538573002
-15.7202482507	-9.69982820547
-15.9299515121	-9.51622938028
-16.2258229385	-9.2346488343
-16.6827472291	-8.79722890147
-16.889657014	-8.59846985871
-17.0865752276	-8.37114077957
-17.2756988258	-8.18280766174
-17.5056828707	-7.93840886445
-17.6885640595	-7.75555931482
-17.8172791009	-7.63601595851
-17.9049420131	-7.52245622679
-18.0907532193	-7.26961495954
-18.2970245259	-7.08797476181
-18.4743893805	-6.94610190046
-18.682776154	-6.73342174205
-18.8341370932	-6.47304888524
-19.1358252057	5.99810095319
-19.4232816156	6.04611160384
-19.5089218782	4.78106733268
-19.2591519302	4.64985051422
-18.9798461739	4.46939336916
-18.8244598522	4.20430151916
-18.6450004137	4.02059501534
-18.4425740055	3.7800796027
-18.2690541571	3.62405427906
-18.0943120847	3.43298077744
-17.9993520846	3.25501632015
-17.8656585373	3.03052023989
-18.834104851	-6.47314334047
-19.2599348689	-6.11515301117
-19.4290659944	-5.92060095793
-19.6777729941	-5.73607665379
-19.9020559365	-5.59414571615
-20.0334336683	-5.48677126125
-20.1652197933	-5.39418690627
-20.3794241375	-5.21860306758
-20.5573050355	-5.09731811265
-20.651509132	-5.02824309145
-20.8587757042	-4.88562826143
-20.9579952672	-4.81290912519
-21.1313478034	-4.69273364958
-21.3496989388	-4.53343704753
-21.4469499862	-4.46948294782
-21.5852625643	-4.37794365223
-22.2312029923	-3.99006308076
-22.5554360251	-3.82052100397
-22.7531328428	-3.70986104693
-22.9532444051	-3.60391236172
-23.1726779915	-3.48498215133
-23.3486272861	-3.38758017421
-23.5041483181	-3.29961116456
-23.5648260995	-3.24695426122
-23.8145623169	-3.0862416655
-24.0852832185	-2.91079189947
-24.3739521209	-2.6914264377
-24.7266908323	-2.44469622135
-24.9420263154	-2.29409194365
-25.0944742344	-2.18682603487
-25.2449931415	-2.07964154032
-25.4600886465	-1.9522038909
-25.6168694521	-1.84270594039
-25.8521342027	-1.63381344309
-26.0400241059	-1.44356298059
-26.0846306908	-1.41214744039
-26.2233783505	-1.36331324478
-26.2852471616	-1.25668690582
-26.3520644804	-1.25032552123
-26.4023082041	-1.15616876681
-26.4862326882	-1.01039909996
-26.7101145115	-0.894990832012
-26.6103252027	-0.670087153684
-26.9148676849	-0.527609266729
-26.7917707899	-0.291312146338
-26.5525165202	0.0423176474136
20.6903597403	12.5690425274
20.7232064375	12.4949263726
20.7490157491	12.4366184094
20.7642874767	12.3854171198
20.8164854536	12.3015625137
20.8645539337	12.2020526318
20.9190260787	12.088790694
21.0223885245	11.9593301532
21.1637891319	11.8869887384
21.2272341343	11.8149702449
21.3420074492	11.7133746084
21.4347639821	11.6393740729
21.562849843	11.5015935766
21.7058572043	11.409087401
21.785219297	11.3371919403
21.868521989	11.2705693704
21.9650999522	11.2355009041
22.1713687176	11.2408225058
22.3857906476	11.0779672927
22.5173159108	11.0453592159
23.0158185889	10.6209653913
7.01417286788	-9.15019849932
7.19678910372	-9.32656901901
23.2435267242	6.31316886322
23.0042731072	6.17874403007
22.7637670307	5.87960250658
22.6608630069	5.75540759848
22.6386140395	5.68504778082
22.4685137728	5.57318750823
22.3489726749	5.40671657902
22.2236282115	5.2320186202
21.964977169	4.94447095174
21.9276171779	4.85355385941
21.7403381693	4.63901996722
21.5448891078	4.42449356789
21.4737284424	4.36050077053
21.3234081506	4.1698805353
21.1863852614	4.01454554272
21.12450156	3.91733819837
21.0265595865	3.82168063713
20.8541003055	3.65023631442
20.7343695037	3.51760328646
20.6184836951	3.41226090219
20.4232713874	3.14387840108
20.326889794	3.01341341447
20.2321080078	2.85212034226
20.1713375995	2.74991649563
20.1484223905	2.61114910571
11.3302440835	-23.4337261355
11.1073330115	-23.5064095896
10.9229558043	-23.542370192
10.7614021048	-23.6068299218
10.6258974914	-23.6215802495
10.4671733195	-23.6461312305
10.1008259882	-23.6272603623
10.0788106806	-23.8476072552
9.95170071308	-23.8848843509
9.81054161844	-23.9099266062
9.59734094545	-23.8835746725
9.44086465369	-23.8482662602
9.29897976638	-23.8096503833
9.10955429334	-23.7369674775
8.88915011761	-23.6568842887
8.72303334088	-23.5401648259
8.66446375142	-23.5003850528
8.46464761394	-23.4346212534
8.12951641773	-23.2496819213
7.97829210528	-23.1865068202
7.82974705668	-23.1014245888
7.64638620368	-23.0150017836
7.47958114592	-22.7417674006
7.3213197923	-22.5124729216
1.19890914304	-16.4181021172
1.5986867499	-16.2788619403
1.73248565316	-16.1761146735
1.84331260358	-15.9175370606
2.30741623715	-15.7738932277
2.43554376827	-15.5828256334
23.0065900915	10.6226661109
23.0610947578	10.3412379924
23.0103853221	10.1647254273
22.9696363876	10.0639573144
22.963997415	9.87924076149
23.0062781063	9.61114773301
23.0484186048	9.30742688766
23.1006405436	9.04875534231
23.1561964358	8.78126490208
23.1776527019	8.61843963927
23.2014618046	8.41231298576
23.2370632504	8.02560703405
23.3071518874	7.69318545497
23.2909522116	7.51123455617
23.3242988963	7.2331000133
23.3860961006	6.93093276739
23.4118887546	6.67756643361
23.2435270117	6.3131686894
7.74532974163	-13.7879849267
7.43377599237	-13.7205392194
7.25641013447	-13.6165763093
7.07474223177	-13.5649579132
7.00676655291	-13.4409055933
6.744992547	-13.355744452
6.55758497511	-13.3070292561
6.41986095107	-13.1809820288
6.27093381638	-13.1025714593
6.08493201202	-13.0145366985
5.7660599888	-12.7985240296
5.45250833253	-12.6321970013
5.18652894197	-12.3404708157
5.06930900955	-12.2177108738
4.81287851178	-12.1069352429
5.96620321298	18.3956346188
6.16324784235	18.0214302398
6.31177786025	17.6172511165
6.40936234317	17.4212907266
6.44575856664	17.3357936942
6.4953949806	17.1157903988
6.62708490816	16.8231323515
7.3422425328	-8.52311939893
7.51102945427	-8.14251174999
7.49857052129	-7.92326773161
7.48128602861	-7.76019576986
7.47103645689	-7.5750177313
7.50106725213	-7.36287242227
7.52289552242	-7.14010543064
7.49760589495	-6.56119253949
7.47620864705	-5.96407931811
7.46412633731	-5.68186333061
7.44665987595	-5.42350119508
7.44164891705	-5.23142952715
7.45134652168	-4.87718783051
7.40140180247	-4.62666485424
7.34088713457	-4.10351867637
7.3335061115	-4.0009910967
7.32534657723	-3.80275458777
7.31139886124	-3.50474425989
-10.4200813982	-10.8385752157
-10.5811232633	-11.0659022884
-10.7431152932	-11.1132889863
-10.9953021377	-11.1775780697
-11.1830285581	-11.1443613889
-11.4650325886	-11.2146362743
-11.6141200893	-11.2282430371
-11.7236481407	-11.2344535795
-12.0394734542	-11.2279623837
-12.3810887631	-11.1922064226
-12.5426803748	-11.2333116856
-12.7714315601	-11.1730842957
-12.86375107	-11.1442124146
-13.1440458111	-11.0430387319
-13.3426502812	-10.962945593
-13.5113810582	-10.8945887669
-13.6935333278	-10.7942546197
-13.9817695064	-10.6901505861
-14.3090788971	-10.7679586279
-17.7215220521	0.292888757025
-17.9960946019	-0.0486076037347
-18.1939311631	-0.258718353731
-18.5315805442	-0.577011244534
-18.6275424268	-0.649649117182
-18.7991628487	-0.803983122049
-19.041069016	-1.00212091023
-19.2301757119	-1.14354780069
-19.4674768175	-1.30942488529
-19.5746854993	-1.35775885989
-19.7262714645	-1.43239656738
-19.8927208039	-1.50064773208
-19.9801423606	-1.56240308647
-20.1886253276	-1.63786974741
-20.297330932	-1.67314923161
-20.4159690775	-1.69458228253
-20.6539113519	-1.62268034058
-20.7736481599	-1.58424827103
-21.0058868041	-1.51059219605
-21.2197422983	-1.45152485417
-21.4735243957	-1.31750279689
-21.8527593932	-1.03759558055
-21.903043346	-0.959138739108
-22.0353694849	-0.790359140366
-22.2759182306	-0.568971605255
-22.3636962015	-0.433871282885
-22.4417485774	-0.251812743306
-22.49657113	-0.130153655577
-22.6329011093	-0.0140657057817
-22.7574517824	0.380084760457
-22.8444213757	0.512882784016
-22.9077810369	0.591273730909
-23.0701321946	0.771028660259
7.32123182043	-22.5123701158
6.93569997416	-22.5933577024
6.63426076068	-22.6223542531
6.53211537911	-22.674809645
6.32267731064	-22.7613188978
6.09024984214	-22.7958175804
5.9260565904	-22.8361069298
5.79558548586	-22.8594609695
5.60769278699	-22.8540861734
5.46939075702	-22.8912315981
5.14360263833	-22.9090697816
4.8624621369	-22.8890840453
4.67197590339	-22.8676574899
4.58729410212	-22.8616018866
4.34240308845	-22.8333542298
4.129530984	-22.8143707226
3.92556038518	-22.7933652864
3.68640015155	-22.7312671185
3.48356142524	-22.7865714541
3.37551230892	-22.7901422183
3.21670236005	-22.7943399264
2.99280588193	-22.8502711792
2.7050056449	-22.7060347538
7.31140946094	-3.50468603541
7.15393540309	-3.24625380169
6.87596011178	-2.9857727398
6.77916805435	-2.85548058029
6.66761356517	-2.67634465492
6.48231230448	-2.4381912886
6.29343247176	-2.20519398787
6.16245936029	-1.99830369008
5.96640677842	-1.75098678659
5.80471736515	-1.53822689004
5.63927035247	-1.31215778281
5.51298020721	-1.12046488822
5.45979217446	-1.00286487408
5.34653403464	-0.771388659754
5.23540539196	-0.506016759134
5.16722468612	-0.308754955056
5.0974616855	-0.0703674155127
5.0294091759	0.170198142213
4.99776296948	0.351746060846
4.96741584511	0.682644966526
4.97053026456	0.962068186102
4.98555544404	1.20870253518
5.00701253159	1.42743923679
5.04468823421	1.65413879507
5.07033840602	1.87706353756
5.11346519472	2.05645067138
5.15442839326	2.21013873519
5.29231940055	2.66970544791
5.40258698632	2.98792319774
5.61727064369	3.57040066989
5.71374692116	3.8207493799
5.76871235164	3.96205855776
5.85556503006	4.17387496739
5.95735299746	4.47383008888
6.01132218621	4.64926248491
6.06699496183	4.81314661464
6.18448717349	5.19058083185
6.30037886734	5.55470615385
6.37601842948	5.81853802655
6.44882040965	6.09875805614
6.49932440573	6.38544390162
6.63222815318	6.83790153437
6.68592429054	7.00655283561
6.74883857934	7.20444109276
6.97967971383	7.53611037524
1.88851829875	15.3589594553
1.70576308316	15.4552482377
1.48079428762	15.4874441715
1.17300013207	15.5480409894
0.925501509291	15.5721393185
0.761763954859	15.5877086081
0.390061205972	15.6270547271
0.116272216668	15.6447320152
-0.061520292354	15.6566368862
-0.296690708939	15.671341562
-0.48426875853	15.6587361247
-0.714851544256	15.6936119524
-1.00614402067	15.6808168955
-1.5488725385	15.6288645096
-1.84426518772	15.6451815235
-2.02426139198	15.6493504042
-2.12480820057	15.634313479
-2.34188976247	15.6444735407
-2.71726974087	15.6126613948
-2.85065852531	15.5393332921
-17.8654619143	3.03055754942
-17.713520166	2.58854742284
-17.6234454502	2.30749773
-17.5824864351	2.05552457085
-17.5056066866	1.65216285234
-17.5659117048	1.32845042331
-17.5710074425	1.21199698792
-17.5751934348	0.966284875725
-17.6219751681	0.67336228417
-17.7215218603	0.292925952019
-2.85081792186	15.5397690627
-2.81261445167	15.119572205
-2.8111572778	14.9314862821
-2.83271409216	14.578975943
-2.79094379022	14.3173255982
-2.7811351713	14.0030499537
-2.75095430566	13.7407895963
-2.76701332264	13.3839169498
-2.7969776119	13.0943059781
-2.81112909981	12.785641839
-2.82422120508	12.530658277
-2.8295891417	12.2311072683
-2.833264422	12.1161301295
-2.84000944671	11.9763039421
-2.86268732838	11.7122231266
-2.86152993002	11.5842485314
-2.85218464363	11.3929867267
-2.84839151791	11.2439678546
-2.83512573568	10.9967916
-2.8190501136	10.8325910593
-2.82071733055	10.6481820898
-2.78901628123	10.3829373856
-2.77073358322	10.1252112113
-2.72303566724	9.78105356629
-2.65155590494	9.53520288221
-2.46713345665	9.17344149891
-23.0675607688	0.770679004152
-23.0665939326	1.0295221324
-23.0187864178	1.17627003995
-22.8747229304	1.33759686617
-22.6496530573	1.51296968749
-22.5197412553	1.72691450658
-22.4581373349	1.8626540639
-22.366333093	2.02356263577
-22.2187434687	2.18164975438
-22.0552636786	2.5084706962
-21.9483841888	2.68520996303
-21.7980528432	2.90486380763
-21.6141659242	3.12492237736
-21.4804104116	3.27123093053
-21.3081244293	3.47964385484
-21.1647750109	3.63526314307
-20.9941064085	3.79922184156
-20.9169763063	3.88295381035
-20.7633229987	4.02039801442
-20.3507887454	4.37926862822
-20.2114567315	4.52614904406
-20.0486166759	4.61180460925
-19.6945888631	4.69712700346
-19.5077361051	4.78560859487
-8.93541877399	13.0941800556
-8.91347008445	12.8188918035
-8.91345228522	12.5654431052
-8.81939537156	12.449320626
-8.72274438482	12.3284228072
-8.58159186433	12.0555958199
-8.50611665907	11.9201079654
-8.44777222713	11.7389587736
-8.39531843935	11.5503044964
-8.34153954487	11.2818493209
-8.26365412128	11.0744629304
-8.16565247524	10.8096104569
-8.13023660345	10.698033969
-8.05409070319	10.4267586831
-8.01102760871	10.2587597396
-7.95008185033	9.9998782429
-7.88374070688	9.65917924041
-7.84272194218	9.33976667982
-7.83290726325	9.1786864131
-7.82451721018	9.02284082231
-7.82056788959	8.7720720813
-7.85185151252	8.44708760904
-7.90577599342	7.98988004034
-7.95627608654	7.81946697759
-8.04239427528	7.5108563059
-8.1434468608	7.19550344275
-8.27503274831	6.85547261612
-8.40024720284	6.58757942325
-8.46499906013	6.46607067546
-8.57363583532	6.26180370662
-8.71244095059	6.11838169493
-8.83381328741	5.90711573384
-8.93908068304	5.69914940982
-9.15516098679	5.5664802906
-9.27774130054	5.47909750255
-9.50968639039	5.31461803885
-9.88130179868	5.19879330865
-27.5891269688	2.33015414138
-27.5389765537	2.49513120385
-27.4037230784	2.80217059591
-27.3959199145	2.86004122196
-27.3453139572	2.97212120415
-27.2247230893	3.13222777302
-26.9117242714	3.45935309205
-26.706571331	3.68620006739
-26.6632622168	3.72996934137
-26.3035033867	4.03571499376
-25.9335941316	4.32693847112
-25.6964096432	4.49762395027
-25.496356114	4.64720202308
-25.304890283	4.77301841643
-25.1207352765	4.89507873241
-24.7778094098	5.1224783372
-24.4554641022	5.33066104033
-24.2733754012	5.45576511599
-23.9985110791	5.64425846731
-23.826066545	5.76420639097
-23.6611585289	5.88512913882
-23.4333162028	6.0453943156
-23.0758399419	6.31825898743
-20.3385304018	8.6170407349
-20.171823469	8.76569801187
-19.900169513	8.99300634205
-19.6762062582	9.2039707216
-19.5060020867	9.37352109261
-19.3641655515	9.51622678387
-19.1530057571	9.72872838819
-18.9128698832	9.97903006194
-18.5939259355	10.3148458344
-18.5534257601	10.3696876437
-18.3987716542	10.5394401404
-18.1236706063	10.8310558628
-17.9516788855	11.0087558758
-17.6723463304	11.2957249748
-17.4113745148	11.5431425823
-17.2365104555	11.6633767402
-17.0607845398	11.8274952623
-16.90961863	11.9553773694
-16.7314032926	12.0940470017
-16.4690879761	12.2821909703
-16.3766792393	12.363693082
-16.2465414702	12.4613886612
-16.0773279276	12.5936889347
-15.9368904418	12.699793026
-15.7850580862	12.8186876717
-15.6356883693	12.937212766
-15.3663505193	13.1420190757
-15.1914887646	13.2815645539
-15.1174332682	13.3410740316
-14.8997967509	13.5006081918
-14.6433704923	13.6957533313
-14.4528162212	13.8324022148
-14.3406776036	13.9235914868
-14.1284681003	14.0699747446
-13.8910410007	14.2374768471
-13.6666574297	14.3922086834
-13.4931250743	14.5016783203
-13.3882153858	14.5687993907
-13.0926075235	14.7695501003
-12.8476806437	14.9021074056
-12.7329770466	14.9798329773
-12.4175365292	15.1926774994
-12.097050233	15.4098900722
-12.0869751708	15.4147040256
-11.9157681689	15.5219735897
-11.7433826884	15.6322607759
-11.4891341536	15.8092556611
-11.2376413282	15.9678273569
-11.212840014	15.9836164058
-11.0359789268	16.0975473014
-10.8135835773	16.2306372809
-10.6581098932	16.3267782514
-10.4225932761	16.4653751942
-10.3941128858	16.4772084881
-10.1279255451	16.6219438185
-9.98725745588	16.6985715524
-9.80986078072	16.7921117936
-9.6197072138	16.8948490027
-9.39281322966	17.0104286132
-9.13954880063	17.1300381742
-9.00300555177	17.2043124866
-8.94280310141	17.2326142746
-8.7412648806	17.3268606727
-8.36937390347	17.4777062502
-8.23579646164	17.5383746737
-8.10330296624	17.5931939935
-7.96154067207	17.6510045121
-7.81297843295	17.7085722218
-7.56803496368	17.7973785747
-7.40562764522	17.854553849
-7.21718075041	17.9089856395
-7.08511601952	17.9537602455
-6.89968189917	18.0105689648
-6.60445441897	18.0919046024
-6.26326263095	18.1777585443
3.12833867614	19.5754742462
3.36007878864	19.5477156919
3.70010598191	19.5377986687
3.99325906148	19.52306687
4.10240224926	19.5198227749
4.32705308704	19.4489160052
4.50728353844	19.4164062342
4.75552464785	19.3625711603
4.88303823703	19.3404409424
5.03304430752	19.2916704178
5.22933907887	19.2165675672
5.3405282131	19.0632398239
5.3825984171	19.0167604279
5.4305776056	18.922733937
5.56323228113	18.7044731908
5.96620321298	18.3956346188
-26.5565162179	0.0413915799648
-26.3515092544	0.24503734651
-26.206700487	0.251570941187
-25.9855559054	0.229664690937
-25.8203841059	0.258384484972
-25.4773331616	0.24363247536
-25.2759654538	0.206918795002
-25.1881737417	0.220310012784
-25.025977441	0.258261816257
-24.8796263333	0.376634223486
-24.7439463836	0.387474780147
-24.5238763867	0.425528488657
-24.3515639089	0.491189823694
-24.1790359869	0.584148937949
-24.0179989365	0.563299421908
-23.8743597168	0.65126393696
-23.7625282882	0.6385616562
-23.5273725141	0.755732018738
-23.3357205734	0.794400075918
-23.0694328369	0.769420235749
-3.40588370617	-1.63937542249
-3.66387023807	-1.463668553
-3.85376131669	-1.42597797276
-3.99338352348	-1.24975740758
-4.08620363473	-1.04753305849
-4.11617691927	-0.970229004997
-4.16221367703	-0.862331910489
-4.24592131311	-0.665947352106
-4.52894929384	-0.11567984052
-4.61323752313	0.0977947728617
-4.66064162501	0.247403816441
-4.70308261299	0.424267161169
-4.77864063823	0.766386412742
-4.82169722978	0.996469318727
-4.8842867057	1.31637021843
-4.91610387372	1.50602623381
-4.94218876512	1.73286090028
-4.96193505377	1.92781778848
-4.98108008276	2.3736416889
-4.97887065779	2.54863903852
-4.96514827068	2.70424712948
-4.93653343857	2.9282129208
-4.90140851412	3.14696475126
-4.86194148664	3.3421636831
-4.80753057302	3.50141789435
-4.75505601256	3.68787522222
-4.66630676128	3.95893813017
-4.6585713549	3.98282434927
-4.57412055993	4.20475145614
-4.49712996478	4.38613779869
-4.40838284074	4.6044078775
-4.27674157423	4.9321288502
-4.14000244333	5.27390898482
-4.04522669033	5.50527328783
-3.95962751272	5.75928512707
-3.86492140394	6.00126643774
-3.79727230995	6.16606825327
-3.69141730199	6.44183069271
-3.61145402409	6.62339111144
-3.48226820301	6.88736864665
-3.39485598725	7.16402820842
-3.36867422899	7.22918820412
-3.31831130038	7.34659827719
-3.20085354513	7.59719104659
-3.08604865712	7.86876055463
-2.97417735418	8.14061543934
-2.87519494999	8.32514931803
-2.76718911271	8.49612302251
-2.63326044134	8.72115969966
-2.55113321856	8.85491593603
-2.47154665282	9.17520346502
5.77557632478	-10.2189784103
6.20117820405	-10.1561832452
6.36781863767	-10.0728840156
6.48461897905	-9.84413067926
6.63135740165	-9.52312891352
6.75187688391	-9.38346198472
6.9782301782	-9.35936445331
7.19678383151	-9.32640035896
14.4235689585	-9.26560145745
14.6332033918	-8.6690160387
14.7707895424	-8.5407249514
14.8719372017	-8.31442962754
15.0049041769	-8.13933296413
15.0903480716	-8.0144956751
15.1659809169	-7.91000521911
15.4162629621	-7.52006014001
15.4747342709	-7.42133651157
15.6112293968	-7.24069988349
15.8388589788	-7.00834038412
15.9488791752	-6.87323240918
16.0688152577	-6.7366442476
16.1500214815	-6.65299623806
16.3323065652	-6.49855845889
16.4466473378	-6.4003363209
16.5593048592	-6.33145314347
16.6411068479	-6.31103976863
16.8921200804	-6.12767302366
17.1312219788	-5.95557798994
17.4077309594	-5.79707577738
17.5709101103	-5.6795583512
17.7557930966	-5.56679920366
18.0066770127	-5.33806215548
18.2746493196	-5.18151782212
18.6641669083	-5.15960389717
-3.67810075781	-21.2934427616
-4.06170966634	-21.4017272983
-4.26691543199	-21.2680955728
-4.34564744882	-21.0562537683
-4.45182382407	-20.8870608791
-4.55512138496	-20.7654794622
-4.63455361101	-20.6555376542
-4.70665612649	-20.529349754
-4.83257863046	-20.3264264707
-4.85287399033	-20.171708157
-4.94456525524	-20.0654794682
-5.11465088833	-19.8346468929
-5.24379177987	-19.6135006278
-5.40277929383	-19.3498643055
-5.52260354677	-19.1135737278
-5.62541217882	-18.9148587356
-5.74101600185	-18.6896162074
-5.85464541363	-18.4401938254
-5.95149755547	-18.2198950274
-6.02016375245	-18.0206134353
-6.11350590748	-17.7989735263
-6.17759563766	-17.6078774408
-6.21865877823	-17.4834511308
-6.26503282408	-17.3513228501
-6.32282230965	-17.1135229789
-6.38556808038	-16.7888472965
-6.42767797149	-16.5766805239
-6.44125869008	-16.4902224185
-6.46660015234	-16.3123737771
-6.492187037	-16.10462126
-6.52569425128	-15.7420749219
-6.54032602615	-15.5074439035
-6.54061428926	-15.2845916148
-6.53774938403	-15.0700578845
-6.53138123618	-14.8315117397
-6.4920925038	-14.6639820361
-6.46343414954	-14.5135956185
-6.44280020044	-14.4003860334
-6.38823320327	-14.2449878937
-6.34517699791	-14.0936615528
-6.34802216174	-14.0380462404
-6.1918385056	-13.6911626692
-6.12801696084	-13.5335890514
-6.03799477162	-13.3653122852
-6.01146767088	-13.1165758357
-5.89764270791	-12.8797587474
-5.83532048152	-12.7358872257
-5.71756379332	-12.5228089872
-5.61806389831	-12.3360022022
-5.52903395043	-12.1684667424
-5.37305793248	-11.8294800025
-5.25118859002	-11.6121512597
-5.07022325872	-11.2493827885
-4.91777256206	-10.959991088
-4.84546454221	-10.8120532762
-4.77850426887	-10.6392143215
-4.71597506314	-10.5155274395
-4.64962959862	-10.1820316257
25.2655098923	12.9276083382
25.1141015531	13.202957765
24.9864805537	13.2928228427
24.8414529921	13.3642250781
24.6631350018	13.6275567755
24.5551402387	13.7556844267
24.4724702536	13.8871474031
24.3561117458	14.0018778153
24.2074466938	14.0996655378
24.0701144782	14.1865403404
23.9723164146	14.2550140618
23.7979224918	14.3203460874
23.6543270719	14.3902856577
23.4815033408	14.4635510687
23.2788936445	14.525532229
23.1923981234	14.5486861709
22.8831137624	14.625346941
22.4556860245	14.7196419465
22.1170770094	14.7941902584
21.769197092	14.810889115
16.1286968157	12.4945162222
15.7554948972	12.4185833258
15.5541318799	12.3773069421
15.2914609736	12.3271538827
15.0740442109	12.2853063377
14.836528212	12.2290407603
14.6612139549	12.2026489059
14.4529233238	12.1195275953
14.2650091336	12.0764902522
14.1859497201	12.0525475806
14.0756515383	12.0180718229
13.917959565	12.0469852578
13.4997371876	11.9765094444
13.1380162485	11.9722399912
25.2646007118	12.9265251915
25.5334849056	12.761040203
25.6315804474	12.6516833751
25.8726663277	12.4321153054
25.9173844359	12.3776951738
26.0332754179	12.2572080746
26.1991819295	12.0420810875
26.31934167	11.8853430233
26.3504495649	11.8336338516
26.4745038167	11.5573770122
26.6276303716	11.288139613
26.668937005	11.1462755004
26.7158760143	10.987990362
26.7322992102	10.8940432971
26.780851507	10.6665981733
26.7822145753	10.4637605756
20.3501285301	-2.67041156386
20.1200138535	-2.96932560411
19.9728242593	-3.15266387129
19.9102521428	-3.22785754316
19.7829700691	-3.40242753482
19.6568829425	-3.60468738982
19.5709888579	-3.72739071674
19.4938206367	-3.83124868727
19.3124120652	-3.95388954925
18.66445117	-5.15971012517
18.752351596	-4.73402895701
18.8441468336	-4.57592577711
18.8977391236	-4.43538766802
18.875460882	-4.286604156
19.1916753841	-3.83773272183
20.8127774829	9.47646756516
20.9631451074	9.28633709286
21.1493709991	8.9919205085
21.1582954728	8.70706797485
21.1603860341	8.52528618856
21.2006087969	8.20918399866
21.2242410895	8.01525305033
21.2369896995	7.76081015671
21.1997547656	7.43692171411
21.1916788302	7.09277742949
21.1649607828	6.95629544393
21.1322835691	6.79184167391
21.05270322	6.56539036653
20.9211089661	6.216129637
20.7705425018	5.90468672905
20.6881480095	5.71181277085
20.5665093708	5.51983073334
20.378985573	5.30728389184
20.293611631	5.24755356009
20.1917679897	5.15771503091
19.9832105894	4.99175989346
19.7980947763	4.86445207117
19.7036117193	4.82284914721
19.5922716	4.76921183983
19.4789943998	4.70256097423
19.2622506886	4.68588577556
19.042360605	4.70325153248
18.7802415996	4.8230902266
18.5362712296	4.90465807625
18.3525800374	5.02683760922
18.2323150936	5.12810773677
17.9984121238	5.3065357505
17.8135559719	5.44779015668
17.6484643315	5.59948842154
17.5059745571	5.7147465386
17.4035322171	5.84074640174
17.3266638872	5.93770172802
17.2054727162	6.06654284379
17.1373430302	6.12314853942
17.0792139629	6.19329985292
17.0085793619	6.28478340336
16.8922328205	6.4416597923
16.6910040232	6.63254906356
16.6271211041	6.68996594997
16.5545096152	6.76828076635
16.4280572345	6.84484141185
16.3007425064	6.94127770638
16.1969600674	7.05480344552
16.0508585165	7.20614925073
15.8820808999	7.37921782956
8.32274877092	19.4243840714
8.05927486534	19.4532220179
7.73351599436	19.4709410843
7.4692979045	19.4258851667
7.30184413005	19.4258115105
6.83421976195	19.3615522949
6.50511789201	19.2441113063
6.28775866092	19.0969034362
6.20366355266	19.0131635517
6.18871276534	18.8495855982
6.09385024206	18.6001843008
5.96581070963	18.3955041107
20.7986245111	9.47455595885
20.1666389554	9.38338062573
19.6380403573	9.38447530103
19.2255992112	9.43742673057
18.9645958877	9.46223477298
18.705624645	9.51594293025
18.3747249326	9.57066828594
18.2140252101	9.6577887183
18.1330898077	9.66437613401
17.9922707766	9.74276609864
17.8044929288	9.85868299751
17.6249007791	9.99657615301
17.5223653942	10.114771553
11.4331712833	16.8628445348
11.1838525052	16.9791109992
11.0075632169	17.0455245436
10.9708233258	17.0566694808
10.5991946276	17.132105307
10.4963212322	17.1483172414
10.4233138963	17.156658672
10.2939760041	17.1666208
10.1879401462	17.1719942813
9.9930468209	17.1772595268
9.6747867918	17.183904106
9.51306298661	17.1787750153
9.19461358129	17.1656176361
8.93495943354	17.1540463261
8.29002383091	17.0999476905
7.86841226639	17.01448669
7.57291450774	16.9879675893
7.12954592462	16.8941178119
6.92232737298	16.8693949111
6.62713396518	16.8231225516
11.5679707724	-0.82148570536
11.4161998603	-1.07852752638
11.2024096543	-1.26712906828
11.1007276078	-1.33813778066
10.8832808563	-1.37565842286
10.773193114	-1.53597105969
10.6750766429	-1.666743398
10.5178684541	-1.82403151176
10.3938600582	-1.83278457886
10.297194672	-1.93305094892
10.1548322852	-2.08621738794
10.0907000537	-2.15176042357
9.99885390591	-2.22290416635
9.79700083165	-2.34264211385
9.61453415812	-2.45235283738
9.38384135838	-2.55267319925
9.19522963472	-2.65540903194
8.75221602577	-2.86706615176
8.44548093182	-3.00356472597
8.14347391987	-3.12719802649
7.5889556346	-3.31611313904
7.31109626074	-3.50479230358
6.9798706729	7.5359038255
6.65121574467	7.90267968863
6.49599283874	8.15967930354
6.33644372342	8.50283241484
6.27574600028	8.62870244899
6.20481852719	8.78377943605
6.09102922503	8.96353324484
5.98451450833	9.15886007449
5.86745294741	9.28067143394
5.82192464573	9.32678870366
5.74568094754	9.45881595039
5.54205211794	9.62894588557
5.43835150399	9.78189036367
5.25957840612	9.95364706852
5.04628929084	10.0909770522
4.76294737094	10.3070005991
4.69249306023	10.3861089737
4.5544954698	10.4559145135
4.52258104882	10.4681264577
4.28305622378	10.5386835735
4.11878576169	10.5973359705
3.9849441303	10.6063697909
3.77435614749	10.5611240355
3.50719638011	10.5014291114
3.36491287988	10.4924695464
3.18392437263	10.4467388244
2.86826397585	10.3938544159
2.67452557931	10.3435042747
2.50486348384	10.2554489279
2.32335126912	10.1571775404
2.16172258948	10.0423816574
2.00343567068	9.89641892445
1.75240419351	9.65004926921
1.64194521212	9.45859275047
1.58636443413	9.31557257266
1.51873458522	9.1541005939
1.32620289309	8.78130100972
1.27092541549	8.54638135489
1.24112391749	8.38950541354
1.21548498912	8.23342752524
1.16575688282	7.72974049916
1.14163539915	7.52964931574
1.10005237135	7.13913631817
1.06700612795	6.71676777048
1.04693799381	6.3655798168
1.05484560352	5.98739045772
1.03237823916	5.65245231639
1.12804082641	5.34513383422
1.12806249062	5.34527768331
0.925697490801	5.2414195228
0.80286756646	5.04503306479
0.674082437642	4.809658327
0.565234260459	4.6077163381
0.435145086144	4.35766970565
0.267492738686	4.09498179995
0.200174554208	3.97841243128
0.0727299532565	3.74855049909
-0.123893409591	3.41220249463
-0.200629540262	3.28516530081
-0.251799881177	3.19702369799
-0.378273087177	2.95144701886
-0.495140814811	2.87374841084
-0.609196594873	2.58983813391
-0.730658457926	2.33204689223
-0.8295265679	2.11026470389
-0.880647892289	1.98838781706
-0.957575697687	1.81803777748
-1.10532742648	1.50735040684
-1.25439948343	1.20270353259
-1.3719710881	0.972808559461
-1.44256888029	0.840500013811
-1.69560359767	0.442997068613
-1.82536949725	0.228168382242
-1.8708581973	0.161437003484
-1.93350096812	0.0687022210134
-2.10685530017	-0.183055859966
-2.24966223079	-0.367072222805
-2.41028107614	-0.530060339498
-2.60287564937	-0.722860268989
-2.73535163547	-0.880424078583
-2.81009112125	-1.01246875665
-2.85926767057	-1.24562773163
-2.95793527944	-1.37075874895
-3.07949700259	-1.51888244392
-3.40588370617	-1.63937542249
4.81302727316	-12.107012726
4.98278302385	-11.8229912687
5.12810898842	-11.5957830655
5.22526015024	-11.4355642107
5.28823048287	-11.2191300186
5.46467969217	-10.9010171435
5.71168505256	-10.7551988164
5.77247821507	-10.685897778
5.87418201056	-10.5512866684
5.77449056084	-10.2168250725
2.70431939129	-22.704019733
2.68131648471	-22.3934596367
2.6681526431	-22.2314457672
2.62761648047	-21.8216656911
2.5854526565	-21.6930036326
2.65989983678	-21.471885523
2.66495155904	-21.4011412285
2.59844627017	-21.2062413802
2.53231257214	-21.0114499258
2.43322697296	-20.8268920267
2.40207117012	-20.7136099598
2.35811743955	-20.4960982898
2.30650899818	-20.3028229648
2.24717946967	-20.0842503551
2.18665022109	-19.7585033415
2.13552981945	-19.5430597683
2.1130245526	-19.4399561002
2.07985865314	-19.2882148401
2.0259313923	-19.0452212691
1.98175891357	-18.8266495512
1.90941427438	-18.5055886763
1.84931317135	-18.280536592
1.75412264472	-18.0414484509
1.66593945655	-17.803673332
1.57675855276	-17.5640656746
1.48056475976	-17.3661577493
1.52233881108	-17.17897275
1.46907096733	-16.9882900201
1.29202329895	-16.6895510381
1.19966365479	-16.4197037073
-5.64258935438	-7.20966952407
-5.79596479721	-7.51114266604
-5.93472470898	-7.72128003907
-6.05674653115	-7.93362646678
-6.21276770786	-8.1656898237
-6.37014675567	-8.44030757735
-6.61240199316	-8.7978337665
-6.65914005632	-8.9697818624
-6.85323476679	-9.23283997776
-6.96534635727	-9.38100811341
-7.01150434532	-9.44895555889
-7.08349701419	-9.52954211661
-7.36133711134	-9.74616534985
-7.63450579373	-9.91846003071
-8.09483661264	-10.2208217072
-8.37349621606	-10.4091880531
-8.81343249683	-10.6564218885
-9.08744242477	-10.7713684477
-9.26732738034	-10.7919496959
-9.56878613663	-10.8670984443
-9.81339509468	-10.9208485277
-9.9458511746	-10.9842185961
-10.2972233467	-11.0567523368
-10.4063258021	-10.9482603457
-5.64162833084	-7.20990467767
-5.48426324361	-7.0193775556
-5.38667585594	-6.88669730677
-5.23806947031	-6.69012461424
-5.14528970328	-6.48974564075
-5.07311144691	-6.38399067402
-5.02840449388	-6.32394626354
-4.85073913355	-6.10396162085
-4.65936749412	-5.91458360252
-4.61501305782	-5.76548835045
-4.4905775349	-5.52812406074
-4.38171341202	-5.32900475998
-4.28876300316	-5.11900344642
-4.13003680872	-4.78137293143
-4.03284592191	-4.50716323786
-3.89292114571	-3.99433696062
-3.82495712018	-3.71123246671
-3.77547098844	-3.46161697266
-3.73868766678	-3.26078808043
-3.69867831402	-2.90808399367
-3.6597870772	-2.74513768477
-3.64538406211	-2.54953626823
-3.70600091296	-2.22633320195
-3.50246760004	-2.04794159796
-3.47299434991	-1.79230818387
-3.41039398195	-1.64317946141
-9.8814182314	5.19864199796
-9.70720358986	4.97839586649
-9.62122751224	4.84621154142
-9.59457537053	4.46487909296
-9.49417429414	4.2140305176
-9.55933710688	3.93571364163
-9.59122968193	3.67165652535
-9.57229105255	3.5268854458
-9.57455751566	3.34558464229
-9.59383081327	3.14744843744
-9.63206385656	2.80742882769
-9.67850072681	2.3482158464
-9.70197745783	2.19037523935
-9.73403031422	2.00736729301
-9.74900580156	1.86236614924
-9.81018395421	1.49275584557
-9.84898274353	1.2158083616
-9.9569311918	0.454159527323
-10.0687016539	-0.300496911535
-10.1154184626	-0.68956906496
-10.1398092957	-0.876460703515
-10.1729661589	-1.12968476839
-10.1764512824	-1.26964307887
-10.2140500419	-1.68726710283
-10.2262019116	-1.90722755037
-10.2333393622	-2.04291430978
-10.239553455	-2.21857683912
-10.2387423744	-2.42788269114
-10.2309397299	-2.85643519712
-10.2192637503	-3.2416987859
-10.1866765045	-3.59714463964
-10.1666939199	-3.82252203689
-10.0929954994	-4.19175702074
-13.6165360435	11.0035951862
-14.0009224167	11.0847139818
-14.0265866856	11.0764379672
-14.1929812922	10.9948594078
-14.3391338344	10.9252638048
-14.6133991825	10.8513222742
-15.0134676969	10.7206858637
-15.3278218611	10.5212489375
-15.4596664063	10.4504124483
-15.6583552487	10.3397148938
-15.9626125267	10.1773497463
-16.0701034469	10.087394299
-16.2228737365	9.96343402456
-16.360291835	9.83655487221
-16.54370324	9.67301957696
-16.7063529668	9.50883909666
-16.9169709999	9.26841881458
-17.1954274601	8.95708248293
-17.3855752817	8.72390409632
-17.5111240171	8.58194105041
-17.7927142058	8.21100374368
-18.2087442078	7.59112677886
-18.433125399	7.28572690774
-18.5638809228	7.08196357831
-18.6513545649	6.92378521454
-18.7727156991	6.72788053179
-18.8985901458	6.43727483262
-19.0694766423	6.13519540599
-19.0006462288	5.86844590791
-12.2456286988	6.15496675177
-12.6380471061	5.85603473882
-12.8321995957	5.74760979075
-13.0004553789	5.71766002164
-13.245904407	5.56880218349
-13.4812169333	5.37850325123
-13.6421086193	5.24557730727
-13.8108326909	5.13724433211
-13.9955862437	4.99223324064
-14.0933349907	4.96660952822
-14.2431537342	4.85803131749
-14.4199933022	4.73481988935
-14.613196578	4.60486906067
-14.8597701763	4.43717574655
-15.1459537923	4.24974658656
-15.5356905373	4.00623887678
-15.7256644032	3.91525868897
-16.0658438992	3.70363490993
-16.5693709934	3.41944218747
-16.8546144661	3.3129490501
-17.2125860227	3.1899904983
-17.3860240486	3.15987974785
-17.4360759161	3.1527905664
-17.8657233981	3.03055418522
-19.5138041206	4.80525775579
-19.4043823227	5.0235242535
-19.417149292	5.10213071302
-19.2953911913	5.21733753314
-19.3179754154	5.50467732752
-19.2870368066	5.708881931
-19.0005131868	5.86829784023
-18.8344550237	-6.47339817687
-18.6517978668	-6.30693498345
-18.4362267535	-6.11720697434
-18.3335643154	-6.05500633817
-18.0529929264	-5.80792660666
-17.9125005784	-5.72909368588
-17.7975238833	-5.6527641892
-17.59284713	-5.4801188543
-17.4867754425	-5.38993376022
-17.4161074339	-5.27109059831
-17.235489009	-5.11092363493
-16.9376998172	-4.8183766885
-16.7464252219	-4.63407769321
-16.5267856825	-4.40700228138
-16.4117114713	-4.26424533736
-16.3139021706	-4.12927838755
-16.2258115752	-3.98547408887
-16.1577435	-3.88716597571
-15.9986705519	-3.59184404529
-15.9583990624	-3.50433103095
-15.8417495478	-3.21054252113
-15.8128955725	-3.02008207981
-15.8063834906	-2.84254750492
-15.824955796	-2.65439732227
-15.8603410513	-2.4890640036
-15.9207734072	-2.33070560794
-15.9868363912	-2.16652189824
-16.0218353611	-2.067517802
-16.2162006709	-1.66448576586
-16.3862722498	-1.39445972086
-16.4840057057	-1.30585481856
-16.5989372457	-1.16700791811
-16.6497697339	-1.08770438129
-16.7013356243	-0.98878190664
-16.8634486411	-0.750001429525
-16.947726707	-0.6290135911
-17.0773161406	-0.45227330159
-17.226143198	-0.154808660978
-17.330554042	0.001545656841
-17.7217739437	0.292777391752
23.2435265198	6.31316887282
23.5767252269	6.2540885641
23.7179622671	6.04686764181
23.77766137	5.88904672224
23.7820450256	5.55629355715
23.8364782985	5.28750116561
23.834846643	5.09827543807
23.8291207458	4.89545174997
23.8323610186	4.68938387446
23.8227875261	4.41736139967
23.8245983611	4.26384594269
23.8285490171	4.11563000258
23.8071964662	3.94273376255
23.8200454115	3.80912553636
23.8114439729	3.60386729809
23.7865156041	3.38293544739
23.7338137333	3.03354131808
23.6874915304	2.75501501721
13.4795283196	-18.235877925
13.3987552095	-18.3111785314
13.2828457261	-18.4632699972
13.1394869235	-18.618249875
13.0562982389	-18.7044005955
12.9542559263	-18.8152085761
12.8481992124	-18.9241210115
12.6415445902	-19.0957600749
12.5622796736	-19.1811215171
12.3829402986	-19.3599780853
12.2077973376	-19.5133051255
12.0703115157	-19.6301775794
11.9412947644	-19.7372812106
11.8482249285	-19.8125407252
11.7111663041	-19.9179779825
11.6269033609	-19.9804464281
11.5110960324	-20.0477344968
11.3729673005	-20.155395718
11.189602742	-20.2638092361
11.0541319683	-20.3549500398
10.8734692709	-20.4697919209
10.7150026117	-20.5411619364
10.4286254309	-20.6813254148
10.2649886101	-20.7786414793
10.1276843793	-20.8547030861
10.0062135695	-20.9213405811
9.8944436043	-20.9835831512
9.72722998051	-21.071179735
9.62623940321	-21.1247716095
9.33371716747	-21.2780569047
9.00021158254	-21.4632793731
8.8030738525	-21.5773683363
8.50095096562	-21.6928998427
8.46281223299	-21.720871209
8.17651187532	-21.86027849
7.82967532118	-22.0051590504
7.58533618867	-22.0909691093
7.43722208746	-22.2246466428
7.32131943481	-22.5121887495
1.19979052022	-16.4194644727
0.828370448938	-16.3873946423
0.728600851362	-16.3614171852
0.528104213637	-16.3728805948
0.211770694622	-16.531766305
0.0441585107933	-16.5669548416
-0.132679336354	-16.5847770198
-0.272987751723	-16.6019565545
-0.58509564096	-16.6703685608
-0.793189207554	-16.6706900095
-0.934692458296	-16.6934636928
-1.13059738365	-16.7354021909
-1.33094637653	-16.7911073442
-1.4450092042	-16.8208256111
-1.63766287768	-16.9175339963
-1.81615911744	-17.0011852379
-1.95791797626	-17.127759501
-2.13864655885	-17.2642867965
-2.19667712636	-17.3177470137
-2.36822119293	-17.4876238111
-2.5302066993	-17.690896232
-2.66944930259	-17.9043173782
-2.74721137189	-18.0200371588
-2.85396373401	-18.2585987382
-2.88431335978	-18.3406454525
-2.91492468554	-18.4432133583
-2.96483028121	-18.7108904573
-3.04093094583	-19.0095357676
-3.14409593464	-19.4444404666
-3.22685784763	-19.7397568059
-3.26652431911	-20.0119796333
-3.27998931306	-20.1791017401
-3.30417638484	-20.3485392898
-3.35662336111	-20.5514212787
-3.29485120961	-20.8015131962
-3.33002639848	-20.9167425705
-3.38861197411	-21.0799491595
-3.55775586246	-21.2634463315
-3.84266588649	-21.5004408565
7.74526117971	-13.7875435379
7.555613161	-14.1528663439
7.52478515987	-14.2478556698
7.44821550684	-14.3694111004
7.19622173961	-14.4908460852
6.93423971907	-14.6629854393
6.79663896685	-14.6861863153
6.59153165522	-14.7612415938
6.43588030903	-14.8121038466
6.32054769897	-14.859672893
6.1135484006	-14.954129551
5.80366786968	-15.0992190329
5.49778243687	-15.1801858531
5.48500993806	-15.1851449227
5.22620597794	-15.2441941386
5.02884544845	-15.3077460306
4.92421111061	-15.3335493747
4.66599689138	-15.4264454298
4.28788065915	-15.488729052
3.96824829823	-15.5485002611
3.52967443891	-15.6537851468
3.14047821051	-15.7278527598
2.77793210057	-15.7201575592
2.43556699484	-15.5824114194
7.80917847235	-14.0788084799
8.13128035131	-13.8462400596
8.39696290132	-13.8041245224
8.47996390289	-13.7899683105
8.60102861924	-13.6935084885
8.79355237465	-13.5914094902
9.19930037176	-13.4008433935
9.37381857848	-13.300425606
9.6201122693	-13.1586698215
9.85997198154	-13.0162002409
10.0153311262	-12.926208719
10.3590263224	-12.721501781
10.6830627387	-12.5061934791
11.0523109099	-12.2587673392
11.4125612309	-12.0144181771
11.635412771	-11.8810114241
11.9456320452	-11.6637109048
12.1338169589	-11.5280434691
12.3089812117	-11.4020613515
12.5782816834	-11.1952898751
12.8637032553	-10.9933906355
13.0353200594	-10.8515434628
13.1969940818	-10.6836195948
13.398736733	-10.4909945174
13.68266817	-10.3199966724
13.8608905268	-10.1459725586
13.9791456372	-10.0304798065
14.0298615715	-9.92529440161
14.1906051096	-9.76026436581
14.4235689584	-9.26560145741
7.34213003244	-8.52306722686
7.09334582435	-8.78834387983
7.01380019119	-8.9538527735
6.7582913591	-8.84369459104
7.57696922649	-8.81806663583
7.75702404764	-8.61215419338
7.94502113967	-8.56280617594
8.14585280622	-8.57833435646
8.31266922111	-8.60234032138
8.41560054491	-8.61924040125
8.58606800446	-8.66666825526
8.75239747909	-8.65682981533
9.09286726805	-8.62037683531
9.29925749896	-8.63846150338
9.69496863511	-8.73480516731
9.96592344979	-8.77920780015
10.1183929422	-8.81062502603
10.3269417415	-8.85121930136
10.436627026	-8.853301095
10.6502178583	-8.89495258928
10.8639961515	-8.93054674463
10.9936367204	-8.95105038807
11.1656644506	-8.97785116634
11.4621693541	-9.01853130622
11.6645643995	-9.0416452683
11.8864068344	-9.05817623906
12.1435517903	-9.07659597234
12.4436334347	-9.09366437406
12.6061534065	-9.10175318061
12.9851282608	-9.07278323926
13.1951450661	-9.06017679125
13.4834911433	-9.04708744803
13.7828356587	-9.02653226937
13.9871780716	-9.0452427098
14.2630543865	-9.07910434001
-10.4064502899	-10.9482363985
-10.548264408	-10.6383949196
-10.6096231643	-10.2784445603
-10.7787121063	-9.8871467438
-10.8131399827	-9.76724021186
-10.8645495991	-9.58839878552
-10.9781486095	-9.17454308705
-11.0218723521	-8.99981980569
-11.0773459383	-8.75425525449
-11.1167505876	-8.62457043215
-11.1498802294	-8.44074592859
-11.1638914382	-8.18105073711
-11.2078569133	-7.84652251026
-11.2236913019	-7.56098564586
-11.2232095527	-7.41858835207
-11.2225350137	-7.27600651691
-11.2129033121	-7.10359736351
-11.2080160546	-6.97420733246
-11.1754504137	-6.7881237717
-11.1321228288	-6.60309397709
-11.0697733795	-6.37365027545
-11.0235439596	-6.24045252057
-10.8635793601	-5.79620728565
-10.72928771	-5.47589445567
-10.6187531582	-5.20515688224
-10.4427218066	-4.9055587611
-10.3208900284	-4.66490555142
-10.2183432065	-4.43143948604
-10.0931030978	-4.19173542587
1.88858218415	15.3589696401
2.29859773967	15.3521566564
2.46462851407	15.4414159331
2.73391314443	15.5358074807
2.94818553845	15.6040318529
3.0272014819	15.6360961503
3.46453215153	15.7065991214
3.73489656689	15.7632400259
4.03732115105	15.8190767472
4.3304617482	15.8604184663
4.48332895762	15.8795119184
4.64760682709	15.9668789058
4.96868206996	16.0540350152
5.28962253175	16.0412412174
5.46296289089	16.1278375053
5.77674759841	16.1829940892
1.88853541761	15.3589587327
1.85751604044	14.8576275908
1.73321135967	14.6297730052
1.69884202191	14.3887125779
1.53795222803	13.9555936506
1.46589532851	13.6850040889
1.39369576956	13.2494364124
1.27571468922	12.9296285592
1.14933710571	12.6578856922
1.05554375345	12.4439022339
0.951336963346	12.2284740428
0.798090837101	11.9551753137
0.605083306839	11.5643436045
0.429104181255	11.3307748364
0.307380030018	11.1874767661
0.0747748067482	10.9347377576
-0.0275711330443	10.8374959389
-0.142827233843	10.7203959596
-0.345033672665	10.5396556924
-0.404349787952	10.4938686807
-0.521344436038	10.4018883691
-0.65916825466	10.3397346145
-0.921043329098	10.2200593123
-1.0538822445	10.1216070238
-1.25158035768	9.9513956887
-1.47469560773	9.75604035932
-1.73989790241	9.56252517412
-1.89397697157	9.47533817641
-1.94486046781	9.43276468897
-2.19269656469	9.23581483757
-2.46535869663	9.17129873297
-2.85071242736	15.5396225956
-3.01687351007	15.5659219598
-3.36402173048	15.5157785387
-3.4837769923	15.5305004599
-3.67515563604	15.5102504706
-3.85370099375	15.4893505573
-4.01024705136	15.4687584017
-4.24417819508	15.4292504939
-4.77483414845	15.2949196363
-4.94732319314	15.242427567
-5.28051741341	15.1141225042
-5.65397481703	14.9806255754
-6.06682951047	14.8055805732
-6.29750423593	14.6838804892
-6.61181707302	14.5218396296
-6.83912297969	14.4019661097
-6.97757295123	14.3177771753
-7.09165226761	14.25975289
-7.35165524956	14.1007507863
-7.54347317463	13.9817349166
-7.71391242863	13.8796514918
-8.01898799834	13.6437286831
-8.26357645419	13.4844611392
-8.43697471158	13.3955086835
-8.5741342043	13.3362168903
-8.68067878869	13.2373323707
-8.93553751519	13.0943805135
6.6251973161	16.8231812537
6.41675683821	16.6845825237
6.14607860396	16.483806061
5.77675797103	16.1829696518
-27.5718784452	2.33121361115
-27.5963145419	1.92509429794
-27.5759863606	1.93313368815
-27.6552166104	1.66169267899
-27.5991785528	1.35471759141
-27.4970972805	1.17970242907
-27.1536214947	1.22755957345
-27.155490744	1.10753475286
-27.0368021434	1.03466217361
-27.0436056278	0.86409475103
-27.3863769222	0.503520011846
-27.3757845154	0.384374529081
-27.1993260215	0.277187964796
-27.0357750637	0.233763287
-26.6866960694	0.330276754878
-27.0495784227	-0.21548789163
