124 0 106
6.33359 -17.7118 4.80351 
3.1306 -16.7836 6.00407
-5.65461 -16.9128 5.7989 
-9.0935 -13.0908 6.44568
-11.3519 -15.0265 -0.837164 
-6.83857 -19.1234 0.80588
1.67702 -16.3913 2.76728 
-1.1779 -11.448 6.92412 
-5.65461 -16.9128 5.7989
-12.8382 -11.6696 -2.13916 
-11.5086 -14.8799 -0.482254
0.860531 -10.2111 3.61737 
2.30038 -7.94367 0.340847
-11.5767 -10.1915 4.70548 
-9.26821 -7.55096 6.78951
-0.676531 -11.3012 4.87886 
-1.1779 -11.448 6.92412
2.55507 -7.68667 -0.0478115 
7.64398 -6.88118 -4.54598 
12.384 -9.81223 -0.563986
-9.10263 -6.94437 6.84847 
-12.954 6.56382 -4.70733
-14.2795 -5.62785 -1.92979 
-12.8382 -11.6696 -2.13916
-2.61514 -3.59291 10.7806 
-2.62807 -3.56471 10.7872
2.33373 -3.42568 -6.3989 
2.05459 -3.41579 -6.41649
-8.70799 -2.55956 8.44803 
-7.83755 -5.50433 8.01967
12.1054 -2.32539 -6.757 
7.64398 -6.88118 -4.54598
-4.23579 -1.16435 10.8821 
-7.59114 -0.298916 9.84552
-11.2752 -1.12069 -8.97982 
-12.6074 -0.208032 -8.14866 
-14.2795 -5.62785 -1.92979
-5.06694 3.24034 10.0967 
-4.23579 -1.16435 10.8821
0.435345 4.22974 -7.25221 
0.439304 4.25013 -7.25215
-3.19543 4.19031 -9.09927 
-6.11684 4.20798 -10.6692
-5.01579 4.0695 9.90898 
-12.5383 8.05615 2.3882
-12.2227 4.77822 -7.98749 
7.66066 5.61318 -10.3027 
10.5519 6.11421 -8.99888
12.1628 6.31732 -7.16004 
11.3102 1.23685 -9.06789
3.29952 6.5932 9.83658 
4.20817 -5.36432 10.599
5.21031 9.53995 -4.67372 
3.24066 9.83599 -4.70233
-12.0459 9.70388 0.958782 
-1.29578 15.0942 -0.662978 
-1.59624 15.5556 3.04964
-1.94917 15.0089 4.19568 
-12.0459 9.70388 0.958782
-0.872103 15.7788 1.4046 
-1.29578 15.0942 -0.662978
-0.676797 19.6204 -0.0625345 
-0.872103 15.7788 1.4046
9.91961 9.89441 -2.27939 
11.4719 9.87751 -1.21851
1.1225 20.3296 -0.132518 
0.90908 17.0666 1.12117
-1.91925 -8.35914 0.942688 
-0.676531 -11.3012 4.87886
-2.37972 10.1213 -4.59686 
4.19083 11.5141 -3.07183 
2.56018 11.2599 -3.58763
9.80394 -5.70703 6.28542 
12.7769 7.74518 -3.59587
11.4719 9.87751 -1.21851 
1.78795 15.0207 -1.04208 
-7.83755 -5.50433 8.01967 
-2.39302 -6.84606 9.87076
-12.14 8.68046 -3.39275 
-11.9745 9.175 -2.85624
3.24066 9.83599 -4.70233 
-2.37972 10.1213 -4.59686
-11.9745 9.175 -2.85624 
-0.55422 -11.6177 4.38901 
1.78036 16.4526 2.81923 
10.5519 6.11421 -8.99888 
10.7175 1.5594 -9.49812
2.57826 15.8608 4.10795 
1.78036 16.4526 2.81923
11.7214 4.59104 6.10805 
11.8558 10.1693 1.9916
-2.62807 -3.56471 10.7872 
-6.11684 4.20798 -10.6692 
-11.2752 -1.12069 -8.97982
7.45124 2.84646 -10.3485 
-1.59624 15.5556 3.04964 
2.12451 10.372 -4.29259 
12.4864 -10.2143 0.346691 
7.87735 -18.1033 2.46739
4.20817 -5.36432 10.599 
1.01148 -11.8745 6.83179
-7.59114 -0.298916 9.84552 
-5.06694 3.24034 10.0967
-9.26821 -7.55096 6.78951 
1.01148 -11.8745 6.83179 
11.3102 1.23685 -9.06789 
-10.2372 -12.6627 5.49031 
7.87735 -18.1033 2.46739 
6.33359 -17.7118 4.80351
9.80394 -5.70703 6.28542
-10.2372 -12.6627 5.49031
-12.6074 -0.208032 -8.14866
-12.2227 4.77822 -7.98749
-5.01579 4.0695 9.90898
-1.94917 15.0089 4.19568
7.45124 2.84646 -10.3485
11.7214 4.59104 6.10805
2.57826 15.8608 4.10795
2.05459 -3.41579 -6.41649 
2.12451 10.372 -4.29259
12.4864 -10.2143 0.346691
2.56018 11.2599 -3.58763 
-2.39302 -6.84606 9.87076 
-9.0935 -13.0908 6.44568 
0 1
2 3
4 5
6 1
7 8
9 10
11 12
13 14
15 16
17 12
18 19
20 21
22 23
24 25
26 27
28 29
30 31
32 33
34 5
35 36
37 38
39 40
41 42
43 44
45 42
46 47
48 49
50 51
52 53
54 44
55 56
57 58
59 60
61 62
63 64
65 66
67 68
69 60
70 71
72 73
74 73
75 71
76 77
78 79
80 81
82 58
83 68
84 66
85 86
87 88
89 90
91 38
92 93
94 86
95 62
96 53
97 98
99 100
101 102
103 3
104 1
105 86
106 10
107 108
0 109
2 5
4 23
4 10
7 77
11 100
11 12
13 36
13 110
18 98
20 29
20 14
28 44
28 33
30 49
30 19
34 111
35 112
37 113
43 114
45 21
46 115
46 115
48 47
48 73
50 116
50 117
57 56
118 27
69 119
72 120
74 90
75 88
75 66
78 79
78 21
121 119
122 25
87 90
89 51
123 110
97 19
