2421 0 2318
-6.77564 -24.7749 3.39028
-6.05548 -24.8689 3.40773
-5.57367 -24.9261 3.41907
-5.29176 -24.9243 3.4268
-4.97645 -24.9381 3.44753
-4.55968 -25.1794 11.744
-4.24478 -25.4643 11.5945
-4.06258 -25.5979 11.5137
-3.48273 -25.7049 11.2529
-3.11973 -25.71 11.0182
-2.96439 -25.7256 10.8592
-2.76118 -25.7495 10.6215
-2.55399 -25.7875 10.2941
-2.14014 -25.8828 9.54203
-1.78889 -25.96 8.8752
-1.76735 -26.0429 8.68577
-1.76459 -26.173 8.41136
-1.78222 -26.3162 8.06205
-1.79136 -26.4216 7.7919
-1.87764 -26.5567 7.49957
-1.96299 -26.6929 7.14671
-2.07972 -26.8122 6.80701
-2.23463 -26.9353 6.47071
-2.40478 -26.9638 6.16952
-2.56367 -26.9764 5.90753
-2.81592 -26.782 5.58639
-2.98651 -26.6753 5.38206
-3.15282 -26.5694 5.18455
-3.44172 -26.373 4.8448
-3.71587 -26.1614 4.51779
-3.96703 -25.9739 4.25319
-4.08395 -25.8605 4.12197
-4.18131 -25.727 4.0158
-4.58407 -25.2825 3.69602
-4.79349 -25.0706 3.54406
-4.97645 -24.9381 3.44753
-4.91432 -22.3084 9.40678
-4.99337 -22.2592 9.49905
-5.20012 -22.1299 9.73388
-5.2758 -22.0904 9.8539
-5.31148 -22.0974 10.0561
-5.368 -22.0808 10.2166
-5.59739 -21.9652 10.5857
-11.917 -21.1939 -5.07879
-11.7263 -21.9288 -4.95897
-11.6094 -22.1913 -4.90717
-11.5594 -22.3551 -4.88039
-11.3476 -22.5706 -4.80086
-10.9741 -22.8344 -4.66139
-10.8939 -22.8814 -4.6313
-10.4222 -23.1339 -4.44935
-10.1899 -23.2371 -4.35922
-9.91152 -23.3368 -4.25076
-9.46595 -23.4816 -4.0769
-9.0722 -23.6101 -3.92142
-8.89196 -23.6535 -3.86324
-8.41696 -23.8006 -3.71505
-8.13482 -23.9019 -3.63601
-7.77251 -24.0622 -3.55315
-7.36378 -24.3371 -3.48645
-6.8512 -25.1328 -3.55329
-6.69308 -25.4209 -3.54324
-6.65009 -25.805 -3.37703
-6.61279 -26.5256 -3.01339
-6.63682 -26.7376 -2.8508
-6.6695 -26.8824 -2.731
-6.76148 -27.2997 -2.38132
-6.78114 -27.579 -2.02451
-6.63667 -27.9018 -1.58886
-7.41185 -21.7162 0.516608
-7.23667 -22.1043 0.719106
-6.96822 -22.4505 0.752451
-6.51836 -23.0217 0.801768
-6.28953 -23.2687 0.786864
-6.13748 -23.4462 0.785586
-5.80215 -23.8064 0.747076
-5.47366 -24.1586 0.688995
-5.29508 -24.3581 0.64565
-4.98776 -24.7249 0.527668
-4.73182 -25.0547 0.397884
-4.49528 -25.4391 0.195819
-4.34997 -25.7026 0.0464971
-4.25514 -25.8998 -0.0723274
-4.15662 -26.12 -0.208187
-4.07389 -26.3672 -0.36536
-4.0535 -26.6266 -0.526848
-4.33645 -27.0116 -0.859924
-4.48316 -27.2277 -1.01803
-4.64451 -27.396 -1.21607
-5.20827 -27.7263 -1.38525
-5.85192 -27.9132 -1.47512
-6.26803 -27.9702 -1.47971
-6.63667 -27.9018 -1.58886
-3.29032 -18.6992 13.0799
-2.97084 -18.5013 13.4267
-2.90919 -18.4344 13.5367
-2.78754 -18.2013 13.9368
-2.7422 -17.757 14.361
-2.7151 -17.4971 14.6086
-2.6849 -17.2487 14.832
-2.57649 -16.7881 15.14
-9.44715 -19.0125 10.5002
-9.17658 -19.1743 10.5251
-8.8915 -19.4178 10.5898
-8.67168 -19.5911 10.6276
-8.46216 -19.7414 10.6538
-8.18757 -19.9747 10.7004
-7.97659 -20.1234 10.7043
-7.73141 -20.3205 10.7246
-7.45114 -20.5515 10.7438
-7.11982 -20.8083 10.7436
-6.93466 -20.951 10.7406
-6.76181 -21.0853 10.7389
-6.51856 -21.2741 10.7363
-6.07006 -21.622 10.7298
-5.59739 -21.9652 10.5857
-5.88307 -16.9475 10.6854
-5.77395 -17.1777 10.8988
-5.66439 -17.4027 11.1209
-5.46683 -17.7784 11.493
-5.09859 -18.2682 11.9232
-4.84917 -18.5936 12.243
-4.73165 -18.6972 12.4013
-4.40035 -18.75 12.5797
-4.18418 -18.7789 12.6874
-3.75382 -18.7872 12.8896
-3.29032 -18.6992 13.0799
-2.57649 -16.7881 15.14
-2.86948 -16.6729 15.6359
-3.05166 -16.6255 15.911
-3.19172 -16.5594 16.1462
-3.2815 -16.525 16.2904
-3.53449 -16.3268 16.7182
-3.69883 -16.1015 17.0074
-3.82801 -15.8566 17.2292
-3.95765 -15.605 17.4443
-4.08124 -15.3217 17.6518
-4.15117 -15.1873 17.7566
-4.28037 -14.8881 17.9579
-4.42909 -14.5558 18.1659
-4.57907 -14.1586 18.3524
-4.70982 -13.7466 18.4598
-4.78451 -13.4792 18.5242
-4.87774 -13.1781 18.5922
-4.92912 -12.6106 18.7515
-16.003 -16.447 12.1344
-16.6525 -16.5377 11.8208
-16.9816 -16.537 11.6655
-17.0821 -16.5377 11.6182
-17.2639 -16.5283 11.5329
-17.6558 -16.4984 11.3488
-18.1308 -16.34 11.1491
-18.7345 -16.0994 10.899
-18.9788 -15.9993 10.7958
-19.1258 -15.9415 10.7136
-19.4915 -15.7969 10.4723
-19.8762 -15.6044 10.2356
-20.1943 -15.4406 9.99369
-20.404 -15.3243 9.82291
-20.6557 -15.1728 9.61684
-20.8349 -15.0565 9.46201
-20.992 -14.9464 9.31997
-21.1485 -14.8288 9.17194
-21.2852 -14.7176 9.03578
-21.4843 -14.5467 8.82981
-21.6545 -14.3972 8.6485
-21.8618 -14.2078 8.42172
-22.0811 -14.0005 8.17202
-22.2424 -13.8196 7.96593
-22.3828 -13.6343 7.77073
-22.6054 -13.3741 7.45746
-22.9417 -12.8607 6.86077
-23.1437 -12.5343 6.48619
-23.2375 -12.3781 6.30676
-23.2762 -12.31 6.22899
-23.3479 -12.1845 6.07984
-23.4531 -11.961 5.82881
-23.5823 -11.6704 5.50437
-23.8194 -11.2665 4.9094
-0.397794 -14.1235 8.08546
-0.305584 -13.8328 8.7836
-0.270426 -13.7316 9.22459
-0.250686 -13.6261 9.64991
-0.291406 -13.5083 10.3994
-0.31724 -13.4563 10.7836
-0.338428 -13.4203 11.0739
-0.382379 -13.3531 11.5805
-0.407267 -13.3069 11.8176
-0.429683 -13.2996 11.9949
-0.477944 -13.2622 12.3732
-0.506076 -13.2386 12.5696
-0.601265 -13.1094 13.1168
-14.1548 -12.4627 10.5275
-14.2571 -12.5681 10.6941
-14.3196 -12.6329 10.7952
-14.4543 -12.7748 11.0064
-14.6415 -12.9755 11.2928
-14.8715 -13.2333 11.6285
-15.0821 -13.4846 11.9426
-15.2788 -13.7226 12.1061
-15.5527 -14.2476 12.2849
-15.6585 -14.6843 12.2618
-15.8143 -15.3784 12.2328
-15.877 -15.6536 12.2008
-15.9058 -15.7859 12.1863
-15.9326 -15.8729 12.1724
-16.003 -16.447 12.1344
-13.5136 -13.3399 -6.37535
-13.1145 -13.7344 -6.14406
-12.7521 -13.9251 -5.9768
-12.4839 -14.0856 -5.85192
-12.3266 -14.425 -5.75245
-12.1581 -14.8637 -5.63867
-12.0659 -15.1265 -5.57631
-12.0043 -15.3321 -5.53286
-11.9652 -15.4861 -5.50419
-11.9126 -15.7222 -5.46437
-11.8523 -16.08 -5.41542
-11.8122 -16.3497 -5.38177
-11.7717 -16.6837 -5.34573
-11.7401 -17.0128 -5.31523
-11.7073 -17.4947 -5.27863
-11.6748 -18.1241 -5.23712
-11.6751 -18.3927 -5.22644
-11.6771 -18.7536 -5.21224
-11.6825 -19.0113 -5.20283
-11.6906 -19.1939 -5.19748
-11.7009 -19.4514 -5.1896
-11.7118 -20.0708 -5.16455
-11.7968 -20.4024 -5.14884
-11.842 -20.7992 -5.1112
-11.917 -21.1939 -5.07879
-9.19356 -11.8663 -4.56795
-9.15486 -11.8515 -4.5403
-8.97163 -11.7793 -4.40568
-8.71457 -11.6842 -4.16666
-8.46358 -11.6089 -3.90614
-8.2025 -11.575 -3.58023
-8.2025 -11.575 -3.58023
-8.11502 -11.3579 -3.63499
-7.97168 -10.9477 -3.76602
-7.82457 -10.527 -3.87998
-7.57953 -9.88693 -4.02631
-7.5512 -9.52548 -4.23199
-7.50356 -9.12513 -4.44333
-7.51309 -8.66178 -4.77376
-7.52047 -8.26135 -5.06026
-7.53981 -7.93845 -5.31609
-7.56365 -7.70836 -5.51813
-7.59351 -7.55947 -5.67758
-7.64656 -7.35613 -5.92035
-7.78561 -6.98926 -6.43865
-7.88667 -6.78221 -6.76858
-8.0049 -6.619 -7.09488
-8.19153 -6.48327 -7.49293
-8.33228 -6.38758 -7.78299
-8.59931 -6.21008 -8.31946
-8.76086 -6.08825 -8.6274
-9.03312 -5.94755 -9.05736
-9.22307 -5.87743 -9.3027
-9.78467 -5.63528 -10.0622
-10.2098 -5.38072 -10.685
-10.4733 -5.24377 -11.0336
-10.7819 -5.20734 -11.2957
-23.8194 -11.2665 4.9094
-24.2315 -11.5198 4.21684
-24.4919 -11.8012 3.76047
-24.6768 -12.0141 3.4391
-24.8136 -12.1645 3.12398
-24.8273 -12.3768 2.60755
-24.8107 -12.5318 2.2211
-24.7582 -12.6685 1.89233
-24.672 -12.8948 1.35362
-24.5665 -13.1225 0.840481
-24.454 -13.3365 0.436583
-24.3477 -13.5348 0.152125
-24.2252 -13.7552 -0.118331
-23.9923 -14.4376 -0.377828
-23.9281 -14.6218 -0.44701
-23.8335 -14.8972 -0.539108
-23.6871 -15.3312 -0.646281
-23.5995 -15.5761 -0.711601
-23.3402 -16.3088 -0.589759
-23.0506 -17.1258 -0.428174
-22.9572 -17.3846 -0.361831
-22.7988 -17.768 -0.203891
-22.646 -18.0979 -0.187679
-1.31033 -10.8768 3.55136
-1.29035 -11.4494 3.83801
-1.27695 -11.7612 4.00974
-1.26376 -12.0716 4.18667
-1.24542 -12.5107 4.43795
-1.16192 -12.766 4.79726
-17.0436 -7.8496 1.40116
-17.0436 -7.84961 1.40117
-17.0319 -7.86486 1.42815
-24.5533 -7.0231 -1.79548
-24.5279 -6.86143 -1.2929
-24.5361 -6.99494 -0.884751
-24.5413 -7.11052 -0.490844
-24.544 -7.15091 -0.368724
-24.5577 -7.27407 -0.129223
-24.5416 -7.37742 0.150726
-24.531 -7.4376 0.299104
-24.4995 -7.56946 0.636647
-24.4742 -7.67814 0.876776
-24.4358 -7.84658 1.22023
-24.4041 -7.9661 1.461
-24.3709 -8.08889 1.69014
-24.3123 -8.29778 2.05391
-24.2557 -8.49199 2.36959
-24.1631 -8.8287 2.88242
-24.1211 -8.98795 3.10926
-24.0643 -9.23834 3.41116
-24.0214 -9.45593 3.64504
-23.9799 -9.69355 3.87105
-23.9549 -9.8726 4.02395
-23.935 -10.1051 4.19134
-23.896 -10.3554 4.38747
-23.856 -10.5459 4.553
-23.8383 -10.7563 4.66539
-23.8194 -11.2665 4.9094
-3.02939 -5.75157 -4.78533
-3.01369 -5.79978 -4.71077
-2.95377 -5.96374 -4.43275
-2.85451 -6.19304 -3.99076
-2.69428 -6.52886 -3.31031
-2.62913 -6.65924 -3.04281
-2.59242 -6.73076 -2.89557
-2.55463 -6.79954 -2.75335
-2.45964 -6.96716 -2.40806
-2.35783 -7.14366 -2.0497
-2.29488 -7.25361 -1.83024
-2.24774 -7.33761 -1.66579
-2.14512 -7.52909 -1.30373
-2.0881 -7.65181 -1.09085
-2.00354 -7.83745 -0.772246
-1.9319 -8.0056 -0.493337
-1.84853 -8.19879 -0.171409
-1.74856 -8.49399 0.282132
-1.77057 -8.86662 0.639413
-1.8058 -9.21131 0.951511
-1.84289 -9.73645 1.47986
-0.522735 -5.38255 10.641
-0.438923 -5.49338 10.1756
-0.311311 -5.6722 9.44395
-0.253697 -5.76853 9.11546
-0.214847 -5.83819 8.88849
-0.134076 -6.07556 8.30749
-0.123939 -6.43744 7.78481
-0.12533 -6.55332 7.62814
-0.128116 -6.7504 7.36501
-0.137599 -6.92249 7.14686
-0.149211 -7.09117 6.93874
-0.159479 -7.20184 6.80654
-0.209761 -7.56941 6.39182
-0.231881 -7.72038 6.22378
-0.265961 -7.92021 6.00514
-0.360362 -8.39211 5.49535
-0.424177 -8.63695 5.2665
-0.496297 -8.83712 5.09921
-0.602769 -9.11507 4.8641
-0.640039 -9.21344 4.78401
-0.71095 -9.37357 4.63624
-0.840997 -9.65985 4.38135
-0.92961 -9.84908 4.20636
-1.0936 -10.1897 3.88114
-1.31033 -10.8768 3.55136
-2.03988 -4.57913 13.3137
-1.86243 -4.54884 13.4849
-1.65479 -4.5231 13.7148
-1.4826 -4.50393 14.0011
-1.22327 -4.45841 14.4663
-1.06548 -4.41083 15.0418
-0.991037 -4.38626 15.3369
-0.886175 -4.31405 15.8004
-0.881902 -4.34384 16.1862
-19.9711 -3.76242 6.78003
-20.1448 -3.71496 6.90107
-20.53 -3.53114 7.12763
-20.8089 -3.34649 7.4555
-20.977 -3.24357 7.67298
-21.1654 -3.13438 7.92975
-21.6135 -2.6894 8.23365
-22.8243 -2.05917 -8.28919
-22.7118 -2.43402 -8.52741
-22.6482 -2.64518 -8.66028
-22.5422 -3.20489 -8.86329
-22.4647 -3.72271 -8.95852
-22.398 -4.11455 -9.04859
-22.2853 -4.61287 -9.12219
-22.2486 -4.78 -9.14043
-22.1442 -5.27392 -9.16451
-21.9078 -6.1456 -9.16573
-21.7562 -6.61738 -9.0772
-21.6104 -7.01917 -8.99768
-21.5006 -7.30543 -8.94423
-21.4765 -7.36581 -8.93202
-21.336 -7.67567 -8.86127
-21.1167 -8.13319 -8.74796
-20.9985 -8.3785 -8.68647
-20.7955 -8.80059 -8.57978
-20.5954 -9.22674 -8.45321
-20.4118 -9.63361 -8.32188
-20.2402 -10.0513 -8.17561
-20.0999 -10.5205 -7.97693
-19.9788 -10.9365 -7.79844
-19.9847 -11.3534 -7.55209
-19.9593 -11.5421 -7.45594
-20.0748 -11.9641 -7.14649
-20.2257 -12.6242 -6.6749
-20.3581 -12.9249 -6.41082
-20.4942 -13.1963 -6.15584
-2.10532 -0.224223 -7.43423
-2.07538 -0.201527 -7.43316
-2.05951 -0.189498 -7.43248
-16.3572 1.17449 3.94625
-16.3842 1.2111 3.90851
-16.4986 1.36483 3.74989
-16.6113 1.5151 3.59173
-16.7542 1.67594 3.40352
-16.9648 1.78428 3.181
-17.3244 1.93714 2.81621
-17.8112 2.13958 2.33955
-18.0085 2.22071 2.15597
-18.2929 2.33612 1.90714
-18.7702 2.52835 1.55118
-18.9529 2.57836 1.46496
-19.3204 2.74751 1.2226
-19.763 2.93996 1.11155
-20.0092 3.06641 1.03089
-20.4022 3.24333 0.942859
-20.8714 3.47291 0.83944
-21.5026 3.85391 0.825982
-21.7022 3.96574 0.831463
-21.939 4.12108 0.826951
-22.383 4.39764 0.955377
-20.5651 1.62069 -11.8747
-20.5345 2.16446 -11.8776
-20.4369 2.57739 -11.9536
-20.3715 2.79615 -12.0064
-20.2892 3.08824 -12.0691
-20.1881 3.42781 -12.1453
-20.1285 3.70785 -12.1817
-20.0123 4.03141 -12.2614
-19.852 4.35135 -12.3766
-19.6565 4.74506 -12.5142
-19.448 5.14001 -12.6584
-19.2601 5.48467 -12.7912
-19.1103 5.75141 -12.897
-18.8529 5.99537 -13.1222
-18.6705 6.16188 -13.2845
-18.4096 6.38863 -13.5017
-18.0413 6.64888 -13.814
-17.5066 6.96417 -14.27
-17.2077 7.09887 -14.5321
-17.0312 7.16852 -14.6858
-16.9069 7.20745 -14.7974
-16.6505 7.28732 -15.0212
-16.3207 7.36332 -15.3166
-15.9526 7.40535 -15.657
-15.7983 7.41335 -15.8027
-15.6661 7.42301 -15.9246
-15.5053 7.43221 -16.0733
-15.3341 7.43507 -16.234
-15.2439 7.43843 -16.3174
-14.9888 7.45293 -16.5508
-14.6353 7.48069 -16.8688
-14.4432 7.50497 -17.0367
-14.4083 7.51103 -17.0659
-14.109 7.56836 -17.3131
-13.8102 7.62538 -17.5602
-13.5356 7.68751 -17.7779
-13.129 7.79779 -18.0787
-12.9752 7.84512 -18.1842
-12.7622 7.91731 -18.318
-12.4039 8.04932 -18.5183
-12.1319 8.16065 -18.6448
-12.0022 8.21901 -18.7027
-11.7865 8.30929 -18.7554
-11.3901 8.48093 -18.7159
-11.2507 8.55134 -18.6762
-11.0297 8.67324 -18.5901
-10.653 8.87539 -18.4463
-10.449 8.97826 -18.3547
-9.81397 9.11036 -18.1941
-23.6892 2.90507 4.65002
-23.6793 3.3132 5.08294
-23.5336 3.82141 5.43763
-23.4715 4.02125 5.57982
-23.2899 4.53072 5.97476
-23.1756 4.68935 6.167
-23.0298 4.78972 6.40842
-22.8728 4.84371 6.66763
-22.7192 4.73084 6.97855
-22.6172 4.66693 7.17636
-22.5344 4.61493 7.33581
-22.3997 4.46641 7.62359
-21.9504 4.24628 8.3979
-21.9504 4.24628 8.3979
-22.305 3.58886 8.31539
-22.4689 3.22991 8.27181
-22.5439 3.07639 8.22681
-22.6632 2.8231 8.14773
-22.8214 2.47559 8.03226
-22.9626 2.14721 7.86473
-23.0505 1.91106 7.75645
-23.168 1.59765 7.53527
-23.2483 1.3519 7.31382
-23.2979 0.992436 7.14336
-22.383 4.39764 0.955377
-22.6745 4.22327 1.27891
-22.8839 4.06603 1.55185
-23.0338 3.8724 1.93816
-23.1634 3.67851 2.33944
-23.3742 3.3665 3.04052
-23.4717 3.21603 3.41964
-23.5423 3.10334 3.73257
-23.6032 2.99861 4.07206
-23.6892 2.90507 4.65002
-1.51756 6.88129 -8.02784
-1.49402 6.93792 -8.00255
-1.42665 7.11339 -7.92909
-1.31828 7.44767 -7.80729
-1.27058 7.61564 -7.75259
-1.20333 7.89568 -7.673
-1.0995 8.64839 -7.53292
-1.06645 9.31203 -7.46458
-1.09034 9.89357 -7.45441
-1.13528 10.1161 -7.49037
-1.25432 10.6154 -7.58536
-1.34364 11.0125 -7.65895
-1.52858 11.5581 -7.78697
-1.64689 12.0161 -7.87883
-1.74613 12.3637 -7.95171
-1.8422 12.6813 -8.01964
-1.90936 12.9743 -8.07054
-2.38339 13.2537 -8.24142
-2.50076 10.935 15.4841
-2.37152 10.6052 15.5284
-2.31108 10.1915 15.6276
-2.25922 9.92692 15.6814
-2.18884 9.60626 15.7388
-2.17475 9.36852 15.8004
-2.10956 8.93815 15.872
-2.06321 8.5843 15.9368
-1.99928 7.99741 16.0512
-1.96012 7.7016 16.0985
-1.93889 7.47125 16.1397
-1.95662 7.31215 16.1883
-1.97875 7.05704 16.2629
-1.99448 6.8998 16.3096
-2.03424 6.5752 16.4069
-2.08161 6.22006 16.5138
-2.13836 5.82754 16.6328
-2.1947 5.49304 16.7355
-2.2596 5.12989 16.847
-2.32078 4.81411 16.9447
-2.42262 4.31153 17.0983
-2.51674 3.9048 17.2226
-2.59164 3.5598 17.32
-2.66778 3.30628 17.3985
-2.79691 2.9868 17.5003
-2.97992 2.61594 17.6321
-18.8628 11.8133 6.8608
-18.3791 11.8783 7.35549
-18.2308 11.8072 7.58417
-18.1154 11.6896 7.80037
-17.9676 11.6077 8.02027
-17.8736 11.4757 8.21424
-17.7682 11.32 8.43368
-17.6649 11.1516 8.65472
-17.5676 10.9993 8.85626
-17.4013 10.7098 9.21543
-17.2589 10.4225 9.5411
-17.0884 10.0218 9.96149
-17.0026 9.63544 10.2687
-16.9185 9.33652 10.5125
-16.8622 9.10402 10.6914
-16.7598 8.69001 11.0082
-16.659 8.30268 11.2973
-16.5745 7.92832 11.5546
-16.453 7.57144 11.8199
-16.3318 7.24645 12.0683
-16.2527 7.05597 12.2182
-16.0832 6.77962 12.4818
-15.9565 6.54632 12.6869
-15.7449 6.32755 12.9473
-15.5177 6.14155 13.2064
-15.2389 5.92358 13.5194
-14.9856 5.75673 13.7883
-14.7951 5.64122 13.985
-14.4769 5.51124 14.2817
-14.2862 5.47143 14.4438
-13.9233 5.40623 14.7158
-13.4721 5.40249 15.0224
-2.38339 13.2537 -8.24142
-2.85589 12.9875 -8.36665
-3.31853 12.788 -8.48504
-3.70365 12.6642 -8.55267
-3.80161 12.642 -8.569
-4.28411 12.5317 -8.6471
-4.94169 12.382 -8.74873
-5.48252 12.3677 -8.78224
-6.13363 12.3281 -8.81231
-6.74327 12.3097 -8.83832
-7.20561 12.306 -8.85772
-7.56914 12.3088 -8.87372
-7.6143 12.3093 -8.87583
-7.95564 12.3163 -8.89189
-8.36372 12.3282 -8.91213
-8.79758 12.3378 -8.93313
-9.05624 12.3451 -8.94556
-9.51888 12.3602 -8.96279
-10.022 12.3847 -8.97419
-10.5382 12.3765 -8.96853
-11.1084 12.357 -8.90414
-11.5139 12.3348 -8.85412
-11.8927 12.3055 -8.80344
-12.2523 12.3086 -8.76537
-13.0287 12.032 -8.57592
-20.8436 13.3431 -4.06988
-20.8606 13.6096 -3.8324
-20.8746 13.7194 -3.70965
-20.9049 13.8516 -3.51981
-20.9412 14.1521 -3.12069
-20.9603 14.3372 -2.86093
-20.9328 14.4414 -2.63991
-20.882 14.5972 -2.36327
-20.8352 14.7291 -2.12081
-20.7512 14.9456 -1.72351
-20.5794 15.2664 -1.09475
-20.4042 15.3447 -0.661361
-20.1884 15.4304 -0.142608
-20.0753 15.4363 0.149946
-19.9157 15.4044 0.601458
-19.7126 15.3316 1.21889
-19.6237 15.2728 1.52875
-19.4824 15.1358 2.08507
-19.3912 15.0231 2.47798
-19.3373 14.9049 2.78406
-19.2863 14.7617 3.11707
-19.2326 14.5447 3.56796
-19.1794 14.3979 3.83083
-19.1523 14.2988 3.98512
-19.0739 14.0123 4.43036
-18.9636 13.6682 4.9752
-18.843 13.2587 5.60752
-18.7635 12.7466 6.16116
-18.7368 12.4347 6.46352
-18.8628 11.8133 6.8608
-6.60101 16.5788 -5.52703
-6.60371 16.6398 -5.5011
-6.61587 16.9603 -5.36259
-6.63377 17.1963 -5.27077
-6.64854 17.3458 -5.21626
-6.69281 17.7138 -5.09056
-6.75573 18.1461 -4.95496
-6.80406 18.4186 -4.88016
-6.8603 18.7083 -4.80698
-6.92098 18.9985 -4.74025
-6.9414 19.0929 -4.71974
-7.00612 19.3807 -4.66197
-7.07783 19.6912 -4.60432
-7.16522 20.0636 -4.53985
-7.17637 20.1103 -4.5324
-7.23056 20.3357 -4.49979
-7.32558 20.734 -4.44705
-7.3936 21.0331 -4.41382
-7.47241 21.3445 -4.38323
-7.59517 21.8763 -4.33548
-7.77137 22.4633 -4.25951
-7.88321 22.8534 -4.21071
-8.0419 23.4209 -4.13817
-8.1401 23.7837 -4.07742
-8.25752 24.1763 -3.98553
-8.37795 24.582 -3.88409
-8.51441 25.0221 -3.7679
-15.1548 21.7162 0.246849
-15.1997 21.6642 0.619211
-15.183 21.6722 0.919011
-15.1722 21.6697 1.18607
-15.1891 21.5975 1.4683
-15.2133 21.5102 1.73911
-15.249 21.3694 2.14796
-15.3044 21.1589 2.71782
-15.3824 20.8472 3.05343
-15.4855 20.462 3.359
-15.6152 19.9862 3.652
-15.7038 19.6621 3.7942
-15.7767 19.1952 3.97499
-5.87185 23.6863 7.85953
-5.44115 23.6822 7.95766
-5.00742 23.6067 8.07859
-4.79622 23.5766 8.11712
-4.54278 23.5416 8.15184
-4.30798 23.4747 8.18883
-3.89242 23.3372 8.22161
-3.10351 23.1046 8.21699
-2.4586 22.921 8.20417
-9.06461 24.9591 2.89423
-9.55135 24.4574 3.18328
-9.98169 24.0477 3.30515
-10.4308 23.602 3.4739
-10.5315 23.4442 3.6096
-10.6486 23.2334 3.79605
-10.7969 22.9042 4.10764
-10.963 22.4944 4.50536
-11.0162 22.3569 4.64133
-11.1519 21.9835 5.00304
-11.2604 21.6183 5.23637
-11.3177 21.3862 5.37584
-11.3765 21.0833 5.53875
-11.4322 20.7838 5.69675
-11.5368 20.2697 5.96304
-11.5848 20.0734 6.05496
-11.6538 19.7998 6.18008
-11.7352 19.5373 6.28341
-11.8308 19.28 6.36929
-11.987 18.9432 6.45232
-12.1488 18.6238 6.51568
-12.2545 18.4488 6.53569
-12.3423 18.2974 6.55217
-12.5766 18.0362 6.53624
-13.0237 17.7538 6.40314
-13.2945 17.5687 6.32181
-13.7637 17.5763 6.05615
-14.0869 17.6002 5.86523
-14.2405 17.6294 5.76469
-14.5863 17.8033 5.47785
-15.0469 18.0045 5.11074
-15.3799 18.2342 4.77734
-15.4953 18.4383 4.57491
-15.5454 18.5325 4.48302
-15.6201 18.6748 4.34517
-15.6846 18.7806 4.23094
-15.7767 19.1952 3.97499
-2.7096 28.5104 0.394426
-2.38455 28.5054 0.0277036
-2.16887 28.5106 -0.268178
-2.02777 28.5126 -0.470283
-1.79216 28.5054 -0.805969
-1.60259 28.4793 -1.05372
-16.5315 2.76492 1.16315
-16.5938 2.84476 1.07008
-16.8171 3.18169 0.747532
-17.0418 3.56782 0.414231
-17.1859 3.84978 0.185912
-17.291 4.08895 0.00352235
-17.4155 4.42668 -0.236849
-17.5219 4.77908 -0.482428
-17.6019 5.14639 -0.709898
-17.6374 5.40309 -0.860101
-17.6607 5.5745 -0.959498
-17.6923 5.86971 -1.13281
-17.7185 6.08976 -1.2847
-17.7306 6.33802 -1.4303
-17.7176 6.62737 -1.60315
-17.713 6.92532 -1.8229
-17.7113 7.04524 -1.91196
-17.7084 7.25534 -2.06667
-17.691 7.4817 -2.26794
-17.6539 7.83011 -2.54843
-17.565 8.16611 -2.82523
-17.4774 8.47425 -3.09221
-17.4588 8.53995 -3.14961
-17.423 8.67398 -3.28723
-17.3275 8.92462 -3.51752
-17.2163 9.1329 -3.77619
-16.9117 9.50813 -4.35109
-16.7843 9.63139 -4.57928
-16.5888 9.77821 -4.9111
-16.4175 9.90482 -5.19095
-16.247 10.0157 -5.48336
-16.0926 10.1515 -5.70654
-15.9485 10.1629 -5.9372
-15.7339 10.2307 -6.18578
-15.4903 10.293 -6.48461
-15.2124 10.37 -6.78882
-14.9598 10.4563 -7.03019
-14.7327 10.5414 -7.23292
-14.4163 10.6709 -7.50096
-14.2363 10.7548 -7.64356
-14.0152 10.8738 -7.80685
-13.763 11.0198 -7.98742
-13.558 11.1723 -8.11977
-13.3836 11.3141 -8.23227
-13.1174 11.5795 -8.40557
-13.0287 12.032 -8.57592
-10.5133 12.1865 14.0572
-9.8088 12.1554 14.4441
-9.03484 12.2131 14.7448
-8.33176 12.1783 15.0108
-7.90323 12.1248 15.1719
-7.34579 12.0282 15.3967
-7.21753 12.0053 15.4482
-6.99002 11.9627 15.5371
-6.73262 11.9195 15.6425
-6.17181 11.8573 15.9002
-5.86443 11.8081 16.0335
-5.58088 11.7993 16.1342
-5.3461 11.7322 16.1644
-4.76546 11.6164 16.1588
-4.36525 11.5178 16.1207
-4.1534 11.4623 16.0711
-3.68383 11.2942 15.9265
-3.05519 11.0263 15.7387
-2.50076 10.935 15.4841
-1.16192 -12.766 4.79726
-1.03146 -12.6449 5.1202
-0.946746 -12.7864 5.43494
-0.71424 -13.0717 6.24065
-0.664938 -13.2118 6.46284
-0.583086 -13.5054 6.90879
-0.526625 -13.727 7.25021
-0.459351 -13.9755 7.67537
-0.397794 -14.1235 8.08546
-5.59739 -21.9652 10.5857
-5.40149 -22.1726 10.9076
-5.05115 -22.4879 11.172
-4.78765 -22.7251 11.348
-4.57968 -22.9329 11.487
-4.39815 -23.1378 11.6188
-4.2727 -23.7482 11.8095
-4.34579 -24.3206 11.8901
-4.51106 -24.7844 11.8753
-4.55968 -25.1794 11.744
-16.6448 -18.7749 -5.43565
-16.4768 -19.2589 -5.38893
-16.2724 -19.6766 -5.37383
-15.9925 -19.9967 -5.39633
-15.7849 -20.2046 -5.40487
-15.403 -20.5291 -5.40973
-14.868 -20.9 -5.39186
-14.2952 -21.2692 -5.37203
-14.081 -21.3965 -5.35914
-13.7707 -21.5173 -5.32846
-13.2845 -21.6019 -5.2669
-13.0257 -21.5664 -5.2321
-11.917 -21.1939 -5.07879
-0.601265 -13.1094 13.1168
-0.626417 -13.4488 13.4003
-0.678297 -13.9184 13.6494
-0.722263 -14.1286 13.7682
-0.825474 -14.4847 13.9572
-0.950954 -14.8743 14.1668
-1.35668 -15.4893 14.4859
-1.65043 -15.891 14.6631
-1.86245 -16.1762 14.7775
-2.0554 -16.3174 14.9005
-2.27611 -16.4922 15.0298
-2.57649 -16.7881 15.14
-20.4942 -13.1963 -6.15584
-20.9495 -13.0976 -5.86522
-21.2768 -12.8714 -5.73751
-21.971 -12.3989 -5.4265
-22.6506 -11.8778 -5.0148
-22.9365 -11.6392 -4.83141
-23.2106 -11.3797 -4.64033
-23.5265 -11.0559 -4.40744
-23.7611 -10.7667 -4.20921
-23.8862 -10.5943 -4.09356
-24.0677 -10.2964 -3.90503
-24.2065 -10.0479 -3.74648
-24.3432 -9.77111 -3.59978
-24.437 -9.55702 -3.46354
-24.5148 -9.26006 -3.2743
-24.5639 -8.94545 -3.05307
-24.5714 -8.85956 -2.99489
-24.5825 -8.6645 -2.86763
-24.6065 -8.33724 -2.64655
-24.6482 -7.85861 -2.27046
-24.6229 -7.62993 -2.19027
-24.6044 -7.46302 -2.10471
-24.5826 -7.26733 -1.99718
-24.5533 -7.0231 -1.79548
-2.0492 -7.94716 18.5883
-2.54682 -7.86609 18.9135
-2.83653 -7.61617 19.0601
-3.24709 -7.33202 19.2687
-3.76298 -6.91906 19.4661
-4.10903 -6.6318 19.5895
-4.27015 -6.50403 19.5898
-4.39662 -6.4052 19.5865
-4.65601 -6.19449 19.5766
-5.11384 -5.93109 19.4988
-5.39599 -5.76072 19.4361
-5.61487 -5.61936 19.377
-6.07037 -5.36281 19.2495
-6.34515 -5.20426 19.1691
-6.65774 -5.04417 19.0758
-7.11024 -4.81617 18.9342
-7.35675 -4.70658 18.8559
-7.60506 -4.61576 18.7788
-8.06296 -4.45748 18.6319
-8.56631 -4.34547 18.48
-8.83651 -4.29769 18.3964
-9.21117 -4.23261 18.2768
-9.64411 -4.18904 18.1249
-10.1573 -4.28057 17.8551
-10.4527 -4.33216 17.6976
-11.0007 -4.42318 17.4053
-11.3272 -4.48967 17.2223
-11.6541 -4.53045 17.0402
-12.2734 -4.73082 16.6097
-12.2734 -4.73082 16.6097
-12.9402 -4.46148 16.2844
-13.426 -4.11976 16.0848
-13.8619 -3.82033 15.9027
-14.0885 -3.66765 15.8001
-14.2943 -3.48993 15.7137
-14.8201 -3.14578 15.4377
-15.225 -2.86028 15.2196
-15.4286 -2.70226 15.1072
-15.609 -2.55631 15.0074
-15.7668 -2.42335 14.9182
-16.0718 -2.15899 14.7448
-16.2943 -1.95213 14.6144
-16.4601 -1.78645 14.5153
-16.5622 -1.68171 14.4539
-16.7935 -1.43573 14.3126
-17.0352 -1.15756 14.1605
-17.2404 -0.915673 14.0299
-17.4484 -0.681803 13.894
-17.6589 -0.367741 13.7538
-17.8884 0.00525308 13.5954
-18.1201 0.381198 13.407
-18.2116 0.584595 13.3293
-18.3302 0.872962 13.2184
-18.483 1.24479 13.0429
-18.6142 1.60397 12.8778
-18.7042 1.85344 12.7566
-18.7877 2.08931 12.6297
-18.9327 2.49236 12.3872
-19.0903 2.88151 12.1103
-19.256 3.24145 11.8208
-19.4347 3.55548 11.5222
-19.5018 3.66177 11.413
-19.6744 3.8793 11.1474
-19.9123 4.18382 10.7783
-20.0072 4.25895 10.6481
-20.1548 4.35481 10.4551
-20.2576 4.43894 10.3062
-20.448 4.54298 10.0522
-20.7529 4.44579 9.77299
-20.925 4.42491 9.58717
-21.1514 4.39265 9.34258
-21.4479 4.34959 9.01115
-21.9504 4.24628 8.3979
-2.11713 28.4958 -6.00437
-2.63739 28.4594 -6.17888
-3.06965 28.3878 -6.15628
-3.36498 28.3242 -6.11106
-3.57367 28.2798 -6.06747
-4.18481 28.143 -5.93599
-4.45602 28.0801 -5.87076
-5.0179 27.9396 -5.72303
-5.30599 27.7916 -5.58794
-5.66004 27.5404 -5.39956
-5.98137 27.2925 -5.22568
-6.21063 27.1136 -5.10061
-6.40795 26.9547 -4.99331
-6.7122 26.7145 -4.82541
-7.00522 26.4757 -4.66102
-7.24956 26.2683 -4.52443
-7.51116 26.041 -4.37327
-7.98723 25.5939 -4.08916
-8.19954 25.4386 -3.95666
-8.36375 25.301 -3.85454
-8.51441 25.0221 -3.7679
-8.30711 -13.6538 -1.85847
-8.17252 -14.661 -1.99093
-8.18591 -15.2812 -2.11311
-8.18871 -15.6188 -2.17442
-8.20483 -16.1481 -2.19597
-8.22737 -16.5484 -2.23197
-8.22075 -16.9234 -2.21303
-8.2054 -17.4368 -2.17451
-8.15438 -17.736 -2.10036
-8.08586 -18.0722 -1.99872
-8.04149 -18.2842 -1.93164
-7.96175 -18.6391 -1.80608
-7.85293 -19.0744 -1.62159
-7.76028 -19.4242 -1.45623
-7.71552 -19.5865 -1.37244
-7.62879 -19.8824 -1.19491
-7.54099 -20.1722 -1.01041
-7.4286 -20.537 -0.765114
-7.3878 -20.9196 -0.398315
-7.35482 -21.2883 -0.0333528
-7.36322 -21.506 0.218578
-7.41185 -21.7162 0.516608
-18.1605 -9.14876 13.0386
-18.2567 -8.78912 13.125
-18.3653 -8.64335 13.0792
-18.4555 -8.50819 13.0482
-18.657 -8.20717 12.977
-18.8682 -7.85944 12.9194
-19.013 -7.64469 12.8298
-19.0607 -7.55871 12.8041
-19.2668 -7.21469 12.6697
-19.4425 -6.9203 12.549
-19.6182 -6.65315 12.3986
-19.7557 -6.44232 12.2802
-19.9281 -6.17029 12.1175
-20.0819 -5.93377 11.9587
-20.3788 -5.43435 11.653
-20.5687 -5.25628 11.4117
-20.664 -5.14014 11.2914
-20.7778 -4.96495 11.1326
-20.8829 -4.74991 10.97
-21.0855 -4.45232 10.6038
-21.2265 -4.19646 10.2828
-21.3025 -3.93619 9.97456
-21.3907 -3.63411 9.55918
-21.4647 -3.36558 9.17608
-21.5244 -3.13989 8.86212
-21.5127 -2.99513 8.55325
-21.6135 -2.6894 8.23365
-0.960974 -18.0427 6.93937
-1.0733 -17.6848 6.28002
-1.10514 -17.2035 5.91603
-1.18183 -16.6497 5.67235
-1.22458 -16.3489 5.54191
-1.26619 -16.023 5.41867
-1.3025 -15.7256 5.31065
-1.32788 -15.4954 5.2325
-1.36225 -15.1471 5.12069
-1.37596 -14.9685 5.06847
-1.39208 -14.7477 5.00334
-1.37677 -14.4715 4.9381
-1.35837 -14.2273 4.88636
-1.31626 -13.7214 4.7872
-1.28167 -13.3895 4.73513
-1.26088 -13.0951 4.66018
-1.16192 -12.766 4.79726
-12.4891 0.294012 -16.3772
-12.1566 0.711766 -16.7213
-11.9766 0.901726 -16.8711
-11.7981 1.11878 -17.0075
-11.6992 1.25227 -17.0903
-11.3254 1.81431 -17.4354
-11.102 2.06626 -17.5798
-10.9743 2.17533 -17.6366
-10.713 2.40877 -17.7537
-10.3986 2.64818 -17.8641
-10.1947 2.79551 -17.9283
-9.9865 2.94587 -17.9917
-9.81778 3.06889 -18.0431
-9.6647 3.22743 -18.0976
-9.3783 3.37943 -18.1589
-9.20135 3.56699 -18.2108
-9.03289 3.75456 -18.2624
-8.74557 3.99309 -18.3292
-8.62532 4.22161 -18.3732
-8.41787 4.55399 -18.4304
-8.20766 5.03337 -18.4885
-8.15163 5.16035 -18.5038
-7.99908 5.50259 -18.5454
-7.82978 5.90025 -18.5946
-7.79888 6.22588 -18.6193
-8.02295 6.74178 -18.6376
-8.25517 7.27382 -18.6362
-8.44441 7.67454 -18.6287
-8.64807 8.05091 -18.5363
-8.78824 8.26834 -18.4759
-8.91894 8.44782 -18.4153
-9.21994 8.84474 -18.2676
-9.81397 9.11036 -18.1941
-22.6489 5.82012 0.229309
-22.8864 6.15966 0.546308
-23.1262 6.61444 0.922132
-23.3126 7.16175 1.52131
-23.3654 7.37771 1.75077
-23.2117 7.71486 2.33588
-23.0795 7.9287 2.70793
-23.0006 8.0524 2.9269
-22.9287 8.15862 3.10767
-22.6841 8.3307 3.47824
-22.4756 8.47437 3.78621
-22.3815 8.54192 3.92215
-22.2227 8.70423 4.13111
-22.0932 8.81322 4.309
-21.9645 8.94674 4.48094
-21.7959 9.10397 4.71283
-21.5503 9.36043 5.04257
-21.3363 9.57846 5.31312
-21.0858 9.83729 5.60896
-20.9357 9.96668 5.77676
-20.524 10.4078 5.9882
-20.3384 10.5819 6.09898
-20.0062 10.8578 6.3229
-19.6584 11.1314 6.5198
-19.277 11.412 6.72874
-18.8628 11.8133 6.8608
-18.1077 16.0123 -7.23983
-17.9782 16.5391 -7.09221
-17.8579 16.9382 -6.98057
-17.7307 17.337 -6.86878
-17.5722 17.6878 -6.65641
-17.4456 17.9855 -6.45677
-17.3794 18.1253 -6.3426
-17.2091 18.472 -6.02823
-16.9623 18.9496 -5.52031
-16.8585 19.1362 -5.29506
-16.769 19.2945 -5.09922
-16.6898 19.4279 -4.91455
-16.5558 19.6382 -4.59384
-16.4411 19.8333 -4.25132
-16.3244 20.0171 -3.90753
-16.2422 20.1465 -3.64397
-16.2199 20.184 -3.5651
-16.1259 20.328 -3.25994
-16.0753 20.4332 -2.94208
-16.0095 20.5636 -2.5476
-15.9466 20.6849 -2.17325
-15.8929 20.7832 -1.85516
-15.8145 20.9145 -1.40999
-15.7621 20.9989 -0.982064
-15.7483 21.0213 -0.576007
-15.7736 20.9981 -0.142095
-15.7736 20.9981 -0.142095
-15.9869 20.7548 0.0698855
-16.1568 20.5505 0.321362
-16.3306 20.3388 0.546966
-16.436 20.2082 0.693801
-16.591 20.0102 0.927099
-16.6959 19.82 1.18515
-16.7762 19.668 1.39848
-16.9157 19.3629 1.82888
-16.8946 19.2013 2.13027
-16.8492 19.0754 2.39301
-16.7589 18.9661 2.68099
-16.6286 18.9122 2.95307
-16.2685 18.9744 3.42032
-16.0881 19.0231 3.63746
-15.9641 19.0724 3.78089
-15.7767 19.1952 3.97499
-1.84289 -9.73645 1.47986
-1.78732 -10.1328 2.01413
-1.73587 -10.1832 2.15692
-1.65326 -10.2875 2.4152
-1.58249 -10.3786 2.64035
-1.48234 -10.4824 2.93808
-1.31033 -10.8768 3.55136
-7.21716 -26.5043 11.5295
-6.73449 -26.4774 11.4977
-6.46383 -26.3253 11.5704
-6.1508 -26.154 11.6193
-5.83379 -25.9884 11.6533
-5.54854 -25.8251 11.6749
-5.32417 -25.6941 11.6897
-5.00697 -25.5135 11.7028
-4.55968 -25.1794 11.744
-9.99705 -2.42566 -13.7898
-9.48575 -2.21405 -13.7892
-8.89295 -1.9085 -13.8423
-8.63607 -1.76637 -13.8679
-8.46015 -1.67602 -13.8782
-8.26216 -1.56921 -13.8923
-8.00239 -1.40765 -13.9
-7.66781 -1.19118 -13.9111
-7.08359 -0.838499 -13.9011
-6.95358 -0.70158 -13.9184
-6.67095 -0.428434 -13.9087
-6.35032 -0.0769743 -13.9068
-6.12056 0.185941 -13.9063
-5.76964 0.646165 -13.89
-5.49327 1.04668 -13.8696
-5.35369 1.27094 -13.8557
-5.24122 1.46946 -13.8416
-5.14507 1.66965 -13.8243
-5.03206 1.93472 -13.7989
-4.89858 2.31175 -13.7591
-4.83304 2.52713 -13.7346
-4.7433 2.84435 -13.6966
-4.64613 3.21603 -13.6508
-4.56955 3.53298 -13.6045
-4.49562 3.83838 -13.5591
-4.44929 4.10571 -13.5077
-4.45771 4.34154 -13.514
-4.4926 4.8173 -13.4998
-4.53836 5.11136 -13.4766
-4.6293 5.49669 -13.4549
-4.68098 5.69515 -13.4167
-4.75889 5.94747 -13.3823
-4.83854 6.16111 -13.3479
-4.9292 6.37934 -13.3169
-5.1527 6.85424 -13.2305
-5.32647 7.18661 -13.1773
-5.46292 7.40021 -13.1499
-5.70081 7.74544 -13.1136
-5.81334 7.89614 -13.1035
-6.01364 8.1624 -13.0872
-6.32932 8.53817 -13.09
-6.90524 9.18575 -13.1334
-7.20001 9.48993 -13.1658
-7.33577 9.60828 -13.2676
-7.59833 9.83006 -13.4189
-7.75366 9.95894 -13.506
-8.0399 10.1466 -13.6795
-8.27169 10.2891 -13.8286
-8.41387 10.3747 -13.9217
-8.45806 10.4012 -13.9507
-9.09821 10.7862 -14.3706
-9.49 10.9789 -14.6564
-9.90456 11.1709 -14.9271
-10.2561 11.3254 -15.1804
-6.63667 -27.9018 -1.58886
-7.09396 -28.1361 -1.27173
-7.31075 -28.2321 -1.12292
-7.56635 -28.3297 -0.946143
-7.91039 -28.3929 -0.688487
-8.18479 -28.4445 -0.467691
-8.37251 -28.4763 -0.323144
-8.64022 -28.5196 -0.110348
-8.96943 -28.5621 0.135019
-9.19468 -28.6019 0.374871
-9.26791 -28.6318 0.545108
-9.66741 -28.618 0.771349
-7.41185 -21.7162 0.516608
-7.67671 -21.788 0.944739
-8.21338 -21.454 1.3187
-8.5075 -21.2589 1.51185
-9.05276 -20.7647 1.80388
-9.41637 -20.3623 1.96798
-9.59143 -20.1157 2.02568
-9.73764 -19.8829 2.06318
-9.88513 -19.6269 2.09264
-10.0942 -19.2292 2.12113
-10.2604 -18.8933 2.13654
-10.3204 -18.7497 2.13435
-10.4449 -18.4258 2.12069
-10.5757 -18.0137 2.08176
-10.6568 -17.686 2.03388
-10.7298 -17.2788 1.95394
-10.8132 -16.7946 1.85639
-10.8819 -16.3422 1.75925
-10.9348 -15.8611 1.64174
-10.8539 -15.2034 1.39933
-10.7209 -14.955 1.27029
-10.6334 -14.783 1.17685
-10.4421 -14.466 0.975151
-10.2547 -14.2657 0.803174
-10.0758 -14.1098 0.628344
-9.88856 -13.9683 0.447783
-9.74766 -13.8862 0.307393
-9.51759 -13.7626 0.0708997
-9.28379 -13.6686 -0.182958
-9.09779 -13.6234 -0.40186
-8.93107 -13.5898 -0.608285
-8.74086 -13.563 -0.949513
-8.5505 -13.5382 -1.3345
-8.45206 -13.6122 -1.53688
-8.30711 -13.6538 -1.85847
-3.29032 -18.6992 13.0799
-2.80606 -18.9229 12.7906
-2.50071 -19.1919 12.4085
-2.38218 -19.3114 12.2144
-2.15235 -19.5265 11.8562
-2.08818 -19.6355 11.6388
-2.04251 -19.7509 11.3712
-1.99686 -19.8853 11.069
-1.92888 -19.9974 10.7504
-1.85943 -20.1036 10.376
-1.79212 -20.2022 10.0085
-1.72087 -20.2971 9.54216
-1.64535 -20.3768 9.01322
-1.57025 -20.3875 8.53673
-1.5071 -20.2722 8.25598
-1.43854 -20.1523 7.92175
-1.38744 -20.0345 7.72165
-1.31178 -19.7535 7.55131
-1.17979 -19.1847 7.36415
-1.02327 -18.4791 7.18541
-0.960974 -18.0427 6.93937
-16.003 -16.447 12.1344
-15.6683 -16.9303 12.2921
-15.4375 -17.1388 12.406
-15.1019 -17.335 12.5755
-14.6797 -17.5562 12.7929
-14.3448 -17.7188 12.9677
-13.9902 -17.8838 13.1567
-13.6949 -17.9806 13.3138
-13.3844 -18.0138 13.4655
-13.1253 -18.0174 13.5999
-12.8727 -18.0213 13.7149
-12.5208 -17.9976 13.859
-11.9796 -17.912 14.059
-11.5153 -17.8023 14.2095
-11.2915 -17.7153 14.2837
-10.6598 -17.4698 14.4608
-10.1411 -17.0291 14.4526
-9.85757 -16.7433 14.4419
-9.64556 -16.5262 14.4327
-9.4766 -16.3517 14.4215
-9.24911 -16.0327 14.4216
-9.22654 -15.6029 14.5056
-9.18598 -15.1745 14.579
-9.17465 -15.0095 14.6089
-9.14804 -14.5301 14.6952
-9.28744 -14.2208 14.7982
-9.40642 -14.0221 14.8721
-9.51578 -13.7935 14.9405
-9.66747 -13.5539 15.0193
-10.0443 -12.9893 15.1857
-10.169 -12.8158 15.2339
-10.4471 -12.5076 15.3121
-10.6058 -12.3434 15.3508
-10.7199 -12.228 15.377
-10.9342 -12.045 15.4121
-11.2764 -11.7617 15.4635
-11.6055 -11.5046 15.5065
-11.9736 -11.2417 15.5436
-12.2493 -11.0582 15.5654
-12.671 -10.7965 15.5862
-13.0092 -10.6802 15.596
-13.2382 -10.5876 15.571
-13.5724 -10.4468 15.5202
-13.8326 -10.3766 15.4859
-14.1416 -10.2201 15.396
-14.5935 -10.0997 15.2436
-14.8007 -10.047 15.1738
-14.9915 -9.99865 15.1089
-15.3247 -9.91787 14.9823
-15.6174 -9.84333 14.8557
-15.8586 -9.78261 14.7365
-16.0122 -9.74353 14.6601
-16.1579 -9.70585 14.5877
-16.542 -9.60756 14.3926
-16.716 -9.53882 14.3034
-16.9001 -9.47936 14.1951
-17.1469 -9.43738 13.9988
-17.4674 -9.30679 13.7233
-17.8245 -9.18039 13.3987
-18.1605 -9.14876 13.0386
-0.397794 -14.1235 8.08546
-0.429557 -14.5794 7.80822
-0.430271 -15.005 7.75572
-0.455742 -15.4142 7.63919
-0.476302 -15.8349 7.58941
-0.496582 -16.1246 7.53212
-0.523383 -16.5099 7.47584
-0.636374 -17.0566 7.38592
-0.756214 -17.5449 7.28487
-0.960974 -18.0427 6.93937
-13.5136 -13.3399 -6.37535
-13.7446 -13.8592 -6.32687
-14.0032 -14.0776 -6.36152
-14.4225 -14.6337 -6.38997
-14.6973 -15.025 -6.40349
-14.9719 -15.4714 -6.40195
-15.2306 -15.9043 -6.39291
-15.5297 -16.4546 -6.34761
-15.6278 -16.6648 -6.29769
-15.73 -16.8996 -6.21748
-15.891 -17.2668 -6.08352
-16.0088 -17.5366 -5.98596
-16.1987 -17.9303 -5.8305
-16.4466 -18.3277 -5.62934
-16.6448 -18.7749 -5.43565
-13.5136 -13.3399 -6.37535
-13.4505 -12.8473 -6.47445
-13.4273 -12.3553 -6.59346
-13.4694 -12.1052 -6.69664
-13.4778 -11.8848 -6.7779
-13.5046 -11.5605 -6.91918
-13.5386 -11.3276 -7.03682
-13.5821 -10.9526 -7.23722
-13.5986 -10.6664 -7.39681
-13.6029 -10.4524 -7.52386
-13.5154 -10.0186 -7.80871
-13.4444 -9.70537 -8.01776
-13.3472 -9.28311 -8.29835
-13.2473 -9.02132 -8.52319
-13.0545 -8.58495 -8.89153
-12.9463 -8.31488 -9.12405
-12.6804 -7.90815 -9.42086
-12.4028 -7.45084 -9.76285
-12.1857 -7.11615 -10.0042
-12.0059 -6.87864 -10.161
-11.742 -6.50269 -10.4281
-11.6337 -6.35147 -10.5349
-11.3453 -5.93353 -10.8324
-11.1062 -5.58218 -11.0837
-10.7819 -5.20734 -11.2957
-8.2025 -11.575 -3.58023
-8.16319 -11.8224 -3.32941
-8.12781 -12.0138 -3.12727
-8.13098 -12.3053 -2.85646
-8.14809 -12.5619 -2.62345
-8.18043 -12.8281 -2.39493
-8.22107 -13.0423 -2.20386
-8.25304 -13.1662 -2.09699
-8.30711 -13.6538 -1.85847
-24.5533 -7.0231 -1.79548
-24.4968 -6.56379 -1.86028
-24.4272 -6.08163 -2.19756
-24.3864 -5.80659 -2.3938
-24.3311 -5.45222 -2.65366
-24.2672 -5.05232 -2.97103
-24.2342 -4.84817 -3.1861
-24.1839 -4.55851 -3.46288
-24.1259 -4.29176 -3.6734
-24.0798 -4.04619 -3.93739
-24.0261 -3.78709 -4.22636
-23.9525 -3.45344 -4.61136
-23.8998 -3.23779 -4.87782
-23.8213 -3.10294 -5.16723
-23.7655 -3.02452 -5.3668
-23.7023 -2.93598 -5.59055
-23.4452 -2.58478 -6.4878
-23.3274 -2.43084 -6.8934
-23.2614 -2.32881 -7.11534
-23.2148 -2.26667 -7.26635
-23.1603 -2.17632 -7.44162
-23.1342 -2.14412 -7.52116
-23.0375 -2.01415 -7.79999
-22.9464 -2.04625 -8.00677
-22.8243 -2.05917 -8.28919
-0.522735 -5.38255 10.641
-0.548878 -5.00484 10.7184
-0.590991 -4.43898 10.8345
-0.61569 -4.01499 10.8813
-0.63574 -3.69744 10.9192
-0.678506 -3.21344 10.975
-0.70727 -2.78175 10.9548
-0.740758 -2.31421 10.9234
-0.769205 -2.03322 10.9238
-0.790628 -1.81534 10.9225
-0.814875 -1.56749 10.9206
-0.839478 -1.31669 10.9188
-0.856823 -1.14035 10.9176
-0.893523 -0.820897 10.9217
-0.901051 -0.744865 10.92
-0.951128 -0.311886 10.9148
-0.977515 0.0625745 10.8884
-0.992514 0.438512 10.8481
-0.990522 0.745564 10.8027
-0.987069 1.02671 10.7598
-1.01332 1.45399 10.7348
-1.0337 1.9545 10.694
-0.997052 2.25564 10.6188
-0.943107 2.68514 10.5111
-0.946762 2.94577 10.4901
-0.909534 3.30669 10.4134
-0.908389 3.65344 10.3843
-0.892103 4.03971 10.3356
-0.862175 4.49819 10.2653
-0.854237 4.8415 10.23
-0.847738 5.32401 10.1825
-0.844143 5.75112 10.1393
-0.846167 6.36081 10.0776
-0.848069 6.86617 10.0241
-0.848458 6.89255 10.0212
-0.856124 7.43385 9.95831
-0.863197 7.83131 9.90689
-0.86903 8.13942 9.8614
-0.871021 8.2411 9.84579
-0.880061 8.66562 9.77094
-0.890312 9.14111 9.67992
-0.894067 9.3186 9.64314
-0.899966 9.61786 9.57665
-0.906528 9.99957 9.48512
-0.910432 10.4091 9.3741
-0.907699 10.8682 9.22513
-0.903804 11.2823 9.08593
-0.898467 11.7293 8.93151
-0.879116 12.1306 8.77355
-0.89157 12.4679 8.65965
-0.847297 13.0454 8.37806
-0.824688 13.4451 8.1936
-0.785735 13.7457 8.02463
-0.731333 14.0991 7.81345
-0.679162 14.4866 7.59106
-0.646242 14.7147 7.45209
-0.608989 14.9937 7.28
-0.554965 15.6674 6.89072
-0.540008 16.1837 6.59756
-0.528108 16.5012 6.38576
-0.519723 16.8456 6.16313
-0.506245 17.1346 5.95888
-0.503879 17.357 5.78114
-0.498114 17.6397 5.53407
-0.472667 18.1515 5.03872
-0.456529 18.2816 4.88041
-0.42179 18.4931 4.59134
-0.392642 18.6695 4.34959
-0.373195 18.7846 4.19029
-0.347706 18.9098 4.00098
-0.299551 19.1262 3.65863
-0.280332 19.2106 3.5227
-0.253595 19.3245 3.33822
-0.205756 19.5168 3.02878
-0.183528 19.6732 2.75311
-0.159133 19.787 2.53512
-0.116398 19.936 2.19781
-0.0562357 20.1092 1.76995
-0.0220362 20.2722 1.42542
0.00241429 20.3937 1.16787
0.028053 20.5392 0.887668
0.0409524 20.7406 0.586577
0.0590132 20.8622 0.369618
0.0698381 21.0127 0.165592
0.0751818 21.1359 0.0136266
0.0915549 21.3644 -0.300808
0.0896717 21.5393 -0.455462
0.0882531 21.7021 -0.594365
0.0825846 21.9479 -0.732768
0.0758004 22.1641 -0.838568
0.0567473 22.6852 -1.06457
0.0362268 23.1985 -1.2674
0.0166071 23.6807 -1.45335
-0.00416661 24.0087 -1.4857
-0.0236727 24.2994 -1.49211
-0.0465521 24.6159 -1.47418
-0.0729884 24.9613 -1.45002
-0.0960906 25.25 -1.4294
-0.121436 25.5691 -1.40855
-0.187652 26.1083 -1.33371
-0.283748 26.5938 -1.34448
-0.40468 26.8686 -1.29886
-0.526617 27.083 -1.2446
-0.773758 27.5383 -1.13779
-1.12678 27.9625 -1.04142
-1.32877 28.1932 -1.05175
-1.60259 28.4793 -1.05372
-0.522735 -5.38255 10.641
-0.599804 -5.59032 11.1282
-0.631814 -5.75584 11.3414
-0.652924 -5.89968 11.5084
-0.696529 -6.18235 11.7204
-0.742319 -6.43125 11.9116
-0.787515 -6.78903 12.1092
-0.828704 -7.0985 12.2808
-0.862089 -7.39887 12.4283
-0.892493 -7.7691 12.5777
-0.909953 -8.03429 12.6733
-0.924718 -8.42042 12.7865
-0.929989 -8.89902 12.8964
-0.924702 -9.31339 12.9701
-0.915018 -9.64944 13.0176
-0.899865 -9.97503 13.051
-0.871878 -10.4202 13.0784
-0.855493 -10.7174 13.1149
-0.807781 -11.1385 13.1337
-0.778189 -11.3828 13.1409
-0.750344 -11.6204 13.1463
-0.722876 -11.8632 13.1506
-0.656022 -12.5325 13.1723
-0.601265 -13.1094 13.1168
-21.6135 -2.6894 8.23365
-21.8855 -2.34499 8.2776
-22.0477 -2.12005 8.27327
-22.1827 -1.88309 8.20906
-22.3306 -1.60944 8.13641
-22.4738 -1.33166 8.05376
-22.5925 -1.07647 7.96506
-22.7653 -0.657485 7.79893
-23.01 -0.0271358 7.53547
-23.088 0.192925 7.43714
-23.1646 0.410803 7.33264
-23.2078 0.570402 7.26846
-23.2979 0.992436 7.14336
-22.8243 -2.05917 -8.28919
-22.7091 -1.85722 -8.56762
-22.6489 -1.714 -8.71219
-22.5382 -1.35642 -8.98087
-22.4196 -0.987233 -9.26472
-22.325 -0.647752 -9.49535
-22.1042 -0.298399 -9.86735
-22.0133 -0.128688 -10.0192
-21.8672 0.151893 -10.2617
-21.7236 0.397353 -10.4725
-21.5554 0.582244 -10.7025
-21.3399 0.853644 -10.994
-21.1261 1.09086 -11.2535
-20.9468 1.28496 -11.4514
-20.799 1.46697 -11.6123
-20.5651 1.62069 -11.8747
-20.5651 1.62069 -11.8747
-20.4188 1.49393 -12.0514
-20.1773 1.35861 -12.3393
-19.9364 1.31619 -12.605
-19.6837 1.22662 -12.8883
-19.3339 1.14839 -13.2259
-19.1817 1.1139 -13.3744
-18.9562 1.06101 -13.5833
-18.7484 1.0019 -13.7695
-18.1462 0.942884 -14.1706
-17.9211 0.917637 -14.3175
-17.469 0.861337 -14.6062
-17.0022 0.827089 -14.868
-16.4948 0.813204 -15.1519
-15.9478 0.802308 -15.4548
-15.2838 0.725584 -15.7455
-15.1235 0.706121 -15.8115
-14.826 0.672831 -15.9332
-14.4013 0.612902 -16.099
-14.0269 0.585595 -16.2351
-13.7453 0.495063 -16.2565
-13.4778 0.410086 -16.276
-13.2032 0.299073 -16.2788
-13.0228 0.248725 -16.2781
-12.9544 0.24241 -16.2776
-12.4891 0.294012 -16.3772
-23.6892 2.90507 4.65002
-23.7228 2.57278 4.82495
-23.7601 2.10004 5.25649
-23.7793 1.75248 5.59772
-23.7777 1.51794 5.83541
-23.5393 1.2459 6.52147
-23.438 1.09061 6.77493
-23.2979 0.992436 7.14336
-22.383 4.39764 0.955377
-22.5889 4.98144 0.729353
-22.6163 5.30803 0.539784
-22.6489 5.82012 0.229309
-9.81397 9.11036 -18.1941
-9.80243 9.57989 -17.8791
-9.68857 9.89791 -17.6449
-9.71774 10.0449 -17.5495
-9.70939 10.2791 -17.3535
-9.72357 10.3955 -17.1757
-9.80757 10.6429 -16.8491
-9.88276 10.8346 -16.5589
-9.97144 11.0137 -16.0094
-10.0299 11.1217 -15.6454
-10.1241 11.2256 -15.3396
-10.2561 11.3254 -15.1804
-2.50076 10.935 15.4841
-2.29717 11.3352 15.2416
-2.22771 11.6743 15.0909
-2.16592 11.9162 14.9609
-2.02002 12.3667 14.687
-1.87743 12.8851 14.3695
-1.82418 13.0759 14.2499
-1.69356 13.5572 13.9478
-1.56768 13.9981 13.6705
-1.48154 14.372 13.4313
-1.39487 14.8755 13.1129
-1.36197 15.2271 12.8923
-1.33498 15.5522 12.6849
-1.31041 15.9023 12.4596
-1.29756 16.1112 12.3249
-1.28846 16.3507 12.1742
-1.28269 16.6 12.0198
-1.28059 16.8389 11.8743
-1.28045 17.0835 11.7265
-1.28138 17.3339 11.5761
-1.28387 17.6628 11.3793
-1.28548 17.9248 11.2248
-1.28757 18.21 11.0607
-1.28406 18.4871 10.8928
-1.30419 18.8235 10.7184
-1.34103 19.2305 10.5003
-1.38577 19.7253 10.2299
-1.45609 20.0651 10.0439
-1.53218 20.4105 9.85316
-1.65047 20.8987 9.58007
-1.75024 21.2494 9.3782
-1.85442 21.5756 9.1857
-1.96349 21.8665 9.00632
-2.05366 22.1083 8.84766
-2.16671 22.3477 8.67704
-2.30153 22.5945 8.50501
-2.4586 22.921 8.20417
-2.38339 13.2537 -8.24142
-1.98937 13.5788 -8.14524
-1.87095 13.9083 -8.12048
-1.77988 14.1624 -8.10051
-1.71421 14.5177 -8.08094
-1.66966 14.7836 -8.06619
-1.61348 15.2945 -8.03589
-1.57254 16.0665 -7.98781
-1.54758 16.6174 -7.95324
-1.54894 16.8299 -7.939
-1.56166 17.1115 -7.91918
-1.58762 17.4897 -7.89181
-1.61643 17.8351 -7.86647
-1.66482 18.3975 -7.82504
-1.6984 18.7343 -7.80092
-1.7221 18.9755 -7.78533
-1.74421 19.2129 -7.77159
-1.76247 19.4333 -7.76059
-1.77543 19.7858 -7.75231
-1.7731 20.0328 -7.7527
-1.76852 20.3475 -7.75407
-1.72712 20.7554 -7.7749
-1.70252 20.9485 -7.78747
-1.66362 21.2243 -7.80734
-1.63798 21.4245 -7.82052
-1.59317 21.8731 -7.84477
-1.46751 22.1941 -7.90087
-1.37707 22.5668 -7.93294
-1.24342 23.0806 -7.97399
-1.19788 23.4611 -7.95936
-1.15847 23.7789 -7.94705
-1.09336 24.521 -7.89225
-1.05244 25.2545 -7.81651
-1.05832 25.5183 -7.76779
-1.08679 25.8895 -7.67785
-1.14896 26.3467 -7.53984
-1.22315 26.7451 -7.39716
-1.30013 27.1328 -7.23324
-1.3998 27.4097 -7.08475
-1.52951 27.5947 -6.92939
-1.79288 27.9453 -6.58419
-1.95087 28.2281 -6.28752
-2.11713 28.4958 -6.00437
-20.8436 13.3431 -4.06988
-20.6806 13.5052 -4.50601
-20.5404 13.6788 -4.84764
-20.3947 13.8698 -5.11533
-20.2864 14.0032 -5.2941
-20.1727 14.1339 -5.45439
-20.0506 14.2648 -5.61678
-19.9507 14.3655 -5.75592
-19.7379 14.5778 -6.02234
-19.5025 14.8018 -6.28664
-19.2754 15.011 -6.51555
-18.9297 15.3068 -6.78422
-18.8067 15.4196 -6.86557
-18.6159 15.5934 -6.98294
-18.3885 15.7851 -7.11013
-18.1077 16.0123 -7.23983
-20.8436 13.3431 -4.06988
-20.9052 12.9681 -4.11844
-20.9764 12.6914 -4.06792
-21.0255 12.5049 -4.02993
-21.0852 12.2592 -3.98831
-21.1649 11.9305 -3.87354
-21.2166 11.7116 -3.79116
-21.2596 11.528 -3.7192
-21.3665 11.0724 -3.52874
-21.4689 10.6352 -3.33727
-21.5904 10.1388 -3.10224
-21.675 9.80761 -2.93791
-21.7813 9.35891 -2.70944
-21.921 8.87991 -2.40686
-22.0231 8.50244 -2.16639
-22.0858 8.13784 -1.92245
-22.1353 7.9332 -1.76213
-22.202 7.6629 -1.54719
-22.215 7.60927 -1.50381
-22.3641 7.00027 -1.00716
-22.458 6.59847 -0.654705
-22.5134 6.39182 -0.451107
-22.5918 6.1414 -0.152923
-22.6489 5.82012 0.229309
-15.1548 21.7162 0.246849
-15.3367 21.5046 0.0315008
-15.408 21.4215 -0.022719
-15.7736 20.9981 -0.142095
-15.1548 21.7162 0.246849
-15.0817 21.8012 0.0994261
-15.0284 21.8631 0.0427213
-14.7743 22.1466 -0.0714432
-14.5361 22.404 -0.165525
-14.2645 22.6947 -0.250595
-13.9635 23.0148 -0.332709
-13.5706 23.3386 -0.494687
-13.2441 23.6037 -0.617877
-12.9255 23.8493 -0.762677
-12.7024 24.0126 -0.874972
-12.4328 24.2041 -1.01897
-12.1056 24.4229 -1.2116
-11.5987 24.7159 -1.54633
-11.165 24.8919 -1.86928
-10.7688 24.9706 -2.18497
-10.1513 25.0409 -2.62489
-9.83637 25.0574 -2.84756
-9.57802 25.0699 -3.02912
-9.37203 25.0786 -3.17337
-8.90984 25.1082 -3.49451
-8.51441 25.0221 -3.7679
-5.87185 23.6863 7.85953
-6.19503 23.5378 7.9303
-6.49637 23.3353 8.06004
-6.83082 23.0867 8.19628
-7.0997 22.8834 8.30323
-7.30533 22.711 8.39271
-7.54485 22.4123 8.50905
-8.02692 21.7432 8.69474
-8.33172 21.3233 8.80465
-8.54284 21.0538 8.81486
-8.82955 20.6638 8.84939
-9.1424 20.2148 8.90277
-9.29887 19.977 8.93394
-9.46929 19.7146 8.95484
-9.60494 19.4277 9.05703
-9.76012 19.0668 9.20834
-9.90019 18.7906 9.27635
-10.0336 18.5269 9.33839
-10.0986 18.3609 9.41411
-10.2322 18.0212 9.56611
-10.3421 17.7066 9.73479
-10.4181 17.5049 9.82749
-10.5237 17.1931 9.99372
-10.6008 16.9431 10.1418
-10.6536 16.719 10.3075
-10.7143 16.4969 10.451
-10.7717 16.2666 10.6074
-10.8302 15.9509 10.8515
-10.9068 15.4937 11.2081
-10.8989 15.207 11.4875
-10.9063 14.9986 11.67
-10.9201 14.5971 12.0215
-10.9425 14.3894 12.177
-10.91 14.0813 12.4709
-10.8691 13.7713 12.7274
-10.8309 13.5706 12.9034
-10.7899 13.3633 13.0863
-10.7575 13.2034 13.2274
-10.7094 12.9834 13.4205
-10.6599 12.8036 13.5762
-10.5133 12.1865 14.0572
-5.87185 23.6863 7.85953
-6.171 23.806 7.67174
-6.38608 24.0526 7.37386
-6.53804 24.171 7.18483
-6.89587 24.4686 6.70044
-7.13479 24.6491 6.37482
-7.34098 24.7892 5.99922
-7.6409 24.995 5.443
-7.88521 25.112 5.02356
-8.17731 25.1303 4.56305
-8.53032 25.0991 4.00487
-8.68176 25.0535 3.72647
-8.77198 25.0266 3.55246
-8.88091 25.004 3.30509
-9.06461 24.9591 2.89423
-9.06461 24.9591 2.89423
-8.90162 25.1913 2.54443
-8.84902 25.2713 2.40274
-8.81226 25.3248 2.31182
-8.72756 25.4413 2.12642
-8.50397 25.7415 1.66396
-8.39374 25.8883 1.44122
-8.13741 26.1702 1.16791
-7.74312 26.5453 0.960738
-7.45233 26.8112 0.835107
-7.21702 27.014 0.759941
-6.97117 27.2165 0.697564
-6.58148 27.5036 0.652672
-6.29439 27.7174 0.613919
-5.99614 27.9103 0.60123
-5.5426 28.1655 0.610835
-5.24264 28.3192 0.595257
-4.40333 28.5086 0.57821
-3.71622 28.6397 0.566249
-3.45953 28.6655 0.54828
-3.16878 28.6296 0.481307
-2.7096 28.5104 0.394426
-2.7096 28.5104 0.394426
-2.34368 28.2855 0.793753
-2.26511 28.2283 0.911783
-2.11892 28.124 1.11437
-2.05256 28.0035 1.32896
-1.99312 27.9093 1.47773
-1.93079 27.7876 1.65425
-1.86564 27.6632 1.82101
-1.65497 27.2736 2.28818
-1.56946 27.1056 2.47339
-1.48431 26.9283 2.66219
-1.38597 26.7019 2.88971
-1.31913 26.5024 3.07312
-1.26168 26.3188 3.23982
-1.17196 26.0099 3.52147
-1.1135 25.7966 3.71663
-1.07846 25.6091 3.90305
-1.06325 25.4487 4.07564
-1.06116 25.153 4.42754
-1.10117 24.9364 4.7397
-1.20058 24.6211 5.24206
-1.41537 24.287 5.87662
-1.55637 24.0818 6.26782
-1.74192 23.813 6.77554
-1.81995 23.714 6.96338
-1.96047 23.534 7.29277
-2.1776 23.3371 7.66195
-2.4586 22.921 8.20417
-13.0287 12.032 -8.57592
-13.3245 12.7285 -8.76892
-13.568 12.9921 -8.82479
-13.6731 13.096 -8.84394
-14.0302 13.3649 -8.86966
-14.3047 13.5659 -8.88237
-14.5106 13.72 -8.88897
-14.7375 13.8604 -8.87874
-14.9517 13.9923 -8.86475
-15.1952 14.1304 -8.82996
-15.3522 14.2372 -8.80648
-15.5679 14.3774 -8.7725
-15.756 14.4996 -8.73986
-16.0539 14.6913 -8.68124
-16.2504 14.8146 -8.63111
-16.4874 14.9579 -8.55616
-16.6687 15.0669 -8.49047
-16.9737 15.2691 -8.36778
-17.2849 15.4338 -8.18485
-17.4969 15.524 -7.97244
-17.7839 15.7056 -7.66527
-17.9974 15.934 -7.37211
-18.1077 16.0123 -7.23983
-10.5133 12.1865 14.0572
-10.8499 11.4362 14.3651
-11.0182 11.0616 14.5043
-11.1896 10.7054 14.6034
-11.3067 10.4231 14.6877
-11.4014 10.1758 14.763
-11.6113 9.64482 14.9115
-11.7672 9.25613 15.0103
-11.9459 8.80738 15.1077
-12.2407 8.12242 15.2369
-12.5753 7.46457 15.1963
-12.7883 7.03689 15.1565
-13.0122 6.55127 15.1181
-13.2904 6.02856 15.0388
-13.4721 5.40249 15.0224
-4.97645 -24.9381 3.44753
-4.87145 -24.7469 3.32354
-4.73496 -24.4323 3.11829
-4.68786 -24.1786 2.95569
-4.63523 -23.9981 2.86159
-4.6104 -23.8372 2.77979
-4.58811 -23.6721 2.69772
-4.53367 -23.3539 2.54423
-4.49803 -23.1106 2.4281
-4.45409 -22.8202 2.29075
-4.38174 -22.398 2.09572
-4.33072 -22.1438 2.01308
-4.30918 -21.8949 1.94381
-4.30231 -21.6454 1.87874
-4.30683 -21.2169 1.77638
-4.3274 -20.6453 1.64975
-4.36187 -20.0812 1.53093
-4.44142 -19.7403 1.45521
-4.50361 -19.5685 1.40812
-4.62505 -19.192 1.3108
-4.88526 -18.5966 1.13153
-5.0176 -18.2882 1.03818
-5.18143 -17.901 0.918247
-5.29573 -17.616 0.823647
-5.37658 -17.4007 0.750251
-5.44375 -17.2133 0.685969
-5.48409 -17.0972 0.646078
-5.52465 -16.9728 0.603253
-5.58661 -16.7692 0.533325
-5.73832 -15.8521 0.229654
-5.79237 -15.2147 0.0252312
-5.79821 -15.0428 -0.0287691
-5.79993 -14.5544 -0.178782
-5.74779 -14.0651 -0.297278
-5.6713 -13.7183 -0.364884
-5.55557 -13.391 -0.414867
-5.48724 -13.1263 -0.457301
-5.23637 -12.5092 -0.515622
-5.15831 -12.2803 -0.544301
-4.93952 -11.8455 -0.552492
-4.75997 -11.5781 -0.517031
-4.53016 -11.3368 -0.430798
-4.35206 -11.1224 -0.37269
-4.10369 -10.9553 -0.223435
-3.93297 -10.8663 -0.106312
-3.8084 -10.8021 -0.0205258
-3.54166 -10.6649 0.162739
-3.02585 -10.4017 0.520504
-2.59082 -10.2662 0.950428
-2.34046 -10.1769 1.18777
-2.264 -10.1519 1.27335
-1.84289 -9.73645 1.47986
-16.6448 -18.7749 -5.43565
-17.0577 -18.6804 -5.28261
-17.3047 -18.5725 -5.2033
-17.6662 -18.4261 -5.0842
-18.0131 -18.1841 -5.00115
-18.2293 -18.0271 -4.9533
-18.5307 -17.7545 -4.90936
-18.6601 -17.6253 -4.89654
-18.8203 -17.4296 -4.90109
-19.1211 -16.9185 -4.99674
-19.3201 -16.4202 -5.15206
-19.4553 -16.0774 -5.25976
-19.5764 -15.7676 -5.35729
-19.6685 -15.5284 -5.43278
-19.7462 -15.3221 -5.49806
-19.824 -15.1184 -5.56137
-19.8983 -14.9202 -5.62207
-20.1105 -14.3397 -5.80185
-20.2415 -13.9301 -5.93379
-20.3687 -13.4908 -6.08494
-20.4942 -13.1963 -6.15584
-2.0492 -7.94716 18.5883
-1.78951 -7.71107 18.38
-1.6441 -7.48754 18.2329
-1.44725 -7.18097 18.0161
-1.3171 -6.93366 17.8594
-1.23862 -6.74885 17.7438
-1.07578 -6.28311 17.4815
-0.969277 -5.92241 17.2766
-0.917857 -5.64663 17.1502
-0.85915 -5.33481 16.9551
-0.852619 -5.16971 16.8494
-0.858674 -4.93399 16.6902
-0.864703 -4.73465 16.547
-0.881902 -4.34384 16.1862
-2.0492 -7.94716 18.5883
-2.18366 -8.41813 18.7347
-2.29556 -8.74877 18.809
-2.56376 -9.36248 18.9595
-2.74339 -9.74304 19.0392
-2.85338 -9.96277 19.0785
-2.94589 -10.1312 19.1047
-3.08857 -10.38 19.1382
-3.26986 -10.6552 19.1559
-3.48845 -10.965 19.1526
-3.6917 -11.2464 19.1425
-4.10344 -11.801 19.1088
-4.31727 -12.08 19.0514
-4.47966 -12.2515 18.9735
-4.57263 -12.3434 18.9227
-4.92912 -12.6106 18.7515
-12.2734 -4.73082 16.6097
-12.1597 -5.35059 16.4918
-12.0776 -5.63133 16.4564
-12.0606 -5.68602 16.4501
-11.961 -6.09986 16.383
-11.8163 -6.47271 16.3458
-11.6802 -6.7998 16.3175
-11.3962 -7.46271 16.2637
-11.1097 -7.98473 16.2397
-10.6536 -8.62969 16.2751
-10.5377 -8.7869 16.2869
-10.3321 -9.06315 16.3088
-10.2241 -9.20783 16.3207
-9.91762 -9.61421 16.3585
-9.61242 -9.98628 16.4248
-9.188 -10.4791 16.5686
-8.95495 -10.7263 16.7217
-8.78242 -10.8859 16.8756
-8.64105 -11.0389 16.9945
-8.47675 -11.1713 17.1506
-8.24874 -11.3703 17.3587
-7.98192 -11.526 17.5541
-7.44431 -11.8549 17.921
-7.09533 -12.0576 18.144
-6.80332 -12.214 18.3028
-6.44801 -12.3399 18.4146
-6.13316 -12.4648 18.4886
-5.78761 -12.5551 18.5504
-5.67427 -12.5825 18.5713
-5.46241 -12.6496 18.605
-4.92912 -12.6106 18.7515
-13.4721 5.40249 15.0224
-13.3883 4.97183 15.1527
-13.3179 4.78917 15.2306
-13.0972 4.17871 15.4759
-12.927 3.91682 15.5995
-12.7188 3.6388 15.7398
-12.5233 3.38766 15.8641
-12.1783 2.9916 16.0697
-11.7858 2.57025 16.2923
-11.7159 2.49843 16.3312
-11.4468 2.29927 16.4841
-10.9131 2.07432 16.7296
-10.3758 1.80909 16.9696
-10.0438 1.66218 17.1202
-9.61591 1.48878 17.3135
-9.38105 1.44804 17.4116
-9.09264 1.4353 17.5273
-8.90784 1.4271 17.5998
-8.43256 1.4231 17.7826
-8.02042 1.49935 17.9372
-7.66861 1.54535 18.0684
-7.31713 1.58323 18.1982
-6.73155 1.70722 18.317
-6.46007 1.75716 18.371
-6.22067 1.79886 18.4139
-5.9921 1.85565 18.4367
-5.72261 1.90118 18.4471
-5.42401 1.93626 18.4116
-5.14494 1.97677 18.3679
-4.59527 2.03001 18.2854
-4.22989 2.16353 18.1536
-3.9518 2.23592 18.0468
-3.39056 2.34659 17.8344
-2.97992 2.61594 17.6321
-2.11713 28.4958 -6.00437
-1.84264 28.7758 -5.57151
-1.71158 28.974 -5.27803
-1.61056 29.1165 -5.0493
-1.52051 29.178 -4.7028
-1.46575 29.2275 -4.32227
-1.49242 29.29 -4.14115
-1.45648 29.3135 -3.73745
-1.4781 29.2221 -3.15172
-1.50064 29.1739 -2.86957
-1.53193 29.1151 -2.5347
-1.57414 29.0324 -2.12649
-1.65456 28.9257 -1.63509
-1.64506 28.7663 -1.4162
-1.60259 28.4793 -1.05372
-18.1605 -9.14876 13.0386
-18.2483 -9.42302 12.784
-18.3684 -9.82686 12.4011
-18.4038 -10.1338 12.0747
-18.4419 -10.3884 11.7819
-18.4718 -10.5776 11.5574
-18.5185 -10.8227 11.2509
-18.4998 -10.9188 10.9674
-18.4567 -11.0052 10.512
-18.3837 -11.0577 9.96641
-18.3382 -11.0892 9.62142
-18.2638 -11.137 9.03476
-18.3144 -10.8928 8.55442
-18.3777 -10.6044 8.02864
-18.3994 -10.5103 7.8615
-18.4554 -10.2906 7.49083
-18.5039 -10.1208 7.224
-18.5616 -9.93635 6.95272
-18.6371 -9.7061 6.62692
-18.7731 -9.43224 6.371
-19.0515 -8.90645 5.91688
-19.2287 -8.613 5.69707
-19.3824 -8.36476 5.51609
-19.5509 -8.09261 5.31923
-19.9129 -7.51038 4.91456
-20.0669 -7.26276 4.74289
-20.224 -7.00981 4.57822
-20.428 -6.68125 4.36737
-20.5989 -6.40494 4.19215
-20.8379 -6.01406 3.96534
-21.0123 -5.7212 3.81221
-21.232 -5.34112 3.6266
-21.4258 -4.99713 3.47317
-21.5888 -4.6802 3.33186
-21.6885 -4.46988 3.24085
-21.9017 -4.01217 3.04534
-21.9932 -3.80586 2.9572
-22.1171 -3.52031 2.83492
-22.2761 -3.14403 2.67249
-22.3619 -2.9299 2.57763
-22.4665 -2.63029 2.43398
-22.5322 -2.44995 2.35027
-22.6395 -2.11654 2.17887
-22.7317 -1.69735 1.88691
-22.776 -1.41292 1.67606
-22.7968 -1.2572 1.53999
-22.8658 -0.764523 1.02905
-22.8973 -0.51895 0.766543
-22.9242 -0.299935 0.531909
-22.9565 -0.0322689 0.225098
-22.973 0.299146 -0.196479
-22.982 0.694586 -0.741701
-22.9568 1.02032 -1.23202
-22.9442 1.15334 -1.44518
-22.9365 1.22105 -1.54397
-22.9124 1.33899 -1.71652
-22.8537 1.47386 -1.97681
-22.7788 1.63526 -2.29497
-22.7042 1.79733 -2.6114
-22.6091 2.00288 -3.0102
-22.5306 2.17109 -3.33369
-22.4477 2.35254 -3.67253
-22.3802 2.50754 -3.9429
-22.3163 2.64627 -4.17502
-22.2239 2.78731 -4.46681
-22.1418 3.02557 -4.74898
-22.0664 3.37499 -5.03884
-22.0479 3.46135 -5.11016
-21.9641 3.87183 -5.43786
-21.8984 4.20247 -5.6973
-21.8368 4.48603 -5.93137
-21.7832 4.81781 -6.15135
-21.7788 5.02572 -6.2214
-21.7565 5.32408 -6.35451
-21.7159 5.5093 -6.48613
-21.6417 5.92589 -6.74305
-21.5413 6.40952 -7.0608
-21.4731 6.70259 -7.25805
-21.4248 6.89852 -7.39359
-21.3791 7.0612 -7.51138
-21.2688 7.40336 -7.77382
-21.1974 7.60371 -7.93547
-21.0308 8.00467 -8.28597
-20.9253 8.25028 -8.50459
-20.8496 8.41365 -8.65681
-20.7518 8.61575 -8.84836
-20.5183 9.04451 -9.25831
-20.3444 9.32493 -9.52492
-20.107 9.70188 -9.82475
-19.877 10.0395 -10.1098
-19.7076 10.27 -10.2843
-19.5372 10.4789 -10.4515
-19.3437 10.7138 -10.5869
-19.0904 10.9871 -10.8179
-18.8611 11.2254 -10.9412
-18.6091 11.4671 -11.0684
-18.2762 11.7516 -11.2582
-18.1144 11.8521 -11.4324
-17.8452 11.9858 -11.5946
-17.4665 12.1699 -11.8089
-17.1903 12.2987 -11.965
-17.0321 12.3696 -12.0541
-16.7795 12.4765 -12.1968
-16.5528 12.5526 -12.3248
-16.1359 12.6587 -12.5557
-15.9496 12.6927 -12.6589
-15.7337 12.7215 -12.7767
-15.3053 12.7571 -13.0035
-14.9123 12.7711 -13.2071
-14.6094 12.7696 -13.3603
-13.9946 12.7334 -13.6645
-13.7493 12.7165 -13.7867
-13.5269 12.6985 -13.9099
-13.2239 12.6487 -14.0467
-12.9413 12.5847 -14.1652
-12.5953 12.4921 -14.2888
-12.3723 12.4168 -14.3663
-12.0724 12.3082 -14.4844
-11.8287 12.1906 -14.5813
-11.6024 12.0772 -14.6603
-11.1657 11.8572 -14.8159
-10.9298 11.7324 -14.8985
-10.7307 11.6229 -14.9485
-10.5914 11.5391 -15.0137
-10.2561 11.3254 -15.1804
-0.881902 -4.34384 16.1862
-0.890468 -4.01416 16.3387
-0.900815 -3.77094 16.4294
-0.930254 -3.37436 16.5841
-0.956302 -3.11112 16.6873
-0.990364 -2.83106 16.7938
-1.02547 -2.57641 16.8867
-1.07021 -2.30218 16.9812
-1.13639 -1.9431 17.0986
-1.17513 -1.7719 17.1496
-1.23147 -1.56163 17.2064
-1.30414 -1.31779 17.2679
-1.36876 -1.11451 17.3129
-1.48361 -0.788283 17.37
-1.70853 -0.255654 17.4846
-1.81762 -0.0520896 17.534
-1.99537 0.251319 17.6092
-2.18996 0.814258 17.5994
-2.36455 1.24049 17.6089
-2.60819 1.80853 17.6231
-2.75787 2.09879 17.6339
-2.84467 2.26951 17.6384
-2.97992 2.61594 17.6321
-12.4891 0.294012 -16.3772
-12.48 -0.0488862 -16.1273
-12.2954 -0.380471 -15.9062
-12.1704 -0.58371 -15.7668
-11.9377 -0.982285 -15.4902
-11.8054 -1.19493 -15.3329
-11.6392 -1.44397 -15.1277
-11.4137 -1.74039 -14.8584
-11.3515 -1.86704 -14.7501
-11.099 -2.08077 -14.5027
-10.8672 -2.23638 -14.2879
-9.99705 -2.42566 -13.7898
-7.21716 -26.5043 11.5295
-7.53901 -26.2907 11.7867
-7.77561 -26.1788 11.8947
-7.96409 -26.0723 11.9932
-8.35783 -25.8417 12.2069
-8.88455 -25.5161 12.4802
-9.18154 -25.3117 12.6222
-9.51727 -25.1392 12.6797
-9.77701 -24.9837 12.7317
-10.1323 -24.7724 12.776
-10.3377 -24.6503 12.7851
-10.7267 -24.412 12.8
-11.0253 -24.2263 12.8122
-11.3722 -24.0278 12.8057
-11.6177 -23.9234 12.7414
-11.9291 -23.7414 12.6786
-12.0919 -23.6556 12.639
-12.493 -23.4285 12.543
-12.8233 -23.2513 12.4441
-13.0969 -23.1155 12.3525
-13.4169 -22.9748 12.2152
-13.8593 -22.8013 11.9981
-14.143 -22.7059 11.8394
-14.4916 -22.6039 11.6247
-14.7098 -22.5449 11.4836
-15.0699 -22.4501 11.2471
-15.4427 -22.3542 10.998
-15.6659 -22.2992 10.844
-15.9355 -22.2354 10.6504
-16.3005 -22.1545 10.3652
-16.5165 -22.1069 10.1915
-16.6879 -22.0691 10.0505
-16.8898 -22.0228 9.87607
-17.1703 -21.956 9.62672
-17.7275 -21.8185 9.12378
-17.872 -21.7825 8.99298
-18.0549 -21.7341 8.82517
-18.1358 -21.71 8.74915
-18.6049 -21.5555 8.29905
-18.8718 -21.453 8.03489
-19.1448 -21.3266 7.75218
-19.3683 -21.2149 7.51559
-19.5511 -21.1163 7.31714
-19.6827 -21.0443 7.1733
-19.8506 -20.9509 6.98818
-20.2592 -20.7177 6.5296
-20.5716 -20.5343 6.17041
-20.7278 -20.4384 5.98294
-20.8781 -20.3409 5.79176
-21.0046 -20.2562 5.62238
-21.1211 -20.1744 5.46228
-21.2712 -20.0625 5.23128
-21.4022 -19.9595 5.01492
-21.5252 -19.8582 4.80563
-21.756 -19.6576 4.3655
-21.8834 -19.5426 4.10561
-21.9755 -19.4524 3.90845
-22.0907 -19.3351 3.61791
-22.225 -19.1786 3.31875
-22.2708 -19.0945 3.0914
-22.3218 -18.9995 2.82871
-22.3988 -18.8529 2.40483
-22.4567 -18.7394 2.07421
-22.5137 -18.6226 1.73057
-22.5726 -18.4963 1.35539
-22.6312 -18.3568 0.950055
-22.6547 -18.2736 0.623587
-22.6662 -18.1695 0.249043
-22.646 -18.0979 -0.187679
-7.21716 -26.5043 11.5295
-7.09077 -26.7912 11.2154
-7.23206 -27.0384 10.9325
-7.27289 -27.185 10.7504
-7.38791 -27.5411 10.2837
-7.5388 -28.0401 9.59755
-7.62317 -28.3158 9.07373
-7.72329 -28.4775 8.71663
-7.82146 -28.6774 8.24873
-7.96607 -28.8216 7.84071
-8.13355 -28.9073 7.32036
-8.2151 -28.9593 7.0347
-8.27687 -28.9987 6.81709
-8.39706 -29.0677 6.42275
-8.49506 -29.0831 6.00679
-8.55694 -29.0905 5.75411
-8.59952 -29.0956 5.57839
-8.65496 -29.1015 5.34829
-8.78623 -29.1118 4.79459
-8.86894 -29.1164 4.42935
-8.96153 -29.1106 4.03281
-9.09486 -29.0412 3.45335
-9.15281 -29.0059 3.16085
-9.20452 -28.9738 2.89917
-9.30046 -28.9125 2.40856
-9.38901 -28.8559 1.9775
-9.42208 -28.8368 1.84366
-9.44925 -28.8195 1.73486
-9.4991 -28.7645 1.43127
-9.66741 -28.618 0.771349
-22.646 -18.0979 -0.187679
-22.5476 -18.2634 -0.353715
-22.3981 -18.4834 -0.718316
-22.1933 -18.8008 -1.15376
-22.1257 -18.9046 -1.29732
-21.9955 -19.09 -1.49862
-21.9336 -19.1793 -1.58089
-21.8124 -19.3454 -1.74243
-21.7159 -19.4766 -1.86622
-21.5899 -19.6412 -2.01372
-21.4636 -19.8054 -2.15925
-21.1385 -20.222 -2.52214
-20.7325 -20.7155 -2.8853
-20.6142 -20.8541 -2.97624
-20.4531 -21.0358 -3.09569
-20.156 -21.3681 -3.26304
-19.762 -21.7925 -3.44457
-19.4699 -22.1022 -3.55647
-19.0737 -22.5089 -3.61247
-18.8583 -22.7267 -3.61667
-18.598 -22.9888 -3.62019
-18.3833 -23.201 -3.61329
-18.0227 -23.5569 -3.56504
-17.8026 -23.7645 -3.53235
-17.562 -23.9889 -3.48471
-17.2472 -24.2841 -3.39161
-16.8519 -24.6493 -3.24994
-16.43 -25.0293 -3.10103
-16.2833 -25.1559 -3.0465
-15.9697 -25.4192 -2.92942
-15.6668 -25.6629 -2.80062
-15.4808 -25.8032 -2.73465
-15.2609 -25.9673 -2.61439
-14.8392 -26.2646 -2.37067
-14.2475 -26.6646 -2.02495
-13.6967 -27.0118 -1.67568
-13.2982 -27.2288 -1.40474
-13.0399 -27.3577 -1.24692
-12.8483 -27.4532 -1.1255
-12.6918 -27.5263 -1.03006
-12.2381 -27.746 -0.72468
-12.1028 -27.7908 -0.682747
-11.6847 -27.9648 -0.423786
-11.3601 -28.0823 -0.247909
-10.8903 -28.2428 0.00743427
-10.5449 -28.3562 0.187447
-10.1403 -28.4783 0.387663
-9.66741 -28.618 0.771349
-10.7819 -5.20734 -11.2957
-10.6985 -4.85135 -11.6556
-10.6813 -4.63372 -11.8981
-10.6899 -4.48305 -12.0736
-10.676 -4.21496 -12.3553
-10.6729 -4.04342 -12.534
-10.6576 -3.8746 -12.7006
-10.5324 -3.49119 -13.0152
-10.4003 -3.17519 -13.256
-10.2475 -2.85532 -13.4921
-9.99705 -2.42566 -13.7898
0 1
1 2
2 3
3 4
5 6
6 7
7 8
8 9
9 10
10 11
11 12
12 13
13 14
14 15
15 16
16 17
17 18
18 19
19 20
20 21
21 22
22 23
23 24
24 25
25 26
26 27
27 28
28 29
29 30
30 31
31 32
32 33
33 34
34 35
36 37
37 38
38 39
39 40
40 41
41 42
43 44
44 45
45 46
46 47
47 48
48 49
49 50
50 51
51 52
52 53
53 54
54 55
55 56
56 57
57 58
58 59
59 60
60 61
61 62
62 63
63 64
64 65
65 66
66 67
67 68
69 70
70 71
71 72
72 73
73 74
74 75
75 76
76 77
77 78
78 79
79 80
80 81
81 82
82 83
83 84
84 85
85 86
86 87
87 88
88 89
89 90
90 91
91 92
93 94
94 95
95 96
96 97
97 98
98 99
99 100
101 102
102 103
103 104
104 105
105 106
106 107
107 108
108 109
109 110
110 111
111 112
112 113
113 114
114 115
116 117
117 118
118 119
119 120
120 121
121 122
122 123
123 124
124 125
125 126
127 128
128 129
129 130
130 131
131 132
132 133
133 134
134 135
135 136
136 137
137 138
138 139
139 140
140 141
141 142
142 143
143 144
145 146
146 147
147 148
148 149
149 150
150 151
151 152
152 153
153 154
154 155
155 156
156 157
157 158
158 159
159 160
160 161
161 162
162 163
163 164
164 165
165 166
166 167
167 168
168 169
169 170
170 171
171 172
172 173
173 174
174 175
175 176
176 177
177 178
179 180
180 181
181 182
182 183
183 184
184 185
185 186
186 187
187 188
188 189
189 190
190 191
192 193
193 194
194 195
195 196
196 197
197 198
198 199
199 200
200 201
201 202
202 203
203 204
204 205
205 206
207 208
208 209
209 210
210 211
211 212
212 213
213 214
214 215
215 216
216 217
217 218
218 219
219 220
220 221
221 222
222 223
223 224
224 225
225 226
226 227
227 228
228 229
229 230
230 231
232 233
233 234
234 235
235 236
236 237
238 239
239 240
240 241
241 242
242 243
243 244
244 245
245 246
246 247
247 248
248 249
249 250
250 251
251 252
252 253
253 254
254 255
255 256
256 257
257 258
258 259
259 260
260 261
261 262
262 263
264 265
265 266
266 267
267 268
268 269
269 270
270 271
271 272
272 273
273 274
274 275
275 276
276 277
277 278
278 279
279 280
280 281
281 282
282 283
283 284
284 285
285 286
287 288
288 289
289 290
290 291
291 292
293 294
294 295
296 297
297 298
298 299
299 300
300 301
301 302
302 303
303 304
304 305
305 306
306 307
307 308
308 309
309 310
310 311
311 312
312 313
313 314
314 315
315 316
316 317
317 318
318 319
319 320
320 321
322 323
323 324
324 325
325 326
326 327
327 328
328 329
329 330
330 331
331 332
332 333
333 334
334 335
335 336
336 337
337 338
338 339
339 340
340 341
341 342
343 344
344 345
345 346
346 347
347 348
348 349
349 350
350 351
351 352
352 353
353 354
354 355
355 356
356 357
357 358
358 359
359 360
360 361
361 362
362 363
363 364
364 365
365 366
366 367
368 369
369 370
370 371
371 372
372 373
373 374
374 375
375 376
377 378
378 379
379 380
380 381
381 382
382 383
384 385
385 386
386 387
387 388
388 389
389 390
390 391
391 392
392 393
393 394
394 395
395 396
396 397
397 398
398 399
399 400
400 401
401 402
402 403
403 404
404 405
405 406
406 407
407 408
408 409
409 410
410 411
411 412
413 414
414 415
416 417
417 418
418 419
419 420
420 421
421 422
422 423
423 424
424 425
425 426
426 427
427 428
428 429
429 430
430 431
431 432
432 433
433 434
434 435
435 436
437 438
438 439
439 440
440 441
441 442
442 443
443 444
444 445
445 446
446 447
447 448
448 449
449 450
450 451
451 452
452 453
453 454
454 455
455 456
456 457
457 458
458 459
459 460
460 461
461 462
462 463
463 464
464 465
465 466
466 467
467 468
468 469
469 470
470 471
471 472
472 473
473 474
474 475
475 476
476 477
477 478
478 479
479 480
480 481
481 482
482 483
483 484
484 485
486 487
487 488
488 489
489 490
490 491
491 492
492 493
493 494
494 495
495 496
496 497
497 498
499 500
500 501
501 502
502 503
503 504
504 505
505 506
506 507
507 508
508 509
510 511
511 512
512 513
513 514
514 515
515 516
516 517
517 518
518 519
520 521
521 522
522 523
523 524
524 525
525 526
526 527
527 528
528 529
529 530
530 531
531 532
532 533
533 534
534 535
535 536
536 537
538 539
539 540
540 541
541 542
542 543
543 544
544 545
545 546
546 547
547 548
548 549
549 550
550 551
551 552
552 553
553 554
554 555
555 556
556 557
557 558
558 559
559 560
560 561
561 562
562 563
564 565
565 566
566 567
567 568
568 569
569 570
570 571
571 572
572 573
573 574
574 575
575 576
576 577
577 578
578 579
579 580
580 581
581 582
582 583
583 584
584 585
585 586
586 587
587 588
588 589
589 590
590 591
591 592
592 593
593 594
594 595
596 597
597 598
598 599
599 600
600 601
601 602
602 603
603 604
604 605
605 606
606 607
607 608
608 609
609 610
610 611
611 612
612 613
613 614
614 615
615 616
616 617
617 618
618 619
619 620
621 622
622 623
623 624
624 625
625 626
626 627
627 628
628 629
629 630
630 631
631 632
632 633
633 634
634 635
635 636
636 637
637 638
638 639
639 640
640 641
641 642
642 643
643 644
644 645
645 646
646 647
647 648
648 649
649 650
651 652
652 653
653 654
654 655
655 656
656 657
657 658
658 659
659 660
660 661
661 662
662 663
663 664
664 665
665 666
666 667
667 668
668 669
669 670
670 671
671 672
672 673
673 674
674 675
675 676
676 677
678 679
679 680
680 681
681 682
682 683
683 684
684 685
685 686
686 687
687 688
688 689
689 690
691 692
692 693
693 694
694 695
695 696
696 697
697 698
698 699
700 701
701 702
702 703
703 704
704 705
705 706
706 707
707 708
708 709
709 710
710 711
711 712
712 713
713 714
714 715
715 716
716 717
717 718
718 719
719 720
720 721
721 722
722 723
723 724
724 725
725 726
726 727
727 728
728 729
729 730
730 731
731 732
732 733
733 734
734 735
735 736
737 738
738 739
739 740
740 741
741 742
743 744
744 745
745 746
746 747
747 748
748 749
749 750
750 751
751 752
752 753
753 754
754 755
755 756
756 757
757 758
758 759
759 760
760 761
761 762
762 763
763 764
764 765
765 766
766 767
767 768
768 769
769 770
770 771
771 772
772 773
773 774
774 775
775 776
776 777
777 778
778 779
779 780
780 781
781 782
782 783
783 784
784 785
785 786
786 787
787 788
789 790
790 791
791 792
792 793
793 794
794 795
795 796
796 797
797 798
798 799
799 800
800 801
801 802
802 803
803 804
804 805
805 806
806 807
808 809
809 810
810 811
811 812
812 813
813 814
814 815
815 816
817 818
818 819
819 820
820 821
821 822
822 823
823 824
824 825
825 826
827 828
828 829
829 830
830 831
831 832
832 833
833 834
834 835
835 836
836 837
837 838
838 839
840 841
841 842
842 843
843 844
844 845
845 846
846 847
847 848
848 849
849 850
850 851
852 853
853 854
854 855
855 856
856 857
857 858
858 859
859 860
860 861
861 862
862 863
863 864
864 865
865 866
866 867
867 868
868 869
869 870
870 871
871 872
872 873
873 874
874 875
876 877
877 878
878 879
879 880
880 881
881 882
882 883
883 884
884 885
885 886
886 887
887 888
888 889
889 890
890 891
891 892
892 893
893 894
894 895
895 896
896 897
897 898
898 899
899 900
900 901
901 902
902 903
903 904
905 906
906 907
907 908
908 909
909 910
910 911
911 912
912 913
913 914
914 915
915 916
916 917
917 918
918 919
919 920
920 921
921 922
922 923
923 924
924 925
925 926
926 927
927 928
928 929
929 930
930 931
931 932
932 933
933 934
934 935
935 936
936 937
937 938
938 939
939 940
940 941
941 942
942 943
943 944
944 945
945 946
946 947
947 948
949 950
950 951
951 952
952 953
953 954
954 955
955 956
956 957
957 958
958 959
959 960
960 961
961 962
962 963
963 964
964 965
965 966
966 967
967 968
968 969
970 971
971 972
972 973
973 974
974 975
975 976
976 977
977 978
978 979
979 980
980 981
981 982
982 983
983 984
984 985
985 986
986 987
987 988
988 989
989 990
990 991
992 993
993 994
994 995
995 996
996 997
997 998
998 999
999 1000
1000 1001
1001 1002
1002 1003
1003 1004
1004 1005
1005 1006
1006 1007
1007 1008
1008 1009
1009 1010
1010 1011
1011 1012
1012 1013
1013 1014
1014 1015
1015 1016
1016 1017
1017 1018
1019 1020
1020 1021
1021 1022
1022 1023
1023 1024
1024 1025
1025 1026
1026 1027
1027 1028
1028 1029
1029 1030
1030 1031
1031 1032
1032 1033
1033 1034
1034 1035
1036 1037
1037 1038
1038 1039
1039 1040
1040 1041
1041 1042
1042 1043
1043 1044
1044 1045
1045 1046
1046 1047
1047 1048
1048 1049
1049 1050
1050 1051
1051 1052
1052 1053
1053 1054
1054 1055
1055 1056
1056 1057
1057 1058
1058 1059
1059 1060
1060 1061
1061 1062
1062 1063
1063 1064
1064 1065
1065 1066
1066 1067
1067 1068
1069 1070
1070 1071
1071 1072
1072 1073
1073 1074
1074 1075
1075 1076
1076 1077
1077 1078
1078 1079
1079 1080
1080 1081
1081 1082
1082 1083
1083 1084
1084 1085
1085 1086
1086 1087
1087 1088
1088 1089
1089 1090
1090 1091
1091 1092
1092 1093
1093 1094
1095 1096
1096 1097
1097 1098
1098 1099
1099 1100
1100 1101
1101 1102
1102 1103
1103 1104
1104 1105
1105 1106
1106 1107
1107 1108
1108 1109
1109 1110
1110 1111
1111 1112
1112 1113
1113 1114
1114 1115
1115 1116
1116 1117
1117 1118
1118 1119
1119 1120
1121 1122
1122 1123
1123 1124
1124 1125
1125 1126
1126 1127
1127 1128
1128 1129
1129 1130
1130 1131
1131 1132
1132 1133
1133 1134
1134 1135
1135 1136
1136 1137
1138 1139
1139 1140
1140 1141
1141 1142
1142 1143
1143 1144
1145 1146
1146 1147
1147 1148
1148 1149
1149 1150
1150 1151
1151 1152
1152 1153
1154 1155
1155 1156
1156 1157
1157 1158
1158 1159
1159 1160
1160 1161
1161 1162
1162 1163
1163 1164
1164 1165
1165 1166
1166 1167
1167 1168
1168 1169
1169 1170
1170 1171
1171 1172
1172 1173
1173 1174
1174 1175
1175 1176
1176 1177
1177 1178
1178 1179
1179 1180
1180 1181
1181 1182
1182 1183
1183 1184
1184 1185
1185 1186
1186 1187
1187 1188
1188 1189
1189 1190
1190 1191
1191 1192
1192 1193
1193 1194
1194 1195
1195 1196
1196 1197
1197 1198
1198 1199
1199 1200
1200 1201
1201 1202
1202 1203
1203 1204
1204 1205
1205 1206
1206 1207
1208 1209
1209 1210
1210 1211
1211 1212
1212 1213
1213 1214
1214 1215
1215 1216
1216 1217
1217 1218
1218 1219
1220 1221
1221 1222
1222 1223
1223 1224
1224 1225
1225 1226
1226 1227
1227 1228
1228 1229
1229 1230
1230 1231
1231 1232
1232 1233
1233 1234
1234 1235
1235 1236
1236 1237
1237 1238
1238 1239
1239 1240
1240 1241
1241 1242
1242 1243
1243 1244
1244 1245
1245 1246
1246 1247
1247 1248
1248 1249
1249 1250
1250 1251
1251 1252
1252 1253
1253 1254
1255 1256
1256 1257
1257 1258
1258 1259
1259 1260
1260 1261
1261 1262
1262 1263
1263 1264
1264 1265
1265 1266
1266 1267
1267 1268
1268 1269
1269 1270
1270 1271
1271 1272
1272 1273
1273 1274
1274 1275
1276 1277
1277 1278
1278 1279
1279 1280
1280 1281
1281 1282
1282 1283
1283 1284
1284 1285
1285 1286
1286 1287
1287 1288
1288 1289
1289 1290
1290 1291
1291 1292
1292 1293
1293 1294
1294 1295
1295 1296
1296 1297
1297 1298
1298 1299
1299 1300
1300 1301
1301 1302
1302 1303
1303 1304
1304 1305
1305 1306
1306 1307
1307 1308
1308 1309
1309 1310
1310 1311
1311 1312
1312 1313
1313 1314
1314 1315
1315 1316
1316 1317
1317 1318
1318 1319
1319 1320
1320 1321
1321 1322
1322 1323
1323 1324
1324 1325
1325 1326
1326 1327
1327 1328
1328 1329
1329 1330
1330 1331
1331 1332
1332 1333
1333 1334
1334 1335
1336 1337
1337 1338
1338 1339
1339 1340
1340 1341
1341 1342
1342 1343
1343 1344
1344 1345
1346 1347
1347 1348
1348 1349
1349 1350
1350 1351
1351 1352
1352 1353
1353 1354
1354 1355
1355 1356
1356 1357
1357 1358
1358 1359
1359 1360
1361 1362
1362 1363
1363 1364
1364 1365
1365 1366
1366 1367
1367 1368
1368 1369
1369 1370
1370 1371
1371 1372
1372 1373
1373 1374
1374 1375
1375 1376
1376 1377
1377 1378
1378 1379
1379 1380
1380 1381
1381 1382
1382 1383
1383 1384
1384 1385
1386 1387
1387 1388
1388 1389
1389 1390
1390 1391
1391 1392
1392 1393
1393 1394
1395 1396
1396 1397
1397 1398
1398 1399
1399 1400
1400 1401
1401 1402
1402 1403
1403 1404
1404 1405
1405 1406
1406 1407
1407 1408
1408 1409
1409 1410
1410 1411
1411 1412
1412 1413
1413 1414
1414 1415
1415 1416
1416 1417
1417 1418
1418 1419
1420 1421
1421 1422
1422 1423
1423 1424
1424 1425
1425 1426
1426 1427
1427 1428
1428 1429
1429 1430
1430 1431
1431 1432
1432 1433
1433 1434
1434 1435
1435 1436
1436 1437
1437 1438
1438 1439
1439 1440
1440 1441
1441 1442
1442 1443
1443 1444
1444 1445
1445 1446
1446 1447
1447 1448
1448 1449
1449 1450
1450 1451
1451 1452
1452 1453
1453 1454
1454 1455
1455 1456
1456 1457
1457 1458
1458 1459
1459 1460
1460 1461
1461 1462
1462 1463
1463 1464
1464 1465
1465 1466
1466 1467
1467 1468
1468 1469
1469 1470
1470 1471
1471 1472
1472 1473
1473 1474
1474 1475
1475 1476
1476 1477
1477 1478
1478 1479
1479 1480
1480 1481
1481 1482
1482 1483
1483 1484
1484 1485
1485 1486
1486 1487
1487 1488
1488 1489
1489 1490
1490 1491
1491 1492
1492 1493
1493 1494
1494 1495
1495 1496
1496 1497
1497 1498
1498 1499
1499 1500
1500 1501
1501 1502
1502 1503
1503 1504
1504 1505
1505 1506
1506 1507
1507 1508
1508 1509
1509 1510
1510 1511
1511 1512
1512 1513
1513 1514
1514 1515
1515 1516
1516 1517
1517 1518
1518 1519
1519 1520
1520 1521
1521 1522
1522 1523
1523 1524
1524 1525
1525 1526
1527 1528
1528 1529
1529 1530
1530 1531
1531 1532
1532 1533
1533 1534
1534 1535
1535 1536
1536 1537
1537 1538
1538 1539
1539 1540
1540 1541
1541 1542
1542 1543
1543 1544
1544 1545
1545 1546
1546 1547
1547 1548
1548 1549
1549 1550
1551 1552
1552 1553
1553 1554
1554 1555
1555 1556
1556 1557
1557 1558
1558 1559
1559 1560
1560 1561
1561 1562
1562 1563
1564 1565
1565 1566
1566 1567
1567 1568
1568 1569
1569 1570
1570 1571
1571 1572
1572 1573
1573 1574
1574 1575
1575 1576
1576 1577
1577 1578
1578 1579
1580 1581
1581 1582
1582 1583
1583 1584
1584 1585
1585 1586
1586 1587
1587 1588
1588 1589
1589 1590
1590 1591
1591 1592
1592 1593
1593 1594
1594 1595
1595 1596
1596 1597
1597 1598
1598 1599
1599 1600
1600 1601
1601 1602
1602 1603
1603 1604
1604 1605
1606 1607
1607 1608
1608 1609
1609 1610
1610 1611
1611 1612
1612 1613
1614 1615
1615 1616
1616 1617
1618 1619
1619 1620
1620 1621
1621 1622
1622 1623
1623 1624
1624 1625
1625 1626
1626 1627
1627 1628
1628 1629
1630 1631
1631 1632
1632 1633
1633 1634
1634 1635
1635 1636
1636 1637
1637 1638
1638 1639
1639 1640
1640 1641
1641 1642
1642 1643
1643 1644
1644 1645
1645 1646
1646 1647
1647 1648
1648 1649
1649 1650
1650 1651
1651 1652
1652 1653
1653 1654
1654 1655
1655 1656
1656 1657
1657 1658
1658 1659
1659 1660
1660 1661
1661 1662
1662 1663
1663 1664
1664 1665
1665 1666
1667 1668
1668 1669
1669 1670
1670 1671
1671 1672
1672 1673
1673 1674
1674 1675
1675 1676
1676 1677
1677 1678
1678 1679
1679 1680
1680 1681
1681 1682
1682 1683
1683 1684
1684 1685
1685 1686
1686 1687
1687 1688
1688 1689
1689 1690
1690 1691
1691 1692
1692 1693
1693 1694
1694 1695
1695 1696
1696 1697
1697 1698
1698 1699
1699 1700
1700 1701
1701 1702
1702 1703
1703 1704
1704 1705
1705 1706
1706 1707
1707 1708
1708 1709
1710 1711
1711 1712
1712 1713
1713 1714
1714 1715
1715 1716
1716 1717
1717 1718
1718 1719
1719 1720
1720 1721
1721 1722
1722 1723
1723 1724
1724 1725
1726 1727
1727 1728
1728 1729
1729 1730
1730 1731
1731 1732
1732 1733
1733 1734
1734 1735
1735 1736
1736 1737
1737 1738
1738 1739
1739 1740
1740 1741
1741 1742
1742 1743
1743 1744
1744 1745
1745 1746
1746 1747
1747 1748
1748 1749
1750 1751
1751 1752
1752 1753
1754 1755
1755 1756
1756 1757
1757 1758
1758 1759
1759 1760
1760 1761
1761 1762
1762 1763
1763 1764
1764 1765
1765 1766
1766 1767
1767 1768
1768 1769
1769 1770
1770 1771
1771 1772
1772 1773
1773 1774
1774 1775
1776 1777
1777 1778
1778 1779
1779 1780
1780 1781
1781 1782
1782 1783
1783 1784
1784 1785
1785 1786
1786 1787
1787 1788
1788 1789
1789 1790
1790 1791
1791 1792
1792 1793
1793 1794
1794 1795
1795 1796
1796 1797
1797 1798
1798 1799
1799 1800
1800 1801
1801 1802
1802 1803
1803 1804
1804 1805
1805 1806
1806 1807
1807 1808
1808 1809
1809 1810
1810 1811
1811 1812
1812 1813
1813 1814
1814 1815
1815 1816
1817 1818
1818 1819
1819 1820
1820 1821
1821 1822
1822 1823
1823 1824
1824 1825
1825 1826
1826 1827
1827 1828
1828 1829
1829 1830
1830 1831
1832 1833
1833 1834
1834 1835
1835 1836
1836 1837
1837 1838
1838 1839
1839 1840
1840 1841
1841 1842
1842 1843
1843 1844
1844 1845
1845 1846
1846 1847
1847 1848
1848 1849
1849 1850
1850 1851
1851 1852
1852 1853
1854 1855
1855 1856
1856 1857
1857 1858
1858 1859
1859 1860
1860 1861
1861 1862
1862 1863
1863 1864
1864 1865
1865 1866
1866 1867
1867 1868
1868 1869
1869 1870
1870 1871
1871 1872
1872 1873
1873 1874
1874 1875
1875 1876
1876 1877
1877 1878
1878 1879
1879 1880
1880 1881
1882 1883
1883 1884
1884 1885
1885 1886
1886 1887
1887 1888
1888 1889
1889 1890
1890 1891
1891 1892
1892 1893
1893 1894
1894 1895
1895 1896
1896 1897
1897 1898
1898 1899
1899 1900
1900 1901
1901 1902
1902 1903
1903 1904
1905 1906
1906 1907
1907 1908
1908 1909
1909 1910
1910 1911
1911 1912
1912 1913
1913 1914
1914 1915
1915 1916
1916 1917
1917 1918
1918 1919
1920 1921
1921 1922
1922 1923
1923 1924
1924 1925
1925 1926
1926 1927
1927 1928
1928 1929
1929 1930
1930 1931
1931 1932
1932 1933
1933 1934
1934 1935
1935 1936
1936 1937
1937 1938
1938 1939
1939 1940
1940 1941
1941 1942
1942 1943
1943 1944
1944 1945
1945 1946
1946 1947
1947 1948
1948 1949
1949 1950
1950 1951
1951 1952
1952 1953
1953 1954
1954 1955
1955 1956
1956 1957
1957 1958
1958 1959
1959 1960
1960 1961
1961 1962
1962 1963
1963 1964
1964 1965
1965 1966
1966 1967
1967 1968
1968 1969
1969 1970
1970 1971
1972 1973
1973 1974
1974 1975
1975 1976
1976 1977
1977 1978
1978 1979
1979 1980
1980 1981
1981 1982
1982 1983
1983 1984
1984 1985
1985 1986
1986 1987
1987 1988
1988 1989
1989 1990
1990 1991
1991 1992
1993 1994
1994 1995
1995 1996
1996 1997
1997 1998
1998 1999
1999 2000
2000 2001
2001 2002
2002 2003
2003 2004
2004 2005
2005 2006
2007 2008
2008 2009
2009 2010
2010 2011
2011 2012
2012 2013
2013 2014
2014 2015
2015 2016
2016 2017
2017 2018
2018 2019
2019 2020
2020 2021
2021 2022
2023 2024
2024 2025
2025 2026
2026 2027
2027 2028
2028 2029
2029 2030
2030 2031
2031 2032
2032 2033
2033 2034
2034 2035
2035 2036
2036 2037
2037 2038
2038 2039
2039 2040
2040 2041
2041 2042
2042 2043
2043 2044
2044 2045
2045 2046
2046 2047
2047 2048
2048 2049
2049 2050
2050 2051
2051 2052
2052 2053
2054 2055
2055 2056
2056 2057
2057 2058
2058 2059
2059 2060
2060 2061
2061 2062
2062 2063
2063 2064
2064 2065
2065 2066
2066 2067
2067 2068
2068 2069
2069 2070
2070 2071
2071 2072
2072 2073
2073 2074
2074 2075
2075 2076
2076 2077
2077 2078
2078 2079
2079 2080
2080 2081
2081 2082
2082 2083
2083 2084
2084 2085
2085 2086
2086 2087
2088 2089
2089 2090
2090 2091
2091 2092
2092 2093
2093 2094
2094 2095
2095 2096
2096 2097
2097 2098
2098 2099
2099 2100
2100 2101
2101 2102
2103 2104
2104 2105
2105 2106
2106 2107
2107 2108
2108 2109
2109 2110
2110 2111
2111 2112
2112 2113
2113 2114
2114 2115
2115 2116
2116 2117
2117 2118
2118 2119
2119 2120
2120 2121
2121 2122
2122 2123
2123 2124
2124 2125
2125 2126
2126 2127
2127 2128
2128 2129
2129 2130
2130 2131
2131 2132
2132 2133
2133 2134
2134 2135
2135 2136
2136 2137
2137 2138
2138 2139
2139 2140
2140 2141
2141 2142
2142 2143
2143 2144
2144 2145
2145 2146
2146 2147
2147 2148
2148 2149
2149 2150
2150 2151
2151 2152
2152 2153
2153 2154
2154 2155
2155 2156
2156 2157
2157 2158
2158 2159
2159 2160
2160 2161
2161 2162
2162 2163
2163 2164
2164 2165
2165 2166
2166 2167
2167 2168
2168 2169
2169 2170
2170 2171
2171 2172
2172 2173
2173 2174
2174 2175
2175 2176
2176 2177
2177 2178
2178 2179
2179 2180
2180 2181
2181 2182
2182 2183
2183 2184
2184 2185
2185 2186
2186 2187
2187 2188
2188 2189
2189 2190
2190 2191
2191 2192
2192 2193
2193 2194
2194 2195
2195 2196
2196 2197
2197 2198
2198 2199
2199 2200
2200 2201
2201 2202
2202 2203
2203 2204
2204 2205
2205 2206
2206 2207
2207 2208
2208 2209
2209 2210
2210 2211
2211 2212
2212 2213
2213 2214
2214 2215
2215 2216
2216 2217
2217 2218
2218 2219
2219 2220
2220 2221
2221 2222
2222 2223
2223 2224
2224 2225
2225 2226
2226 2227
2228 2229
2229 2230
2230 2231
2231 2232
2232 2233
2233 2234
2234 2235
2235 2236
2236 2237
2237 2238
2238 2239
2239 2240
2240 2241
2241 2242
2242 2243
2243 2244
2244 2245
2245 2246
2246 2247
2247 2248
2248 2249
2249 2250
2251 2252
2252 2253
2253 2254
2254 2255
2255 2256
2256 2257
2257 2258
2258 2259
2259 2260
2260 2261
2261 2262
2263 2264
2264 2265
2265 2266
2266 2267
2267 2268
2268 2269
2269 2270
2270 2271
2271 2272
2272 2273
2273 2274
2274 2275
2275 2276
2276 2277
2277 2278
2278 2279
2279 2280
2280 2281
2281 2282
2282 2283
2283 2284
2284 2285
2285 2286
2286 2287
2287 2288
2288 2289
2289 2290
2290 2291
2291 2292
2292 2293
2293 2294
2294 2295
2295 2296
2296 2297
2297 2298
2298 2299
2299 2300
2300 2301
2301 2302
2302 2303
2303 2304
2304 2305
2305 2306
2306 2307
2307 2308
2308 2309
2309 2310
2310 2311
2311 2312
2312 2313
2313 2314
2314 2315
2315 2316
2316 2317
2317 2318
2318 2319
2319 2320
2320 2321
2321 2322
2322 2323
2323 2324
2324 2325
2325 2326
2326 2327
2327 2328
2328 2329
2329 2330
2330 2331
2332 2333
2333 2334
2334 2335
2335 2336
2336 2337
2337 2338
2338 2339
2339 2340
2340 2341
2341 2342
2342 2343
2343 2344
2344 2345
2345 2346
2346 2347
2347 2348
2348 2349
2349 2350
2350 2351
2351 2352
2352 2353
2353 2354
2354 2355
2355 2356
2356 2357
2357 2358
2358 2359
2359 2360
2360 2361
2362 2363
2363 2364
2364 2365
2365 2366
2366 2367
2367 2368
2368 2369
2369 2370
2370 2371
2371 2372
2372 2373
2373 2374
2374 2375
2375 2376
2376 2377
2377 2378
2378 2379
2379 2380
2380 2381
2381 2382
2382 2383
2383 2384
2384 2385
2385 2386
2386 2387
2387 2388
2388 2389
2389 2390
2390 2391
2391 2392
2392 2393
2393 2394
2394 2395
2395 2396
2396 2397
2397 2398
2398 2399
2399 2400
2400 2401
2401 2402
2402 2403
2403 2404
2404 2405
2405 2406
2406 2407
2407 2408
2408 2409
2410 2411
2411 2412
2412 2413
2413 2414
2414 2415
2415 2416
2416 2417
2417 2418
2418 2419
2419 2420

