138 0 112
10.4906 -28.5933 0.595531 
6.13414 -25.8017 12.1254
5.97149 -27.5648 -1.47238 
10.4906 -28.5933 0.595531
6.1657 -23.2183 2.28038 
5.97149 -27.5648 -1.47238
3.60229 -23.9354 10.9495 
5.90812 -23.4141 2.60679
5.90812 -23.4141 2.60679 
3.62064 -11.201 0.820258
16.5232 -19.0373 7.95009 
15.0814 -17.0437 12.6622
4.17526 -17.4254 14.7559 
6.57222 -17.1528 12.1654
6.60152 -17.5493 9.50728 
3.60229 -23.9354 10.9495
4.1686 -17.0452 15.4803 
7.63592 -13.1706 17.86
2.78274 -17.2298 4.62155 
2.11333 -18.1976 7.89119
15.0814 -17.0437 12.6622 
10.3001 -15.0972 14.6956
10.4396 -14.2735 15.453 
8.36889 -12.9302 17.5077
24.0033 -11.502 2.79168 
24.0072 -15.295 -2.40149
19.1316 -9.64477 3.85884 
19.9852 -10.3315 6.16345
18.6755 -9.6197 12.9365 
10.0021 -5.08524 -11.0296 
12.9835 -20.5114 -5.24921
19.2284 -4.65352 -1.98597 
21.7506 7.37907 -9.17342
4.26559 -2.07298 -6.97589 
9.81559 0.191986 -16.2932 
21.6092 0.835858 -12.087
3.79181 0.553664 17.9601 
3.64499 11.7741 15.9113
2.56906 5.58712 -9.35728 
2.56906 5.58712 -9.35728
8.492 8.32743 -18.8279 
9.81335 0.728752 -16.795
11.0429 10.214 -18.7104 
14.1905 12.4139 -8.99805 
7.10984 13.552 -7.87872
20.1385 11.9236 5.15944 
23.557 5.45175 -0.545646
11.1506 12.005 13.9514 
14.4022 5.13615 14.5618
21.8866 13.287 -4.72428 
20.5376 15.0029 -7.14757 
14.1905 12.4139 -8.99805
5.14209 18.1393 -6.21325 
5.14356 18.1528 -6.20481
14.4708 19.0401 -4.60879 
17.7894 19.6817 -3.32376
17.0441 20.3494 0.367349 
6.84907 22.2636 8.3067 
11.1506 12.005 13.9514
1.3819 22.4568 0.556316 
3.24305 28.5107 -0.287328
4.96497 22.2589 8.65988 
3.48931 28.4619 0.264082
11.7213 24.4603 -2.50197 
2.79034 28.6999 -5.65274
3.48931 28.4619 0.264082 
10.8547 23.5476 4.21903
14.7944 -13.0464 11.436 
15.9701 -15.3632 12.1113
17.4919 2.76357 -0.574444 
22.3388 -19.2799 3.55099 
17.025 -22.8107 8.72504
15.9701 -15.3632 12.1113 
24.0033 -11.502 2.79168
1.82231 -11.2444 4.10726 
1.9786 -17.9792 8.61705
7.10984 13.552 -7.87872 
11.7213 24.4603 -2.50197
1.15409 -6.83011 11.2949 
1.82231 -11.2444 4.10726
20.8616 -20.6147 -3.89617 
22.3388 -19.2799 3.55099
2.13435 -18.2712 7.91243 
12.5945 -11.0236 15.8423 
10.4396 -14.2735 15.453
23.5258 -6.6324 -1.31755 
22.3743 -0.0692695 -10.8247
13.7257 -4.76427 16.2394 
10.6338 -10.4517 17.2128
2.54943 13.422 -7.94969 
1.3819 22.4568 0.556316
12.9835 -20.5114 -5.24921 
21.0315 -13.0192 -6.79641
1.9786 -17.9792 8.61705 
4.17526 -17.4254 14.7559
4.0555 -7.0174 19.1078 
21.4208 -5.09252 9.69968 
18.6755 -9.6197 12.9365
23.557 5.45175 -0.545646 
23.14 4.00455 0.058916
17.7894 19.6817 -3.32376 
20.5376 15.0029 -7.14757
13.0747 -10.8565 15.6608 
22.3743 -0.0692695 -10.8247 
23.6388 1.80266 5.84071 
13.7257 -4.76427 16.2394
14.4022 5.13615 14.5618 
20.1385 11.9236 5.15944
23.14 4.00455 0.058916 
23.6388 1.80266 5.84071
9.81335 0.728752 -16.795 
9.81559 0.191986 -16.2932
9.25964 -1.63456 -14.1074 
10.0021 -5.08524 -11.0296
2.79034 28.6999 -5.65274 
2.54943 13.422 -7.94969
6.81624 -22.4106 1.45997 
8.3211 -13.4893 -1.67139
8.3211 -13.4893 -1.67139 
20.8616 -20.6147 -3.89617
6.13414 -25.8017 12.1254 
6.81624 -22.4106 1.45997
4.1686 -17.0452 15.4803
1.15409 -6.83011 11.2949
7.63592 -13.1706 17.86 
23.5258 -6.6324 -1.31755
8.36889 -12.9302 17.5077 
9.25964 -1.63456 -14.1074
4.0555 -7.0174 19.1078
21.7506 7.37907 -9.17342 
11.0429 10.214 -18.7104
21.8866 13.287 -4.72428
3.64499 11.7741 15.9113 
4.96497 22.2589 8.65988
3.24305 28.5107 -0.287328 
24.0072 -15.295 -2.40149 
13.0747 -10.8565 15.6608
21.6092 0.835858 -12.087 
0 1
2 3
4 5
6 7
8 9
10 11
12 13
14 15
16 17
18 19
20 21
22 23
24 25
26 27
28 27
29 30
31 32
33 9
34 35
36 37
38 39
40 41
42 32
43 44
45 46
47 48
49 46
50 51
52 53
54 55
56 55
57 58
59 60
61 62
63 64
65 66
67 68
69 51
70 71
72 73
74 75
76 77
78 79
80 81
82 19
83 84
85 86
87 88
89 90
91 92
93 94
95 17
96 97
98 99
100 101
102 97
103 92
104 105
106 107
108 109
110 111
112 113
114 115
116 117
118 113
0 71
0 119
2 30
120 15
120 71
4 7
4 121
12 122
16 123
20 68
22 21
124 23
24 125
126 88
34 127
34 41
36 128
36 48
129 27
40 127
40 130
42 35
45 131
132 133
132 58
49 101
56 66
56 77
57 66
57 133
59 123
134 62
134 64
70 25
135 119
74 9
76 115
83 88
83 136
85 92
87 128
137 86
93 19
96 109
96 99
102 21
116 117
