1493 0 0
14.2013128486	-10.6167089445
13.96309734	-10.8192125018
13.7866645252	-10.9477638466
13.5274152537	-11.0108545805
13.3628003036	-11.1560215316
13.2292271886	-11.1951267212
13.1045371655	-11.2359140523
12.4579284625	-11.4743984822
12.0390529502	-11.6965585811
11.9508980113	-11.76507312
11.7259383153	-11.87705857
11.5411394973	-11.9656862876
11.1224231378	-12.1612439441
10.9077887893	-12.2593544696
10.748961561	-12.3427005632
10.5708633308	-12.4367199408
10.325394546	-12.5209922246
10.0784787947	-12.6163010243
9.93599696308	-12.6821301602
9.84684585416	-12.6941050815
9.56221261292	-12.809464923
9.42521055772	-12.8802205523
9.27607826312	-12.9339119283
9.13272446974	-13.0017433811
8.9517862961	-13.0959153815
8.76180555083	-13.1458243099
8.58058527878	-13.2501193875
8.45830761681	-13.3033146019
8.10963539696	-13.3322954788
8.63852457209	17.5556776441
8.71469147057	17.8364899816
8.78978966002	18.0781137756
8.87246191974	18.2192922289
8.78563846828	18.3921541113
8.88073077827	18.6027325869
8.87588213608	18.7831091564
8.73950006485	18.8898055657
8.85668158629	18.992366057
8.65226490652	19.14839415
8.68255521338	19.2951287282
8.81679599528	19.3951800536
8.86256282689	19.5330320596
8.90266773748	19.6615547675
8.88630172106	19.7953566888
8.70561661675	19.957015622
8.62504341716	20.1126569208
8.57874445522	20.1949897085
8.56815918504	20.2491997409
8.45320488057	20.5021622345
8.41273210273	20.6408251841
8.4206373646	20.7384535477
8.35702777356	20.922432908
8.28510203239	21.068180277
8.25795984936	21.2158579183
8.1267412494	21.3421362146
7.93229671428	21.4307556635
7.84542925499	21.4271641247
7.76708115146	21.5161831522
7.70682584402	21.6124921441
7.53433158595	21.7778170322
7.37339276241	21.8987540605
7.39644606201	22.0819068666
7.26662239797	22.1171200045
7.25521546443	22.2104952912
7.19283431804	22.3677878531
6.97892612356	22.5164031217
6.79936168561	22.5054645282
6.64678548783	22.4722513704
6.624877724	22.5605550772
6.43418354385	22.8951102875
6.00620077671	22.6409919244
16.7243108254	-9.14189288461
16.6906122025	-9.16027351887
16.5945100072	-9.22732274299
16.5502085403	-9.25001430128
16.4793362226	-9.29998783357
16.2847831083	-9.43021861435
16.179633958	-9.47346278125
15.8331730505	-9.46434723452
15.6743598931	-9.43203456387
15.5721219898	-9.68712410825
15.5228455962	-9.75346725556
15.4458212077	-9.86524568469
15.4258472951	-10.0923309431
15.3694599178	-10.1232234746
15.2641750771	-10.186623179
14.9909901693	-10.224106148
14.7394434507	-10.1915809179
14.4287747137	-10.2045038983
14.0532512816	3.85649145478
14.0089050479	3.90882057066
13.9949348581	3.92582484639
13.9569587785	3.97251207585
13.9252984515	4.01448135622
13.879486436	4.07254569114
13.7928868266	4.18190738903
13.7281253164	4.26636293235
13.6486947524	4.36480984879
13.5578724943	4.47717572547
13.4873817127	4.55685020404
13.435922285	4.6065943286
13.2955567774	4.75701335789
13.1933638928	4.83228111078
13.0304716101	4.9724700864
12.8980950931	5.07576189313
12.7794471535	5.17650190875
12.6322396418	5.24137075781
12.4673465751	5.36131448074
12.3163994238	5.42696421371
12.2241911657	5.46425280782
11.9964108421	5.53991350629
11.7274360751	5.59888478695
11.6593291693	5.6083784384
11.4719083655	5.62256780167
11.2581658146	5.62532473718
11.0678570343	5.62062473659
10.9549516905	5.61795669993
10.771108326	5.59313201801
10.3289481859	5.47614590263
10.1485571049	5.36919943122
9.98470887824	5.25272357278
9.81642620166	5.0829498464
9.72686923427	4.980964936
9.6909211973	4.9081816052
9.58066529684	4.78802838116
9.45471026617	4.53136171369
9.36609577285	4.39711502751
9.28382336391	4.20770571722
9.24252467648	4.01350156953
9.17476130912	3.76824401326
12.3452860666	8.82930265279
12.3356593633	8.79736271177
12.3117395684	8.72322094332
12.3059090183	8.69799021118
12.2897577627	8.65227032171
12.2721031454	8.59798620291
12.2312395784	8.47278869404
12.1960451229	8.34963164015
12.150498967	8.24185464507
12.0863818748	8.09277144151
12.0385088272	7.95771462485
11.9497839111	7.80066575759
11.8479595388	7.67650265442
11.7409240678	7.5704972207
11.6961786662	7.52894677264
11.6264393955	7.46180505328
11.4745230255	7.3232366639
11.2114789841	7.1916812185
11.1132286945	7.21262763909
11.0195523261	7.10335594846
10.7611103443	7.00792525079
10.639845083	6.98172859411
10.4266051809	6.93643095125
9.87538232481	6.8529280459
9.78426873816	6.85477618513
9.56031821518	6.87796733478
9.26213467052	6.91681065918
8.86600883917	7.02892513672
8.72373860913	7.04800185075
8.33654529697	7.27061979169
8.07332225965	7.50733054847
8.02188622067	7.55887820163
7.96818998401	7.62186745917
7.87379518509	7.75078740713
7.63260353131	7.88978230397
5.2064392663	22.9249181764
5.33858060237	23.1513960608
5.48313223482	22.9896265333
5.57751538625	22.9587203694
5.66548516249	22.9400950294
5.9047467365	23.1574471152
6.06138092832	23.1705832941
6.40013423711	23.2872109267
7.63258268936	7.88994689061
7.74938170877	8.16827209547
7.86974534195	8.32123693447
7.9665524585	8.43356255658
8.01102087291	8.59597491898
8.16677429809	8.82838674449
8.30210978464	9.05832578148
8.4239970943	9.28356331316
8.53171736688	9.53592998019
8.59175942154	9.7282792777
8.79036041463	10.1723494285
8.84429957652	10.2996778226
8.90963860161	10.4560323854
9.00149334671	10.6999727252
9.07557862483	10.8786879944
9.17362887213	11.1535367549
9.2411549186	11.3727415697
9.29683800384	11.5493298639
9.33312511356	11.6672544395
9.40233483076	11.9275401419
9.43819589689	12.0874439875
9.47093040579	12.2186230818
9.49656577408	12.3643196273
9.53195934814	12.5796651803
9.54988852948	12.7120279946
9.56289217969	12.8569778983
9.57750131277	12.9872773538
9.58290327548	13.1583146154
9.5963672102	13.3141798176
9.60633562843	13.5690679231
9.60930025587	13.670106614
9.59532225437	13.9999641338
9.57230874832	14.1645734757
9.56848880941	14.348884865
9.56117954328	14.4535243889
9.55264480271	14.5447575033
9.54746120665	14.6841364086
9.50533698244	14.9236541283
9.45630149952	15.2861693357
9.44241811669	15.4389224545
9.42699157689	15.5640215876
9.36963709575	15.9207879856
9.30530464611	15.9917398686
9.2766214387	16.1243612425
9.16126009245	16.5243252916
9.11343501652	16.8084712158
9.04782636921	16.9512334024
9.00670648319	17.1007834296
8.95730245595	17.2203901403
8.86700697525	17.3501301389
8.63791551156	17.555531019
4.11629101663	-4.06674306542
4.40336050625	-4.23079376336
4.5525590187	-4.43768820452
4.67027051458	-4.57044316885
4.81161157925	-4.71933016923
4.94181937658	-4.85926397919
5.01953502058	-4.95529310757
5.05063671462	-5.07310072358
5.1273308903	-5.17766293474
5.29561145395	-5.3748659103
5.37419798794	-5.47884896703
5.54397962409	-5.72414341097
5.66569135827	-5.8879813808
5.75819257056	-6.02121873088
5.88098162809	-6.17477786642
6.04245284831	-6.42593382001
6.19893433244	-6.64758003591
6.35626718652	-6.83618331194
6.4706214899	-6.99241845977
6.72290517697	-7.40042207274
6.82606118852	-7.71243816109
-2.78367336941	22.3676700768
-2.84523262469	22.6134871028
-2.8055430019	22.816058048
-2.64137655859	22.9456845442
-2.51905351043	22.9898148412
-2.38217239819	23.0336123505
-2.10801383096	23.1422629718
-1.67170500058	23.2967794479
-1.47089031869	23.352602906
-1.31347009874	23.4010504051
-0.929238097688	23.4767688718
-0.644176859544	23.5241265585
0.283664494496	23.6780685386
0.810451882574	23.7534569051
1.13493283819	23.8359546444
1.2728748862	23.845599685
1.46288436372	23.8557818965
1.60363391507	23.8632540996
1.75969017288	23.8692080182
1.97596210821	23.8786843326
2.13557668278	23.8810307038
2.28213998442	23.8849228683
2.41856075092	23.8801597101
2.54557750497	23.8740343675
2.69270783757	23.8677165293
2.81131302023	23.8686047537
2.97230402915	23.8575046041
3.22365578428	23.8473861348
3.35592812271	23.8448960022
3.47746904648	23.8178829923
3.59070738995	23.8216269024
3.70153336671	23.8245447721
3.83198127851	23.6993934968
4.04074016598	23.7016732198
4.21890629508	23.6538307523
4.4920047986	23.6183004311
4.5923276602	23.6572732217
4.7310403926	23.6588723605
4.87806831269	23.679082541
4.86525399864	23.3813978126
5.14506192917	23.5134464353
5.49971068536	23.6332725236
-0.187256990723	-11.3739467708
0.0351115975114	-11.1891165237
0.123510491704	-11.1344857498
0.427930754364	-11.0038751244
0.570166637224	-10.8687528051
0.67454797729	-10.8002202155
0.966846274673	-10.5995825056
1.09767268487	-10.4940272731
1.25598854864	-10.3816340868
1.44521265813	-10.2214306894
1.68093600842	-10.0387033193
2.01654893382	-9.82912063338
2.22425086258	-9.69934565747
2.4133965646	-9.59561827399
2.60968968784	-9.49067025539
2.74819251343	-9.41922652906
2.93763840383	-9.33231545843
3.10583479597	-9.24771495081
3.31586418196	-9.15795208839
3.56225938538	-9.03302296073
3.86346406991	-8.9309007903
4.18177192598	-8.80826025071
4.37879872908	-8.74347611143
4.508354813	-8.70323228833
4.74097627933	-8.63188603394
4.94688732043	-8.56205035093
5.29105245877	-8.50877754875
5.58210332296	-8.42711540771
5.63926782529	-8.41035741771
5.83986424103	-8.34977623532
6.01154121181	-8.17511780131
6.15635275832	-8.17353008498
6.57265734824	-8.20963417215
-4.03901775693	22.1358233813
-3.60539616404	21.9319183325
-3.52195159304	22.0111653563
-3.32412317253	22.3662766719
-3.2591110987	22.3701405915
-3.0278007202	22.2054285576
-2.7836626245	22.3677494333
-3.91883339717	-18.4339792568
-3.82264469767	-18.6126695612
-3.68480627801	-18.6470056649
-3.5174082217	-18.6631872375
-3.37889727528	-18.7060526284
-3.17117717248	-18.80575148
-3.03141827248	-18.8820599005
-2.83970080532	-18.8864843527
-2.59500500032	-18.9365556751
-2.45616124623	-18.95654731
-2.26386293181	-19.0237954556
-2.15171662692	-19.0593235908
-1.8372119088	-19.1196401147
-1.59761548144	-19.2235299389
-1.25355029511	-19.1144746408
-4.86992138223	10.0952707938
-4.78518101631	9.6863726478
-4.52371853942	9.5949584661
-4.45389602785	9.57417485771
-4.32925130422	9.45202423499
-4.03672329217	9.44181331099
-3.98809957957	9.44264127336
-3.66114326227	9.47001542684
-3.23834369663	9.30643036582
-3.01664133757	9.23530348685
-2.77994972256	9.15494380973
-2.66771493034	9.11819459799
-2.26870890368	8.99171205094
-2.16450902426	8.95606431509
-2.03817632938	8.91410367238
-1.83528993683	8.85222666893
-1.61297981119	8.75984308973
-1.33274472753	8.65929320369
-1.11269558604	8.56039637261
-0.774429417343	8.4318728692
-0.555170885378	8.35959365478
-0.498612963771	8.34909662256
-0.323942070251	8.29019361727
-0.166023797845	8.22631621239
0.00232101391544	8.16858955002
0.284006906065	8.07675627191
0.660124782974	7.95128542934
0.7870772951	7.91641304206
0.940408382487	7.87057790573
1.31934800985	7.77369810882
1.49160702544	7.72782375575
1.67199126284	7.67747362086
1.97260700201	7.59948406583
2.07355935318	7.57562212237
2.27666855516	7.53073164667
2.42863072856	7.50206974405
2.60460724893	7.46457309169
2.75846420767	7.4382714295
2.95905640059	7.40250628326
3.12740775699	7.37305261125
3.31209769209	7.34845655576
3.46847392297	7.32888015838
3.65496187086	7.30946032898
4.09465931923	7.27081871207
4.34261869075	7.26323136341
4.4701964669	7.26065368861
4.76931289067	7.26126126814
5.040350573	7.25948406619
5.14398360548	7.26266906733
5.36333305164	7.27620029317
5.68218339392	7.29461953414
5.96128487263	7.33950608956
6.12866888933	7.36185388331
6.35400836118	7.41178597754
6.55987952447	7.45343328402
6.88823183032	7.58734710411
7.12878567499	7.64651793914
7.35782195579	7.77505910727
7.63261530026	7.88982720544
-5.44292444378	9.74268480308
-5.62679972583	9.63894005205
-5.85694024893	9.56390103752
-6.03483201319	9.57532826536
-6.12261991671	9.39103032203
-6.2815871567	9.24915428339
-6.50962835213	9.19322970834
-6.64219779188	9.20077073166
-6.7315224755	9.1192928027
-6.97014704577	8.86695384484
-7.08771215497	8.74562804182
-7.20065037901	8.65416207888
-7.34211927034	8.49839745222
-7.431695413	8.42515835973
-7.64714723505	8.21673776215
-8.05088309244	7.82497500451
-8.24090395695	7.65367991813
-8.37128477456	7.53096728183
-8.62326371839	7.28162048108
-8.78929522933	7.12584406211
-9.13835442944	6.76428174653
-9.47060332886	6.40852280805
-9.62192123604	6.24800551384
-9.89088431982	5.95315042945
-10.3146834109	5.48820445158
-10.491255134	5.2830837579
-10.6930686729	5.05017718889
-10.9383923138	4.75427696187
-11.0672633279	4.59562035882
-11.2564363224	4.36415333558
-11.5140091339	4.04217062091
-11.6385424662	3.8839079796
-11.8075296261	3.65685276111
-11.9671758917	3.42933374811
-12.0727306646	3.26535799877
-12.2943364572	2.90910043412
-12.4040847974	2.69744072701
-12.4900111917	2.51291679362
-12.623827554	2.33572383606
-12.6892110816	2.21150980977
-12.7489150867	2.07036490007
-12.812442849	1.92207055062
-12.9286461243	1.63839186347
-12.9674796855	1.54398932955
-13.0655895413	1.32680527684
-13.0862163383	1.2822814519
-13.1523296098	1.08571751938
-13.3161315545	0.944653273285
-13.3883313202	0.90985046814
-13.5342035144	0.838115681698
-13.670339407	0.838960247932
-13.7437072943	0.830254630593
-13.9555514237	0.844930314544
-14.2050778452	0.816836286303
-14.3355820779	0.763539599457
-14.7867465277	0.76668629606
-15.0329485035	0.873801338725
-15.3298245305	0.875992402361
-3.6947894295	-8.14389723054
-3.60387142587	-8.06321743711
-3.56668828322	-8.03940875321
-3.53763076185	-8.01404192874
-3.51656723871	-7.99707707268
-3.45142321815	-7.89740011819
-3.27210092058	-7.73454970874
-3.16087333395	-7.59239143213
-3.07244461281	-7.47203639515
-2.96208770641	-7.32882039104
-2.86548768769	-7.21554099495
-2.77753142449	-7.10024803283
-2.74970533815	-6.99509417781
-2.70231025837	-6.87656521726
-2.54391469053	-6.61581279956
-2.45747464685	-6.49436266972
-2.39439133463	-6.38272819682
-2.41612283931	-6.15861970611
-2.40297960552	-5.96232858614
-2.39344654098	-5.90319829672
-2.27230522584	-5.69993712147
-10.3289478907	-2.00327149148
-10.2506561939	-1.93225019471
-10.1348711322	-1.84370527142
-10.0315144034	-1.78731884239
-9.8228823418	-1.58807656283
-9.70877926953	-1.49157498864
-9.55919872629	-1.39382630836
-9.31849892159	-1.26486130739
-9.03532019491	-1.18040219995
-8.84819390171	-1.07832782297
-18.2960968811	-1.22244458997
-18.2953915892	-1.20958956979
-18.292385111	-1.06780797123
-18.2895398133	-0.789639506915
-18.264154409	-0.450494401702
-18.2552590801	-0.382695548856
-18.2413258434	-0.318952635789
-18.2032222547	-0.128442527192
-18.1686065479	0.0153502148343
-18.0688144371	0.336225522086
-17.9611956034	0.604262882741
-17.8977824153	0.75022208716
-17.8016264724	0.902815307576
-8.8856126111	-1.32387802418
-8.64844650929	-1.15929232037
-8.39917892325	-1.31765582103
-8.231286488	-1.39775117281
-8.12744773131	-1.5275654087
-8.02911186553	-1.56027229261
-7.78828543221	-1.62868810295
-7.6353294689	-1.66765572293
-7.42021739046	-1.72658222521
-7.30428280936	-1.75777974885
-7.16031887401	-1.79890838597
-6.99153379375	-1.86396838962
-6.81139683342	-1.91941840146
-6.54556424723	-1.98863648625
-6.30456206278	-2.07573889538
-6.18171689734	-2.10323706942
-6.04540297561	-2.12540439608
-5.82885930228	-2.09706834969
-5.6929250975	-2.1139919845
-5.59557517462	-2.43307821279
-5.40116898213	-2.3725916028
-5.29186631545	-2.30854524017
-5.23350875059	-2.33554194641
-5.06213841812	-2.3224967377
-4.8282085695	-2.35554341643
-16.1535821371	2.71396157436
-16.0650773732	2.76950576159
-16.1271173762	2.8707309228
-16.0850343241	2.79631827909
-15.8880636393	2.79472436532
5.05041836589	-20.1334559581
5.10318889741	-20.0769514766
5.05138881452	-20.0731307511
-8.12514855172	17.3813665612
-8.05458303827	17.3854987748
-7.90510419572	17.4041563744
-7.78175848792	17.344951087
-7.60911736263	17.3120660265
-15.3527644698	-9.29486094428
-15.3128597772	-9.1597351696
-15.1882364303	-8.95733949643
-15.1322344902	-8.80842267899
-15.1318468735	-8.56307894084
-15.1308131738	-8.46714409148
-15.1277882902	-8.26751464693
-15.2064563839	-8.08572980291
-15.1859114854	-7.93896855182
-15.1628004282	-7.77137015838
-15.1015059425	-7.45949125259
-15.0954703175	-7.27692207727
-15.076755948	-6.92323565682
-15.0732999261	-6.77815738305
-15.0575887599	-6.65125998369
-15.047083181	-6.47311479533
-15.0457392292	-6.23968815226
-15.0500873597	-6.00428581669
-15.0531261894	-5.66915314036
-15.0535322991	-5.4870481308
-15.0596152801	-5.33479887204
-15.0869143707	-5.00107572589
-15.0876668838	-4.72875997776
-15.0819313495	-4.29536650579
-15.0835628816	-4.00867712862
-15.0927764954	-3.7844701347
-15.1373087354	-3.56180565911
-15.1797495549	-3.26541828553
-15.1566099861	-3.05491098017
-15.1854325812	-2.89789140522
-15.2611570141	-2.46639188754
-7.13840862335	14.1554267513
-7.38358548605	13.9606204732
5.03739384717	2.4727466357
5.02360568322	2.70333052354
5.05139726181	-20.0733025667
5.31736832496	-19.9804380249
5.60847590604	-19.886375908
6.14356903789	-19.7503078962
6.91438979559	-19.4949289442
7.44295872928	-19.3170656738
7.77090357331	-19.191715252
7.94998896164	-19.1217529183
8.16804046185	-19.0284502097
8.39977368834	-18.9041192832
8.76907695312	-18.6701124764
8.90578914594	-18.5575553754
9.06141511607	-18.3730492381
-6.91496303433	14.1073047411
-7.0659869139	13.8959103984
-7.03536579138	13.7547618114
-6.97750107978	13.4639291951
-6.89213454006	13.3379078264
-6.83577286552	13.1594558548
-6.77760742804	13.0462808598
-6.73843614876	12.9284810941
-6.70627907275	12.8774722767
-6.62259122742	12.7194527515
-6.51944405564	12.5144886023
-6.45582522497	12.3758063085
-6.41278147344	12.3049933197
-6.25327546478	11.9708296503
-6.14766582413	11.7748115284
-6.06139205717	11.5162930526
-6.00867122602	11.3077013543
-5.89738748021	11.1939551786
-5.81959052613	10.9800440433
-5.82743791721	10.8703812475
-5.93885799047	10.6257453648
-5.82942144193	10.4519853026
-5.72786722966	10.3176430832
-5.65045648664	10.2172582282
-5.6172729388	10.1571791943
-5.44331456268	9.74689836456
-7.60925203032	17.3120189988
-7.41447876931	17.1709210238
-7.34167805274	16.8735089632
-7.4028235444	16.6807070686
-7.40458259265	16.5060060199
-7.43191646151	16.3626181113
-7.44054999543	16.2338758839
-7.44077207879	16.0064352314
-7.43099819996	15.7996777673
-7.37380890508	15.5738573551
-7.35615303406	15.376211163
-7.33803704176	15.1392624337
-7.30209729605	14.9048707181
-7.25357609372	14.6370691892
-7.22025181004	14.5265671915
-7.22607918327	14.3334970904
-7.16627044789	14.1992264092
-6.91496735198	14.1073018947
-15.2611312962	-2.4663380073
-14.7785619495	-2.44799104657
-14.593266679	-2.34203261808
-14.4720133371	-2.21718041683
-14.3771429095	-2.11003875284
-14.2122670427	-1.97325626673
-14.0952192342	-1.87743123955
-13.9459519502	-1.75787808418
-13.8558868515	-1.63412784317
-13.8323032639	-1.6036308208
-13.6902572722	-1.39518871775
-13.4249921209	-1.11475226483
-13.3573900889	-1.03540758502
-13.100857108	-0.801387964582
-12.9317662899	-0.66814834806
-12.8490105517	-0.618434028363
-12.6919254894	-0.540727446829
-12.5553298406	-0.485118299003
-12.4482456076	-0.446666326769
-12.3444301759	-0.41267405147
-12.208261584	-0.392660388653
-12.1090223666	-0.37552917741
-11.7500784644	-0.32808804829
-11.477390759	-0.335995728437
-10.9441725065	-0.411963806683
-10.7545658247	-0.449803265746
-10.573413449	-0.470204232161
-10.0757240017	-0.551078400407
-9.73777320313	-0.649499491094
-9.33414352462	-0.808739518
-9.13026130824	-0.909493902321
-8.84819390171	-1.07832782296
-17.8683997052	1.04623286138
-17.8015430647	0.902798807976
6.00620077763	22.6409919254
6.19658289506	23.2438641292
5.98641614913	23.3884859659
5.76987685236	23.4539729006
5.49971091248	23.6332729597
-2.83085456264	-1.18411550342
-2.81170637071	-1.17707777573
9.17476130899	3.76824403944
9.41576725045	3.55586709026
9.50923169074	3.2624712942
9.56915577956	3.19791576276
9.72135954872	3.01224863086
9.84157062372	2.83205127101
9.99555292525	2.58765664809
10.107821929	2.41719950539
10.1290712537	2.3573192892
10.227835222	2.19225686521
10.359682628	1.97409061212
10.4422689038	1.83237443074
10.5401627726	1.65543888297
13.8691004006	-5.89564304025
13.9007332582	-6.01546519762
13.9551410429	-6.24442547385
14.0240600235	-6.59554872325
14.0564802392	-6.74777516338
14.0932304892	-6.99661700317
14.1142287019	-7.13493265567
14.1275112351	-7.39305422704
14.1327989049	-7.56550382853
14.1310600436	-7.73270078759
14.1828419751	-7.87677931548
14.2390646564	-8.27188393955
14.2269352088	-8.49789583698
14.2305073755	-8.62264993168
14.2106129159	-8.88756998947
14.2514416752	-9.13601316924
14.2455848569	-9.29505259377
14.2247686113	-9.47528707858
14.2527188567	-9.69460690553
-13.108949967	-14.4308049498
-13.111871021	-14.4189404792
-13.0437045564	-14.3590528475
-12.9531905141	-14.2843307988
-12.8410499068	-14.2325067341
-2.27229803482	-5.69993966066
-2.44300490082	-5.51888025646
-2.66184295635	-5.41041860662
-2.72340039262	-5.3572018519
-2.87313377067	-5.32436136385
-2.95365732981	-5.10092260747
-3.05511249668	-5.02913202708
-3.1808418091	-4.90263786951
-3.34205664814	-4.74319338819
-3.52889867972	-4.51732187871
-3.63588542259	-4.43059864584
-3.74392805173	-4.23221848757
-3.86136851346	-4.1002675681
-4.04048932346	-3.87007435757
-4.16861612983	-3.67147415778
-4.20861731667	-3.62088218556
-4.3659576939	-3.56335620081
-4.47231590046	-3.45952715525
-4.60175676126	-3.37353873735
-4.72752924686	-3.26893482253
-4.78771604316	-3.00379375451
-4.91891179588	-2.89669353234
-4.9369558121	-2.66468033249
-4.82819165989	-2.35554921458
2.27576898616	0.00991139669401
2.37530434009	0.384153242632
2.47057198565	0.504172456431
2.57389160182	0.560057896042
2.64793141462	0.596487428347
2.95670418772	0.678302908162
3.11469608788	0.808028366142
3.24065643795	0.886462101493
3.37503673431	1.02773526516
3.56612987823	1.23400335619
3.70526209004	1.36512740081
3.93826866112	1.58089737431
4.05418273322	1.6434139265
4.22826185799	1.79376277434
4.38545432955	1.91965327966
4.54680481948	2.06583424514
4.66786523555	2.15762308589
4.79934684672	2.31513357972
4.95438602179	2.43498415691
5.20028461293	2.45749052651
-4.82820152198	-2.3555575461
-4.67718799423	-2.12524427931
-4.50257091732	-1.97942822867
-4.32575945697	-1.84484220145
-4.22401727472	-1.80185186442
-3.9696204049	-1.72617979345
-3.71377884538	-1.64142684087
-3.48017004306	-1.52260914403
-3.38364524231	-1.4511985595
-3.11060230465	-1.32364126851
-2.83058289902	-1.18518699036
2.68615732446	-16.6725866328
2.30412953688	-16.8802780877
2.03141431936	-17.0573204541
1.78918208105	-17.2290524749
1.67798644461	-17.3122705308
1.55748121836	-17.4009346697
1.11277446807	-17.7441484806
0.910037422628	-17.8837886144
0.740071838673	-17.9861145586
0.469023013851	-18.1507936007
0.305042155359	-18.2443640002
0.0792212613887	-18.3817438045
-0.0964812397314	-18.4895206204
-0.282016611446	-18.5708521553
-0.305829076861	-18.6006868781
-0.534261296803	-18.6971749299
-0.62636731661	-18.7393179105
-0.922854384169	-18.9129514937
-1.25361530899	-19.114493831
5.73706781972	-16.3426940994
5.4797919788	-16.6125413205
5.20326257681	-16.5968554414
4.83592793962	-16.5985612125
4.79240771565	-16.5816147141
4.56569780652	-16.6077640457
4.28200721124	-16.61409352
4.02822405087	-16.6254018176
3.84641567016	-16.6301326925
3.72144936659	-16.6333190456
3.59167437169	-16.6334853476
3.29259359639	-16.638094304
3.06177877984	-16.6364290569
2.68614551369	-16.672608216
-4.3148632819	22.3310146759
-4.20235456472	22.2542748642
-4.046632965	22.1276955461
-3.79067818742	21.6305412113
9.06034181638	-18.3726633197
9.44601609128	-18.1348090811
9.63431747391	-18.0414981804
9.73308106075	-18.0021356096
9.85623400467	-17.943650616
10.0467769571	-17.884538023
10.4316588304	-17.6561776668
10.5206643793	-17.5985445866
10.702955523	-17.4796905494
10.9273921321	-17.330370197
11.1056164272	-17.197855197
11.2704115054	-17.0724406605
11.5182438057	-16.8856114822
11.5864605233	-16.8259736243
11.7268367814	-16.7108615287
11.8393049252	-16.5901854656
11.9234506014	-16.502105455
12.1095251427	-16.3230125563
12.228522913	-16.204522155
12.3455117084	-16.0733679611
12.4787266751	-15.9057908114
12.575005108	-15.7843522959
12.6833261424	-15.6414242051
12.9240985133	-15.3118745639
13.0833364573	-15.0766175979
13.1688904331	-14.9402262389
13.3084009113	-14.7085624547
13.4856155875	-14.4001651118
13.6574371019	-14.0488753766
13.8863272922	-13.5673004492
13.9478918496	-13.4291212243
14.0403527168	-13.3025013298
14.0615617553	-13.2457376859
14.1254368175	-13.1630819238
14.2637180833	-12.8497137219
14.3315657187	-12.6844221336
14.4166004182	-12.4475772918
14.4534691786	-12.0914465782
14.5303964362	-11.7904881281
14.6237853736	-11.4579602659
14.5247284428	-11.182525032
14.4699475539	-11.0705090954
14.4047088925	-10.9316792602
14.190811441	-10.6119800791
-12.8408607544	-14.2326767251
-12.750690487	-13.8872238951
-12.7080402065	-13.7085321782
-12.7501213664	-13.486154141
-12.8471347199	-13.3986868365
-12.9767301597	-13.2890039295
-13.1297754932	-13.1674437093
-13.3766291621	-12.8797652936
-13.4394365235	-12.7271684809
-13.5344740228	-12.6042913879
-13.6153934222	-12.496446508
-13.7729084066	-12.3005040547
-13.9202662434	-12.0876259307
-14.1165733237	-11.8015343494
-14.1889191867	-11.6952799895
-14.2923364221	-11.53416505
-14.3940201173	-11.3658425881
-14.5163017347	-11.155423787
-14.6192970476	-10.9852573993
-14.7098528711	-10.8527900121
-14.7990713815	-10.6791493832
-14.9903806199	-10.4341081735
-15.0187866864	-10.3922075744
-15.0503132546	-10.1673123675
-15.089344221	-9.91184336962
-15.2742653921	-9.84423858964
-15.2978818282	-9.84122442608
-15.4483133821	-9.79235623423
-15.5149955407	-9.59427737696
-15.3534951686	-9.29507602892
2.13583963938	17.9538097726
2.01966618533	18.2555625282
1.91773350921	18.3337264334
1.84845785655	18.4919935318
1.6098406679	18.5183262977
1.55659849263	18.8110014347
1.48118717607	18.9405529051
1.37656400837	19.0067634548
1.25295696058	19.1441017813
1.24794930466	19.1535531875
1.10178060287	19.2261292458
0.903183386971	19.3985133417
0.814257756512	19.51345485
0.657477425246	19.6209605787
0.66168511428	19.802925383
0.59893826623	19.9040545903
0.528298983291	19.9772612134
0.423210748216	20.0781446017
0.317834735783	20.1542878347
0.119884920141	20.2889995019
-0.0190338157682	20.5055245518
-0.0386869389498	20.5520650196
-0.158565033964	20.7015012637
-0.230520753307	20.7993640379
-0.261001957704	20.7904795113
-0.504847898631	20.7899444531
-0.512773693874	21.0005766505
-0.81770962348	20.8038135042
-0.800587699198	21.102157339
-1.05871165275	20.9826185
-1.04216830466	21.1537887351
-1.14514704071	21.1994949136
-1.1671646952	21.4191824087
-1.20716725044	21.5449177627
-1.30643759526	21.5910024074
-1.41277956436	21.6112447982
-1.58742250217	21.4754208786
-1.80425451897	21.4305068277
-1.92735728741	21.460884459
-2.07892641735	21.550976847
-2.13912349878	21.7981048314
-2.3797648648	21.7926438726
-2.56315984284	21.902652245
-2.59498330858	22.1561328957
-2.78366813671	22.3678389839
14.2013128486	-10.6167089445
14.2400807015	-10.4572358088
14.4367745962	-10.256065487
8.63829918235	17.5556932606
8.22262995507	17.5141511918
8.05226042538	17.4603424085
7.90390996803	17.5157563201
7.75159131288	17.5068438138
7.57579424746	17.5031223833
7.32338989041	17.4929714943
7.12665425822	17.533221864
7.10462400062	17.5326355793
6.91132643748	17.5211905387
6.79604383367	17.5092639858
6.64625550219	17.540208749
6.39505597256	17.5205006476
6.24190159316	17.5277557493
6.16394203322	17.5314312522
5.96559144151	17.5380769785
5.66731113798	17.5466002797
5.47789874724	17.5571626968
5.3471874609	17.5682299584
5.23609073967	17.5732592326
5.11871642547	17.5873377449
4.96751029766	17.6014582267
4.64536041863	17.6232139265
4.53966389323	17.625965082
4.35127317304	17.6045395714
4.2468474698	17.6134129307
4.04291953105	17.6336337507
3.89109783747	17.710449765
3.74441242638	17.7888727626
3.60681020449	17.8258832627
3.50482136199	17.7922293248
3.3514175362	17.6234640184
3.22622320403	17.6326833829
3.08659924237	17.70374209
2.96841086029	17.7589246073
2.8649791971	18.1321987024
2.7338913022	18.2332479898
2.59416787567	18.2425609437
2.41236125174	18.1707471431
2.41100552497	18.3558609585
8.10934936702	-13.3320017821
8.08054538558	-13.5718786477
7.97396627646	-13.7333781888
7.92860454032	-13.7822513736
7.90605527637	-13.8179926106
7.83632543136	-13.985942083
7.62423161624	-14.2392913784
7.52041363234	-14.3900362188
7.43965288991	-14.4983752001
7.20100955286	-14.808508
6.92865299028	-15.1578658915
6.63094003589	-15.5579135694
6.39046015409	-15.792689464
6.32978336679	-15.8447578309
6.23468403734	-15.8981762869
6.01116991449	-16.1083079624
5.73711296204	-16.3428694179
8.10928442448	-13.332024106
8.17060136432	-12.9562370993
8.12566191244	-12.8589510612
8.05854269834	-12.6220747343
7.98433834329	-12.3608507025
7.82499377561	-12.0358273174
7.76076339901	-11.8985305281
7.57972457943	-11.573131382
7.48576877439	-11.350657627
7.44287723066	-11.2528506302
7.37726992856	-11.099309458
7.29522345399	-10.8952058669
7.2323778375	-10.6937172444
7.21913195766	-10.6166152859
7.14410329255	-10.4109916
7.03363696115	-10.1720632455
6.96081111918	-10.0029538544
6.93330943418	-9.93546230882
6.84130639635	-9.74356443263
6.70036487543	-9.31087557938
6.60685765144	-8.9205705597
6.69085383106	-8.65563331136
6.70619561548	-8.51423550402
6.57273716577	-8.20954782932
4.11626409492	-4.06698510101
4.01895522709	-3.76767297068
3.93388292711	-3.47790195891
3.76869200716	-3.16606601771
3.67960783685	-2.98854585732
3.57266764463	-2.75993665136
3.42686801676	-2.49946710323
3.35599617523	-2.31931970308
3.29223153537	-2.14753395122
3.24230223176	-2.04450360269
3.09169271755	-1.63737678253
3.02826521237	-1.4739462882
3.01671171786	-1.44702806338
2.96752903729	-1.31182573752
2.88212834247	-1.07944443772
2.77493341605	-0.72225471798
2.71339663624	-0.516552210169
2.60650641733	-0.262427894481
2.49573163758	-0.123670125451
2.27674944244	0.00902115345617
4.11629721673	-4.06683819115
3.70418076722	-4.11625981518
3.57352688109	-4.18355980662
3.40630021294	-4.15015321227
3.18609953814	-4.23158508293
3.07795932909	-4.25387867476
2.89055163053	-4.3004278215
2.78619056907	-4.32955905236
2.6393560051	-4.38017077676
2.52105190536	-4.44329367199
2.33925794856	-4.50542653989
2.15075516924	-4.5771799254
1.97018137575	-4.65477936474
1.65381549521	-4.7762807728
1.2156667992	-4.94787065745
0.993829889655	-5.03067800453
0.81182792112	-5.09767741174
0.535933791453	-5.1900846437
0.12758732579	-5.31655000236
-0.00995134503705	-5.35724608172
-0.463169425419	-5.46890144239
-0.852371746391	-5.5511983344
-1.03620934938	-5.60023262115
-1.13836141378	-5.63143125459
-1.29600204395	-5.66356101842
-1.43677880346	-5.66555684217
-1.63796772412	-5.65321421779
-1.78229289599	-5.6321903804
-1.95669834304	-5.57201130787
-2.0852627284	-5.55315594218
-2.27229004428	-5.69994228782
-0.187256990723	-11.3739467708
-0.535888401607	-11.4800378379
-0.642153681704	-11.4934674181
-0.728575362866	-11.5352011409
-0.823472558891	-11.6268661805
-0.922261906776	-11.8613875398
-1.0651801733	-11.9097085378
-1.23998970661	-12.0012677832
-1.39983938505	-12.0964682565
-1.48856759322	-12.1917801425
-1.61552318747	-12.2777383002
-1.85062904208	-12.458988899
-1.93873516691	-12.5359827188
-2.08805225923	-12.6994940078
-2.13296205249	-12.748289981
-2.27972862391	-12.9626842226
-2.50461399114	-13.2413061391
-2.56927575712	-13.3757912311
-2.6079895887	-13.4351899351
-2.69092213834	-13.5627014962
-2.73822204402	-13.6662406436
-2.76128393877	-13.7314974948
-2.8110240395	-13.8485530915
-2.87059944358	-14.0039601415
-2.93338380112	-14.1691372488
-3.01232928845	-14.405909329
-3.07345163676	-14.6131063174
-3.07260820037	-14.75377459
-3.15104017661	-15.001171273
-3.17602053944	-15.0955917404
-3.2160183144	-15.255098336
-3.27327331316	-15.4815706976
-3.32445197409	-15.7139234
-3.3323448731	-15.734455742
-3.35280619781	-15.9064454046
-3.38675400022	-16.062469653
-3.42589899964	-16.2629436698
-3.44603965837	-16.3993725803
-3.46552566629	-16.5124605199
-3.48403253494	-16.6599983589
-3.59576981044	-17.060734752
-3.6482155238	-17.2121137579
-3.68725318458	-17.2999060297
-3.80765084308	-17.6277869702
-3.83522258839	-17.8298867532
-3.85102194823	-18.0613555973
-3.92066214895	-18.4335705586
-0.187256990723	-11.3739467708
-0.0543305738002	-11.5519581702
-9.53635347715e-05	-11.7990805881
0.0633256174433	-11.9380283307
0.102815696827	-12.0190903949
0.256047780202	-12.1413760748
0.306158583515	-12.2949849698
0.270988630452	-12.4846063187
0.162090876466	-12.5903572654
0.220011592252	-12.6761806561
0.233538941798	-12.6999777184
0.420405664117	-12.8720529213
0.481751362163	-13.0088975493
0.626597359513	-13.3379116045
0.729014360279	-13.5514809448
0.768581702307	-13.6381224717
0.851097361524	-13.830995908
0.887125886294	-13.9082324116
0.993740717155	-14.0898752067
1.06598926697	-14.2286003889
1.09567399012	-14.2982809619
1.23372425441	-14.5003390345
1.38397979396	-14.7632803063
1.48871913907	-14.9465854666
1.59297189859	-15.128355117
1.65267818029	-15.2362404504
1.73057288222	-15.3799954233
1.86954968646	-15.5787603112
1.97241457498	-15.7421577943
2.06972360429	-15.9085911223
2.21118236718	-16.1276350926
2.32976953791	-16.3168536979
2.39969034169	-16.4227590341
2.68619856725	-16.6725486985
-4.03901775693	22.1358233813
-3.95105629927	21.7139047254
-4.11494778606	21.6031774204
-4.33069289577	21.454841736
-4.47692343825	21.2618563055
-4.60018107272	21.2047423209
-4.84484147751	21.0661849528
-5.0474063457	20.895794786
-5.18802042978	20.7257103815
-5.27241807699	20.6410372295
-5.34592776079	20.5759617688
-5.46541895966	20.4616321961
-5.58218263839	20.3417893989
-5.79820549498	20.104685671
-6.04386448601	19.8176443246
-6.31418568922	19.4689764654
-6.36366275753	19.4039021705
-6.37396940726	19.3893581186
-6.43495262221	19.3054531316
-6.63481337735	19.0319929075
-6.73518264537	18.8606415364
-6.82224524487	18.7304944639
-6.92923160062	18.5102657782
-7.00563065102	18.4259300877
-7.06848702421	18.3339899191
-7.11296277795	18.1934818186
-7.14773636612	17.9714950492
-7.22292687718	17.7752871987
-7.23921711877	17.6167243741
-7.33787617675	17.4475110946
-7.42889182662	17.3417045608
-7.60917295817	17.311952738
-3.92078029241	-18.4336374235
-4.34819930527	-18.4527209176
-4.51842990636	-18.4099360504
-4.599608116	-18.3874286
-4.76693704629	-18.3733291094
-5.1408314911	-18.3346748515
-5.31433928521	-18.3093753899
-5.42654251251	-18.2849981238
-5.52333959348	-18.2706914926
-5.6823022853	-18.2347759575
-5.82400197539	-18.1973382448
-5.98807639089	-18.1571030218
-6.12655223922	-18.1182641087
-6.28291734947	-18.0709369423
-6.57979628684	-17.9562727485
-6.74181881023	-17.8960498239
-7.0500291657	-17.7705392995
-7.20669047723	-17.7017951605
-7.41738549623	-17.5936562311
-7.69089938074	-17.4555961964
-8.02488189456	-17.2791802616
-8.27120208723	-17.141987553
-8.40842234209	-17.0669667463
-8.56641534234	-16.9792152371
-8.74109554118	-16.8774646869
-9.09638169323	-16.6689879624
-9.18165937041	-16.6181632258
-9.26946325601	-16.565458623
-9.4451646503	-16.4585443033
-9.62431616999	-16.3465750061
-9.77686909151	-16.2499010541
-9.83292167828	-16.2149008168
-10.0021086147	-16.1062588232
-10.2379671539	-15.9443064089
-10.3736402678	-15.8469702205
-10.4865890678	-15.7643077278
-10.5557560203	-15.7109078808
-10.810098671	-15.5200243726
-10.9255373355	-15.429644782
-11.0176932987	-15.3558806932
-11.1131538553	-15.2881749366
-11.2618037234	-15.1670277236
-11.4538264908	-14.9975057503
-11.6709708589	-14.7755278234
-11.8444582304	-14.5772155604
-11.9268006823	-14.4953760449
-12.064871377	-14.2727593686
-12.190102025	-14.1354322836
-12.3115733122	-14.1085610597
-12.3841545383	-14.1319984318
-12.5589363759	-14.1603479908
-12.8409419448	-14.2325413784
-4.86125214482	9.86497631037
-4.6453608834	10.4146106086
-4.54386820724	10.4613699957
-4.41302981541	10.486607838
-4.28231052105	10.5318557115
-4.10842357857	10.6684726447
-3.78739668425	10.786701758
-3.42989130491	10.9811085994
-3.28167287977	11.0419863155
-3.11192001218	11.1669276941
-2.94397817864	11.2698788929
-2.82962618035	11.3439473317
-2.7099938207	11.443063441
-2.62366259601	11.504419301
-2.56292196545	11.5391892161
-2.29450479176	11.7507133987
-2.16591347585	11.8699058651
-1.96257987199	12.0282144408
-1.85549610223	12.1298176221
-1.6407241516	12.3014512335
-1.48346244726	12.4289321901
-1.41975861696	12.5327688792
-1.30816892524	12.6520418922
-1.01585344296	12.9240884458
-0.731310039311	13.2182806492
-0.59636532207	13.3581125774
-0.484611401177	13.472372717
-0.32249961133	13.6476749352
-0.214471105809	13.7619781047
-0.0828296594309	13.9167712459
0.0636631235771	14.0880079623
0.188653472165	14.2446882179
0.277334270411	14.355696376
0.435175883916	14.5666775631
0.497329750553	14.6553890035
0.723526349463	14.9778121779
0.903637128487	15.2445640766
0.987249917034	15.354924314
1.21964784403	15.6518862059
1.38628842471	15.8866070538
1.52384858931	16.1486105846
1.59941671965	16.2625486583
1.7115726068	16.4979331155
1.82248802809	16.6612849334
1.97788813238	16.8993361974
2.0231302444	17.0775159902
2.0476648245	17.2588943444
2.07944180024	17.4162778422
2.07100945123	17.608213414
2.14993405667	17.8780779389
2.16380020901	17.9321910207
2.4110055249	18.3558609583
-4.86981948912	10.0948606962
-5.2103275567	9.78731103573
-5.43976129003	9.74051320001
-15.3298475751	0.875972842589
-15.4275915984	0.519252024725
-15.4185131758	0.299918116867
-15.3831246026	-0.0252248697636
-15.357730648	-0.237639625124
-15.3841617952	-0.515605002433
-15.4109218278	-0.676334431258
-15.4213479116	-0.872259532184
-15.467042007	-1.04450743261
-16.4744057898	-2.34389843014
-16.5159708428	-2.6996183496
-16.5525756375	-2.94368031535
-16.5873616959	-3.20968399226
-16.6173385308	-3.42398062874
-16.6366374366	-3.6106606543
-16.6435465262	-3.79173198593
-16.6584824396	-3.90800740033
-16.6299244174	-4.02872425536
-16.6443157589	-4.25352454925
-16.6686683683	-4.44380773876
-16.7264730783	-4.892712711
-16.7917516668	-5.1939373151
-16.8323317893	-5.54093978746
-16.8477604746	-5.7330536003
-16.8536990273	-5.93496804651
-16.8657384346	-6.18046659291
-16.8680764366	-6.54077443871
-16.8612281917	-6.68699652308
-16.8074032567	-6.89970320648
-16.7786015949	-7.12215884663
-16.7322724008	-7.35501871476
-16.6688033803	-7.55755613155
-16.6392348921	-7.73233491093
-16.5739991637	-7.92590892763
-16.4881568726	-8.14599235063
-16.4163799628	-8.33334926443
-16.3277112757	-8.47223068004
-16.3270286576	-8.51970915982
-16.2640531915	-8.67175940645
-16.1537808317	-8.87978513799
-15.9729519934	-9.13912252293
-15.8846629006	-9.25633506059
-15.7629228698	-9.34974618025
-15.7629522932	-9.49329724997
-15.3299545952	0.875947635382
-15.4796253306	1.0833591913
-15.5194142413	1.21031465885
-15.5868932774	1.26286849529
-15.6369080792	1.39829328422
-15.6948892653	1.52578641404
-15.7726974582	1.77787994502
-15.7779543144	1.94837713363
-15.8313643255	2.17726127943
-15.9729918796	2.29906046611
-16.0117232952	2.42225577687
-16.0280566435	2.5072408632
-16.1536942412	2.71395945775
5.05139726181	-20.0733025667
4.72621424273	-20.1265038739
4.48824204615	-20.158030022
4.31638239165	-20.1806123552
4.03706594619	-20.2102168567
3.85444552622	-20.2197831171
3.71639604979	-20.2088526474
3.40754581563	-20.2022654601
3.17083961228	-20.203136544
3.03767855683	-20.201740418
2.76732570543	-20.19339983
2.6073275208	-20.1841062111
2.39523495224	-20.1683598557
2.22231935156	-20.1472087693
2.00218082216	-20.1203060211
1.53709667617	-20.0615463775
0.772845547494	-19.9479609843
0.44177442646	-19.8952034531
0.248157444935	-19.8596287881
0.135144755018	-19.8312265202
0.0104488472791	-19.8035485829
-0.0992993736566	-19.7757472972
-0.306722248923	-19.7251518612
-0.639845566968	-19.6018401855
-0.818944653672	-19.4997997098
-1.01522339281	-19.4176295734
-1.23714798668	-19.2702360197
-1.25270805608	-19.1247453753
6.5726650373	-8.2095926958
6.77546080897	-7.93075203433
6.82608771405	-7.71237307158
5.20028462734	2.45749032752
5.30847056539	2.70359403354
5.55617802358	2.84696903393
5.69875331937	2.96033743417
5.76955174705	2.99017537059
5.89054743449	3.05680790935
6.09075524831	3.19137524795
6.3108673049	3.30651879138
6.43400954954	3.3527877408
6.59390728017	3.42931372141
6.746400559	3.49827089567
6.98655742236	3.58836462371
7.20559121752	3.75124428474
7.30495483423	3.79172960979
7.45091524301	3.85336923464
7.73937995274	3.94177124026
7.93265143346	3.9183933557
8.09045919002	3.92076304055
8.23936020524	3.92008594696
8.3666521571	3.9295567784
8.64434816632	3.9986778106
8.79213905149	3.97877607861
9.17476130877	3.76824402649
-15.2611249511	-2.46632543452
-15.4630102686	-2.24248053287
-15.6279805927	-2.04829799784
-15.6805049319	-1.98363257533
-15.784725537	-1.88040235735
-15.982822465	-1.7116251464
-16.1096565156	-1.60298333244
-16.2103594219	-1.50130058649
-16.3525513538	-1.32660629992
-16.4802644805	-1.12301846155
-16.5505316508	-0.977610276185
-16.6384949114	-0.698836260853
-16.7438189234	-0.471825965107
-16.8848899544	-0.292858264225
-16.9334985186	-0.184929857264
-17.0300664017	0.00710323627528
-17.1387308017	0.238085811495
-17.211362882	0.4222609961
-17.3559482148	0.529569424344
-17.4402955444	0.637347812243
-17.6651526924	0.864406251663
-17.8014091551	0.902739519115
-2.83043778406	-1.18641198508
-2.54716617591	-1.08656985971
-2.26886911847	-0.970231976743
-2.12082018094	-0.917108892948
-1.85129715054	-0.823639323356
-1.67878123245	-0.745234922652
-1.4665892006	-0.669573987162
-1.24931867354	-0.595034148153
-0.853220185868	-0.472784230907
-0.66046819324	-0.423967479338
-0.551211889523	-0.390663368899
-0.35510520451	-0.337750983903
-0.214336321935	-0.294691595607
-0.0342694922174	-0.245438695363
0.0835933251409	-0.21050576403
0.27611249701	-0.156951673343
0.46763518434	-0.141116094371
0.654732630822	-0.0882715149084
0.752916797851	-0.0622896426859
0.891645505042	-0.0204518402579
1.24402489293	0.0550797895293
1.42979667397	0.094018405103
1.51132685724	0.104078373449
1.70572281371	0.146974325146
1.8258961352	0.141403131634
1.9786493422	0.191305774893
2.27677827133	0.00878061417793
6.9011214916	-7.80786743992
7.24159716363	-7.67954513068
7.58034385013	-7.6736035338
7.7204318552	-7.71467406399
7.87789252042	-7.75452544983
8.14291353427	-7.80543892495
8.30731952344	-7.8449858614
8.45358078799	-7.87861802245
8.82790011162	-7.95489041631
9.22723373738	-8.04101065483
9.38238237278	-8.07474245051
9.57334097262	-8.11772264511
9.79070304017	-8.16379006592
10.0286846334	-8.22057872161
10.3178452473	-8.29343372
10.4973371755	-8.33659324855
10.6597137741	-8.37684313654
11.0174636161	-8.51145814867
11.1330672612	-8.54874403081
11.313207365	-8.61380209897
11.5491100845	-8.6664757464
11.6819030525	-8.70703108801
11.7847243425	-8.74013947125
11.9610983531	-8.80503103055
12.3421693079	-8.95460973489
12.64931389	-9.07218930715
12.9493807896	-9.23017704217
13.1235623901	-9.33053322678
13.3808380015	-9.54316451176
13.5883896769	-9.68780440588
13.6240842265	-9.7057425607
13.8154204564	-9.79975609612
14.2528936542	-9.69451683347
5.7368528721	-16.3426392161
5.82406242387	-16.5017852191
5.90485758428	-16.6885814576
6.09941578239	-16.795222672
6.19359953444	-16.8753666792
6.20798363508	-16.9936890294
6.36801525085	-17.0531739997
6.46698120265	-17.0702548334
6.62877738957	-17.1281838144
6.85623289934	-17.2598564892
6.95609534439	-17.3519438939
7.1127417047	-17.4462448449
7.2681168104	-17.5973393753
7.6821239398	-17.83583628
7.84967117373	-17.9193801531
7.93021792771	-17.9429175543
8.04513783185	-17.9875113321
8.30823380554	-18.0793074044
8.5160588357	-18.1472699024
8.80824994739	-18.2725773424
9.05965615642	-18.3724789011
14.2526063883	-9.69465531047
14.4288641124	-10.2045702386
