2385 0 0
3.73169019534	-15.2287865542
3.63922150189	-15.1910707086
3.53429988478	-15.0787980947
3.46222359333	-15.0108639056
3.3932315568	-14.8929642468
3.32475448066	-14.8792070176
3.2302832158	-14.8400655049
3.09493920461	-14.8018530986
2.96129363191	-14.785945453
2.86161198952	-14.7724890994
2.70747816933	-14.7486598248
2.5697045913	-14.7296876397
2.49718577946	-14.7207656087
2.37429804066	-14.6863831958
2.26607129084	-14.6757317192
2.16781298407	-14.6597439299
1.9899917987	-14.6272780164
1.79609547219	-14.5685078898
1.67338856573	-14.5364429347
1.52585603049	-14.4979500163
1.32481714492	-14.4340424237
1.16943756641	-14.3685279443
1.10392169692	-14.3287452821
0.850125293015	-14.2106415547
0.620120169857	-14.0809044281
0.49490947121	-14.0607624568
0.290305270252	-13.9709120423
0.089841490208	-13.8509388181
-0.0402158828378	-13.7579608761
-0.416973824146	-13.6406307332
-2.54489398484	-13.8062941375
-2.23178510349	-13.8208320159
-2.01250632349	-13.800773239
-1.79674650112	-13.8023412442
-1.53769377462	-13.8247483872
-7.03971184193	-11.3206953696
-6.78857492397	-11.1707209907
-6.67884340278	-11.1017981278
-6.61789413686	-11.061870531
-6.40965685891	-11.0628974754
-6.28077260336	-11.0132196966
-6.19542110898	-10.9894972358
-6.05130943697	-10.9450013756
-5.56848945726	-10.8557925703
-4.62525365529	-15.78210252
-4.5712125899	-15.5911029853
-4.55554645513	-15.4555764104
-4.59498155318	-15.2919626094
-4.67697307651	-14.9714467801
-4.72259747574	-14.8787206554
-4.87275086827	-14.5287257555
-5.00412925803	-14.2242743688
-5.28024754373	-13.8728001722
-5.36390335096	-13.767988582
-5.53696506344	-13.5682289903
-5.69501954849	-13.3861759062
-5.80273054446	-13.2236811812
-5.9444235126	-13.033329811
-5.99724757576	-12.9525438749
-6.15056687269	-12.7277400766
-6.2387900512	-12.5459744311
-6.36376590968	-12.3683258307
-6.49748507427	-12.1715117218
-6.60667491507	-12.0203080459
-6.7956609338	-11.7289579059
-6.90349145762	-11.5659325413
-7.03971184951	-11.3206953594
-0.483897822545	-6.01666596437
-0.816785031486	-5.9646750984
-0.926223535889	-5.95807229535
-1.05317322448	-5.86093422665
-1.15497800659	-5.71910749058
-1.28983815874	-5.63152931849
-1.39072324293	-5.56322225661
-1.43588502127	-5.47986668951
-1.46049520339	-5.41254762872
-1.56806038297	-5.27350366615
-1.60259918275	-5.18655135884
-1.64430285597	-5.06938137934
-1.71185179286	-4.9428830528
-1.73489017043	-4.84542357755
-1.75124451377	-4.77448564786
-1.76494758623	-4.70662310041
-1.70893751828	-4.54502917023
-1.65620821283	-4.41268624641
-1.56781326267	-4.29075502991
-1.51409462172	-4.20622641713
-1.40682652304	-4.12394751585
-1.29207834485	-4.0516913083
-1.16181299894	-3.96753222667
-0.997440691701	-3.86819652723
-0.970882284249	-3.85472427411
-0.84569177905	-3.81123299475
-0.721033913501	-3.75852375534
-0.642098673591	-3.71097642268
-0.522136707086	-3.67633553064
-0.398312011346	-3.65557754563
-0.382415931345	-3.65294681274
12.4843824996	-2.91058285876
12.3190939476	-2.89122282794
12.1986631273	-2.89120697351
12.0452434808	-2.84348110798
11.76122104	-2.73931006247
11.609678841	-2.65330660665
11.2230894868	-2.54151556456
11.17044368	-2.52254005325
11.1057898884	-2.4505068311
10.9536698762	-2.40824807794
10.7734194106	-2.35757328313
10.5232673124	-2.28600772643
10.397637154	-2.27831402116
10.2220018707	-2.25683476494
10.1334579984	-2.24971976745
10.0252625623	-2.23219164674
9.95329916945	-2.21383176661
9.84928234257	-2.20508435618
9.69555324405	-2.1718350329
9.56392794642	-2.13876859654
9.45103110634	-2.13521521716
9.28731402111	-2.08630838273
9.19429272952	-2.02767436161
8.93478342505	-1.91239950376
8.80286317712	-1.81113836055
8.72312826736	-1.7532497531
8.65898482665	-1.70975112472
8.59344578934	-1.55231675043
8.44090330593	-1.23138668459
8.38432952471	-0.966147675411
-2.82424655793	-21.1254837119
-2.82424918262	-21.1254449496
-8.57949241253	-4.4176551936
-8.77240309682	-4.46736026131
-8.87589234298	-4.5603301654
-9.02417949935	-4.68989876251
-9.2804667767	-4.86758245665
-9.3331505145	-4.90651874519
-9.48867078494	-5.07990709002
-9.54523473596	-5.18458283817
-9.56097889233	-5.35593921217
-9.57770201264	-5.48029979114
-9.5861046729	-5.71893301285
-9.56648621827	-5.92151261617
-9.56462841461	-6.00048999122
-9.5640877406	-6.07258666963
-9.55930946865	-6.1850659539
-9.54236301023	-6.37047373046
-9.52379975628	-6.57765792456
-9.50615967525	-6.68182834251
-9.50215018073	-6.78304748553
-9.48017544893	-6.9952971014
-9.47035461492	-7.11642677484
-9.44191412436	-7.23547488913
-9.44811384055	-7.36134605104
-9.43250826412	-7.46435777536
-9.43626136711	-7.57713269012
-9.42500244712	-7.81488429056
-9.43634726961	-7.94629482989
-9.42504609957	-8.05607588355
-9.4019690335	-8.20638299293
-9.34576198782	-8.68924045623
-9.33504026266	-8.90844545939
-9.35411832701	-9.2345747963
-5.31804908758	-2.94868466529
-5.38959292642	-2.72957619901
-5.45827893388	-2.56855800666
-5.51593130111	-2.31721069832
-5.65442660916	-2.03665315934
-5.74593257358	-1.82462951201
-5.7699077502	-1.74967983757
-5.85301090345	-1.64487981965
-5.9278820353	-1.56021033039
-6.02920456484	-1.47482900224
-6.11240764043	-1.38506524889
-6.28552265106	-1.25618156161
-6.52793249487	-1.22227032281
7.05815355542	-0.352514192907
6.90576985138	-0.441117623207
6.84215456562	-0.541894919221
6.78507248433	-0.614090469616
6.71188259196	-0.730801634408
6.66372522167	-0.80524725962
6.56463233943	-1.02573744596
6.52157673787	-1.1104512013
6.45700541688	-1.33328706313
6.41620422543	-1.43519077819
6.34519465544	-1.61003584032
6.29295966105	-1.83123225828
6.27586254347	-2.00957460062
6.24185363088	-2.22463170178
6.15503996454	-2.42227915067
16.7763465729	1.50631018141
16.7762908086	1.50631765269
16.7763336743	1.50630580659
-3.29765277636	-1.79761529939
-3.20686830325	-1.71842985213
-3.16599249637	-1.68342747699
-3.02502244203	-1.55104732064
-2.95931467088	-1.47714459514
-2.70715647545	-1.23488073154
-2.58725098051	-1.09404877201
-2.3817222113	-1.00560824314
14.7930608851	2.37129287876
14.5579429162	2.30786069091
14.4564426401	2.28489435343
14.3786292521	2.25097498125
14.2736504294	2.12461603336
14.1096869788	1.91305722982
14.0432276574	1.81869666618
13.9481492797	1.67409598598
13.9178309641	1.60738561818
13.8046092966	1.38036041523
13.7165715028	1.20478324102
13.5645098128	0.896070383219
13.4780816272	0.688885845565
13.4356345514	0.580248231444
13.3924900628	0.453802324619
13.3058017056	0.190989679813
13.2633300779	-0.0167677680372
13.1980292603	-0.296967016426
13.179070283	-0.502256007777
13.130558219	-0.719309390179
13.0635009479	-1.00441059961
13.0188156303	-1.19110149893
12.9665386362	-1.39653532842
12.863828214	-1.77943387926
12.7600599323	-2.06839524982
12.6927095986	-2.35819248861
12.6602641044	-2.53200932043
12.634762314	-2.63877460837
12.5841449332	-2.78195174767
12.5528670021	-2.82507711413
12.4844159248	-2.91055143018
14.7585539928	2.72024227374
14.5732393449	3.02940774519
14.4812890894	3.18443935176
14.4388446416	3.32605594743
14.3666183539	3.48282401783
14.2836524359	3.66810719333
14.2031600094	3.78021922682
14.1037376635	3.94463345992
14.0119524181	4.11042831524
13.9695657985	4.17900431886
13.8801535918	4.36457114319
13.8332642713	4.45188202791
13.730357708	4.61340577684
13.693706068	4.75582801563
13.5898625915	4.90273443478
13.5040292742	5.05834271943
13.3855031665	5.19889442659
13.2726678869	5.30689678633
13.1511988956	5.3654295628
-6.52798776566	-1.22233597497
-6.74483712803	-1.35637323039
-6.885663527	-1.46254827741
-6.95119923353	-1.58052607454
-6.96865082856	-1.65237260152
-7.07506597172	-1.77332604103
-7.16686663487	-1.81890828946
-7.35431555753	-2.11904558459
-7.51991368755	-2.33984971334
-7.60400613226	-2.45123295565
-7.75103693829	-2.59941225363
-7.84239179629	-2.71466277836
-7.96705610428	-2.87426018464
-8.03830660089	-2.97006323843
-8.11451737202	-3.05206379524
-8.18697159278	-3.13854978814
-8.3343804483	-3.30567352187
-8.41641180395	-3.43008500663
-8.44504361968	-3.53048418665
-8.47750420047	-3.74437824223
-8.5127837782	-3.85274715748
-8.56256949777	-4.00326367241
-8.58299289896	-4.14866879188
-8.57949243727	-4.41765390661
15.3377038537	4.48996546048
15.3279622185	4.69156093193
15.3198781301	4.81986761313
15.3107161369	4.93554096576
15.2790048094	5.28659087211
15.2539447532	5.44541781113
15.1822847608	5.81364325826
15.1075878967	6.06115118594
15.0684278008	6.2255752097
15.007503557	6.39467652283
14.9795169264	6.50006518244
14.9279116426	6.6349096283
14.8616853776	6.76370427787
14.7981587315	6.88655842551
14.6693019089	7.08694073901
14.5551562533	7.25041924788
14.426518266	7.41948482086
14.3610247758	7.51428974758
14.1845408828	7.62915054636
14.0955547151	7.70826396123
13.8857837602	7.86139558154
13.6819093658	7.95012787617
13.5619349469	7.98566327457
13.359187236	8.00829331342
13.2295256432	8.00005052051
13.1219620747	7.95583044549
12.8814322253	7.88966794254
-12.7078953577	-0.351852608093
-12.6986817268	-0.540618350155
-12.6716209662	-0.740307619923
-12.6546015158	-0.894503261944
-12.6361440971	-1.04055238445
-12.6204027647	-1.18785532102
-12.5914043128	-1.37538699442
-12.5569274828	-1.57965303204
-12.5260105349	-1.77836188889
-12.5179740891	-1.8193430622
-12.4826375346	-2.03728205409
-12.4384288626	-2.22273902682
-12.365580757	-2.5267464816
-12.3093810055	-2.77511906457
-12.2806048537	-3.24516664066
-12.2404405859	-3.3314911309
4.56953576031	4.38519952987
4.63699028858	4.48738713123
4.64086762097	4.5858085296
4.72578577082	4.74208584032
4.81096227285	4.88285945545
4.89560039366	5.02108429489
4.96420706197	5.13915160791
5.02539857158	5.25951930399
5.07164270528	5.34196812773
5.15594788953	5.48103267473
5.16674452554	5.52383002848
5.21944171781	5.60583317715
5.28780225605	5.70876724892
5.33425319213	5.77619562586
-13.4090763154	1.11964058494
-13.397654831	1.09391994405
-13.3558740904	1.03489190553
-13.3083272259	0.928235199257
-13.2531385049	0.810877099251
-13.2026103021	0.662921534624
-13.1310586418	0.431540702684
-13.0016516975	0.173475107741
-12.8845661828	-0.0246041802481
-12.7077032897	-0.351841423829
0.101488942029	2.45786925576
0.0589987449713	2.48593597521
3.0930034338	3.52065635134
3.27266170857	3.55621868221
3.46646917362	3.7410487604
3.54040460842	3.82568293088
3.6769922176	3.98000882747
3.74627584507	4.1520910312
3.82604184562	4.53661572404
3.92302101872	4.92487157989
3.96156037511	5.07889962072
4.07277573004	5.42653139825
4.16309758445	5.68011091596
4.22223555464	5.87418961768
4.25174402613	5.99131386487
4.30596166598	6.13999591641
4.32580493017	6.36425378626
4.32608288883	6.47953837589
4.28606908742	6.74975701089
4.25320395568	6.97434582155
4.1333439431	7.13145813851
4.07183466076	7.30998360016
4.03136394712	7.49729737028
3.96897795796	7.66523211328
3.86896527226	7.87818410314
3.81637944466	7.98076153029
3.61376585058	8.26960195562
-5.10338657763	0.958515360434
-4.89666754581	1.14230341935
-4.6727067889	1.23735437042
-4.55558654299	1.29912864905
-4.28644817723	1.43542351479
-4.07556449279	1.53900376349
-3.85108898185	1.69480536295
-3.73261774611	1.744610136
-3.60840484362	1.79791692679
-3.47233929013	1.86186941065
-3.22812931552	1.98026530944
-3.08806870782	2.03964181176
-2.9569392272	2.08722811311
-2.73622961734	2.15960126892
-2.63005694194	2.19146526717
-2.53772885241	2.24402149105
-2.27373272804	2.29985149563
-1.84376191288	2.38811788118
-1.57946789734	2.44315942692
-1.39035359949	2.47649711987
-1.23135562669	2.5056359877
-1.04671379214	2.52918273793
-0.916988889582	2.53083509617
-0.757286942331	2.53744239764
-0.541600405028	2.53349228842
-0.283975083828	2.51657366664
-0.143557582664	2.5041442488
0.0589966804519	2.48593717835
7.35185032424	15.4830817666
7.33484580461	15.4821097825
7.28431239254	15.4723694042
7.14377529977	15.4272477492
7.00600580619	15.3547746686
6.84226673122	15.3393606713
-4.80804846022	3.05388914176
-4.62278084157	2.93145278973
-4.58014272548	2.78744642314
-4.47308988315	2.51444396518
-4.43112067033	2.35381921709
-4.40439438635	2.27405144619
-4.35733805921	2.17798258116
-4.35028746496	2.16864396358
5.5648061633	15.7294597475
5.60162491768	15.498251256
5.67672691861	15.2996635158
5.74734432063	15.1380378947
5.86905762714	14.9824712357
5.97843153094	14.8400808306
6.07422824093	14.7258968948
6.21556898016	14.5616117093
6.46672121699	14.4044372835
6.55499188291	14.3577355044
6.5480676588	14.2870159652
6.74052882757	14.3025289098
6.93366971345	14.2910379613
3.27625193567	9.62950788227
3.37158443528	9.88920128608
3.52225903184	10.0083610603
3.60436503307	10.0810580828
3.69864998431	10.1931577922
3.82011702408	10.2728282153
3.91549111705	10.3431296961
4.16121643135	10.5117082668
4.31986128391	10.5340722049
4.49633578857	10.5548656697
4.62566240266	10.5794400403
4.76699635785	10.6182420932
4.92915117272	10.5983628192
5.0501675415	10.5666651348
5.27473965957	10.4990688004
5.53356195317	10.4420949353
5.68474825674	10.4125022187
5.92067127104	10.3571728427
5.98632614445	10.3474187699
6.09946517526	10.3210174249
6.2187799842	10.2948080262
6.40885757019	10.2632765184
6.52789918765	10.2760885729
6.65334968917	10.284863565
6.77977347714	10.3006938299
6.99495841156	10.36495062
7.2007465173	10.5012346186
7.34679895774	10.6424665576
7.40238556813	10.7288603526
7.45252025973	10.8418253466
7.51998358817	11.038191659
7.5548291188	11.224313226
7.54088418486	11.3110314669
7.49049292783	11.5186214324
7.47380642417	11.6477673323
7.29873338486	11.8080692868
-6.86069079794	10.2275621667
-6.83965844057	10.4627109491
-6.71594025588	10.7329381639
-6.60886719381	10.9838671171
-6.56733709189	11.1683117989
-6.47647247076	11.3120222496
-6.48625682322	11.4324052457
-6.43611455028	11.5604484611
-6.42316968465	11.6311318468
-6.41930998719	11.7474427585
-6.42500761212	11.8962514995
-6.36851135738	12.0780194615
-6.31369809729	12.262074192
-6.29186279772	12.3765819276
-6.25979629632	12.4765157701
-6.22450621872	12.630589765
-6.22303637208	12.7207519015
-6.18444245475	12.8323587946
-6.13934431192	13.0064194877
-6.10563390924	13.2136430741
-6.06350989792	13.4533864152
-2.82992924696	11.1019365448
-2.53471002153	11.0533946618
-2.33613690729	11.1155393295
-2.21979173893	11.1882181908
-2.07875229979	11.2178190575
-1.8542809675	11.3084662205
-1.8542928604	11.3085309398
-1.76955867569	11.4301583398
-1.68915942833	11.51691095
-1.42261184754	11.7077214728
-1.23434007167	11.8614515985
-1.05821217775	11.9982592968
-0.987393270488	12.054913404
-0.893853556495	12.134531079
-0.803935550103	12.2125635968
-0.683125926468	12.3355823799
-0.463635474072	12.5107067053
-0.360914302587	12.6239698122
-0.187992346144	12.7658129567
-0.0106229927619	12.9191397267
-0.0106258684123	12.9187741645
0.177399231097	12.7707787348
0.407422670742	12.7068781625
0.470347261986	12.6844807624
0.567822885619	12.6635608545
0.733055545574	12.5768687672
0.974249718121	12.5288193812
1.11123249524	12.4557083657
1.17563742685	12.4247318438
1.25374085133	12.3886166296
1.58786056618	12.2923674322
1.82272706532	12.2504701014
2.13621892927	12.1915164462
2.38714310259	12.1683333995
2.63988183649	12.1580931735
3.00030342625	12.1484928234
3.16499364729	12.169982109
3.24884536442	12.1803646113
3.37583550219	12.1857685397
3.55583010695	12.2129649008
3.63981180681	12.2253419187
3.7934333234	12.2362001048
3.84527367205	12.2374151856
3.94818918218	12.2389034592
4.17222333145	12.2324581746
4.28831007979	12.2253955063
4.41331108843	12.214542622
4.55681998379	12.202204451
4.87004978508	12.1704357747
5.08189418131	12.1517860967
5.2934429228	12.1297095862
5.58651118667	12.106070569
5.79031812023	12.0905645119
5.96258804856	12.0784330965
6.22749646632	12.0604677908
6.4551383152	12.0631553629
6.61154808319	12.0364590758
6.77485298716	12.018394946
6.88350424374	11.9986090393
6.97757471337	11.9725750616
7.04110926853	11.9571388016
7.29874803575	11.8079593981
-3.9384485254	11.5440195378
-3.80927177256	11.5090506963
-3.76945043908	11.4980227275
-3.68829115287	11.4745952808
-3.4706760724	11.4551020608
-3.32841011738	11.4244860699
-3.12795580656	11.3047261362
-2.9961038934	11.2576336986
-2.82992335342	11.1009764697
0.0693139362636	17.6332437356
0.231197114986	17.7368452054
0.351868784897	17.7388509581
0.632584117546	17.712468627
0.811403374944	17.7269014163
0.878800944907	17.7125963931
1.00223893866	17.6772580604
1.12680576217	17.6324866114
1.32015062929	17.554844368
1.45088188518	17.4844000845
1.56738945546	17.4377455933
1.76994753037	17.4236078032
2.05441296693	17.3334457539
2.23519562986	17.2828987807
2.42812656129	17.2262987537
2.77730756813	17.1084615578
2.92199182605	17.0482078764
3.12320908893	16.9820466464
3.28293782392	16.9451366451
3.52479575996	16.8563191176
3.8127605355	16.7439963198
3.89492560474	16.7110227734
3.94624599664	16.690116051
4.1944531931	16.586482779
4.47521135972	16.4743971184
4.66993906573	16.3999766634
4.8279913765	16.3420823381
4.91121579925	16.2291001689
5.00188908444	16.1788590433
5.16552351347	16.0586651681
5.41341092955	15.8982467752
5.56437103304	15.7288260929
-0.273334994055	15.4661239928
-0.14438072637	15.2313278907
-0.145585692018	15.0908287264
-0.160036643741	14.8800782138
-0.157290730453	14.6573518044
-0.112256224772	14.2563764684
-0.0237237881019	13.829838422
0.00795581988186	13.64452316
0.0159365002761	13.5404691296
-0.00936531534743	13.4302853334
-0.0368432083645	13.1757980548
-0.0106258684091	12.9187741643
-6.06357313522	13.4534054282
-6.41298204027	13.4309486074
-6.62587605367	13.3938158479
-6.89662619651	13.3112158791
-7.03189515352	13.2337553362
-7.13447969333	13.2072227851
-7.23917994385	13.1776685228
-7.46473468113	13.1021550029
-7.58150478231	13.0596326822
-7.765654556	12.984001968
-7.99097696805	12.8918634022
-8.25252999137	12.8510182653
-1.67626357803	15.9741497156
-1.49020918386	15.8786114196
-1.33011330932	15.8568183409
-1.19211117398	15.8205244045
-1.00443969874	15.6764605331
-0.872134969971	15.6344620325
-0.816330545842	15.6357304253
-0.702633618685	15.5977466918
-0.520918023976	15.5386813746
-0.497486845854	15.5233201136
-0.273316660144	15.4661351385
-2.01717172018	-8.9622923296
-1.81992970782	-8.93149134087
-1.64600555503	-8.95195697499
-1.47255346105	-9.03661483064
-1.25852050898	-9.10389665069
-1.11646745561	-9.15057725085
-1.00160856507	-9.16860354199
-0.922081211856	-9.2237289119
-0.818131034805	-9.2985171044
-0.632071334329	-9.43756096354
-0.593326415643	-9.43495393349
-0.543865491397	-9.48301341691
-0.404670261466	-9.62201839159
-0.369566812499	-9.75562284455
-0.36113746201	-9.88896743604
-0.390843755124	-9.97546728471
-0.516188896874	-10.1760880532
-0.652056016483	-10.3515093771
-0.75631631836	-10.4859043502
-0.922232667931	-10.6612871828
-1.05052220714	-10.8150067876
-1.13081701885	-10.9127239432
-1.25140246832	-11.0574289609
-1.37378482638	-11.1513189958
-1.51672660256	-11.2497304839
-1.7183994593	-11.3899987083
-1.8897134546	-11.495281483
-2.03764136727	-11.6010826872
-2.23973373267	-11.7369534024
-2.35013595385	-11.839458044
-2.49483473393	-11.993680538
-2.62157381449	-12.1233095086
-2.71090411832	-12.2367774822
-2.78371929431	-12.3368919676
-2.84863758334	-12.4313134582
-2.89891017433	-12.5374130458
-2.94026498586	-12.6177288148
-2.9972789261	-12.7201303296
-3.10683484619	-13.025876731
-3.14662096337	-13.326629614
-3.07589812724	-13.4791900466
-3.01392107217	-13.5487127076
-2.93058404066	-13.6275377809
-2.83916291896	-13.7360860165
-2.54489458121	-13.8062990425
-4.5822605275	-3.20209565888
-4.74985060826	-3.14028949173
-4.93417075039	-3.04418730358
-5.09549573873	-3.01018609462
-5.31828923468	-2.94873484195
-5.22800698166	18.4262197333
-5.20409704498	18.4368914496
-5.14732346713	18.4668051307
-5.11082248729	18.4782770806
-5.01963024508	18.5048019076
-4.96551524298	18.5221480382
-4.8528364871	18.5787476447
-4.52929723745	18.6826502821
-4.44150218589	18.6679528405
-4.38348390465	18.6622547933
-4.16046205013	18.5540124804
3.53963696031	2.22550316044
3.54897198172	2.23567967545
3.56654492799	2.25275990516
3.60605107416	2.28723732242
3.680107722	2.34987652074
3.75989272523	2.42042557256
3.94351305417	2.47184389783
4.04065949776	2.48127656416
4.25286870131	2.45414442106
4.44731295737	2.43945808713
4.56493396541	2.56384664719
-4.00063587156	-18.8733490382
-3.8751075487	-18.7433012536
-3.79917414218	-18.5169041158
-3.75722215901	-18.3735781195
-3.73475037755	-18.2474756346
-3.72792577564	-18.072154144
-3.65097759258	-17.976182274
-3.69296501785	-17.8476015986
-3.70838324122	-17.7185132641
-3.75309205497	-17.600998764
-3.76597738629	-17.490693794
-3.81385166035	-17.331048136
-3.81333091319	-17.2558194438
-3.85002443827	-17.1066646624
-3.96868623934	-16.7575116303
-4.08785095257	-16.5214378707
-4.13492027413	-16.4214425674
-4.2011234107	-16.3168058604
-4.27698670276	-16.1842167507
-4.43229616886	-15.9866552409
-4.62524179731	-15.7821600722
5.99898871531	-2.52298229587
6.0481242495	-2.48466897652
6.15499382361	-2.42232983167
-4.1604707428	18.5540361223
-3.93795139163	18.6062721535
-3.78527503378	18.5851725258
-3.61744712023	18.5795687734
-3.48116527159	18.585060964
-3.36041930659	18.4860765027
-3.14072801594	18.4799861408
-3.04658308183	18.4956192104
-2.97485104234	18.4738555509
-2.93294206746	18.4319502793
-2.86364463963	18.3588917818
-2.81898513651	18.2639253969
-2.77422263409	18.1737379109
-2.73490585619	18.007955079
-2.71980327164	17.9371671631
-2.70827173414	17.8533729747
-2.72892088799	17.7068886408
-2.74321970342	17.4964166416
-2.78174058941	17.4123294156
-2.81725713171	17.3407567413
-2.84202426039	17.2672766716
-2.87283238111	17.2013881678
-2.93637265619	17.0578170492
-2.98104203807	16.9613649061
-3.01745695923	16.8780503233
-3.09780403097	16.6954434883
-3.10334684907	16.5413995994
-3.15442167295	16.3987182848
-3.21183758884	16.3303769042
-3.26163608554	16.1941548259
-3.31981291954	16.0578995332
-3.33745274876	15.9633123612
-3.29570803021	15.8068768868
-3.25916186618	15.7314204281
-3.22147186521	15.581799003
-3.19376045425	15.4227565979
-3.1246847555	15.2990936891
-3.03816058914	15.119995848
-3.00820544957	15.0267534711
-12.7081083637	-6.46322623479
-12.6559472219	-6.4804958033
-12.4802153693	-6.56547271593
-12.422494361	-6.59395259082
-12.3147399359	-6.64253260471
-12.2275449167	-6.67837988043
-12.0994208854	-6.69543300353
-11.9478772662	-6.71158414988
-11.8304489045	-6.71006792613
-11.6693546558	-6.79147002714
7.99394998504	-7.41728507364
7.8955947952	-7.25561024833
7.83738289996	-7.20548088354
7.76799739677	-7.05652371296
7.66927105343	-6.79644486377
7.59296391814	-6.64811162229
7.5611530117	-6.5817497545
7.56276225683	-6.48307436818
7.46219271535	-6.22075379958
7.36995979781	-5.99472977717
7.27866018436	-5.80837341875
7.18767503801	-5.62073373145
7.07110666918	-5.41329762532
7.0017394886	-5.32316698503
6.90789641933	-5.24471898592
6.8052513721	-5.12512744803
6.73233183609	-5.04374953057
6.69949569836	-4.98583173934
6.63711499793	-4.96238685118
6.5356279063	-4.88994357222
6.42716403801	-4.82194614351
6.25552792054	-4.76044107881
6.10332239495	-4.75694257269
5.9857230346	-4.77276150206
5.85829065189	-4.78323487983
5.74427058731	-4.79909747459
5.60476023451	-4.83733181421
5.58050299445	-4.8482313874
5.45194776833	-4.89425867775
5.32922853995	-4.94800535567
5.30280696517	-4.96175413347
5.19033491958	-5.0261001976
4.98680404669	-5.13535499855
4.96701381694	-5.14555553735
4.84730270222	-5.23740995492
4.64498197423	-5.31653991209
4.43745480253	-5.3832925985
4.27659515732	-5.44460150918
4.23026589467	-5.46170388505
4.09553598241	-5.51201735985
3.73990401597	-5.62352549766
3.5909277768	-5.66963958664
3.26582605741	-5.76794873816
3.02214283167	-5.85517030263
2.75931066071	-5.91509201761
2.61037154027	-5.95896948434
2.517148019	-5.9973121737
2.31919480138	-6.05762745223
2.00549536607	-6.16293465118
-5.56844137633	-10.8558362795
-5.36694503215	-10.8896925921
-5.09464170637	-10.9369861074
-4.67240830707	-10.9717241484
-4.48961534901	-10.9559172151
-4.23492943902	-10.916214454
-4.09181106613	-10.8868235505
-3.87759058596	-10.8220405899
-3.73867672001	-10.772439732
-3.6210052922	-10.7207469244
-3.35858858213	-10.620962084
-3.17416655694	-10.4960314441
-3.09446682566	-10.3823321157
-2.9282524601	-10.1722797914
-2.73421477623	-9.95971988868
-2.66433990901	-9.86976109055
-2.53360778591	-9.75596194366
-2.35113872583	-9.55719535181
-2.21979831505	-9.3612113602
-2.12790223513	-9.17496985675
-2.01730286119	-8.96244090081
-5.55347937712	-8.37936903389
-5.5361100753	-8.54919262412
-5.53178667455	-8.68797231655
-5.53114724583	-8.78530811668
-5.52549456699	-8.96670597353
-5.51434414183	-9.19061087502
-5.52652765558	-9.3724144001
-5.5799434057	-9.5852124327
-5.60814149908	-9.7019912758
-5.60430252568	-10.1161058794
-5.63396101898	-10.3404848549
-5.66624640401	-10.519905606
-5.66594886821	-10.6103402904
-5.56843345232	-10.8558251759
6.93645477551	14.2915971655
7.14158635961	14.0594459345
7.25989741736	13.9286539494
7.28456023192	13.8757199576
7.37691910488	13.6422787326
7.44960850404	13.4624833964
7.50861488358	13.2573798237
7.58609484118	13.0015892529
7.62242542669	12.7695397126
7.68061983948	12.6446419108
7.687647579	12.443979744
7.68647112992	12.2769287836
7.66989511309	12.1590629583
7.57550600039	12.0630855816
7.51815657533	11.9618707192
7.29868541364	11.8084180844
-10.9738063124	6.12265877452
-11.056200434	6.18274365551
-11.2717072788	6.15261694498
-11.4313972894	6.17863733889
-11.5696917721	6.19430521542
-11.7009561508	6.19648292383
-11.8135177584	6.20688546435
-11.9407138778	6.21088211094
-12.1874382369	6.21748544141
-7.42129549468	-16.1123741438
-7.33286897005	-16.4242495956
-7.26202157535	-16.5108762889
-7.2388479318	-16.5351560786
-7.0632313374	-16.6827322791
-6.96511072299	-16.8251739893
-6.86864845826	-16.9216485276
-6.5763468099	-17.1627128154
-6.46414553031	-17.2553977346
-6.33550735756	-17.3269154573
-6.24180752613	-17.3866516294
-6.17886702165	-17.4388560679
-6.14250590043	-17.4905643634
-6.05663095908	-17.5553820681
-5.91184092375	-17.655929513
-5.69269404581	-17.8455472983
-5.68308746151	-17.8528331139
-5.52052364246	-17.9785184175
-5.37743750568	-18.1344050628
-5.28252332547	-18.207162528
-5.16879038804	-18.3043846856
-4.95602037547	-18.4607968311
-4.81465397775	-18.5090011072
-4.67155377048	-18.5902307283
-4.52492679913	-18.6779519485
-4.40174321423	-18.7493635044
-4.24547835717	-18.8325670606
-4.00065104057	-18.8733327149
15.3419787035	4.42256686477
15.3376671888	4.49001103088
5.89480449869	-13.9176047068
5.79864376464	-13.8246937738
5.74084848142	-13.7690715029
5.69342620026	-13.6717166965
5.60765923704	-13.5961708278
5.54977443539	-13.5460617302
5.47994957002	-13.4540907617
5.40385690563	-13.3418644803
5.33292520604	-13.2648952975
5.25442110897	-13.1859367314
5.20447984408	-13.1141300281
5.11120875186	-12.9728654579
5.08631615074	-12.8597471947
5.03243645783	-12.6938860997
4.97132070044	-12.5538190961
4.92499644177	-12.4478093151
4.9083957721	-12.3590058741
4.89904358166	-12.1811029155
4.88299706966	-12.0164751292
4.87811652962	-11.9199831997
4.88264687131	-11.8350737404
4.89624890796	-11.7483102641
5.02350929435	-11.6135868332
5.11980496863	-11.3771453522
5.15051963046	-11.2825201318
5.14043503718	-11.2100856284
5.17145249784	-11.1222360443
5.21790045442	-10.9975518506
5.26765279165	-10.906966009
5.2944939166	-10.8251463812
5.35240580222	-10.5506114728
5.39327719026	-10.3980980491
5.4352996277	-10.2777909401
5.46810541375	-10.1657122397
5.52764663157	-10.0452285641
5.59003858695	-9.79306607317
5.66959165452	-9.57858664886
5.77239564597	-9.42252636765
-0.992457963162	-17.9329591628
-1.17270492241	-17.8363712431
-1.33235669893	-17.7819622369
-1.53366968843	-17.686030974
-1.65486996642	-17.5904810796
-1.83106461561	-17.450301911
-1.89877110599	-17.3913845852
-2.03368060222	-17.275829226
-2.2051440954	-17.0753068244
-2.22390650966	-17.0446074825
-2.2844299247	-16.9319475928
-2.32072127941	-16.8681313074
-2.43701003755	-16.7164732076
-2.47161399424	-16.6827553445
-2.5467322503	-16.595376634
-2.61619892036	-16.5084491569
-2.66873097476	-16.4437163824
-2.68912881382	-16.4156510619
-2.83051836935	-16.1857073823
-2.90684197107	-16.0615985022
-3.01952910926	-15.8420094255
-3.11987843486	-15.5909064934
-3.17294577857	-15.3412259921
-3.19994216643	-15.2044857516
-3.19525699546	-14.9034463702
-3.18517279166	-14.7323315688
-3.1392341791	-14.6325042757
-3.089730793	-14.547855202
-3.02804146209	-14.4792149198
-2.89205059649	-14.3461366852
-2.71942066195	-14.158055216
-2.58741640097	-14.0126427777
-2.54489996977	-13.8063405592
-9.35980989189	-9.23124430623
-9.13184710236	-9.44705078358
-8.72590163611	-9.82913307089
-8.48552098581	-10.0640506138
-8.32640455906	-10.1991772954
-8.06830578224	-10.4142591809
-7.90233388186	-10.5494274939
-7.74883861677	-10.6752834638
-7.54273622184	-10.8432847136
-7.33125866975	-11.0216914787
-7.03971184947	-11.3206953593
-7.39244278802	-5.28972064463
-7.30587154927	-5.18109166913
-7.14406691133	-4.99342997292
-7.0270090356	-4.87949657326
-6.8768602195	-4.70304261048
-6.74020727095	-4.53118838976
-6.61733509031	-4.42867024534
-6.51877204686	-4.33076960513
-6.42574649792	-4.21947262364
-6.29649155157	-4.086707453
-6.19033441157	-3.98268987193
-6.02598200611	-3.82754655421
-5.9233831391	-3.70549473977
-5.8615465313	-3.63889359915
-5.71050780515	-3.46393783931
-5.60479969196	-3.32561743507
-5.44641243282	-3.12446625876
-5.31807405363	-2.94872713439
-3.01027939171	15.0264383011
-2.78378022288	15.1260053387
-2.59049724818	15.2296046814
-2.4447335144	15.3087677617
-2.37138971096	15.3541116644
-2.19225100611	15.5550742412
-2.00844087128	15.6901601537
-1.88315957177	15.8199589208
-1.67522915908	15.9712758987
-12.1874126715	6.21748634782
-12.3135064524	5.9992318478
-12.3848280347	5.81145390065
-12.4980860474	5.50461562319
-12.5337201054	5.33438576778
-12.5498230474	5.21845199977
-12.5723171697	5.00524129372
-12.5922103919	4.81131307508
-12.6207282059	4.69910916813
-12.6157448455	4.60662588705
-12.6094441609	4.46212600568
-12.5716570828	4.31930282077
-12.5633834787	4.07483017553
-12.5300950664	3.89181788386
-12.4992948681	3.73322982283
-12.4654150337	3.55613211096
-12.4390051092	3.44135583348
-12.4155178906	3.3286705736
-12.3685475426	3.15725000895
-12.3495947315	3.08805841899
-12.3054658484	2.92094199269
-12.212275176	2.79857150646
-12.1907195413	2.64960238441
-1.53768113187	-13.8247642477
-1.47762187348	-13.9897188497
-1.49370983085	-14.1335409118
-1.41042385999	-14.4220141109
-1.41616280014	-14.5270797413
-1.4016619413	-14.6077580012
-1.39697273299	-14.6497345192
-1.37010226959	-14.7215016484
-1.35569514813	-14.8648636034
-1.30758037338	-14.9947583133
-1.23125797493	-15.1276244515
-1.12728286807	-15.2435715879
-1.02800964813	-15.4304906645
-0.859321336888	-15.6005334604
-0.697977200086	-15.7194337819
-0.559412152591	-15.8306705766
-0.355784513802	-15.9775932453
-0.218863881184	-16.0794411443
-0.0384470674614	-16.2247243156
0.0414294762333	-16.317491018
0.147616483665	-16.4664653249
0.17996595633	-16.5718921656
0.210769344693	-16.6968531192
0.236522305167	-16.7845291914
0.239258658279	-16.8441575056
0.212344039138	-16.9554063816
0.161956511381	-17.0676563635
0.0835647545616	-17.1815077076
-0.106028916218	-17.3568646081
-0.424326905684	-17.531275277
-0.617632415413	-17.6518656457
-0.715556798796	-17.7442292012
-0.992445801841	-17.9329502318
8.38435732971	-0.966317094152
8.26462450522	-0.877190945486
8.09465691213	-0.839445753387
7.85703991863	-0.759295696267
7.66676843689	-0.647265939881
7.57708675297	-0.572899754193
7.43502350813	-0.498765479789
7.23210049092	-0.398739724444
7.05815349258	-0.352514234865
-12.2403339185	-3.33140518595
-12.2659980051	-3.65000172583
-12.2445430654	-3.85652798321
-12.2066433364	-4.18091782366
-12.1682279931	-4.3661063225
-12.1240346514	-4.64066685884
-12.1135492182	-4.82383983709
-12.0626884403	-5.11556714026
-11.9988448459	-5.42439224156
-11.9298945858	-5.66651634707
-11.8895459318	-5.79005696065
-11.857779853	-5.87820552282
-11.8074857726	-6.02003712033
-11.7333535856	-6.21603102896
-11.6612894	-6.4276653032
-11.6694078899	-6.79199789375
11.5224978827	4.01604714136
11.4834706388	3.85236999531
11.5141402613	3.71130471905
11.4616177359	3.54497464132
11.4076856126	3.33307522726
11.3282207039	3.1652177801
11.2931637708	2.89828841599
11.2696627667	2.75810984918
11.2606116593	2.65302801596
11.2323064752	2.43937448977
11.1828935503	2.27174683556
11.1559593271	2.16563835256
11.1126010411	2.00938918343
11.0875210227	1.90641037114
11.0369935211	1.74924561048
11.0202026193	1.69957436954
10.9810199046	1.55836841534
10.9380378799	1.45082775102
10.8220443714	1.2117473914
10.7726294227	1.11398229792
10.7058698507	0.976135592791
10.6984393535	0.886075743734
10.635756546	0.757640249075
10.5859353241	0.61660955227
10.4699331053	0.425396887963
10.3554790162	0.248502672886
10.331717624	0.216885629409
10.1948931575	0.0575554304077
10.1259357121	-0.0187487757206
10.052063243	-0.103837427892
9.97603766338	-0.166838642987
9.89351830337	-0.233396110942
9.75646486057	-0.326963583953
9.6832182911	-0.418842678051
9.48678047594	-0.529369297837
9.41531339232	-0.565933272878
9.22004704048	-0.65619658229
9.07313042568	-0.730503899575
8.873487965	-0.789136536522
8.75513066963	-0.819691999732
8.63533916643	-0.848729603124
8.54426568772	-0.885466780743
8.3843498697	-0.966232792815
-12.1908035186	2.64961929738
-12.2651142364	2.09452542114
-12.2868164495	1.96115025312
-12.3013062465	1.72349386383
-12.3174853249	1.46410112686
-12.3562826639	1.09316226844
-12.3778874526	0.823706947762
-12.3922067329	0.646279338858
-12.4209025686	0.484860762295
-12.4636788635	0.24869185568
-12.5544583958	-0.0900194734457
-12.6088508429	-0.23467767526
-12.7076528172	-0.351836153674
-10.2896664917	9.58884306642
-10.2206259864	9.44884538204
-10.1386231214	9.25251158701
-10.0700647132	9.11475756356
-10.049156382	8.97652040381
-10.0167835148	8.84301430415
-8.2525299778	12.8510182481
-8.19733490113	13.1189677027
-8.01696620084	13.4248695273
-7.80667053206	13.7089096679
-7.54367438993	14.0632673272
-7.39826925934	14.2427345838
-7.20485772531	14.4347323893
-7.1141622036	14.505633105
-7.00524631636	14.5554626554
-6.91947385583	14.537716347
-6.81629880584	14.5638136913
-6.56941120481	14.5842984655
-6.31737177013	14.6032012711
-6.17313631503	14.5040538952
-6.09418069776	14.4603975885
-6.03242041378	14.3953177439
-5.95548574061	14.328993796
-5.89333767843	14.256051116
-5.77537203264	14.0015700679
-5.7877842787	13.8685741319
-5.66047225436	13.7004555841
-5.66047225436	13.7004555841
-5.40125567962	13.7520516766
-5.28690122484	13.8077445875
-5.17626201857	13.8988575435
-4.92580232395	14.0799585633
-4.92235824709	14.082325131
-4.72250149389	14.2122748696
-4.50548397757	14.3594560071
-3.99503419832	14.6580961491
-3.76955811308	14.7659979391
-3.67602951482	14.814933189
-3.60527698295	14.833188137
-3.52467486782	14.8573766028
-3.31069977197	14.8683085508
-3.1685574111	14.919359724
-3.01035911267	15.0264246291
2.41941096379	9.27326569766
2.31282701945	9.35794542767
2.02978698687	9.49559541407
1.8791882575	9.56334214871
1.58118515869	9.6878643373
1.3814680263	9.76237640107
1.16827297301	9.82962780962
1.03303677267	9.89281853551
0.850748521749	9.98649843265
0.574154845239	10.0979294671
0.349844724428	10.1837989632
0.159327354608	10.246379306
-0.181694634068	10.3681450052
-0.240952709708	10.3876616528
-0.448714149236	10.4594219053
-0.798739024364	10.6481633143
-0.962474939096	10.7097406909
-1.08311343903	10.7634762895
-1.22990952271	10.8295198247
-1.34822082772	10.8900184154
-1.47626514979	10.9377454294
-1.8060064906	11.1307317629
-1.85426413073	11.308480022
5.77309446476	-9.42173801704
5.89775005155	-9.37318998097
6.02475583643	-9.29460723663
6.22444210996	-9.17007265105
6.34141154656	-9.09925935919
6.40814259729	-9.02077245938
6.54545434474	-8.91098509595
6.56585317892	-8.81485702952
6.74016573135	-8.69001467823
6.93501292612	-8.54133003333
7.03118658161	-8.45913713285
7.1455260689	-8.30008157637
7.2410331394	-8.22479590752
7.31509324657	-8.14055546137
7.45663905091	-7.98944982496
7.63209814641	-7.88881248147
7.69375168935	-7.81081263946
7.75476147313	-7.73256828064
7.99396441547	-7.41723442068
-8.23110501143	8.83609482245
-8.39766411325	8.86482700617
-8.56907818157	8.90870798296
-8.76896044625	8.87895451814
-8.92073965252	8.85923239557
-9.16161533679	8.82389362931
-9.39162204473	8.93351451667
-9.5203937846	8.90420589645
-9.61769951801	8.87876672611
-9.72065079155	8.84902839409
-9.8631855453	8.84616231971
-10.0170462055	8.83424471661
-10.0186696563	8.84046627075
-10.0310754926	8.62861607905
-10.2284517683	8.27079663443
-10.2669379336	8.1673756423
-10.4273469923	7.83128859722
-10.5639497525	7.52525337581
-10.7115929903	7.13325132647
-10.7710658023	6.9719675813
-10.8145915111	6.80674946302
-10.8607439106	6.66318297115
-10.8754793901	6.46902685511
-10.9738063124	6.12265877452
13.1511797923	5.36540641364
13.1557510006	5.54304222307
13.1805134025	5.62090928533
13.1997569245	5.71973742966
13.2044694797	5.9269789108
13.1668276163	6.02619653356
13.1751231978	6.06767728016
13.1712354094	6.2538702502
13.1623117336	6.38317793153
13.1031471706	6.50137553164
13.0939514618	6.55259478215
13.0893020674	6.66166611949
13.0750794196	6.74414709543
13.0313241464	6.81208858359
12.9935844571	6.85942635846
12.9838319667	7.00429553261
12.9799367605	7.11634059464
12.9882656717	7.20931717515
12.9449629622	7.41637095735
12.9438229452	7.62509744401
12.9332223676	7.74249490666
12.9226536242	7.82317603264
12.8812756202	7.88898531823
-8.08046802317	2.64877133482
-8.08303582363	2.41034813266
-8.1846865373	2.27123647654
-8.23295283499	2.12780906241
-8.26665214497	2.05174932918
-8.34939944412	1.85553281317
-8.37837070926	1.76752506908
-8.43996982301	1.66481958379
-8.49064825696	1.53160541378
-8.58606575932	1.24575916229
-8.68214925715	0.980531083363
-8.76554284796	0.70032739488
-8.8201676093	0.509263184918
-8.84979605774	0.37865057157
-8.90746187682	0.134872942987
-8.95556437176	-0.110868053348
-8.98735246468	-0.312549970196
-9.0216715702	-0.552683714154
-9.0450372499	-0.818976990006
-9.06524714365	-1.06328621355
-9.076877403	-1.31961067747
-9.08789039404	-1.58129624894
-9.09831071866	-1.87452835075
-9.09333072283	-2.01100841286
-9.0485090052	-2.07932340608
-9.12783190251	-2.14790080107
-9.13632219159	-2.27287609753
-9.21590177499	-2.42387035588
-9.32042074106	-2.72279012698
-9.37520699349	-2.84452395366
-9.47437997197	-3.03444970931
-9.56113890505	-3.20422739897
-9.57671517098	-3.22731778742
-9.7134270761	-3.38419243498
-9.88884439165	-3.56083096967
-9.92454188889	-3.59461237626
-10.0773515354	-3.62672408608
-10.1544387389	-3.6963258969
-10.2840065996	-3.77501100234
-10.4409377343	-3.80971676445
-10.5707438104	-3.81582810382
-10.7729834663	-3.80294160413
-10.9138776743	-3.78824862382
-11.1141535244	-3.74918404209
-11.2967638427	-3.74508580662
-11.4675647032	-3.68754431712
-11.7062344542	-3.59614372176
-11.9358912381	-3.47136315211
-12.2404302284	-3.33149250585
-0.41697382845	-13.6406310629
-0.502685942153	-13.3960400095
-0.499385534574	-13.3205474464
-0.49735542656	-13.2619814992
-0.488694466293	-13.0612340482
-0.462569369543	-12.9223299515
-0.443054471056	-12.7551661226
-0.398264759626	-12.6562467782
-0.317823731718	-12.4774649232
-0.260450613695	-12.3710037518
-0.259483465278	-12.2811993362
-0.168829147833	-12.005651333
-0.0207770825294	-11.710273412
0.0752230733357	-11.547096274
0.132686364004	-11.4619555081
0.204381325718	-11.3723668334
0.363799277027	-11.1989003496
0.503942264749	-11.0616177308
0.575427776755	-10.9975681656
0.703340609285	-10.9040676237
0.79457436639	-10.8268360001
0.926442427779	-10.7274634726
1.1030729478	-10.5839780998
1.20079385854	-10.4970719776
1.3655142185	-10.3837389923
1.58382647769	-10.2334387331
1.75889687072	-10.1234519077
1.96528779101	-10.0202101461
2.10721138075	-9.94714698153
2.19371701914	-9.90238220296
2.292472927	-9.8570966136
2.37465673529	-9.8188694884
2.4233147933	-9.79665769179
2.58432226093	-9.72932241964
2.74593939332	-9.65308052987
2.87524328803	-9.61856273227
2.95552446234	-9.58868448495
3.06434180378	-9.55303920135
3.17930064605	-9.52178081227
3.37842070603	-9.47840553629
3.52707700124	-9.44606806345
3.69505849851	-9.420998422
3.88185894657	-9.37952905812
4.05084946555	-9.34365662969
4.15910023922	-9.34394554805
4.25563642382	-9.33611830366
4.51670077824	-9.34105367969
4.77371008308	-9.30410724385
4.80358349982	-9.30315610461
4.90618180233	-9.30991120551
5.02511351751	-9.32105276023
5.43515330514	-9.37668938352
5.53603988502	-9.39635789113
5.76995903425	-9.42154657844
3.73041150539	-15.2288003149
3.92739456218	-15.102659339
4.05800751682	-15.0492953437
4.13061839644	-15.0575295942
4.28267560328	-14.9941128306
4.46314546862	-14.9318892086
4.62254509038	-14.8627233027
4.74044867521	-14.8187509746
4.77786070554	-14.7014248023
4.92373641149	-14.60096523
5.13462862822	-14.5877922506
5.18108036437	-14.5712394821
5.28361680247	-14.51817111
5.52745074556	-14.3710844834
5.62685969286	-14.3128462584
5.76014683161	-14.2243757518
5.80057367728	-14.1087609337
5.89678369346	-13.9161771158
3.7327142256	-15.2287904252
3.62630993654	-15.4440791567
3.48135493118	-15.6455502987
3.28203832708	-15.8245243754
3.14814394419	-15.9321385167
3.04746271445	-16.0098787866
2.94115948603	-16.0972343646
2.83223172757	-16.1736846881
2.72961399199	-16.2814221839
2.68187176578	-16.341558332
2.6544958939	-16.4058450717
2.64734259704	-16.5102112592
2.72875525411	-16.6229637368
2.82161003754	-16.6945051531
3.00993260222	-16.7666925856
3.17334106574	-16.8303273136
3.38240427628	-16.8503954842
3.63779770515	-16.8595942818
3.89682810441	-16.8505087078
4.00221785083	-16.8422411904
4.24700782029	-16.819518894
4.36151129104	-16.8002468962
4.50224242213	-16.7717940484
4.67922371587	-16.7327470972
4.83751754708	-16.7073803902
5.00915090355	-16.6996980702
5.12632109258	-16.6603569815
5.19362006181	-16.6375515458
5.38109726222	-16.5593074399
5.51467472204	-16.485517348
9.7931319383	-12.0116950928
10.082887775	-11.626631447
10.2252787197	-11.4152667879
10.406724678	-11.1587688387
10.4692308011	-11.0759767686
10.5970798456	-10.8991631387
10.691287154	-10.7665293494
10.7267381326	-10.6801099727
10.7922102195	-10.5879889305
10.8925735517	-10.4419811247
11.0348032133	-10.237303176
11.1297173286	-10.0960708191
11.2902469812	-9.85182301607
11.4376351828	-9.62606155799
11.4991987415	-9.53317788246
11.6302784817	-9.32621055086
11.80397359	-9.05538884414
11.9307681393	-8.85908520901
12.0482078475	-8.68594622372
12.0812077042	-8.63785859062
12.1927339708	-8.47184905471
12.3088959618	-8.31139883477
12.37276224	-8.22398045082
12.4104296602	-8.17312599338
12.4803552906	-8.06338426081
12.5959557159	-7.88655534028
12.7089367966	-7.70697553002
12.8074001944	-7.53815492187
12.881686223	-7.40186009278
12.9338961618	-7.30050607142
12.9922391867	-7.22053677756
13.1261088213	-6.92980460798
13.1637610006	-6.85017584383
13.2761042567	-6.5619652337
13.3229251519	-6.44830487407
14.9244264453	-1.07896234597
14.9972890285	-0.716084713197
15.0232618753	-0.484247778236
15.0372358361	-0.327498417755
15.0626511485	-0.117654741519
15.0723165313	0.0568227273208
15.0536134169	0.284677502522
15.0563241617	0.389875353473
15.0592733314	0.476238310921
15.0635237892	0.602357195936
15.0548408006	0.706913695787
15.0578917628	0.80024319537
15.0512686871	0.979670516463
15.0450713335	1.12020118836
15.0420149797	1.38253310308
15.0164842639	1.62855048482
14.9868546282	1.7879195875
14.9521029543	1.96486551952
14.8357175309	2.12983053609
14.7929849635	2.37112194457
-4.6252527431	-15.7821101319
-4.76975481098	-15.7531805587
-4.90008664961	-15.7025032521
-5.07653200899	-15.6416680228
-5.27489465726	-15.584825393
-5.42642730845	-15.5570376652
-5.61059558698	-15.5032987746
-5.87580021623	-15.4339191834
-6.1445426613	-15.4075572782
-6.33988945668	-15.3858624342
-6.46461882611	-15.4379966866
-6.62906279522	-15.4672202767
-6.77707438697	-15.5206152817
-7.02886085994	-15.694388275
-7.21025784408	-15.7987150349
-7.28040972771	-15.8803214627
-7.32550392937	-15.9365447018
-7.42119555364	-16.1122955686
-0.483872935454	-6.01660121346
-0.360965966864	-6.15599828729
-0.279700259136	-6.21732180157
-0.198685357028	-6.26358685114
0.046433195829	-6.3515629653
0.386851348198	-6.43997715468
0.609882883597	-6.43471236472
0.796249720958	-6.45288245613
0.900746364449	-6.46018120806
1.0357209781	-6.45122750585
1.24365533886	-6.4141264903
1.2848573022	-6.40556513853
1.46469865673	-6.35897595121
1.55375557861	-6.29751764475
1.73021798793	-6.24133377941
2.00645867488	-6.16167818922
-0.483891188866	-6.01662522362
-0.376311606996	-5.83234084779
-0.312149923244	-5.78335943863
-0.175134897157	-5.66656507997
0.0933603146018	-5.47017013677
0.195477897873	-5.427518771
0.365640453132	-5.36149262024
0.450162177241	-5.3322464124
0.531757971496	-5.3488455423
0.726035205842	-5.32109649137
0.890011042961	-5.3144110819
0.98523338525	-5.34621040406
1.19529565515	-5.43408277431
1.32751629653	-5.48482245957
1.58537722839	-5.56142342496
1.7056568735	-5.62324388157
1.77626290515	-5.69363170783
1.96645656578	-5.85576715756
2.01098741862	-5.95738140872
2.00548474784	-6.16296872276
12.4845047545	-2.91062384204
12.4700999847	-3.20938002603
12.4495080517	-3.30764298249
12.4261651274	-3.40456491314
12.3861592338	-3.53767956701
12.3053799842	-3.80476468609
12.2758740268	-3.89305173151
12.2565060862	-3.97723732057
12.1887179467	-4.18492096514
12.1192419078	-4.37916052011
12.0872431265	-4.56961756112
12.01387432	-4.72436841467
11.9374929319	-4.88058600509
11.8547363954	-5.05869571134
11.748946451	-5.27305079064
11.65267182	-5.46574500601
11.559624793	-5.64368120225
11.4614620009	-5.81241194517
11.383951873	-5.95926873695
11.3338375699	-6.10494913142
11.2943907893	-6.18364811834
11.1876695119	-6.37666322421
10.9372831618	-6.79075283242
10.8818712652	-6.8934869509
10.7241989111	-7.16278805902
10.579192264	-7.41695613778
10.0458446419	-8.3051201395
9.83906607185	-8.61227420792
9.71593244238	-8.79823764332
9.53567610517	-9.08606441094
9.37737475108	-9.34085594025
9.22855112179	-9.59306318071
9.15123776728	-9.74927918192
8.95749745156	-10.0631027613
8.79222327662	-10.3213964616
8.66440816479	-10.5055707266
8.48277133825	-10.7654451452
8.36391243244	-10.9401189978
8.30922563693	-11.0189362034
8.18881197685	-11.1932136895
8.12219547774	-11.2906748883
8.07510574263	-11.3522337524
7.95920746055	-11.516628492
7.86296873572	-11.6513789306
7.80493519191	-11.7338362776
7.62547494209	-11.9569867889
7.41370817342	-12.2141514546
7.2806233042	-12.4062948595
7.09273562801	-12.6311562062
6.8797014723	-12.9044917768
6.81079542446	-12.9984170939
6.7194963111	-13.1373806691
6.65493434441	-13.2335850821
6.57974952279	-13.3305530725
6.48844353589	-13.3861028331
6.36181354688	-13.5628617266
6.26145185816	-13.6855338331
6.12358620797	-13.7390005253
5.89416563213	-13.9203284239
-8.57949240803	-4.41764581903
-8.39866061925	-4.52471452359
-8.25881588414	-4.61466245019
-8.16161338269	-4.70253274633
-8.03548796592	-4.75794155398
-7.91524692574	-4.83927316195
-7.73396368214	-4.94029478665
-7.51070010972	-5.08802126576
-7.39244278803	-5.28972064468
7.05814484829	-0.352514243289
7.04695415216	-0.127863890991
7.06943645778	0.0579477656972
7.06120786267	0.193617855569
7.08864931702	0.443203099474
7.0935684297	0.584193550741
7.09817020264	0.667659514079
7.11526076924	0.749074082951
7.13945033791	0.875623466416
7.16904370469	1.01348891217
7.22393008483	1.24474797992
7.24804938035	1.4351703734
7.25394124173	1.58361505911
7.30807732338	1.67601747193
7.39100353347	1.81119652515
7.44857211121	1.96331128819
7.48680103731	2.05663500381
7.54527248409	2.17418662238
7.6051652355	2.28963804452
7.67764699057	2.40306652382
7.77482451786	2.50735233914
7.86910516597	2.65025717484
7.94320939196	2.74904598178
8.03050852345	2.85109816486
8.15607161412	2.93615292734
8.40144937427	3.15254971204
8.57641068121	3.28211051201
8.73749016358	3.39363391218
8.9141643072	3.50912756686
9.06028911313	3.60921513833
9.20239974333	3.69517567621
9.36150618724	3.78238576056
9.48655287915	3.82632636534
9.5724595037	3.85655212939
9.75025732052	3.93388428196
10.0652822926	4.01601380871
10.1282646768	4.03308454905
10.2133089158	4.05156881082
10.3656737281	4.0541047597
10.654555734	4.05261599335
10.8936758665	4.044464952
10.9530894973	4.05968313543
10.9874459275	4.03046141065
11.177855521	3.99764399094
11.2772332996	3.97259685326
11.522497934	4.01604706921
14.7929963514	2.37120188192
14.7587491289	2.7200587612
14.7587525793	2.720041699
14.880885955	2.90650686052
14.957970835	2.98965412269
15.0878380138	3.16246163107
15.13535175	3.27859726675
15.1630798373	3.423927107
15.2375690135	3.60112032442
15.2587914568	3.76279372869
15.2961477465	4.03052299449
15.3376954788	4.49000860805
-6.52780643611	-1.2219965943
-6.51527391412	-1.0155287657
-6.57251557904	-0.915031011289
-6.62079986635	-0.798556883264
-6.67381265165	-0.762011982035
-6.75572876748	-0.611822148118
-6.87291136299	-0.291501260761
-6.90871736024	-0.134701254091
-6.90884909547	0.0389324980181
-6.86875744798	0.1322767094
-6.80543822298	0.254461546395
-6.67829660515	0.519713359191
-6.63154385219	0.618966584053
-6.57780483324	0.724574714429
-6.44222847836	0.82322958871
-6.17265171716	0.948930786719
-6.02485819677	0.973913889301
-5.96185688339	0.986061560124
-5.77524740227	1.00722183289
-5.68429574189	0.996413194439
-5.56362597517	1.00459624947
-5.33625805909	1.01122886316
-5.10338657763	0.958515360434
3.09301173036	3.520687903
2.98307377466	3.61034783128
2.92017106042	3.66267030819
2.88257867599	3.74342510667
2.69702957481	3.77841571898
2.32552578764	3.91961780149
1.94928626843	3.97536384266
1.66350665729	4.0512246173
1.44031659624	4.07108083485
1.14369063847	4.1294651056
0.819191027392	4.19281368001
0.702547761892	4.2236810611
0.624613187709	4.23322504726
0.562213788822	4.23339426301
0.386462241121	4.28060564628
0.263316244369	4.30520355793
0.106894968851	4.33125182211
-0.0339154134311	4.36031634153
-0.146966220586	4.37962142183
-0.33334935712	4.39960884569
-0.63658154058	4.40493613665
-0.694663744835	4.40672637053
-0.761969285495	4.40425398872
-0.901943216763	4.39572910976
-0.991448168678	4.37647104297
-1.11114527352	4.36069325582
-1.2789679955	4.33194934761
-1.52479660744	4.29238364185
-1.7315360259	4.24376803096
-1.83428279214	4.21724899147
-1.87944758489	4.21031103507
-1.99519185584	4.17915125418
-2.16976178564	4.15207808742
-2.40123036294	4.08843964339
-2.5667434595	4.04219674933
-2.67489934762	4.01374486335
-2.86391111407	3.95715725366
-2.97857622487	3.92082600541
-3.12124307002	3.85844483656
-3.23901669968	3.8130416396
-3.41815588421	3.73160567602
-3.4912972974	3.7000211802
-3.64103112402	3.62668731596
-3.77445277553	3.5594285696
-3.88521842396	3.53449225167
-4.01155594418	3.5366653625
-4.15626186796	3.47190886272
-4.26668904081	3.41403145403
-4.48474508124	3.31913655419
-4.68965201612	3.21110884714
-4.80804448221	3.05386881422
3.09239296756	3.52298115319
3.11649964097	3.33964019514
3.11604567385	3.29536190544
3.02366612219	3.15879386613
2.86164766562	2.95449854571
2.70504146509	2.71571359234
2.60683939073	2.58955961828
2.44520904948	2.39644881912
2.30711177219	2.22461356966
1.97628955584	2.16900861208
1.64862521113	2.1511320288
1.3581548817	2.1466784527
1.15726111321	2.18543269456
1.03873399217	2.22705067594
0.821969943875	2.29321899282
0.69370199108	2.34428927433
0.581047091661	2.37106133933
0.433034398447	2.42451187183
0.283297161109	2.44883095297
0.0590151340862	2.48592880256
-5.10336765084	0.958559298201
-5.0035845345	0.789697023144
-4.97692395441	0.564501296274
-4.90773246905	0.514554072862
-4.80504542403	0.418058353064
-4.61313768053	0.293187774406
-4.39395356946	0.16694593682
-4.28500862778	0.101112830839
-4.14753397831	0.0252173869032
-3.98577607803	-0.0632008874619
-3.83500994829	-0.190914532803
-3.76815330574	-0.227987757152
-3.58147228898	-0.311617180294
-3.17790719832	-0.482817361233
-3.12594585268	-0.520606016384
-3.01094856243	-0.576798506146
-2.85573373949	-0.646094538432
-2.69806226433	-0.780243578659
-2.55344863198	-0.876596123411
-2.3817156145	-1.0056091039
12.880807835	7.88783672146
12.7531806914	7.94362925391
12.602565296	8.0430011098
12.4897043739	8.07813226875
12.3750540529	8.15190927738
12.3028259088	8.16886878933
12.0790778163	8.20512984575
12.0107254236	8.31579010141
11.8759796317	8.31881948069
11.6791818049	8.3087485193
11.4315137437	8.32206154633
11.2842854816	8.32112407319
11.1910765174	8.33306330659
11.0461619333	8.33188843508
10.9277720842	8.32525644271
10.7393757913	8.30565415512
10.6159634454	8.29447753051
10.4189736639	8.28097480608
10.2998213006	8.2657534985
10.2079034529	8.24526205608
10.0888279054	8.21094155792
9.99361550739	8.18203238338
9.87026256988	8.13991515354
9.70279020428	8.07175872064
9.57532678492	8.01271843569
9.42853342376	7.93681675162
9.25538158304	7.83348900315
9.16023533219	7.7663623952
9.03833836308	7.67513233295
8.92614193374	7.58368470664
8.81212471614	7.48988688435
8.74794664347	7.43068664577
8.60823738926	7.29736487162
8.50056013483	7.19455911179
8.28663310343	6.97334514127
8.15741955706	6.83653398983
7.98793998892	6.66141041009
7.76637947112	6.40671980566
7.65897856143	6.29138272325
7.55400839697	6.18077880725
7.43596325283	6.05114361034
7.32245670771	5.93005801517
7.23158673522	5.82805346858
7.03738186155	5.60498052123
6.93003418468	5.47504097354
6.83005799313	5.3434922664
6.67396025262	5.14467439183
6.57960321865	5.02202781621
6.4874645805	4.88106712565
6.44014400564	4.80512184559
6.37021448862	4.69443726775
6.29365940148	4.57487322622
6.17866199499	4.38989059241
6.11275737871	4.29013548066
5.96082065501	4.07873815169
5.8677656812	3.97012777518
5.78062940965	3.83483515129
5.66781863623	3.70940538032
5.5858697691	3.63630374947
5.45545770022	3.5185297769
5.3186495527	3.42035085954
5.23185177822	3.35106073365
5.14773594989	3.25011297084
5.0511906424	3.17664948992
4.96987870549	3.10502327262
4.84105914275	2.92640077171
4.71083606938	2.73413418069
4.56335078396	2.56623954211
-4.80804530921	3.05387235611
-5.05751712103	3.00644995579
-5.18039161729	2.91505624013
-5.27407655225	2.86445273294
-5.37296087155	2.88181133291
-5.459167259	2.85320904427
-5.59538593729	2.82261139812
-5.6924138987	2.80737209513
-5.83950879556	2.76573972373
-6.08312235588	2.70450739788
-6.36553610875	2.69107744388
-6.53677481559	2.67090251707
-6.71672650868	2.6496478619
-6.91123088356	2.63456245853
-7.0759256811	2.61273377635
-7.16295187724	2.59930898489
-7.24932907577	2.57454680084
-7.49722410148	2.53697125066
-7.68821795537	2.5143181856
-7.79220677725	2.50972676553
-7.96432069051	2.54434941352
-8.08046802236	2.64877134911
3.6137680906	8.26960044749
3.66862924126	8.48868971758
3.70599112601	8.73025662787
3.67096436006	8.92312546134
3.59495392149	9.10106830447
3.51165722699	9.22553447767
3.42561832037	9.30137108823
3.42305904249	9.32900822975
3.2805202081	9.62451586399
3.61376570615	8.26961052027
3.44712835516	8.34788945717
3.28738829497	8.42226027853
3.0777263284	8.56882232063
2.94916842163	8.65249193252
2.79569484793	8.77126753605
2.63917487796	8.8838960951
2.53470115002	8.98589631468
2.41834083159	9.27354072596
5.56507529417	15.7299348594
5.74033800881	15.8574333055
5.83089492312	15.8445635935
5.91059880122	15.8489065748
5.97964917805	15.8424589721
6.12258758305	15.7437193743
6.19118697119	15.7047450733
6.21558029419	15.7015393758
6.37245471542	15.5820257106
6.67973445737	15.4659931955
6.842382248	15.3394050869
3.27881788714	9.62728843051
3.12532304958	9.6505357335
2.99915552448	9.61418384063
2.71761968978	9.47661494403
2.70910503498	9.46675881386
2.54646389497	9.46210120428
2.41834083159	9.27354072596
-6.86065522353	10.227567636
-6.63821991436	10.1932936747
-6.49179716115	10.1605943214
-6.41475660914	10.0951500729
-6.32013813536	10.0829865513
-6.14540487237	9.9618338115
-5.9229923199	9.88914295699
-5.85548257976	9.90900046689
-5.83717584406	9.87923720956
-5.65237811862	9.88486407877
-5.45848296986	9.84380710733
-5.35174126547	9.82778776261
-5.16699691762	9.80254800897
-4.96814621038	9.86856141115
-4.87944623695	9.8978879956
-4.77689604491	9.98505719394
-4.6446031772	10.0171324109
-4.57066782336	10.0344387323
-4.33410679908	10.0770442949
-4.21116521441	10.1227965772
-3.98135093713	10.2096185748
-3.8206559605	10.2568027895
-3.64744306299	10.310523616
-3.43686811314	10.3793412276
-3.2794646404	10.4990811607
-3.07537076403	10.5931873638
-2.90410155253	10.7006006732
-2.77103133651	10.7895455161
-2.82993504854	11.102295503
-6.860695815	10.2275623041
-7.05341849045	10.134323448
-7.20310865596	10.0401731608
-7.32865373965	9.95522281605
-7.42130894109	9.86800045565
-7.5299773049	9.71168737119
-7.75327197581	9.44129613923
-7.91815389174	9.28999096617
-8.1709212051	9.08290625928
-8.2223436218	9.00740642305
-8.23114027626	8.83603572734
0.0693140001464	17.6332434436
0.0918835757186	17.3898648434
0.0978436576072	17.3548108541
0.102026297763	17.2174062361
0.102236031028	17.1416062998
0.109492901577	16.8423165212
0.0970608864191	16.722384875
0.0824078239761	16.6540800335
0.0639190377838	16.4714014134
0.0128008376536	16.2803531028
0.0126520434676	16.137416694
-0.0242398316238	15.9561829695
-0.072723202072	15.7258873438
-0.108395711103	15.6276927838
-0.273339406763	15.466121224
0.0694078815527	17.6331224023
-0.107178117933	17.6796229298
-0.243941772072	17.6762345448
-0.322504619792	17.659436072
-0.498173627388	17.5629878263
-0.696920890616	17.47765743
-0.757266023469	17.4400593501
-0.795489369824	17.4091406142
-0.935305915083	17.2632328237
-1.02873638672	17.1541370328
-1.09124452057	17.0666049268
-1.15102741919	17.0039131721
-1.29308558668	16.8270186307
-1.42561002156	16.6164310009
-1.49310730776	16.530755505
-1.62948566043	16.3177526204
-1.6759608721	16.121908922
-1.6752828725	15.9713080978
-6.06352060611	13.4533904786
-5.81159688137	13.5713170459
-5.66047225436	13.7004555841
-2.01724109445	-8.96245512324
-2.1286757484	-8.7886334693
-2.31590339558	-8.67214297102
-2.55132064536	-8.55716907592
-2.6123984968	-8.50366942366
-2.73912285586	-8.44304646994
-2.92390599456	-8.4159337204
-3.02506307506	-8.39939360746
-3.35297312631	-8.36306592451
-3.64003464168	-8.34701706068
-3.8519245628	-8.32497861803
-4.08256417158	-8.30002439224
-4.20938595283	-8.26624128555
-4.35683025213	-8.26045434334
-4.47821177067	-8.26211633423
-4.65796423317	-8.25497284493
-4.74538840689	-8.25179042432
-4.87681272373	-8.24760858844
-5.09115484336	-8.24176367259
-5.27397362507	-8.25761789008
-5.39391356143	-8.27241332416
-5.55349379967	-8.37935741728
-4.00061970707	-18.8733405899
-3.82485580296	-18.9962508469
-3.76076999243	-19.0383442582
-3.6929203297	-19.0917840584
-3.51859584868	-19.1750311661
-3.42604764438	-19.2338539803
-3.29916369561	-19.4647699557
-3.10971344015	-19.6560307969
-3.06812015501	-19.6912880439
-3.0080350124	-19.7931142992
-2.82860574922	-19.9315072008
-2.67064400965	-20.0521958797
-2.57538058768	-20.1147146452
-2.56553839889	-20.1196545756
-2.44765179577	-20.1685023478
-2.25899481839	-20.1823377111
-2.14985913652	-20.1554256243
-2.03509623278	-20.1104866726
-1.9126189181	-20.0449720516
-1.76135039018	-19.9396270199
-1.70727034626	-19.8873750473
-1.65126596038	-19.8236557493
-1.59844522208	-19.7486454968
-1.54062266754	-19.6466087263
-1.50424463886	-19.495158525
-1.43193905127	-19.3742139621
-1.3505444758	-19.1998787337
-1.28313705472	-19.0437212622
-1.31948166173	-18.9137120882
-1.26943502288	-18.8207156198
-1.22523333039	-18.652794015
-1.19193009225	-18.5426355671
-1.17987446916	-18.4046063529
-1.11830314709	-18.1957621101
-0.992328480431	-17.9328943911
-4.16046161131	18.5540073891
-4.18633958671	18.2316530094
-4.25779427571	18.065408428
-4.31617585513	18.0050845363
-4.41201006135	17.8819356513
-4.48150397418	17.7925370139
-4.55393894552	17.6966721281
-4.64793752876	17.6178514364
-4.70228216501	17.5621568228
-4.85941636337	17.434034926
-4.94892030178	17.3664167378
-5.10840063905	17.2666275215
-5.28722252327	17.1506821732
-5.54684409662	16.998979972
-5.7377643642	16.8149058129
-5.83763947426	16.7616144417
-6.01604831918	16.6224308392
-6.26325005654	16.4862724681
-6.5051746685	16.3742678399
-6.63568294487	16.3059039871
-6.84246408485	16.2078247394
-7.006796184	16.0471906516
-7.1366857921	15.9657142005
-7.34076528528	15.848073727
-7.57475586905	15.7027240632
-7.69006593483	15.626957598
-7.83632568185	15.5296702445
-8.06898877813	15.4281616397
-8.21044262476	15.2962143322
-8.43238710173	15.113508825
-8.64529040894	14.9055271826
-8.86601484376	14.6504658185
-9.0314465801	14.5038888343
-9.28383723803	14.2313870328
-12.6559042188	9.22249180163
-12.757417608	8.97638337911
-12.8681381372	8.73799263185
-12.8900069932	8.7075995861
-12.9739747534	8.63450352552
-13.0827336481	8.42087719757
-13.1864676072	8.20941498143
-13.2094956664	8.17047149986
-13.351263649	7.85678455092
-13.4471142406	7.62489258432
-13.5241904378	7.45664773499
-13.5832930083	7.28316434988
-13.6944443999	6.97242735662
-13.8267641868	6.60661856586
-13.8801053331	6.45707112205
-13.9236817314	6.32939916033
-13.9711169142	6.19509317308
-14.0096700103	6.08896244566
-14.0344577544	6.01534834933
-14.0994376515	5.8382382103
-14.1315662363	5.68176490588
-14.2017295169	5.52564514997
-14.2701537259	5.3833473967
-14.3479799116	5.2340408464
-14.4112625522	5.10325326617
-14.4907649978	4.95618741119
-14.5433947858	4.84746772578
-14.5976709769	4.71762134157
-14.6696648724	4.56043004353
-14.7385256424	4.40458748918
-14.8160457651	4.15003272899
-14.8563997492	4.04142876204
-14.9171031915	3.90268242707
-14.9268788305	3.87526602494
-14.9752220625	3.74847700154
-15.0250253007	3.62048003602
-15.1203556361	3.36103634757
-15.1860816976	3.18215749838
-15.2637489209	2.9739653052
-15.3194162891	2.81289450061
-15.381198287	2.68335652766
-15.3910900025	2.65488370199
-15.4067409929	2.60888658488
-15.4422103276	2.49756924951
-15.5189142861	2.24079436339
-15.5570408285	2.09893316359
-15.5810441105	2.0227037449
-15.6063999885	1.89889587695
-8.81196588049	-15.4122521491
-8.65505948783	-15.550869728
-8.45921885102	-15.7014831876
-8.3292572727	-15.7870060233
-8.30822892329	-15.7868882594
-8.14120142449	-15.9400220381
-8.08273033221	-15.9756784301
-7.90461613582	-16.0797721964
-7.81801192133	-16.0969748579
-7.69481929012	-16.133459947
-7.56581513468	-16.14868291
-7.42131514998	-16.1123863244
7.99394998308	-7.41728507346
8.20016108475	-7.21812193739
8.27070193895	-7.12801721117
8.34089463932	-7.0387539608
8.41811524185	-6.97650284002
8.51342138384	-6.83705113807
8.6317311686	-6.64940739265
8.71653963985	-6.50939322052
8.77001535165	-6.4015183844
8.84938814517	-6.1794441814
8.90620083008	-6.04442934682
8.95366297598	-5.85558223826
9.04249668978	-5.58835159068
9.08326386169	-5.33696914543
9.08673324034	-5.22575969717
9.08164742499	-4.98736103491
9.04932494608	-4.77033633299
9.00259322999	-4.67250135574
8.97572227407	-4.62601178982
8.89876795608	-4.51167460976
8.76460678324	-4.36678207886
8.56918376561	-4.17697051003
8.46224174216	-4.10540106676
8.32425624237	-4.02628170724
8.14749426237	-3.93238691831
8.06130932955	-3.86888533905
7.97082375406	-3.81180428729
7.88826479384	-3.74197519115
7.78955697163	-3.63117879717
7.67604925208	-3.54875278478
7.57816669852	-3.50699612261
7.50099953416	-3.44340551778
7.32821220807	-3.31411047395
7.09406400148	-3.15543806898
6.9790335778	-3.07385065015
6.87794045594	-2.99042349964
6.76583382798	-2.85881261456
6.65358619804	-2.74318520401
6.45571807205	-2.571503141
6.15501789377	-2.42230883572
-5.55349165588	-8.37935913099
-5.69593565277	-8.11926853274
-5.85250754443	-7.98094723556
-6.03028389773	-7.87476356995
-6.14693994881	-7.73226984925
-6.40003880982	-7.36233758808
-6.6492951135	-7.02292270776
-6.80829304362	-6.7894649915
-6.90739469802	-6.68689202755
-6.97659278352	-6.54912475844
-7.12922808197	-6.27918537711
-7.17972475266	-6.17494163628
-7.27369664832	-5.96585807263
-7.32204128242	-5.81642491454
-7.29055773379	-5.76229583035
-7.31966758746	-5.67527744064
-7.34834741344	-5.50287819479
-7.39246794774	-5.28963660751
6.93576719056	14.2914447457
6.98926976194	14.4250269204
7.02451427948	14.4525612633
7.09401101726	14.5455885315
7.14413332757	14.6902396063
7.01298902641	14.9856990378
6.93859264982	15.0899248971
6.84225772772	15.3393846665
-10.9737993877	6.12261760311
-11.0645953957	5.78959768137
-11.1388540065	5.60510191343
-11.1252341114	5.49746735494
-11.1590686196	5.34942342583
-11.1297453712	5.16049172325
-11.1526474352	4.92473299248
-11.1907842086	4.7242089208
-11.2124139288	4.60213843076
-11.2470520031	4.42631661805
-11.2899599329	4.23047870467
-11.4122812738	3.83284582732
-11.5427066934	3.58702512425
-11.6774557704	3.32283370268
-11.8072937755	3.08976896681
-11.8972988046	2.94677154119
-12.0726230783	2.81470033026
-12.1907682924	2.64960140842
-9.35991098363	-9.23046279866
-9.73833324086	-9.0325173958
-9.93343530271	-8.89826259947
-10.0685630051	-8.81253216535
-10.1554040839	-8.7500362682
-10.1836572334	-8.72638543958
-10.3538244864	-8.59515586756
-10.5075452722	-8.4674648018
-10.7306900448	-8.21030735802
-10.8810067637	-8.02216826067
-10.9768615106	-7.90120794149
-11.1114310338	-7.74558886275
-11.244907906	-7.55690270731
-11.3776651811	-7.3658774173
-11.4953855767	-7.12325720952
-11.6694493011	-6.79197743288
-12.187425086	6.21763270014
-12.2007446151	6.36347331119
-12.1847481868	6.73468742087
-12.1335045882	6.97350716173
-12.0767197917	7.12935855883
-11.9481061024	7.39285643495
-11.8975284637	7.50089052835
-11.8164515525	7.66413477128
-11.6711255768	7.91248263348
-11.5055084345	8.23772278219
-11.3233720956	8.56201332372
-11.1395867382	8.8698987396
-11.0492730468	9.03526030907
-10.8372458604	9.3181629935
-10.5553370827	9.55529240901
-10.2897014019	9.58888784203
-1.53766178248	-13.8244364408
-1.27425117459	-13.8002590775
-1.19716895519	-13.7462158329
-1.1686801714	-13.7267362596
-1.11130888428	-13.666066404
-0.79391019333	-13.619246201
-0.416973829568	-13.6406310566
4.56816362278	2.56028376579
4.59024508859	2.30991540243
4.54727104292	2.07761995673
4.50800458425	1.94899240218
4.44476211117	1.70259740692
4.40385810824	1.55098795778
4.36884928622	1.21290061147
4.34684204563	1.00814817828
4.34450406861	0.884993040646
4.32875474326	0.756528560251
4.32041096283	0.640966808216
4.3180113366	0.281011497826
4.31174701539	0.220551317244
4.24393649536	-0.109647926563
4.19910292577	-0.344797707412
4.15386429884	-0.469391191324
4.10526972198	-0.587476967663
3.97468461733	-0.82363635139
3.85890984326	-0.974207727195
3.74694797388	-1.05646168075
3.66590491463	-1.12278169293
3.54906140588	-1.21563275357
3.29342599389	-1.34933552096
3.06890325949	-1.37548050461
2.85503513322	-1.44711182728
2.50614181335	-1.53301308148
2.29440914374	-1.5780181815
1.98577675847	-1.62849904871
1.81277541449	-1.64930406602
1.74936260334	-1.65233981249
1.57095196994	-1.6631475903
1.42133652104	-1.66506181638
1.29271970039	-1.66173643726
1.04271091472	-1.65124669563
0.776902503219	-1.62328794784
0.683307012895	-1.61169932022
0.602624126653	-1.59981846457
0.514828863437	-1.58513462951
0.371179992918	-1.55971760506
0.227789623689	-1.53234375788
0.104126565027	-1.50943780142
0.0107832416412	-1.48837882807
-0.158057513482	-1.44539832354
-0.36717401425	-1.39160162989
-0.467577029717	-1.36019317019
-0.590219358055	-1.32215907754
-0.727639297487	-1.2859361196
-0.833902282493	-1.25766810367
-1.02071347491	-1.21661097241
-1.24562058022	-1.16575410798
-1.39148617728	-1.1109394883
-1.50576970624	-1.08053813626
-1.62954152117	-1.04368293967
-1.76220404322	-0.998706746199
-1.88063411265	-0.975619850437
-1.98944779674	-0.955903370909
-2.09414140038	-0.947294376023
-2.16013070215	-0.983482455014
-2.38177672471	-1.0056027096
11.5224980167	4.01604718412
11.766505372	4.1682783935
11.8634111969	4.27977378589
11.9953356421	4.390744362
12.0734622546	4.46910885728
12.2236415715	4.59609701931
12.342026449	4.6692767917
12.3908622448	4.80968913873
12.5247881987	4.95736427123
12.594277391	5.02162255155
12.6706511748	5.08581882372
12.7895593022	5.22519265135
12.9206287786	5.3151588989
13.1511988904	5.36542956445
-10.2897382032	9.58887727592
-10.2348686692	9.80903685484
-10.1223040487	10.1063748779
-10.0795482514	10.2464317642
-10.040002412	10.3353894757
-9.9728575115	10.4774225351
-9.90231334735	10.619841333
-9.71766643874	10.9952404528
-9.52385129055	11.2837669733
-9.3662933304	11.5135626669
-9.21121358563	11.7677097316
-8.99746306224	12.0463688135
-8.80467962281	12.2615910813
-8.57984812861	12.5446682254
-8.44916370416	12.6460980866
-8.25253001181	12.8510175297
-8.23109674006	8.83606830299
-8.09374035752	8.6029287016
-8.06576150128	8.5710682783
-7.91758257487	8.35543441137
-7.84409268034	8.18145203003
-7.78369564735	8.05649424562
-7.73159444019	7.85552610922
-7.69089847274	7.67541029463
-7.68859794271	7.55557014041
-7.61987069901	7.34509535058
-7.58667178772	7.14166712959
-7.58012417425	7.10372385641
-7.56091085898	6.94552121223
-7.59494304328	6.73879510306
-7.58317599993	6.59810318359
-7.57836974074	6.38399532181
-7.56685033426	6.25123599017
-7.55431627968	6.07496719924
-7.55086755162	5.96792961503
-7.55146399412	5.8491086726
-7.567576579	5.74988255892
-7.60167331522	5.57011852779
-7.65795765917	5.35387037068
-7.74874721021	5.06973254752
-7.83690112709	4.85170473794
-7.89195129207	4.69741387775
-7.91304381611	4.61225061847
-7.96299853185	4.46911059732
-7.99250958755	4.3525329928
-8.03346189454	4.2744086806
-8.07343895172	4.16015388816
-8.08801591957	4.0008923219
-8.1094297411	3.75334585585
-8.13512474506	3.61625189674
-8.16577817284	3.48070104281
-8.16301724121	3.14918380407
-8.16437698582	2.88189478543
-8.11891801527	2.78367008193
-8.08046802236	2.64877134911
