2385 0 0
1.29756430023	-11.8246383216
1.2328476982	-11.8646105079
1.13054994411	-11.9581621499
1.04863026516	-12.0086723775
1.0050650497	-12.034148586
0.986109364176	-12.0352299855
0.944504988829	-12.0414119574
0.845418603875	-12.0709661299
0.732179075042	-12.0673504933
0.637184897309	-12.0495644321
0.457487654065	-12.0473691445
0.345424628166	-12.0186163142
0.283128633776	-11.9982104644
0.169260801615	-11.9614402222
0.0763159577946	-11.9296925245
-0.00569883713095	-11.9016115412
-0.157288774689	-11.8478859811
-0.339055357176	-11.7857705539
-0.44645555808	-11.7528540616
-0.585256102806	-11.6900361124
-0.782874441593	-11.6093380743
-0.912882782268	-11.577103486
-0.974791519085	-11.5487454661
-1.23282308272	-11.4228699935
-1.4580324966	-11.3251587932
-1.559497146	-11.247949799
-1.72503388884	-11.1913394084
-1.89476768323	-11.0804810044
-2.0465781894	-11.0127140268
-2.30598428172	-10.8147453868
-2.784863127	-9.16809936412
-2.66720736363	-9.38064359697
-2.62032011548	-9.5409093702
-2.55931627596	-9.69114913892
-2.45596574762	-9.87463576369
-4.38244217859	-6.40560602929
-4.49878682592	-6.61853041333
-4.55569893864	-6.68354704526
-4.61084093434	-6.74983003717
-4.67255876973	-6.85383547784
-4.73040355115	-6.93683586953
-4.76386171873	-6.99049273505
-4.86066122619	-7.0713138685
-4.9899758182	-7.3669974811
-1.6764185198	-7.23455344305
-1.79427632811	-7.3435189617
-1.87252043685	-7.4025735116
-1.98331199166	-7.42033111821
-2.20615423845	-7.4370347163
-2.25411134014	-7.43820843725
-2.43111023403	-7.42099175183
-2.60343558738	-7.37367126326
-2.81731903246	-7.26269825285
-2.8904825066	-7.21851377792
-3.01707530275	-7.13020495443
-3.11184897386	-7.04934326528
-3.20130537384	-6.9981685135
-3.34697046316	-6.99094058218
-3.3913231821	-6.97412085844
-3.52798044331	-6.90302525221
-3.66241146352	-6.77537661001
-3.76577007017	-6.73413576542
-3.86976378978	-6.67699674759
-3.97027375431	-6.66216902936
-4.1385246639	-6.56263258331
-4.2408475417	-6.50320485171
-4.38244217859	-6.40560602929
-9.93120237447	-7.42405903994
-9.92881116203	-7.2557146869
-9.90312763129	-7.18836234084
-9.95312641559	-7.06591214126
-10.0037851568	-6.91456075609
-10.0228789855	-6.79326776548
-9.96861986779	-6.67746572687
-10.005121833	-6.62540277583
-10.0321224103	-6.56917896201
-10.1214069728	-6.43155330094
-10.1922242264	-6.38813149479
-10.2581930005	-6.36082822607
-10.3091131524	-6.26247152723
-10.3709922202	-6.19471092845
-10.3989827189	-6.14138333872
-10.4243956436	-6.082655924
-10.5161169383	-5.98032243838
-10.5944837089	-5.91457417248
-10.6817249531	-5.85666276189
-10.7564795513	-5.82106947028
-10.8358503366	-5.80309040404
-10.9371445455	-5.787544089
-11.0439742114	-5.7621459407
-11.1739390423	-5.72436222005
-11.192918609	-5.71631341766
-11.2747902341	-5.7207837178
-11.363964488	-5.71923312529
-11.4241641972	-5.72345136952
-11.4948749318	-5.73426384642
-11.5567829891	-5.72769978017
-11.56550996	-5.72550099486
9.8656875849	-5.76382738447
9.83668154454	-5.71311156194
9.81081492786	-5.64570605542
9.78569161446	-5.52383401178
9.77329879466	-5.31047567765
9.77433400668	-5.1542798818
9.77224545694	-4.87844847643
9.78368219242	-4.8375053444
9.79065328218	-4.77651083667
9.80023720588	-4.66214241298
9.84657245059	-4.55452048512
9.85052274178	-4.38335951622
9.85786294642	-4.30195778079
9.83653553846	-4.26369595085
9.80629119041	-4.21506668086
9.79514936008	-4.15348395405
9.71574787269	-4.13093661206
9.70199708484	-4.07309345298
9.71365950269	-3.96991971492
9.74001091874	-3.87857874655
9.76515562934	-3.7997628897
9.77520742575	-3.68973501126
9.78388872897	-3.62732578256
9.81062029636	-3.45437699587
9.85524103691	-3.34271882307
9.86263066213	-3.24643845214
9.88172052571	-3.19400783018
9.92315430613	-3.09181952629
9.99651579861	-2.84622967244
10.0848177035	-2.69772456057
2.69551607591	-5.97850577696
2.69595710386	-5.97852275925
-7.53012323347	-2.76880098951
-7.42790231807	-2.7540790424
-7.35297859003	-2.79854679195
-7.20088341732	-2.7996595534
-6.96323300694	-2.85380173387
-6.91243619795	-2.87301686275
-6.73028450318	-2.89336990921
-6.63135258204	-2.88415114147
-6.55385295639	-2.96959062812
-6.49147931854	-3.03428063081
-6.38024108936	-3.16541391838
-6.31639949984	-3.24234203121
-6.29112863385	-3.28489032784
-6.2615039004	-3.32301768836
-6.20290808433	-3.39980379397
-6.16474768797	-3.50691992779
-6.07736321481	-3.64632120232
-6.03061880834	-3.72470562756
-5.99560228342	-3.7851459432
-5.91345879321	-3.90064793127
-5.87045886162	-3.96917269298
-5.80394250331	-4.05352212244
-5.77689963733	-4.11641012547
-5.72653866191	-4.18578433127
-5.66884192386	-4.24981493622
-5.55672687825	-4.36839688289
-5.45544369501	-4.39520638994
-5.38682461682	-4.44244761417
-5.32018840939	-4.51288205549
-5.05792732535	-4.73818691593
-4.96189597215	-4.79187816689
-4.71954123135	-4.88343549288
-10.098451202	-2.6281806874
-10.1282554336	-2.42261310831
-10.1544062023	-2.28571372014
-10.1436307054	-2.05813129023
-10.1458750334	-1.77501256897
-10.125720111	-1.60333201933
-10.1095275504	-1.53945616409
-10.0765951587	-1.42052607906
-10.051492786	-1.32732388394
-10.0100518763	-1.22390854285
-9.96130239867	-1.16745627076
-9.87811373662	-1.06125308627
-9.75268250665	-0.992151133598
10.8835767685	-2.26744865906
10.9395623751	-2.33007797942
10.9500317054	-2.37649161029
10.9409818639	-2.43227552298
10.9258889382	-2.5436146539
10.8918042338	-2.63328821801
10.7554447073	-2.80808420416
9.34881665127	-2.77090754133
9.11606996875	-2.87817973459
8.99571093258	-2.94604448917
8.85948462463	-3.06833777318
8.70310663478	-3.20571606636
8.58386522439	-3.29295763205
8.43021199673	-3.40091152234
8.25909133375	-3.46238319092
4.9265380494	0.261850715584
4.92654281135	0.261855172685
4.92654477609	0.261857267667
-11.36265037	-1.84581842913
-11.4521402133	-1.77638090581
-11.488031574	-1.74809900062
-11.6131454328	-1.6554606656
-11.6765867087	-1.60540053263
-11.9587076656	-1.48922278561
-12.0912840655	-1.43059680308
-12.22453845	-1.44548728827
6.54806727862	1.15711239622
6.68564398773	1.10879007168
6.78955779591	1.05718673373
6.85797814644	1.02085349138
6.9799347026	0.920933951832
7.09395543498	0.853669308998
7.14478475281	0.824710407115
7.22198993166	0.738204652914
7.26713998656	0.637095781932
7.38412810753	0.520623749855
7.4205809501	0.424449482942
7.51710323389	0.206188781895
7.57529995225	0.068374674873
7.60162928356	-0.00157465971659
7.62473021546	-0.0696602249486
7.66890892244	-0.212011079741
7.67264557812	-0.327873259404
7.66405014794	-0.521227076396
7.66011424743	-0.627468088558
7.65769631423	-0.749899829771
7.65066383681	-0.907347742385
7.60101572973	-1.06172578718
7.60955176816	-1.1969046459
10.373196187	-5.3431249871
10.2448938918	-5.50079486819
10.0983445235	-5.64085342947
10.0208471454	-5.67871152022
9.97626765755	-5.71745820121
9.92143991204	-5.75566486933
9.90543830097	-5.75475916865
9.86574747785	-5.76383484965
6.57117552084	1.38344319465
6.62416176902	1.60676465622
6.75629375275	1.75320672488
6.8112048188	1.89246464389
6.85408274759	1.99175371148
6.90226820224	2.14378123562
6.92347211457	2.26593880141
6.94066068638	2.41754077765
6.99128051958	2.52584182774
7.06804432813	2.63040244479
7.12640314165	2.75390040559
7.15526263873	2.83716456464
7.24641457188	2.98895930865
7.30403423633	3.03078980051
7.38571393494	3.09025947622
7.47689783498	3.15593484601
7.59123926413	3.26377190482
7.70338171723	3.36490334589
7.76972241034	3.41846760701
-9.75269234435	-0.99214407577
-9.6097895138	-0.995049867681
-9.48365241817	-1.03828305838
-9.38113720117	-1.07821422538
-9.31161125047	-1.0932283022
-9.19566955061	-1.19528188437
-9.12757414108	-1.24921996293
-8.96018262628	-1.40074947811
-8.81606994552	-1.53689953553
-8.73792425933	-1.60434001281
-8.636158045	-1.68975618315
-8.54224148624	-1.76873768114
-8.43212174503	-1.85118546954
-8.38104118725	-1.8673625305
-8.30609243785	-1.9206862836
-8.23595454278	-1.97566501033
-8.08249455502	-2.08239984861
-7.98776086446	-2.18508628176
-7.89861233302	-2.25337571756
-7.80198681989	-2.3767160469
-7.74092055752	-2.43815673259
-7.67242077344	-2.5257200145
-7.60218784033	-2.62324382247
-7.53013204016	-2.76882250746
6.14278133875	2.79701166996
6.14563164884	2.9801747081
6.16285454872	3.06340586692
6.17801354192	3.14378393128
6.22183065488	3.34916017982
6.24184872538	3.46527781505
6.28915618922	3.72255615365
6.32054217382	3.8834093668
6.34215897248	3.99369148676
6.36828202936	4.12292534419
6.38699350351	4.21376879035
6.41016866728	4.30867831938
6.43567574748	4.3938120995
6.44680512645	4.46321267781
6.51863667132	4.54725991116
6.58872709666	4.683766392
6.65495548532	4.81589204748
6.68499028162	4.87640339935
6.80361647636	5.02983576021
6.86757154126	5.09608866301
7.00409765408	5.21206871746
7.12498130787	5.26670359573
7.20636470437	5.28816802835
7.3605275835	5.31674900855
7.44699409142	5.31049150588
7.51415923274	5.29626023667
7.67829784939	5.29106456044
-5.17878576327	0.48812822749
-5.19497329463	0.359631463443
-5.20327332005	0.213196718437
-5.23824000009	0.138000296313
-5.25908837542	0.0662964727101
-5.26812140397	-0.0129854972323
-5.28435581345	-0.123394789729
-5.29310314674	-0.241463103418
-5.30209981883	-0.333274142512
-5.30378270694	-0.350919450013
-5.31459659383	-0.48731429916
-5.31683075772	-0.575548302599
-5.31704649493	-0.736620785629
-5.31121491958	-0.876018398243
-5.25189706761	-1.08200655709
-5.25145940408	-1.15218721699
13.2304556341	2.04048620364
13.2050476911	2.10026958986
13.1724907779	2.1396751078
13.0911436099	2.23390265682
13.0143700304	2.28402188309
12.9438360969	2.36593008057
12.8883976081	2.43896067789
12.8304686204	2.51735409897
12.8018561838	2.58189942123
12.7264730638	2.68377686875
12.6960520442	2.73502430398
12.6520442297	2.79166596651
12.5753183147	2.88013654371
12.52573185	2.9341437596
-4.36680448679	1.14180288302
-4.37812260664	1.1276271137
-4.42201056179	1.10030931777
-4.47762321596	1.02901339489
-4.5480610202	0.986471573875
-4.64104647799	0.931545713274
-4.73484830909	0.827147918347
-4.89885613971	0.731135136655
-5.02858363098	0.65325637985
-5.1793158789	0.486894768226
-11.9394597418	4.60192782422
-11.9550811946	4.57646889463
13.4504433357	0.859751213187
13.3489395086	0.912890533868
13.2217839206	1.04595154126
13.1415771778	1.14338433176
13.0515075999	1.25618550438
12.9863899633	1.36459148734
12.8228502734	1.62180775213
12.643114544	1.86286075084
12.5649088128	1.97906971241
12.3954068031	2.26954773661
12.3079730372	2.4971222649
12.2448562645	2.64255405747
12.208645674	2.80529186066
12.1691514404	2.99368092933
12.1141682032	3.19865379589
12.0966910025	3.31454453899
11.9911125382	3.52653921444
11.8789029767	3.72237207947
11.8125864458	3.83901505779
11.8250417655	3.93344400852
4.92558458385	6.09670664931
4.84943628618	6.17117426531
4.79036668111	6.22937314385
4.73376512992	6.28469581567
4.4637563785	6.42459132828
-10.8469692067	0.839432257564
-11.0135174549	0.948188249082
-11.1352731263	1.05542217676
-11.2023493943	1.12340734967
-11.346301242	1.25795650797
-11.4439870652	1.38639672698
-11.5538378724	1.47754304822
-11.6277970135	1.52503747063
-11.7020193287	1.57142034781
-11.7841826478	1.63229756324
-11.9148633344	1.75418411874
-11.9834100498	1.8079217321
-12.0511429943	1.8737616023
-12.1588195067	1.98705907063
-12.2022570178	2.04502821321
-12.2458581629	2.14909603811
-12.3141862933	2.33394972898
-12.0393010281	3.24696633651
-11.9720910812	3.5587532611
-11.9563907208	3.69138613601
-11.9592794252	3.79345856852
-11.977175331	3.90081612305
-11.9547090099	3.99966414391
-11.9618677302	4.08553965978
-11.9602353167	4.21646292506
-11.9859869153	4.3698093338
-11.9727783187	4.4521350126
-11.9563206923	4.57654809452
8.0077036632	10.3784841241
7.99295609786	10.3793466035
7.9484903499	10.3751145512
7.88351167943	10.3595753756
7.79316357757	10.3292671862
7.68686683104	10.3363317547
-10.7289336525	2.50840361541
-10.8679888645	2.42413022349
-10.9064315381	2.32506756086
-11.0007626177	2.12657327257
-11.0668160373	1.9953554331
-11.0963863109	1.92975076928
-11.1418410328	1.85279852488
-11.1477852661	1.84529295531
6.73339805168	10.7774256501
6.76309222264	10.612839825
6.7849958667	10.4710943801
6.81585931844	10.331200817
6.87197671438	10.1978600199
7.00848788752	10.0504720942
7.09212300152	9.92641586788
7.1772662016	9.75497492967
7.34583370755	9.65621631589
7.4213146648	9.63731568445
7.48371122437	9.61594459203
7.63624864864	9.58432952319
7.81263643051	9.55475024163
4.38988311482	7.42077127761
4.52605630088	7.58515366492
4.69577502928	7.63182876468
4.76813974705	7.65436072183
4.82246495298	7.67095228616
4.9470710996	7.69328694795
5.03391637311	7.71187684137
5.2509265231	7.75060785353
5.3709836966	7.72615594459
5.50311995757	7.688627216
5.60445413503	7.65915213387
5.72622211166	7.6621167099
5.83595209902	7.62693683695
5.93503437187	7.57749483086
6.08168231425	7.49578893589
6.24654290365	7.41176054059
6.35614335523	7.35781091515
6.49749483742	7.23020743073
6.50531008254	7.18722958396
6.58642489422	7.16277541725
6.65431191997	7.12949498639
6.78635334049	7.08762337848
6.88516444622	7.05889624677
6.98172262612	7.03524088747
7.0865074623	7.01563791802
7.31191595905	6.99857868391
7.50139691479	7.01665133103
7.65153633063	7.05066461205
7.71677239357	7.0873563917
7.7794115092	7.13087178613
7.84906618613	7.22692461562
7.89947802285	7.32810998273
7.90142309908	7.38513717742
7.87035753698	7.54898609283
7.85839918863	7.631520859
7.75960430153	7.788281809
-4.35855028068	10.273463103
-4.16713156653	10.2812290115
-3.95609848016	10.3637423129
-3.72564017509	10.4832220865
-3.575866562	10.5677664262
-3.4587496517	10.6433355264
-3.36292021892	10.7040546895
-3.25460822149	10.7435109858
-3.20886695071	10.7558877005
-3.12818773455	10.7729402045
-2.95995165793	10.7473027239
-2.79907983928	10.7992778014
-2.66136857165	10.7978160173
-2.60692324305	10.8246936448
-2.52263782182	10.8459435353
-2.39118417583	10.8715231276
-2.30614485261	10.8768925608
-2.22982061214	10.8739163747
-2.0714630615	10.8612445472
-1.90060098056	10.8757637613
-1.71270758593	10.8750834158
-2.89912067711	12.8305547775
-2.78339152366	12.9935037337
-2.63197393213	13.0780113946
-2.5174974044	13.1496003569
-2.38915489583	13.2166379579
-2.24923150553	13.2890454189
-2.24923150553	13.2890454189
-2.13129415075	13.3117719336
-2.02031689273	13.348768733
-1.72994408957	13.4632029339
-1.50548183585	13.5581425247
-1.33656220676	13.6549950212
-1.2710697342	13.6875466996
-1.18047103867	13.7280676052
-1.08671528791	13.7595074728
-0.950921849716	13.8507346167
-0.738327007941	13.940436544
-0.633119072362	13.9345425089
-0.425194858072	13.9576637773
-0.209133312129	14.0077394662
-0.209143351593	14.0077272393
-0.25668413446	14.0940259473
-0.244328476812	14.1963842595
-0.236667657242	14.2236346506
-0.223796204528	14.2633168822
-0.193998656742	14.3500534233
-0.1436269285	14.4491089798
-0.0912693378435	14.5101611091
-0.0670670459724	14.5328642646
-0.0355057563278	14.5600408838
0.146775170846	14.6627944321
4.04765047149	9.41880462694
4.23178667138	9.31804836439
4.38392046048	9.2784854802
4.53550182606	9.25443722356
4.72457187336	9.18608113749
4.8467548751	9.16315913037
4.90591557162	9.15167223535
4.98913570734	9.13501376683
5.11440818279	9.1064183371
5.17747055661	9.08844968511
5.2781181042	9.05930950131
5.31278587926	9.04688025805
5.38858716671	9.01859825339
5.54945699934	8.92951723975
5.64201849282	8.8855125176
5.72615918788	8.84129857842
5.80819617382	8.82021081468
6.04251358599	8.69695446578
6.21961689403	8.60895953562
6.37702864659	8.51297401863
6.5985465541	8.42838621465
6.72456388231	8.36471888576
6.84352665132	8.29616294693
7.02332600374	8.18820349221
7.17278659978	8.10566599723
7.27497508006	8.04506107684
7.40167169394	8.00876067234
7.47460065703	8.01266156672
7.53247365159	7.97387277412
7.5683718681	7.95413049474
7.75960430181	7.78828180827
-2.87769153709	12.0273717412
-2.89890677007	12.0855961232
-2.89869644497	12.1134705688
-2.89714334559	12.1720801852
-2.87676807122	12.3393913384
-2.86891065683	12.4426964602
-2.87429201397	12.5941537137
-2.86569278387	12.7021155877
-2.89915513735	12.8305774045
3.34556256961	12.7694285032
3.4666669079	12.7015849725
3.54354709572	12.6747167612
3.70432762812	12.5996387632
3.84089985763	12.5453789633
3.87847054314	12.5351304398
3.94746813951	12.4909479318
4.00054255751	12.5623166123
4.1221971365	12.505827574
4.21042876666	12.4540365099
4.32833384149	12.3941318101
4.4406952399	12.4512513678
4.62274450591	12.3250388775
4.71207113627	12.2349076841
4.82423531321	12.1745510463
5.02301804219	12.0537561473
5.12207913821	11.9954203729
5.24685594124	11.9179844859
5.33618502368	11.8478410659
5.42610358327	11.7709796061
5.60207086063	11.6678987919
5.65301191114	11.636308797
5.68184842567	11.6183615413
5.82499294265	11.5282034271
5.98697813468	11.439821692
6.10901609771	11.3662223069
6.19700389672	11.2791825303
6.26789283929	11.1936224728
6.33762275319	11.1618411836
6.45300589063	11.0755648125
6.63341349728	10.9390783365
6.73339805168	10.7774256501
1.96883117593	13.7964589908
1.93521037996	13.903383354
1.80281410331	13.9487995032
1.57928053976	14.0205940492
1.37068135266	14.0622575757
1.07778951983	14.0850165221
0.696924294655	14.1117053135
0.538032657856	14.0843246033
0.436326622511	14.0702116119
0.322199316505	14.0481715282
0.0394100691451	13.999603855
-0.209141064821	14.0077214499
-1.7139872716	10.8745573218
-1.7969722359	10.6442054634
-1.85787814277	10.5036887187
-1.94065125982	10.3034776664
-1.95877923959	10.2126400159
-2.0627388353	10.1422233524
-2.07157711068	10.0980263485
-2.11482247256	9.92289798965
-2.14047079306	9.84008997493
-2.14523198689	9.66345991613
-2.20948708155	9.52838902504
-2.24207280762	9.38125132256
1.39356534645	12.9227855169
1.50243265758	13.0192112073
1.57266740744	13.1061730389
1.63490551894	13.1995654773
1.71581964307	13.3360217654
1.78650363402	13.4366570718
1.81303529728	13.4859868419
1.832724574	13.5510543521
1.89836386832	13.6677091339
1.91413123426	13.6860755559
1.96883117581	13.7964589908
-6.83387471108	-9.22104780013
-6.85797497964	-9.35245722894
-6.84267432876	-9.50802372302
-6.79743077192	-9.65982549989
-6.72962520659	-9.82953990885
-6.66508485858	-9.93922402414
-6.6026371406	-10.0307154582
-6.53067061489	-10.0832480394
-6.45041405608	-10.1575249899
-6.30169977104	-10.2835608382
-6.21683446671	-10.3587655895
-6.1726857891	-10.392261644
-6.00134996262	-10.507541492
-5.91700736068	-10.5339699616
-5.81292342318	-10.5437167332
-5.74600365938	-10.533161227
-5.60251465413	-10.4746256068
-5.44254678661	-10.4007373744
-5.35702036286	-10.3273602362
-5.21268574601	-10.2431231142
-5.07344401998	-10.1694842981
-4.98362120864	-10.1201055837
-4.88977251299	-10.0616063035
-4.81835893613	-9.99184257823
-4.75229821186	-9.90451992894
-4.64377404135	-9.77269371588
-4.55927403212	-9.66588970936
-4.44311912264	-9.59266620057
-4.31255962696	-9.43901128571
-4.23392689466	-9.34868694892
-4.07601213148	-9.27547817796
-4.02112721697	-9.17225793351
-3.93684301843	-9.12396178314
-3.86009998297	-9.08071530725
-3.78877655833	-9.02563370693
-3.71234278105	-8.96869020697
-3.64654749948	-8.92416875703
-3.58636364957	-8.91144764011
-3.39195344149	-8.80848976859
-3.19697659798	-8.76223320422
-3.10451411145	-8.77176041593
-3.03987140549	-8.81955289017
-2.96684414153	-8.87492196846
-2.90462814648	-8.97952092518
-2.78785409652	-9.16854904761
-10.3960803553	-3.16830423047
-10.3434745827	-3.00567302441
-10.2826500274	-2.83436887218
-10.1905462102	-2.75700658184
-10.0984513434	-2.62818068484
1.64681146618	9.7614701433
1.67490279692	9.77926929668
1.74290311826	9.81657285494
1.75805812479	9.84679587152
1.83351615821	9.90043275871
1.87664724292	9.9346687824
1.9629734786	10.0166586117
2.18009693543	10.2132361583
2.21102612803	10.2803812982
2.22317119553	10.3185006564
2.27246250913	10.3740212087
13.3070166534	-0.201906899859
13.2947247999	-0.205631798207
13.2771334512	-0.18790469701
13.2319052129	-0.148495713947
13.1623188266	-0.134826166321
13.0987845963	-0.0809292452361
12.9521450196	-0.0265062609416
12.879988971	-0.0499298502749
12.6743676171	0.0159036583973
12.5390029781	0.0531571643716
12.470075341	0.140309445622
0.689240374468	-6.59649909224
0.677374626349	-6.65691102625
0.511254945629	-6.80240009978
0.398245123327	-6.9074473862
0.309020881822	-6.97688667008
0.200584664309	-7.047660336
0.108866989102	-7.10586383666
0.00355210321038	-7.13982245241
-0.0947129224133	-7.17828275025
-0.176751118923	-7.20375122397
-0.259874711179	-7.23668065946
-0.375432588985	-7.27421678366
-0.466347683382	-7.28466732899
-0.575658190867	-7.3008083527
-0.857995218457	-7.33418702115
-1.04322696788	-7.39525940009
-1.12943240406	-7.39647558731
-1.21363069966	-7.39371095786
-1.32308048238	-7.37637586092
-1.49507944271	-7.32969128189
-1.67641736923	-7.23451162995
8.09343708919	-3.4682588488
8.16407619944	-3.46225401882
8.25723760924	-3.4662191129
2.2724758557	10.3740301164
2.38848739302	10.5266984698
2.4916787203	10.6364386541
2.52790678608	10.7396933486
2.56581204609	10.8601279849
2.59415118137	10.9585963963
2.61056520542	11.1057385086
2.60214041655	11.1494236391
2.58157399663	11.1935620899
2.55278942066	11.2221174658
2.49394259823	11.2882939832
2.45558585834	11.3284361702
2.41632054565	11.3765442903
2.3332128486	11.463889356
2.27181735553	11.5008444755
2.19765539058	11.5451059536
2.06717006556	11.5861856929
1.9030335044	11.6275378912
1.83594143041	11.6445507252
1.77376426674	11.6603164301
1.72585861231	11.6843200618
1.6714713848	11.6963270428
1.55804599555	11.7179342145
1.46758612626	11.7213476178
1.39420986603	11.7564388831
1.25148789125	11.7426023716
1.08437444249	11.7578994452
0.974718846299	11.7658926403
0.906070295419	11.7848250635
0.831166221775	11.7720184556
0.722498407742	11.717988854
0.659650406854	11.7377013057
0.533777807723	11.8447081279
0.510594907073	11.9350753474
0.423162841871	12.0162756553
0.364858146554	12.121679938
0.329474963792	12.1904371148
0.268284808656	12.2733249129
0.2088060963	12.300975768
-3.63716719263	-2.46427630124
-3.69288214243	-2.48811335176
-3.83650293514	-2.58638068655
-3.88769073472	-2.59034140434
-3.9587040063	-2.64114110382
-4.02476346729	-2.69667814844
-4.10971875017	-2.74254204689
-4.22214258724	-2.7843677345
-4.30747455191	-2.81730569204
-4.40388374056	-2.91808027682
6.39015619357	-7.54098006071
6.38380892609	-7.40167738705
6.36713461928	-7.35966685237
6.36383068149	-7.23083561025
6.39463787128	-6.98446455333
6.41473673088	-6.84948427772
6.41754941546	-6.78762551467
6.43409135438	-6.68826143546
6.48830034344	-6.4653563735
6.53797639954	-6.32197937023
6.58236037332	-6.14315998976
6.60246985097	-5.98930317336
6.6319300174	-5.80966793825
6.61537400526	-5.75629324646
6.6355214182	-5.65406085909
6.66776820132	-5.52530505321
6.68261346792	-5.44001090012
6.69671864439	-5.39331665565
6.69410824813	-5.34307165623
6.69135291675	-5.24729597709
6.66729726629	-5.14536836317
6.63720852603	-5.01047163856
6.58605317966	-4.90640560497
6.51506492321	-4.83538080471
6.45097525031	-4.78486805221
6.37237254621	-4.76042965451
6.27157583871	-4.74829956039
6.25422562108	-4.74636532635
6.12943708798	-4.77122087216
6.03452029354	-4.79416821526
6.011483737	-4.80079453109
5.90882215391	-4.83231162472
5.75911415149	-4.89949308565
5.74660682781	-4.90749140534
-9.35370490169	-10.3531424498
-9.46345776742	-10.2691393761
-9.5545273091	-10.1798659756
-9.61272419003	-10.114195295
-9.62838325657	-10.0953390597
-9.65004661217	-10.0510595243
-9.69898035915	-9.9363052564
-9.73399795876	-9.87308007107
-9.82441079084	-9.72200373845
-9.95244044847	-9.5981075069
-10.0179917284	-9.46600126347
-10.0273980271	-9.37286848388
-10.043935826	-9.30922862753
-10.0880025034	-9.17577597676
-10.0970653191	-9.00179889149
-4.98997420647	-7.36699819895
-5.01279491198	-7.50548273718
-4.97916452434	-7.68583439552
-5.02297116419	-7.95721033641
-5.02572462679	-8.05934766693
-5.05095196595	-8.20299024765
-5.1111028452	-8.24899957261
-5.17857504735	-8.35820206039
-5.23259895056	-8.42652319988
-5.31969239675	-8.51791704671
-5.43073825485	-8.65412098123
-5.55631893976	-8.73613671337
-5.67133219085	-8.78367772258
-5.82690996126	-8.86674714824
-5.94836043542	-8.97955609734
-6.02563648578	-9.0374328463
-6.16307628516	-9.06096269829
-6.37933728655	-9.11547564032
-6.5522711416	-9.15217782665
-6.6972615512	-9.19595013132
-6.8338713076	-9.22102985198
-6.79210137677	-6.57387077289
-6.68294002166	-6.65985733111
-6.57262530169	-6.72066610062
-6.49551224203	-6.77032438517
-6.35332973042	-6.85002258613
-6.20468266043	-6.95271230908
-6.12379873788	-7.09028624718
-6.00747909827	-7.10774121736
-5.9241456451	-7.11730122687
-5.58470865789	-7.17716433366
-5.42116887453	-7.19872607519
-5.26687838761	-7.21801927819
-5.18913645581	-7.24041687739
-4.98998933404	-7.36699266339
7.8125983994	9.55473687923
7.85033354477	9.34902902412
7.88880622568	9.22049826954
7.899465558	9.17470318058
7.95123529447	8.98196595858
7.99989204464	8.85192415355
8.06714810159	8.69150229861
8.08483978575	8.49498607633
8.08723035966	8.31993711782
8.06215158485	8.20934975368
8.08794387432	8.12131876421
8.07674785203	7.99995959331
8.03673254338	7.94061156537
7.96744043725	7.85630979632
7.91511999648	7.81227679322
7.75960430182	7.78828180827
-3.59268323334	5.26812661899
-3.61195413298	5.3014844768
-3.63722246839	5.28247652337
-3.69788832997	5.2648765792
-3.77567642442	5.24227384139
-3.85211124152	5.23339512551
-3.93401001962	5.22389752686
-4.01593167955	5.2234374235
-4.14913161126	5.17645702676
-1.98495152776	-4.48394760436
-1.76896298213	-4.58848550883
-1.70700473614	-4.62173338622
-1.68699002271	-4.64745758406
-1.53020787136	-4.76975730068
-1.42498174232	-4.85990715545
-1.41811914202	-4.98628530817
-1.18009874104	-5.20544557262
-1.10985360927	-5.28048288902
-1.04423890698	-5.33485295835
-0.973307904103	-5.39649228047
-0.927185811507	-5.43714712834
-0.884611583253	-5.47480979483
-0.824152244299	-5.52927645137
-0.745800095547	-5.58625025231
-0.576822336865	-5.75216342764
-0.570791474612	-5.75609444181
-0.473157506337	-5.82059161664
-0.325363319709	-5.88744710753
-0.222951880999	-5.93373068915
-0.13278680894	-5.98363454926
0.0377834841276	-6.0812297043
0.159462753908	-6.15543506324
0.275548994031	-6.23774379435
0.394359222116	-6.33273486266
0.45792067688	-6.38896791074
0.557661059855	-6.47208480318
0.689257222079	-6.59648397318
6.13865684618	2.7496102706
6.14278698303	2.79699158967
2.90520235313	-11.8742161299
2.94628327415	-11.9417482487
2.95900601895	-12.0038776156
2.99428542921	-12.1047819044
3.01496501172	-12.192868298
3.02948523802	-12.2620041173
3.05719910435	-12.3394282357
3.13498636727	-12.3811331074
3.19351157069	-12.4110510044
3.27691440859	-12.4621966402
3.35756566635	-12.4624419344
3.4695540125	-12.4587803798
3.55538443945	-12.4557281317
3.70391139214	-12.4753230391
3.82191607098	-12.47199048
3.92082421921	-12.4340500424
3.99432411224	-12.4333317579
4.11594239816	-12.3587769359
4.2323691467	-12.2797596549
4.29532809213	-12.2204520871
4.34818094564	-12.1685267775
4.40051486373	-12.1114866887
4.48962208274	-12.001758615
4.62787646796	-11.8275478238
4.65197003047	-11.7469505608
4.70806452212	-11.6920791246
4.74842759389	-11.6159174141
4.81037627899	-11.4893993941
4.83753175243	-11.4280842621
4.8640619508	-11.3506351278
4.89127969066	-11.0742622135
4.91543754262	-10.9216495
4.94195536402	-10.8100203528
4.9608436778	-10.6641350604
5.01203716629	-10.5082976373
5.10107234994	-10.2177371586
5.18950083318	-9.97112714577
5.26941105999	-9.73090118527
0.855643852205	-8.73677942799
0.709007736878	-8.62804026039
0.634773647098	-8.59067445367
0.495127939424	-8.48121281019
0.370955646272	-8.4511420528
0.174354889644	-8.48826464125
0.104687923501	-8.46994169321
-0.00756231167658	-8.45812245044
-0.162537014272	-8.45078034872
-0.19617068091	-8.45136545214
-0.303084635739	-8.42399506371
-0.365206665744	-8.42954376484
-0.497718155133	-8.43994841477
-0.528444861502	-8.4420629047
-0.598797751379	-8.44659696299
-0.707342648756	-8.45601506722
-0.764632800613	-8.45813115599
-0.791494172984	-8.45914279592
-0.980929492829	-8.47553052112
-1.09670348798	-8.47301077068
-1.30087746542	-8.46845437652
-1.50352948032	-8.48233879535
-1.73301285413	-8.49815936821
-1.80890306373	-8.48914080401
-2.03052860838	-8.54450640765
-2.14801113787	-8.59851203533
-2.23306738662	-8.63356658744
-2.28831019268	-8.68057086976
-2.35024678463	-8.73490819753
-2.48229723415	-8.83175342359
-2.60650855787	-8.96517010036
-2.65688205582	-9.09935050695
-2.7881533529	-9.17204307095
-4.71891334647	-4.88328803731
-4.69790412867	-5.06994348869
-4.66674301326	-5.35971395161
-4.65240304372	-5.52742163323
-4.63887983989	-5.61650951932
-4.61037492872	-5.75701156941
-4.56433660291	-5.83675079374
-4.55405354795	-5.91838574887
-4.54879859787	-6.07813289609
-4.506589095	-6.24552664089
-4.39496230919	-6.4141472319
-8.04079142091	-3.88630998278
-8.13078931355	-3.85934505045
-8.26672661786	-3.82718950598
-8.39436094083	-3.77632179079
-8.57451225792	-3.70367143739
-8.71348397149	-3.60666674783
-8.80846309371	-3.55507018472
-8.91651629249	-3.50739526705
-9.04016838516	-3.43967401627
-9.16158511133	-3.36971018511
-9.26248254488	-3.30958755307
-9.37425952046	-3.23327921506
-9.47466331297	-3.15970598659
-9.54198269475	-3.10660386682
-9.71081354613	-3.01201411897
-9.81434619742	-2.89364557851
-9.96088189978	-2.76214040557
-10.0986067391	-2.62841400958
0.20879022332	12.3009584423
0.385615744543	12.4332132507
0.515452756672	12.5106612881
0.596944642264	12.5829809413
0.658314218115	12.6346750348
0.891589902076	12.7060790336
1.07072834822	12.795703045
1.19550906637	12.8697792705
1.39356534078	12.9227855181
-4.14913146993	5.17645681276
-4.18787599009	4.91952810809
-4.23024063725	4.73110803642
-4.30585099822	4.51251384321
-4.34418747578	4.37803781019
-4.39476428393	4.25088842776
-4.40619189419	4.08589859598
-4.44279052818	3.91752185343
-4.45117845108	3.80205901293
-4.4550011964	3.72022939399
-4.45521678499	3.59382443098
-4.46326746369	3.48857092587
-4.44628620094	3.27354981038
-4.40754506677	3.09568970606
-4.45286587575	2.98587577396
-4.4859565139	2.89340824953
-4.518667925	2.83618353235
-4.57077404354	2.75294811455
-4.66826521616	2.65388107926
-4.71574896448	2.62767087412
-4.79818558246	2.55129651533
-4.90125856705	2.49330186566
-4.99797064239	2.37661533632
-2.45596782126	-9.87460024311
-2.27649133502	-9.94064785673
-2.18167443395	-9.90814365492
-1.99643165356	-9.87843574432
-1.91066284276	-9.87435211868
-1.85546074633	-9.8916635826
-1.82313347649	-9.89180649792
-1.77998382084	-9.84218337776
-1.6789712467	-9.84091096996
-1.57910034566	-9.84783444362
-1.45449980172	-9.86641789329
-1.33369155949	-9.87491126943
-1.17875601616	-9.89520398444
-0.994997858929	-9.87604298582
-0.876264981421	-9.95828509385
-0.747872883661	-9.98759294165
-0.57732733399	-9.98237481018
-0.466549419015	-9.97569288253
-0.296272012097	-9.98081274877
-0.197955750583	-9.97235937853
-0.0749060650613	-9.96194378708
0.0253995115591	-9.92143268801
0.136768761492	-9.88761144633
0.201760636442	-9.85526025846
0.248035929856	-9.82898603697
0.323053529434	-9.7665293621
0.392971382387	-9.70575801356
0.471726968384	-9.63918714826
0.556511817362	-9.46202078865
0.655501194165	-9.24208374578
0.73645632729	-9.08647769999
0.758989888995	-9.00660416341
0.856213883731	-8.7368856112
10.0848145643	-2.69772302874
10.1436575392	-2.65865743679
10.2072357049	-2.62915596213
10.3505054973	-2.55457338571
10.5054416523	-2.47062606353
10.5863375379	-2.4062676563
10.6696451636	-2.33336754614
10.7914752795	-2.26860462793
10.8835767685	-2.26744865905
-5.25145604898	-1.15218556785
-5.20689924514	-1.29290425203
-5.18702356634	-1.38788460598
-5.11267874197	-1.56880189729
-5.07745373045	-1.68293947721
-5.01278426967	-1.83248498921
-4.94684030522	-1.88781110767
-4.89955197666	-2.06470847774
-4.79415222332	-2.16979190584
-4.73989434669	-2.29801116892
-4.71058402377	-2.3755364518
-4.68626426816	-2.42508890465
-4.64948741755	-2.5117059064
-4.58397955836	-2.64457071297
-4.56173227722	-2.72209530121
-4.40388122119	-2.9180812694
8.70000409912	2.22825741495
8.68474193626	2.07444843232
8.6464971909	1.96425794843
8.65303684534	1.80989726803
8.6731863145	1.61667230377
8.71022594668	1.47680160517
8.77874787803	1.2569426264
8.79087453239	1.18008955515
8.80418260868	1.08966813665
8.849000399	0.893708016398
8.88051732589	0.746173065784
8.91070826771	0.66751128271
8.9501233672	0.525838425889
8.97983267309	0.422795166344
9.01701876446	0.295480823284
9.02996764031	0.251716350283
9.06338349439	0.139681849943
9.08959316755	0.0482263094905
9.15553934926	-0.173253373042
9.17464104187	-0.258569270883
9.21292036452	-0.374614155722
9.31026240808	-0.485677831563
9.31409760989	-0.598877147231
9.33914723156	-0.724451577081
9.33593781039	-0.895511529111
9.37617068513	-1.0556004845
9.38632301356	-1.08773422081
9.44200778521	-1.26125211978
9.46834152529	-1.34097152825
9.49716497439	-1.42783736953
9.52341939353	-1.50852949612
9.54870159984	-1.588466589
9.59444043001	-1.65642923789
9.64975020637	-1.78042943934
9.69929480734	-1.9199528896
9.7210381932	-1.98370046212
9.77203731569	-2.16854403434
9.81135669023	-2.30692255704
9.86802466823	-2.45617774592
9.91577869625	-2.5408917521
9.99022857355	-2.60979482308
10.029684873	-2.65919996577
10.0848125347	-2.69772922392
-5.00023375571	2.37701701818
-5.07153349915	2.00525131784
-5.09842047243	1.91340041564
-5.14897963332	1.75430712974
-5.17732525524	1.63815277307
-5.23777048045	1.4160309065
-5.27040180102	1.26400005624
-5.28345757903	1.14864299515
-5.28018351505	1.05822405479
-5.28538229661	0.907479697581
-5.26306341607	0.70109909852
-5.24071078932	0.59211323806
-5.1793158789	0.486894768226
-3.86472762068	7.92022581866
-3.96925491047	7.91937622137
-4.12129009099	7.87662369337
-4.2427825482	7.84489751374
-4.36326587489	7.77125323396
-4.4496578477	7.73737047135
-2.24207280762	9.38125132257
-2.07552324652	9.37250150558
-1.87429239418	9.41901450772
-1.67133033336	9.490924726
-1.36936923748	9.62204975146
-1.21366699938	9.68318979285
-1.01286676194	9.79086992512
-1.0030081776	9.86469610516
-0.96407355612	9.93349676191
-0.915038365307	10.0082015265
-0.88326230812	10.087080071
-0.864466890413	10.232987915
-0.859842763101	10.3968756832
-0.921895100939	10.5363968424
-0.955977748276	10.5925604553
-0.998609462127	10.6516390234
-1.02602850109	10.7228755184
-1.07651282593	10.7729675881
-1.28080114147	10.9202224313
-1.42788865788	10.9749159955
-1.50889357752	11.0561467596
-1.50889357758	11.0561467596
-1.37128317494	11.2241464215
-1.30950150596	11.2870339319
-1.23236851466	11.3469101438
-1.07645284964	11.4664722151
-1.07421053481	11.4685139017
-0.948660555527	11.5460558186
-0.783469785311	11.6479648602
-0.477250770404	11.8401339443
-0.377548458931	11.9657799953
-0.31341919618	12.008239521
-0.271951926765	12.0294769363
-0.20544973866	12.0644970229
-0.0617773845218	12.1198678039
0.0493007129103	12.2182072651
0.208807497846	12.3009777319
3.72020463039	7.19647804196
3.6463590613	7.29934624362
3.48768424732	7.41099569657
3.39654449329	7.48440428754
3.16919740531	7.57667256288
3.06431888845	7.63192571038
2.96018514962	7.69106112826
2.87179985811	7.64039262291
2.77311156453	7.71889871805
-2.04968109262	14.4974015064
-2.11521818303	14.4246059613
-2.16736891006	14.366610272
-2.24966928149	14.2401715163
-2.26323186034	14.2162113057
-2.30158264323	14.1324715581
-2.34422808032	13.9546081659
-2.34444664355	13.8557252105
-2.3485726982	13.789236911
-2.34767592077	13.7068422165
-2.3426897632	13.6242137541
-2.34620735824	13.5436135453
-2.2844977382	13.3487884803
-2.24923150553	13.2890454189
5.26940143387	-9.73089527666
5.32504137385	-9.59399323364
5.37588021963	-9.47806399572
5.47401404036	-9.29148958074
5.50169916246	-9.21881120204
5.56177447721	-9.14336401681
5.61930414612	-9.00476526224
5.65963424935	-8.92691617183
5.73787329435	-8.76506906661
5.82457767968	-8.5934551908
5.85644068021	-8.51341884324
5.94539426748	-8.35776002376
6.0004563296	-8.26736735307
6.02169174064	-8.20562128849
6.09988916091	-8.06460149145
6.18240848241	-7.93624549518
6.21294247581	-7.85107777733
6.23167987422	-7.77993176948
6.39015116638	-7.54097825612
-5.22707582488	8.76832801714
-5.15562133422	8.6819967272
-5.06055360608	8.60238391053
-4.96845075863	8.50787052573
-4.90482998136	8.42434769182
-4.79190640663	8.25587263869
-4.69855695348	8.09100444071
-4.65101597745	8.00794918304
-4.61287873846	7.94130225209
-4.58291374609	7.85844021991
-4.53043138099	7.79553169486
-4.44965138351	7.73738433533
-4.44965047833	7.73738567212
-4.51515796214	7.634826444
-4.54919158522	7.27191766049
-4.58483771424	7.18710582401
-4.43830597561	6.95000674631
-4.34136680167	6.72751565516
-4.25501098942	6.41469688901
-4.10260195658	6.26424627407
-3.97785327144	6.07745965176
-3.82482381375	5.8471230671
-3.69606728486	5.64048289324
-3.59374888791	5.2681549272
7.77235919376	3.41802516765
7.80906790006	3.53110568342
7.80153723581	3.58955334992
7.79372458306	3.66195236514
7.84014898112	3.82948340021
7.85742957377	3.93099987185
7.86735800323	3.99095884882
7.87776805053	4.10871493208
7.94757822284	4.19505252493
7.9478323599	4.26544087677
7.94252267901	4.30077188618
7.92067446778	4.40396259379
7.87062899097	4.45109301986
7.78019293537	4.49577740779
7.766117157	4.54191654033
7.73624592054	4.64635595961
7.71599529756	4.71913687456
7.60559224773	4.7749991697
7.61129112243	4.98471408522
7.60057570772	5.1112487543
7.59847197674	5.19880061876
7.6403027214	5.2579706116
7.67862051976	5.2922487205
-8.29098216852	2.68904105272
-8.303116434	2.50799085335
-8.25396946669	2.3770020503
-8.22932624945	2.26182008844
-8.21181340305	2.19305385504
-8.16903728251	2.00146956226
-8.15152654243	1.91952660715
-8.12815241263	1.81873161801
-8.12847100146	1.74195456873
-8.08232928265	1.52603883329
-8.054464716	1.29124867594
-8.03407250114	1.06839184211
-8.0146583383	0.931894363507
-8.00868150492	0.850268364149
-7.98899353642	0.672569963682
-7.97951039577	0.503835088214
-7.99069876485	0.378668274133
-7.97649308437	0.238988070474
-7.96695237588	0.0390529785864
-7.95536681996	-0.127044457847
-7.92489488061	-0.315142111822
-7.90749347249	-0.495626727046
-7.86599700331	-0.72449910072
-7.85342866843	-0.850568613824
-7.78688715769	-0.873888757039
-7.77158088695	-0.915898294553
-7.74397634258	-1.00227600117
-7.65840422487	-1.11102341112
-7.4991582329	-1.31180780229
-7.42387362776	-1.39454130808
-7.34327592233	-1.50388606401
-7.24147148351	-1.62020327809
-7.22663655913	-1.63616398801
-7.09973960278	-1.71488657977
-6.93737332823	-1.79455552407
-6.90449882303	-1.80741095458
-6.79181698683	-1.8202456079
-6.7325052444	-1.82992270462
-6.61759376423	-1.84979601057
-6.49570068644	-1.8216791389
-6.40095646426	-1.78989168021
-6.25522787113	-1.7189505591
-6.15903899219	-1.67035560634
-6.0376070754	-1.63450501445
-5.90840212339	-1.55930034079
-5.79190792971	-1.506154138
-5.65993898218	-1.38796891145
-5.49452108543	-1.27009042073
-5.25149005446	-1.15221193273
-2.30598647417	-10.8147457078
-2.52434916477	-10.7632293955
-2.59069967919	-10.7676601739
-2.63556302377	-10.7699065691
-2.82909577073	-10.7049462124
-2.98290821295	-10.670294642
-3.1083242847	-10.6456835939
-3.19317814849	-10.6388519463
-3.36808729339	-10.635620156
-3.42913223772	-10.7022772735
-3.49926740792	-10.7007060481
-3.72827907915	-10.7139430327
-4.01472602553	-10.7560236214
-4.1188458568	-10.8154264574
-4.19089176043	-10.8419094548
-4.23887946055	-10.8905941951
-4.37643488435	-10.9549310815
-4.50582444442	-11.0031561807
-4.57369634995	-11.0319699338
-4.66256098023	-11.0759658494
-4.73455485452	-11.1218793141
-4.81115404709	-11.1826396496
-4.89184056368	-11.2780305179
-4.86516556335	-11.3357324692
-4.9321969298	-11.4178059292
-5.0129625575	-11.589683976
-5.02378183005	-11.706926052
-5.01360252208	-11.8307298411
-4.95029312554	-11.9215821797
-4.93403685145	-11.9799702962
-4.91374102145	-12.0382395588
-4.88980082974	-12.081379145
-4.87462590263	-12.1096371078
-4.82323048963	-12.2049131438
-4.80908244938	-12.3129235392
-4.73387356003	-12.3859365271
-4.68968935859	-12.4252398456
-4.61561600359	-12.4737562539
-4.53735909762	-12.5222563466
-4.39392130118	-12.5935537174
-4.27251286456	-12.6417368036
-4.13481161343	-12.6894435599
-3.95895511698	-12.762841971
4.51095944487	-9.97770706357
4.56630400038	-9.97188695747
4.61615381411	-9.96317495936
4.76073682199	-9.92681590838
4.88697363146	-9.87826939579
4.90357221637	-9.87276309665
4.95161920019	-9.86389941556
5.01197432686	-9.85763515233
5.16226597274	-9.82802890888
5.17899265724	-9.81381567694
5.26941105999	-9.73090118527
1.29762371278	-11.8248579058
1.41944375197	-11.93297805
1.52270139832	-11.8960189277
1.5724930377	-11.8761887332
1.69360026637	-11.8243298842
1.80361413974	-11.876156849
1.90706617243	-11.9109458738
1.99071334074	-11.9198228714
2.04956353052	-11.9376339581
2.13262403243	-12.0980259016
2.22817756135	-12.1735994506
2.25564771843	-12.1858728506
2.32495430701	-12.186475056
2.5354253697	-12.0741609127
2.60251690248	-12.0392448641
2.69066410974	-11.9900952831
2.77021450133	-11.9640301004
2.90521987834	-11.8742949998
1.29762371278	-11.8248579058
1.21952138349	-11.6643181408
1.2226298971	-11.4659368913
1.14349554958	-11.2724050792
1.12744566378	-11.1819650084
1.0887672663	-11.1093718785
1.06615028925	-11.0394281416
1.04269672315	-10.9705333511
1.0237321225	-10.8800848684
1.01471197255	-10.8400570728
1.00080199335	-10.7911001863
1.01372137929	-10.6858429925
1.10300327548	-10.5984191618
1.17071641688	-10.5485091731
1.28254358948	-10.4840136768
1.39412781273	-10.4217990632
1.51407816211	-10.3599545093
1.67810114788	-10.2757251444
1.84637840966	-10.2083661012
1.9253465336	-10.2072453027
2.08188935383	-10.1237061717
2.15945458389	-10.0915041983
2.25101642168	-10.0458592126
2.37419882302	-9.98339540168
2.48257055531	-9.92611007481
2.60157313519	-9.86261846957
2.64211128058	-9.81110730805
2.68314775508	-9.77158244973
2.79436580199	-9.66935985298
2.88186907187	-9.58037702338
2.98960625735	-9.45829054284
3.11632929621	-9.31133828137
3.20706799375	-9.21246212686
3.3734911531	-9.03511849163
3.42341234824	-8.98387083989
3.52950760207	-8.87843181474
3.611215031	-8.80064319466
3.67032234516	-8.75021048615
3.74180330337	-8.70068672556
3.83219801632	-8.63356649781
3.93180166213	-8.56832813141
4.03561023519	-8.51003471968
7.74017970924	-9.31324243973
7.86525065131	-9.22862490233
7.92197344979	-9.1966298509
8.04401274213	-9.12673451863
8.22947569202	-9.03819384746
8.35295323363	-8.98227513145
8.46365054076	-8.91903132277
8.49172677911	-8.90260134103
8.59153489745	-8.8407175217
8.69828451136	-8.78102485788
8.77699882603	-8.7257717191
8.81616920873	-8.70388379721
8.86674270518	-8.67063584706
8.97710114533	-8.59456317337
9.08594093323	-8.51026938754
9.16392175815	-8.42292699252
9.2326858161	-8.36595956109
9.296474637	-8.30974228894
9.3483294409	-8.25760261932
9.46316325813	-8.12081183759
9.49995501627	-8.08066428876
9.61132168291	-7.96243432615
9.68096566353	-7.93538296282
9.83936417869	-7.76411350023
9.979997587	-7.60144748893
6.18093472757	-0.795649497086
6.19234570776	-0.724060004034
6.21181025495	-0.580727449455
6.23459374744	-0.457120925063
6.27050142315	-0.292878559354
6.28370802794	-0.217909116802
6.29563253878	-0.144795254385
6.31089642132	-0.0659826498526
6.3281404534	0.0145113350076
6.28539286379	0.0651507722685
6.31043103508	0.174386835536
6.27404999906	0.296993235682
6.38070544634	0.420321855863
6.39988960218	0.621770777576
6.40761663793	0.731070820625
6.44303908829	0.890678016134
6.5293035771	0.995755566577
6.54812106123	1.1570945823
-1.67641825564	-7.234549292
-1.71197083268	-7.1237570937
-1.75672939839	-7.02475639968
-1.78628183806	-6.88669085131
-1.8613186867	-6.72717444486
-1.87935255827	-6.62608570661
-1.95875227629	-6.53806191121
-2.05943960502	-6.30710959043
-2.14601223744	-6.07178674759
-2.20588469676	-5.8675761467
-2.23578336393	-5.68597323402
-2.28503456017	-5.4879234345
-2.27093221354	-5.30200423349
-2.23423723426	-4.88991660065
-2.15315926468	-4.67188109995
-2.10842857102	-4.61358755584
-2.0803622883	-4.56369303752
-1.98495641114	-4.48395820686
-9.93124447689	-7.42405616459
-9.82890166613	-7.54378689752
-9.78364747922	-7.6210890427
-9.75381557508	-7.68349800223
-9.70955341084	-7.84469189755
-9.67608373995	-8.09498864207
-9.65883097097	-8.23690128917
-9.64497430174	-8.34656627739
-9.60110187548	-8.43853283829
-9.62392636017	-8.52835381441
-9.70501872552	-8.65190618715
-9.71830515488	-8.67726542717
-9.79093190322	-8.76810974652
-9.84838565084	-8.83107463287
-9.93975540199	-8.92097919637
-10.0975111303	-9.00172041803
-9.93120237448	-7.42405903994
-10.1110062177	-7.42556126223
-10.1669342717	-7.44739327778
-10.2816610425	-7.49715485491
-10.4876322578	-7.63216804492
-10.5369500751	-7.68217037829
-10.5902367468	-7.77746231607
-10.6145611196	-7.82769535456
-10.6362849321	-7.87855323781
-10.6707729503	-8.00255782043
-10.6334534179	-8.14387452267
-10.6106532709	-8.21035230458
-10.5505775259	-8.36646086038
-10.5711415653	-8.48983555864
-10.4823111857	-8.6718747359
-10.4376886003	-8.74511504685
-10.3740389824	-8.78580733395
-10.2771589445	-8.88202753838
-10.213156699	-8.95453334312
-10.0972771504	-9.00169135867
9.86567928524	-5.7638295365
9.79404638443	-5.95185324709
9.78689775019	-6.0208941179
9.7370544904	-6.09873858953
9.63174627034	-6.16973819578
9.54433350173	-6.27519832841
9.52229396435	-6.32320482145
9.44616293853	-6.39095779355
9.3777753462	-6.48500236241
9.30000749356	-6.57445304185
9.20280894878	-6.6692131424
9.12784234579	-6.74240910356
9.06470060277	-6.80358399729
9.00418452365	-6.88648682407
8.88422369236	-6.98829184267
8.7759884613	-7.08471448449
8.68707132639	-7.16051220001
8.58980842885	-7.24290254151
8.51663891664	-7.33265345757
8.42177505457	-7.41704866224
8.37938233395	-7.46256873045
8.29673732129	-7.53642179087
8.07865177749	-7.73476659692
8.03073933369	-7.77920846611
7.88498168777	-7.92681054185
7.75245579686	-8.05856427613
7.41775100271	-8.46777212312
7.30703526009	-8.60410129027
7.23720863351	-8.67725778092
7.12219702334	-8.85065208952
7.01431807805	-9.04636380496
6.93028397491	-9.21086549329
6.87704147707	-9.30958544021
6.74478828128	-9.53413362747
6.64272940639	-9.7071481674
6.57166548838	-9.8396292942
6.43095725474	-10.000663621
6.34770238023	-10.1269435936
6.30649025364	-10.1895267078
6.20375190872	-10.341724095
6.14165185834	-10.4294304175
6.10644801816	-10.4732262828
5.98860798652	-10.6151737617
5.85310787558	-10.751600294
5.78706611761	-10.810839205
5.5770260623	-10.9578091366
4.23252240058	-10.9411977602
4.05156908732	-11.021398315
3.87858310327	-11.1081926665
3.70582722968	-11.2438738712
3.62260685487	-11.2790733384
3.56642722001	-11.3570935785
3.49876876164	-11.4011394346
3.43640688434	-11.4667209705
3.37380558358	-11.5103008626
3.24676524937	-11.5969038613
3.15690464035	-11.6660826197
3.05512413792	-11.7566264526
2.9052190838	-11.8742833321
-7.5301494558	-2.7687909661
-7.62767179104	-2.91706675283
-7.70306994714	-3.06854805002
-7.76738106414	-3.14810686465
-7.81941024537	-3.2433652697
-7.88656503983	-3.36176663677
-7.96584027675	-3.52185292372
-8.03306447807	-3.71168636526
-8.04079142548	-3.88630998187
10.8836152138	-2.26748041139
10.977096646	-2.12970293036
11.017348309	-1.95597346229
11.0413486035	-1.82946916603
11.0682742868	-1.64969789099
11.0773207321	-1.53481412409
11.0810105032	-1.46548837432
11.0915012428	-1.39373799086
11.0567370489	-1.2969638876
11.0595646567	-1.1950200066
11.03075735	-0.990574348268
11.0120767523	-0.825059317995
11.0794733577	-0.758340778764
11.0718260827	-0.655360313819
11.0448528997	-0.53172302159
11.0160152932	-0.396500503205
10.9662832542	-0.296546624289
10.929633186	-0.182635557377
10.8930845993	-0.0833770607173
10.8525159557	0.0236008130997
10.7939202576	0.168325447545
10.7326066398	0.321239807214
10.6869180905	0.424034978318
10.6410264477	0.510482499988
10.5683256799	0.634810842135
10.4329160016	0.850272199174
10.3335282535	1.0145920305
10.2438272166	1.14494373367
10.1344613778	1.29574161092
10.0348693445	1.38542759324
9.9336560726	1.46317694523
9.84452537784	1.56447456386
9.77737124191	1.63117864741
9.7304062951	1.6756399942
9.62405719829	1.76087944563
9.51327304926	1.89039280915
9.47819747407	1.94128916649
9.44395960213	1.98446461044
9.37984710836	2.06210603482
9.23169996761	2.14460075344
9.06780469664	2.1462686377
9.016839176	2.14615806472
8.98841452403	2.14326091853
8.86556140114	2.13997592831
8.80331574109	2.14291939502
8.70000462738	2.22825268835
6.548048962	1.15710443157
6.5711812412	1.3834470345
6.5711913781	1.38343256887
6.49516960788	1.52589586629
6.42670368926	1.61795128834
6.29847508506	1.73468625322
6.26458193128	1.84196749943
6.22749703622	1.99084283233
6.20945004215	2.14891343416
6.19474594065	2.29994284384
6.17868307138	2.5433207719
6.14044605471	2.79764237661
-9.75269565503	-0.992135347602
-9.80402878209	-0.830255432295
-9.78650415751	-0.737936501978
-9.74057603691	-0.578809525993
-9.72490023161	-0.509132581531
-9.69347250834	-0.371877417103
-9.62651324656	-0.128220450366
-9.58336483483	0.00963238769276
-9.57108098085	0.15122473239
-9.56340265289	0.236460919861
-9.55285447801	0.352027252272
-9.62292858014	0.592397354336
-9.67529005187	0.710313899669
-9.72952225433	0.781482993314
-9.83260212198	0.860492542631
-10.0304830685	0.930899805748
-10.1500941228	0.950304938755
-10.1876444915	0.957501886081
-10.3299446269	0.950822536663
-10.4054023435	0.970866468673
-10.4936785638	0.96016044925
-10.6443981579	0.917043517774
-10.8469692068	0.839432257563
13.4468331373	0.8588840385
13.493885624	0.912167669972
13.5216115999	0.944855280629
13.5224094029	0.990242371582
13.6252207816	1.04770672288
13.8580843592	1.20215893406
14.0712395058	1.2835403919
14.1729591807	1.43431040617
-12.9875626362	5.33179527404
-13.0741002127	5.11988371717
-13.125554615	4.92922993544
-13.1452107102	4.83530769273
-13.1536774913	4.78507216197
-13.1606683113	4.74691951378
-13.1837707192	4.64222814139
-13.1996008952	4.56877606081
-13.2120460121	4.4755174415
-13.2231179252	4.38415675352
-13.2292366745	4.31476505355
-13.2263399855	4.17826273213
-13.172352013	3.99340609835
-13.1790815851	3.94806950046
-13.1676021944	3.90579185548
-13.1376088543	3.820693862
-13.1085024931	3.7706423583
-13.0804278058	3.6999176034
-13.0186338328	3.61060359002
-12.9930388845	3.49931784874
-12.9073820961	3.37255951436
-12.8661596682	3.31999532259
-12.8335675816	3.2922140338
-12.7789688909	3.23817519185
-12.7051071515	3.16075991335
-12.5655783675	3.07517245371
-12.458227076	3.02284191183
-12.3865201753	2.99516721964
-12.2513607709	2.95225241594
-12.1444030718	2.93617602167
-12.0289174837	2.90382669633
-11.936571069	2.87991923956
-11.7762201498	2.87078758594
-11.6936011326	2.88644853381
-11.5708505249	2.84999296142
-11.4681593919	2.83760769031
-11.3828005869	2.82630765744
-11.3057937836	2.81765094405
-11.1927296007	2.78959426113
-11.0856102314	2.76420051301
-10.9338500016	2.69628983425
-10.8063295465	2.6155831966
-10.7290117318	2.50844169927
13.4475107785	0.858245937637
13.462019775	0.73895714306
13.4808028469	0.683990369367
13.5047341238	0.60750518079
13.5928349298	0.469140208629
13.6945955902	0.278701011789
13.7366620788	0.177821102016
13.8144378298	0.0466722052161
13.8832200533	-0.10241523553
-11.4694252727	5.66368158696
-11.6142106302	5.52451049104
-11.6654263506	5.36533247258
-11.730483812	5.2846576716
-11.7609975257	5.20957259548
-11.8175369632	5.05494942486
-11.8455433289	4.96333857935
-11.8723744981	4.89740638208
-11.9060729705	4.80916062535
-11.925801102	4.70778980442
-11.9550324912	4.57653494572
-10.846962513	0.839437593621
-10.9598663308	0.681967193423
-11.0511105469	0.53994352888
-11.0803237392	0.502458343642
-11.1295548049	0.418592069859
-11.2428977814	0.284912869445
-11.3606750495	0.14045672186
-11.4387744296	0.0575452773417
-11.5168566414	-0.0270815611317
-11.6247299632	-0.129778061344
-11.7096260943	-0.252053000889
-11.7450596373	-0.303731533526
-11.832874147	-0.432882794094
-11.9382106375	-0.745487990785
-11.9502098987	-0.800928527089
-12.0039798208	-0.889920539811
-12.0801221797	-1.01222271238
-12.1307261437	-1.15711839801
-12.194610254	-1.3068548529
-12.2246987295	-1.44544340001
7.6769193882	5.2930424524
7.75920586648	5.35346529198
7.86151035824	5.43837049898
7.91603777028	5.48730074007
7.97117028892	5.52380154366
8.01950777835	5.54114581397
8.13477877091	5.62283450656
8.21782321357	5.65770703068
8.28926356423	5.68868239909
8.42415737138	5.7387771278
8.51845578609	5.77867404708
8.61177481915	5.79049431026
8.67779868229	5.78040893984
8.76545584724	5.76355567518
8.83164574706	5.74473931884
8.93771351511	5.70905647584
8.97917949273	5.68896307615
9.08774718462	5.62102036633
9.15138507632	5.5626393887
9.21936318387	5.52215188847
9.28737024373	5.50009902468
9.36742445747	5.46136428927
9.45499915004	5.40835310717
9.54861502923	5.28554620353
9.53849522719	5.18935079639
9.64112922624	5.0700219805
9.74749798288	4.93375422246
9.81708731274	4.83842883796
9.89432625897	4.73042540654
9.97735750064	4.61292139351
10.0570979265	4.49265741565
10.0707659636	4.44609255216
10.1379015913	4.35527798011
10.2118563036	4.2312354491
10.3410962333	4.08502168704
10.4171538086	3.95682344062
10.5102634489	3.79821484095
10.635196629	3.57896790602
10.6799864372	3.4481818603
10.7475892783	3.33223659613
10.801991519	3.23776254498
10.8685137273	3.11089341488
10.9073859919	3.06778822901
11.0264906694	2.84201171129
11.0952658737	2.74273472142
11.1399932237	2.61503581279
11.2648341923	2.435065882
11.3206487097	2.32506472113
11.3898384491	2.20234101286
11.4251462899	2.12688207621
11.4771000122	2.03106650735
11.5347235731	1.91607116972
11.6105292277	1.776661686
11.6511908311	1.70244442681
11.7735796574	1.53468658791
11.7969439613	1.42558994709
11.860078734	1.33510297396
11.9218081637	1.2434316579
11.9654072024	1.17492632153
12.0348105687	1.06705272809
12.1049977048	0.986610878792
12.1015197836	0.901728077253
12.1502112734	0.817273279841
12.1929334484	0.744906735951
12.235242488	0.678044687133
12.3228917589	0.483206980794
12.3844343422	0.315458042372
12.4700757544	0.140314648969
-10.7290191929	2.50842052196
-10.5698081767	2.47829928553
-10.4996975288	2.45467875397
-10.4360011272	2.43631906029
-10.3316705471	2.43694214107
-10.270790517	2.42535762261
-10.1821584254	2.41148458985
-10.0966729078	2.4400925381
-9.98472200039	2.50826900421
-9.79655723572	2.48421039344
-9.6410233812	2.42179517197
-9.51699213066	2.44630153003
-9.38510766643	2.50301967849
-9.21738285073	2.49773819301
-9.08782531165	2.51151348802
-9.01165060785	2.51850587513
-8.946790126	2.52463672997
-8.75313976023	2.56122477378
-8.6051423324	2.5878377304
-8.5193657285	2.59315954047
-8.3793204748	2.61618375935
-8.29089415138	2.68880727431
4.4637563785	6.42459132828
4.50514259554	6.57657904378
4.47749908399	6.72629379081
4.4580226958	6.86257952013
4.40928543547	6.98514993186
4.34670154844	7.1311514809
4.37609226555	7.18711551302
4.40122683981	7.20148714316
4.38988311482	7.42077127761
4.46362980951	6.42456091372
4.29184043879	6.49058696126
4.16045501271	6.55082325308
3.95230576506	6.69230816162
3.87113898916	6.77289630855
3.85830249032	6.80660530699
3.80444127448	6.92113747141
3.73248802462	7.02605269552
3.72021636233	7.19648535076
6.73339805168	10.7774256501
6.84418118633	10.8249992888
6.9124594309	10.8206991876
6.96662326762	10.816397157
7.00733236646	10.7977000205
7.11021738954	10.7318817854
7.16405611248	10.6962615948
7.17661288085	10.6873014588
7.32224717928	10.6057427398
7.54910422214	10.4463565174
7.68685330664	10.3363278126
4.38988311482	7.42077127761
4.30304381995	7.43072696664
4.2275684403	7.38733478788
3.96306398445	7.34770165511
3.95673913214	7.34570449306
3.8296896541	7.30809004408
3.72024844095	7.19650986221
-4.35856649607	10.2734638709
-4.33379867397	10.4363139461
-4.33514533204	10.5400440951
-4.371003673	10.5905645443
-4.39002851825	10.6386301127
-4.46533472032	10.752130687
-4.52992572509	10.9254934331
-4.54198714063	10.977578583
-4.54734984778	11.0261463718
-4.5602554724	11.1710499193
-4.58647108501	11.3065590385
-4.57375374596	11.3914344801
-4.53339526077	11.5256776138
-4.42837104843	11.6811236345
-4.3795470611	11.7416124785
-4.31021472702	11.8314173706
-4.2432281108	11.917176574
-4.20695677099	11.963669815
-4.10140826448	12.0894659976
-4.0320336779	12.1644367116
-3.86487031243	12.2826733031
-3.82112604776	12.3529948558
-3.74146121337	12.3689974878
-3.61363860953	12.5020339881
-3.46926468211	12.6455700587
-3.32707902468	12.7674080007
-3.1708083914	12.862482732
-3.05727985316	12.9164992934
-2.89916558891	12.8305846168
-4.35854829651	10.2734632356
-4.473532643	10.0844354131
-4.58067034153	9.98360591996
-4.58079142542	9.8511185067
-4.63215378642	9.73626234403
-4.72362414981	9.63061872187
-4.83190837332	9.34806277419
-4.91571154294	9.17651386636
-5.05903962846	8.92907065611
-5.10679099524	8.87467142164
-5.22709223797	8.76834511666
3.34554574519	12.76939633
3.30947993117	12.9304978257
3.30473777621	12.9534152587
3.26440708649	13.0450706768
3.21856874424	13.0902022561
3.09772880136	13.265617149
3.01285128361	13.3277640978
2.90801792567	13.3449010814
2.81247052681	13.4442879596
2.65317347049	13.5328365928
2.54844338259	13.587946905
2.43660094763	13.6621562635
2.24068405175	13.7492335475
2.15798708263	13.7797425831
1.96636790349	13.8056775376
3.34681591899	12.7719212109
3.25519362046	12.7147287701
3.18454860751	12.6896877228
3.12774964307	12.6757102432
2.99906441414	12.6799452352
2.83265628234	12.6662941015
2.75779280593	12.6632327716
2.7144226229	12.6599313451
2.62754343327	12.6737195383
2.53875809894	12.6998895518
2.42967441869	12.7404599097
2.3618483531	12.7450522313
2.15914673958	12.7453395519
1.96404983968	12.7531549683
1.86075964702	12.7627843784
1.65963081641	12.7918891586
1.46837961011	12.8607452573
1.39356522166	12.9227855411
-1.71270758593	10.8750834158
-1.58361598575	11.0067027714
-1.50889357752	11.0561467596
-6.83387434641	-9.22104608353
-6.96131624597	-9.08826686304
-7.04360868947	-8.91426299603
-7.16382027435	-8.79907303824
-7.20102872784	-8.72526025267
-7.23765780543	-8.59958188395
-7.27035493069	-8.47484309867
-7.27419446821	-8.42310004772
-7.29547846206	-8.1969877923
-7.30745539712	-7.938075361
-7.29434201014	-7.76806616004
-7.2754452042	-7.58227879832
-7.27725460471	-7.46890658379
-7.23931743745	-7.36234345459
-7.20764836906	-7.27880852599
-7.16302223252	-7.15291465744
-7.13863670034	-7.08143247901
-7.09466204352	-6.9866097722
-7.02772453626	-6.8479426347
-6.95952347834	-6.72915495327
-6.89737912312	-6.63312032476
-6.79192553895	-6.57433335629
0.689215682909	-6.59647257626
0.794089531573	-6.68584042584
0.833983618432	-6.73151566922
0.888447927348	-6.74744622429
1.04521170217	-6.79917950424
1.12943911959	-6.78991765309
1.31505784078	-6.79307391993
1.57784215389	-6.76653133082
1.62334228211	-6.77180309419
1.72659273334	-6.78916442441
1.86295326895	-6.85752192187
2.02927457988	-6.90369931834
2.12264182029	-6.93735481228
2.13142102013	-6.94153337206
2.23407986262	-6.99393901348
2.33383785793	-7.11978157473
2.37035855568	-7.23289141504
2.37723144577	-7.34026226414
2.36251058141	-7.41554148814
2.31022168691	-7.54821493164
2.28158435011	-7.61033863554
2.24449433507	-7.67260387288
2.18765650711	-7.73555065224
2.11656947567	-7.8218658313
2.01424530236	-7.9355679383
1.90668080589	-7.99595314457
1.74089618256	-8.08186327798
1.64080284728	-8.17387741806
1.54580208099	-8.22062741132
1.45812609734	-8.27158398661
1.30417640391	-8.32849579625
1.20175960592	-8.37541000871
1.1351086152	-8.45923546974
0.986235723741	-8.57537817493
0.855644140511	-8.73678172326
2.27248378429	10.3740249839
2.05866864547	10.4509168092
1.87758077262	10.4779597652
1.79285978513	10.4906083978
1.72209247918	10.5226248201
1.6569614827	10.520314526
1.58652230325	10.5421939445
1.47667811971	10.5121544908
1.40416951875	10.4896769022
1.24299806006	10.4132412511
1.16130715866	10.3829959712
1.03889041112	10.3252230117
0.916550414469	10.2466880464
0.707080545188	10.1541647547
0.554228575436	10.0476964096
0.481931355566	9.99713688792
0.351696314001	9.87661707822
0.22751401678	9.76910392752
0.10606074733	9.64198291046
0.0340191545436	9.56545546248
-0.0806728099782	9.46832277422
-0.220619497871	9.31635674805
-0.333540787181	9.19718240041
-0.457856907341	9.09772312753
-0.640719796006	8.92481281208
-0.735083121129	8.8438862279
-0.861470982115	8.74018090503
-1.09444763555	8.58368641303
-1.19815587655	8.5067740268
-1.33705695373	8.38112326364
-1.50672745432	8.24805440377
-1.66891493925	8.09316143764
-1.80338438982	7.95408508159
-1.92992798455	7.79242680474
-2.14835729427	7.54466918037
-2.28599039601	7.38201515745
-2.43719573374	7.19764621411
-2.46114829596	7.16590003723
-2.50623154942	7.07305270695
-2.62799357393	6.90506330704
-2.73834291848	6.73830057042
-2.77394194301	6.68729014938
-4.60758809311	6.14435308807
-4.78348789728	5.97180280345
-4.88401224081	5.83986771193
-4.93613102598	5.732861108
-5.02806751894	5.51141397877
-5.10931911556	5.33290923412
-5.14207772541	5.22402780279
-5.16353041185	5.16123959851
-5.18686750728	5.08673464793
-5.20474935122	5.0162618343
-5.21808427638	4.97002226487
-5.24343309018	4.85503210676
-5.26141147604	4.76448237296
-5.27927842473	4.66057147442
-5.3209083169	4.54198949386
-5.34069801826	4.43573103928
-5.35868956921	4.34003736391
-5.37945344246	4.23318270643
-5.39262967019	4.15432847105
-5.40825707173	4.0547583655
-5.42415645319	3.92751034237
-3.33634499649	1.8749030978
-3.23128245118	1.47895918911
-3.18280327642	1.30390303972
-3.12698086667	1.08090131735
-3.11874848576	1.04293086329
-3.07628550777	0.865700643993
-3.01425266687	0.689198878271
-2.92702119192	0.276023225601
-2.8430159094	-0.0712777689908
-2.74996588471	-0.447037357051
-2.67339594847	-0.745609750837
-2.60998933802	-0.993736398563
-2.60199813149	-1.03592622991
-2.59598872215	-1.11001800615
-2.54279099191	-1.31831437172
-2.42835488981	-1.78203110193
-2.37216357107	-2.03720195312
-2.33070438775	-2.22079128963
-2.30004953349	-2.38685086777
-2.25553407298	-2.68456718878
-2.21856795891	-2.95686822037
-2.18155268324	-3.28011130978
-2.14514702998	-3.50390687617
-2.14098535127	-3.52931804571
-2.11233213018	-3.79389375682
-2.1032131249	-3.82491361356
-2.07072809808	-4.04845959922
-2.05732859526	-4.13571981374
-2.01919748017	-4.25544399036
-1.99935019784	-4.36898521677
-1.98470331685	-4.48444300576
6.39020064814	-7.54099089726
6.54395233952	-7.39999278923
6.62819695808	-7.34598822061
6.70165704426	-7.29535199312
6.76189129286	-7.24703389338
6.86956083665	-7.16105056921
6.99427325065	-7.05594260679
7.10030315422	-6.96478199832
7.16722649745	-6.89566865226
7.31301248502	-6.7539908972
7.36518574764	-6.67730374166
7.50493682248	-6.54793106901
7.65614109336	-6.36935029243
7.72889101167	-6.25604391905
7.76968948806	-6.16835486199
7.87908597113	-5.96166907669
7.95569777062	-5.80400753952
7.98109993482	-5.71034805209
7.98764371854	-5.66517888942
8.00140267261	-5.58198759089
8.00884898524	-5.45531519999
7.96104217975	-5.23730151291
7.9617075916	-5.14180260645
7.95224556518	-5.03557386818
7.94025683541	-4.91230008471
7.94287271516	-4.84515965139
7.90543702013	-4.77971130356
7.90588765161	-4.70120399634
7.91112642783	-4.61154456506
7.91860390901	-4.53116242312
7.9093234472	-4.46680269861
7.91113116688	-4.39530686875
7.92766730563	-4.2544472457
7.99962472348	-4.11103350544
8.04643813943	-4.04099634538
8.07569242782	-3.9583147516
8.13117590172	-3.85226892134
8.18811180439	-3.75940607611
8.25918429469	-3.61884398494
8.25723760761	-3.46621911266
-6.79192553686	-6.57433338106
-6.92024476378	-6.34474860824
-6.97717971543	-6.15761508894
-7.03054472839	-5.97059761078
-7.09035321137	-5.867650342
-7.17626309244	-5.53672789616
-7.28657499811	-5.23542225377
-7.37236038977	-5.08637770093
-7.41578494666	-4.97660143689
-7.46672641885	-4.86049728564
-7.5627477935	-4.64396473619
-7.60500318264	-4.56571559217
-7.70346816221	-4.41731842873
-7.76946423181	-4.31298812732
-7.81055821435	-4.23498450941
-7.88532668044	-4.15721397528
-7.95933174391	-4.04175671608
-8.04079137462	-3.8863099814
7.81262856119	9.55473745059
7.77088204303	9.64076516612
7.77991331226	9.66381438113
7.79913400573	9.73320280806
7.81216010635	9.82576840494
7.78081585458	10.0035072984
7.74730620077	10.0896267936
7.68686859971	10.3363324328
-3.59267896701	5.26811576639
-3.58361941289	4.88891156696
-3.64429035904	4.69376283021
-3.66436228382	4.60343219882
-3.70816379802	4.47241014531
-3.70350194355	4.32745288317
-3.7675526769	4.09155925297
-3.82533569166	3.94112209995
-3.87388159035	3.83426966241
-3.99776807846	3.65646074537
-4.16990954506	3.49820597212
-4.96525377702	3.19421212322
-4.99266762215	3.00363527929
-5.01805036789	2.82210073914
-5.0207660376	2.68602885653
-5.03219553559	2.60227452246
-4.98504101793	2.51441256567
-5.00034199297	2.37683270622
-4.71950897672	-4.8834395781
-4.6557698983	-4.67489101705
-4.60404445706	-4.54091272268
-4.59618357399	-4.49278146868
-4.56673722845	-4.43474229942
-4.55057620492	-4.37244511207
-4.52475628883	-4.26152694892
-4.49710155982	-4.1375371188
-4.48914052354	-3.94920719907
-4.47945815955	-3.79309552706
-4.47588756606	-3.70638684921
-4.47235837848	-3.58267373599
-4.46281553122	-3.4597278123
-4.41232384051	-3.30715580607
-4.4223755062	-3.15186259113
-4.40385588131	-2.91809046629
-4.14913941379	5.17643520016
-4.18467142453	5.31168014362
-4.15748554497	5.56916836956
-4.07896649768	5.79496318428
-3.91822610498	5.97877894913
-3.78416757592	6.21501590463
-3.73318933677	6.30131835257
-3.67109259672	6.44051959108
-3.63548122473	6.50993183981
-3.59404743255	6.74278435441
-3.59701092875	6.99592536919
-3.61280191262	7.2103104833
-3.63162635243	7.32556614216
-3.67693121345	7.50259679603
-3.73083720919	7.76890286503
-3.86470565595	7.92024516386
-2.45596782126	-9.87460024298
-2.37291027833	-10.1131371275
-2.39448100036	-10.1722503486
-2.40381737687	-10.1941076805
-2.4101265107	-10.2577058769
-2.37509919852	-10.5474115205
-2.30600991033	-10.8147520106
12.4700686997	0.140315410952
12.4666070651	-0.00244750101157
12.4807036011	-0.169481844392
12.4939718464	-0.294618962321
12.5154978119	-0.481997814276
12.5279872232	-0.602091943246
12.5479247643	-0.898943208464
12.4734610151	-0.950591767467
12.4543184184	-1.03538867277
12.3927177875	-1.14323383617
12.3788438418	-1.2077492097
12.3042041115	-1.48138086267
12.2883602247	-1.52205137914
8.53311075759	-2.25076473487
8.34764938538	-2.33338387906
8.27231218162	-2.38497312227
8.18916848428	-2.44062816053
7.95384206467	-2.54736122453
7.79164196321	-2.61710750088
7.65307431776	-2.67305036553
7.57728345857	-2.70201494746
7.45949057365	-2.74336391664
7.24957544658	-2.7956371502
-12.8452842752	-4.94056110698
-12.8127678184	-4.8555130943
-12.7652058752	-4.70287196968
-12.7452466934	-4.66741571307
-12.7168630251	-4.52639551737
-12.7041207743	-4.44729338169
-12.6995097669	-4.41095842985
-12.6898016903	-4.31954707297
-12.6839192813	-4.23445577365
-12.6789729099	-4.1532496928
-12.6763962803	-3.98666035908
-12.676697425	-3.77703716419
-12.6763136092	-3.71566062339
-12.6761997824	-3.65890636578
-12.6749409015	-3.59743355141
-12.6736374751	-3.49740188318
-12.6690266038	-3.39675860483
-12.6646984341	-3.30128205068
-12.6611574563	-3.22399341545
-12.6483860061	-3.09571824678
-12.6346179955	-2.92062767162
-12.6255605302	-2.83990946064
-12.6323887799	-2.77227575458
-12.6259456445	-2.66438450762
-12.6144266583	-2.57698672232
-12.5868640287	-2.43502173126
-12.5635250181	-2.25792434191
-12.5320362711	-2.13337083137
-12.5122691424	-2.04299850744
-12.4797724897	-1.94118620598
-12.4676811781	-1.81002005019
-12.4358731927	-1.72579625454
-12.3915515396	-1.64125845517
-12.3515375633	-1.57629757102
-12.3088110082	-1.52538170545
-12.2246800483	-1.44543319038
8.70000434469	2.22825800346
8.60415037608	2.40119789772
8.59516130073	2.54573716781
8.59357844332	2.67215012006
8.53120901423	2.8012835011
8.40589823718	2.89438044874
8.35321576717	2.99089410399
8.29377386927	3.07865814047
8.20887426157	3.14369419814
8.11712154336	3.1907547684
8.04853840858	3.23646677116
7.92195599947	3.32114810631
7.79074555858	3.40395267621
7.77749334004	3.40992458302
-3.86471305871	7.92022838632
-3.76552048913	8.05194236856
-3.59783754532	8.14236155944
-3.53331216475	8.19613611903
-3.48699519677	8.23742854005
-3.40579103313	8.30083876169
-3.33707294546	8.3562470547
-3.15027640123	8.48494040945
-3.07049742446	8.62768560245
-2.98478621436	8.69454990398
-2.88692301629	8.78102487776
-2.73370802432	8.85719916761
-2.62831656336	8.97439124903
-2.46742041672	9.15981146733
-2.37143841077	9.25812458721
-2.24207280762	9.38125132256
-5.22711112812	8.76838799863
-5.39337145802	8.71342152351
-5.4167634668	8.70945805516
-5.63941137282	8.57547829881
-5.77845362203	8.46180983275
-5.86697138499	8.41506240022
-6.02881108825	8.25081237927
-6.1596670068	8.09926593992
-6.26344346609	7.97883358913
-6.43263092429	7.83559689983
-6.59467897439	7.60628686309
-6.62129542034	7.56661430405
-6.74058709627	7.39052351178
-6.89371848779	7.14475354875
-6.98568323004	6.99329948885
-7.11736053767	6.75544560422
-7.17924477663	6.6492080031
-7.31058304542	6.37775903741
-7.35778791776	6.25139694186
-7.414795754	6.13013294787
-7.4666109605	5.99710453045
-7.55270778931	5.74711222684
-7.64603529515	5.43335708379
-7.69875231111	5.13902948296
-7.74882936675	4.8800196322
-7.79575387641	4.66650906203
-7.81681842503	4.55383053985
-7.83889827534	4.42934207825
-7.86181731454	4.29444647488
-7.87236365397	4.15654332609
-7.89031489825	4.04239356164
-7.93503008273	3.87204576196
-7.99937162755	3.61605835427
-8.02642835978	3.49404446588
-8.04783031462	3.31153089676
-8.12807796857	3.04228581065
-8.19002323459	2.81742258803
-8.23892825958	2.74777122437
-8.29097308732	2.68896439145
