2534 0 0
3.42462262897	16.6631108692
3.67138950298	16.6205748318
3.89935670592	16.5169292213
4.05132737752	16.4585174208
4.23998972612	16.3104629734
4.50376012935	16.1763860609
4.59687414029	16.1281342894
4.73297807907	16.0475211023
4.90130014831	15.9498790496
5.1175379593	15.8080510529
5.28293942661	15.6934105075
5.40569597008	15.6086858791
5.64236905807	15.4327297247
5.88432448448	15.2608719391
6.05101089163	15.1421554642
6.15411686476	15.0539037041
6.27549468412	14.9512272418
6.45933615789	14.8001807865
6.55902703215	14.7193914846
6.69779047356	14.5703065415
6.82568056975	14.4542780761
7.02228574881	14.264817125
7.09945566982	14.1582178381
7.23895979749	14.0073489341
7.45105817346	13.7734605277
7.5470120781	13.6510286678
7.66507964951	13.4876090872
7.75455667706	13.3623663785
7.86980855516	13.2046865425
8.00411754483	13.0214306525
8.15475284745	12.7986952981
8.33648391725	12.5129667063
8.39586460187	12.4378814851
8.56555640508	12.1464047886
8.63199196146	12.0282885432
8.72477125004	11.8583282836
10.5066546202	9.10895503709
10.787339785	8.63529000383
10.8561817123	8.48823154995
10.9511512378	8.35572116465
11.0955810441	8.11019092944
11.2825100132	7.77886433532
11.338697809	7.67885397837
11.4308931922	7.50714415948
11.5670819049	7.23629928607
11.7120551569	7.06237528334
11.7698020605	6.95533154078
11.8563960796	6.81973287713
11.9341348778	6.68352164483
12.0113485808	6.46185295082
11.9632618573	6.25013945881
3.82805400226	13.4304309641
3.70198839779	13.2736546572
3.68774175383	13.1421109962
3.62872847315	12.8887863486
3.53834573688	12.5576961708
3.52083730948	12.4504808085
3.518333389	12.257873369
3.49246339355	12.1364484894
3.45790792438	12.0111751767
3.4207315425	11.9403448697
3.40347023408	11.8134756064
3.39462756233	11.718571656
3.42534565013	11.5956415885
3.48542952493	11.3943794349
3.47532005229	11.2107573773
3.40911287363	11.1002612418
3.32192228116	10.9633493452
3.24278494439	10.8548037704
3.22994511871	10.6922737669
3.22292817342	10.5396739583
3.24774724204	10.3668170999
3.25144293099	10.2089727667
3.2708903469	10.0481663157
3.18278527103	9.84521396137
6.12040323198	11.6204940968
6.31247768624	11.5242542674
6.45346019958	11.3985379039
6.53611227926	11.3185667584
6.66580395856	11.1833139017
6.74746886331	11.0812220173
6.79400925028	11.0047770567
6.84916340456	10.9281530747
6.94279134835	10.815731696
6.99181857843	10.7005738627
7.05330215123	10.5909544057
7.10355376107	10.489282075
7.19151178706	10.3921649977
7.2795907354	10.1755809244
7.34639091751	10.0195767895
7.40592520707	9.86962822515
7.47648509257	9.64888407649
7.59591519747	9.33218688931
7.66119537689	9.15485144072
7.74182003964	8.90160422386
7.76492384711	8.84388013103
7.84256751404	8.61677965093
7.95738779153	8.40901438753
8.03860939444	8.22861519448
8.0831294517	8.04177635601
8.10979820369	7.83024567869
3.18277635425	9.84527204328
2.96240798912	9.82262305905
2.82078296273	9.78607014276
2.59794927488	9.80580314679
2.45648477425	9.81967500864
2.34473903739	9.84363873568
2.15316472629	9.90582775714
1.92813576321	9.98902611416
1.84478163095	10.0245385984
1.72951852689	10.06429762
1.58986884654	10.0830069372
1.35683421977	10.1776994748
1.22369987921	10.2393109253
1.14204250591	10.2677722118
0.931550162922	10.3675262036
0.853349203071	10.3983990804
0.566813065215	10.5397514214
0.349705248467	10.6196793709
0.137947780034	10.6968132451
-0.0409110196748	10.7608955038
-0.275564654762	10.845530987
-0.395894503063	10.8900198029
-0.527149735853	10.9364599088
-0.654813851609	11.0226770445
-0.794005068663	11.0843994769
-1.01713575107	11.2117206478
-1.09500321555	11.2594632581
-1.21969943616	11.3573287265
-1.3146714206	11.4614633771
-1.43215194658	11.5863413159
-1.54259538186	11.7294803261
-1.69779377316	11.9213326958
-1.86682170358	12.1191535733
-1.94700738872	12.2471550446
-2.04472634421	12.4004053509
-2.09368519848	12.4810497846
-2.19269305033	12.6501715466
-2.26977823001	12.7868295242
-2.31686557629	12.8735248699
-2.37321332466	13.0006770261
-2.48507819101	13.2354833823
-2.5357989505	13.3325673233
-2.5882349329	13.4452825306
-2.61237434778	13.5988108514
-2.70768807244	13.7145704431
-2.80210997096	13.8643820993
-2.87613248347	14.0164592197
-2.8713556689	14.1501699729
-2.95681671587	14.2728455048
-6.52093843062	13.7870656853
-6.46606710657	13.6381224588
-6.3130667027	13.4357105112
-6.17921573055	13.2668188564
-6.05419084262	13.0844137975
-5.91731065697	12.9817508573
-5.87701837583	12.926748254
-5.765800894	12.8026749798
-5.55440218281	12.5784409775
-5.46575473304	12.4968692133
-5.36422211004	12.4025449749
-5.14446041225	12.2017064377
-4.99383945398	12.0792652396
-4.88031596313	11.9937497399
-4.68648861553	11.8362347237
-4.39402993324	11.681997958
-4.25003342617	11.6225007438
-4.15139471949	11.5810758181
-3.96653020587	11.4917910121
-3.76422539406	11.3795661643
-3.58585413093	11.3109290571
-3.45060702932	11.2578730532
-3.33634521151	11.2138354478
-3.07264884156	11.0947546735
-2.9816567863	11.0471146612
-2.76491466169	10.88394669
-2.62621787549	10.7537747525
-2.53562189295	10.6622726754
-2.42706862829	10.4826714279
-2.32209672819	10.1416625857
-2.28717247895	10.0103602687
-2.27682549396	9.91742613694
-2.3042011572	9.77645414637
-2.37983934119	9.59093567764
-2.43689684237	9.50524015156
-2.62837872025	9.15723497766
-2.67587663743	8.98668911638
-2.74777570489	8.84682954672
-3.00937721768	8.85627018066
2.29547146312	7.44424087085
2.52223330724	7.62585215871
2.66140494388	7.74793745056
2.74963354089	7.86460875146
2.88334147634	8.00719046491
2.97454931153	8.31326994938
-3.00957263612	8.85667843062
-3.30458799557	9.05077794169
-3.44146500567	9.13977050874
-3.67806056275	9.21467334469
-3.7933918036	9.30351955928
-3.86813806748	9.36221282454
-3.99641145611	9.44623410586
-4.09556546819	9.55821935232
-4.40836699752	9.76014107259
-4.68582171723	9.94517362603
-4.92744651971	10.1122627525
-5.22065373213	10.1756754732
-5.55386020125	10.3098823321
-5.69963611162	10.3711666637
-5.77153895426	10.3817003427
-5.87255183238	10.4345885239
-5.9768986961	10.4333722884
-6.11336678538	10.4615687141
-6.28932984952	10.4339047911
-6.51156395848	10.2859109964
2.42435272514	6.9025029471
2.64874818784	6.8042695032
2.72371538779	6.77599894337
2.88497642988	6.69206176825
3.01415429464	6.62977755275
3.13507212543	6.54691798896
3.23394863651	6.4913132008
3.52740361122	6.34471705438
3.83313926265	6.15377717443
4.04277361938	6.04393615699
4.28313431401	5.94298956522
4.49010622876	5.85894541912
4.70138581412	5.78019641914
4.83984633005	5.72748226088
4.98458598486	5.67901414653
5.16554328758	5.64334949731
5.25477119582	5.62633232984
5.3501110666	5.62565980155
5.58054674159	5.61562707303
5.84091943452	5.65450738103
6.05389288629	5.67448218375
6.23807955476	5.76775043883
6.33979663663	5.83638124335
6.46250331813	5.92747198771
6.58215192266	6.03686014071
6.64970695456	6.10009855645
6.69260896493	6.14719680596
6.79994987049	6.27160594326
6.92938534083	6.44108917647
7.05843902887	6.5847205951
7.11333124745	6.65980320216
7.21139824388	6.84510996576
7.36788290757	6.93719743416
7.47934767745	7.11443313598
7.55786128405	7.24999495073
7.70000829264	7.43379567576
7.83590225926	7.53212493486
7.95614297416	7.66442112574
8.10976962856	7.83026965469
2.62509039923	3.25560869021
2.61908291974	2.99792858652
2.60074542363	2.84183656281
2.58174484417	2.58963678
-6.95091283579	5.13638731042
-6.80695763281	5.02121330008
-6.76730104031	4.92890297959
-6.61960136471	4.74115509956
-6.55697923164	4.66226574998
-6.38167658326	4.43417240321
-6.239889937	4.25333382108
-6.0770832161	4.12157574529
-6.01955792875	4.00458001231
-5.87954238621	3.83425150975
-5.80064664459	3.71872588186
-5.67083814925	3.55635637482
-5.59507169052	3.49661521216
-5.51365255883	3.38529440184
-5.45972147498	3.25473097942
-5.40516855134	3.15673090914
-5.36933874027	3.0519932836
-5.31309019915	2.7967647035
-5.2397116648	2.60230933046
-5.23667404259	2.37313101654
-5.26660993631	2.26858428867
-5.32209414995	2.07901995285
-5.35873577707	1.9000403902
-5.46415866401	1.73441536025
-5.56566372114	1.59834009088
-5.64573066324	1.5070005503
-5.72291910155	1.39696374507
-5.85276884268	1.17248294774
-6.00952186675	1.03536221938
-6.1201570519	0.908869978038
-6.29237657929	0.766705349197
-6.37425910341	0.692883476428
-6.44908621824	0.614746528111
-6.52542438236	0.545036701694
-6.57544261033	0.48856636928
-6.93524221711	0.417473305749
-2.88995108753	4.20430269778
-2.52614404573	4.30919711079
-2.40812287975	4.29990542893
-2.3095193281	4.32039725416
-2.14864102524	4.30642082689
-2.00630231507	4.32427943795
-1.82290223426	4.33775519038
-1.58457284963	4.34326247876
-1.46155706714	4.33892362612
-1.32848775066	4.35219548187
-1.15796688999	4.34134862916
-0.949010822978	4.33548677205
-0.837727492873	4.34719305993
-0.692526874712	4.3526433616
-0.502156789552	4.38149760458
-0.369922653278	4.41267396381
-0.1393390007	4.42777192716
0.0242365320081	4.45019679838
0.323919246068	4.53243021605
0.542802215346	4.58860508987
0.814616183171	4.66655235617
0.996515700107	4.72677146937
1.16571002471	4.91121918334
1.28103785408	5.01266819855
1.35819969816	5.10114302161
1.39235441545	5.13088784979
1.57616754593	5.3410164544
1.67918699352	5.46015867464
1.80285225019	5.6527039444
1.89577855825	5.79881478002
1.93723475691	6.11471153653
1.9699787353	6.26321716383
1.99599822995	6.36139006129
2.09250107081	6.54641735683
2.22215965398	6.70381494317
2.41522046375	6.90154160517
-8.5648704012	4.05971318595
-8.45742079864	3.94980296215
-8.20083198422	3.7448843213
-8.12972051715	3.73205053634
18.1633271708	1.70703939795
18.1648191855	1.70712576317
18.1646864164	1.70706063764
15.5134211396	-0.517108491375
15.5295022997	-0.850530399357
15.5376133931	-1.10722262225
15.5066878169	-1.35479645933
15.4893232011	-1.59566934335
15.4842331075	-1.77216429736
15.4841341497	-1.96798822042
15.4848976582	-2.35734671592
15.4784803029	-2.68641975962
15.4782364043	-2.89088018055
15.4719305371	-3.05075971575
15.5063398662	-3.26109015794
15.5086333121	-3.5142015421
15.5025192301	-3.6813509915
15.4309915948	-3.85939216982
15.4064409588	-3.88403024588
15.3925768851	-4.23777244517
5.35577142949	-6.25937124093
5.37730729468	-6.31901811335
5.40062096741	-6.39892896723
5.41689983553	-6.46896718819
5.44404808716	-6.55764476672
5.4796781993	-6.64423801383
5.50550746364	-6.75835680556
5.55016803336	-6.91924375526
5.59144910572	-7.0978248351
5.63864184322	-7.26864263733
5.77757068943	-7.71261156814
5.8621978877	-7.94685144126
5.91068460062	-8.06569795196
5.9301015172	-8.11529680508
5.97744380247	-8.22354594213
6.03304972652	-8.40229337539
6.13562411261	-8.67407340417
6.2239606197	-8.89586928005
6.25771281237	-9.02144541293
6.32259299593	-9.16189706417
6.38363930411	-9.32391529306
6.41429266867	-9.45156712492
6.44927188005	-9.71624280688
6.46236553756	-9.98442217785
6.46412072007	-10.0858857133
6.43707975014	-10.4759610022
6.42204051314	-10.6877248295
6.35485762582	-10.9743228279
6.29980352072	-11.078731769
6.19941623973	-11.3151820985
12.1858643422	-1.96726281844
12.0324345904	-1.78367851262
11.9348616461	-1.6417188304
11.8149381587	-1.51062151003
11.7330227324	-1.40310386751
11.5934732152	-1.24214346919
11.526092723	-1.16964104281
11.4172910036	-1.02191385246
11.3352769256	-0.907109300845
11.2689264675	-0.817981675844
11.1516828325	-0.67918149319
11.0439325978	-0.556047268993
10.8669824806	-0.369782813202
10.7053015378	-0.194487830266
10.5660223143	-0.0483048204327
10.4454156277	0.0507166591619
10.4004383815	0.0957473378924
10.2866867133	0.19921332933
10.1952612812	0.327684952956
10.0920117839	0.444581168251
10.0071165484	0.53805847578
9.75397157462	0.790596135304
9.63979937857	0.864391852666
5.75202787953	-2.74534888947
5.82500478435	-3.02197448737
5.85921154209	-3.31147961022
5.91291025222	-3.63245901362
5.93724265743	-3.82558606761
5.95715194923	-4.00143112609
5.87859243625	-4.29737635325
5.87858720922	-4.29738241987
5.73270759355	-4.40048480724
5.56177863183	-4.4226044766
5.37309237169	-4.44393174589
5.18696442302	-4.44037481945
4.96413005148	-4.37791648636
4.76478729526	-4.1480252231
4.65681259047	-3.97263542436
4.48780592511	-3.64798112364
4.42587487729	-3.51318057796
4.35385444915	-3.32514373081
4.28779450881	-3.17494656097
4.23163223501	-3.03492372592
4.18826719388	-2.92730109514
4.14427820351	-2.83004811648
4.01979223197	-2.54751387366
3.90636328306	-2.34727941754
3.81958439201	-2.16927172835
3.67819978921	-1.97840459007
-9.12198044238	-3.25168357695
-8.92559247226	-3.13006226964
-8.70597434459	-3.09080093952
-8.58783333797	-3.09376638411
-8.41972405569	-3.11296668029
-8.29091468669	-3.11329426233
-8.05764355138	-3.12641517202
-7.91671308951	-3.13235559713
-7.7884968489	-3.1388908499
-7.76081540661	-3.13939625069
-7.64089340562	-3.15716388531
-7.4417400101	-3.19768680675
-7.35387053054	-3.22004695127
-7.21390158631	-3.23642439965
-7.00686834263	-3.3205285413
-6.84787463634	-3.38835268124
-6.6824877547	-3.46280435918
-6.48487423864	-3.56692689331
-6.25694561432	-3.69129686432
-6.07037684303	-3.7964576337
-5.83990093572	-3.89977129561
-5.70341053735	-3.99084871771
-5.59572222727	-4.03272008471
-5.45591272655	-4.12640030429
-5.34404322513	-4.22075139392
-5.17223597961	-4.3499360872
-4.99558549703	-4.47269860108
-4.78831548794	-4.60784940034
-4.596429298	-4.74153335995
-4.39673029321	-4.87405031113
-4.25527677541	-4.96781366818
-4.1174098269	-5.05592479184
-4.00138928776	-5.1052154522
-3.86148600418	-5.1904752163
-3.76012124022	-5.24351306337
-3.63646565669	-5.30386356403
-3.47051138291	-5.37873683316
-3.35362571858	-5.42195056165
-3.1812421393	-5.49827558617
-3.03675258526	-5.5655151487
-2.89857583422	-5.61910296095
-2.70960893992	-5.69253646459
-2.34886788796	-5.84033350819
-2.33649689537	-5.84477716671
-2.13598026326	-5.94495548681
-1.90679550152	-6.02589215467
-1.69284224097	-6.06571620509
-1.49273890646	-6.10554183887
-1.2467965739	-6.16281335139
-1.06551476373	-6.20099230458
-0.916263262367	-6.26087308276
-0.715434901891	-6.31247744073
-0.633407931659	-6.33666878201
-0.476047190536	-6.38031443177
-0.388956264279	-6.41964364286
-0.0208187104305	-6.45255002025
-0.020836219023	-6.45257065056
0.0535151124839	-6.71613255215
0.174691917571	-6.88782736093
0.284840337046	-7.05736710972
0.365129320517	-7.31190051396
0.440409493427	-7.45387428912
0.487070962291	-7.58335617136
0.556446762942	-7.7085126735
0.633503054074	-7.88608444591
0.72204740202	-8.12249339163
0.916530832372	-8.41489079345
4.68296224016	-17.5473428677
4.47301875259	-17.5634521266
4.38117241252	-17.5669440587
4.19677761917	-17.5757532915
4.03830770664	-17.5822308733
3.63500703221	-17.6269063005
3.48710951101	-17.6464085536
3.34319498194	-17.6709151219
3.20561613047	-17.6874397895
3.0653199708	-17.7190715861
2.95085878762	-17.7334660169
2.80144865332	-17.713200541
2.68127291656	-17.7436346958
2.58696286285	-17.7614324241
2.47979745827	-17.7953985846
2.37370312549	-17.8094622758
2.31245666262	-17.8210140235
2.22036638527	-17.8314623322
2.10100256596	-17.8480915992
1.96217008664	-17.8632092547
1.86871016371	-17.8758500095
1.77838009602	-17.8815471042
1.68474275581	-17.8866389666
1.60027670732	-17.8902526569
1.51660758142	-17.8948103662
1.44625023944	-17.8931412992
1.3457386716	-17.8969530788
1.23157740003	-17.9011051675
1.01835938543	-17.906698355
0.87800446869	-17.9021355617
0.762931059185	-17.89110289
0.591897519422	-17.8856261088
0.402525421267	-17.8551752741
0.192933902464	-17.8138673285
0.110783574049	-17.7943724181
-0.141392129425	-17.7268407887
-7.86124973867	-17.7109140826
-8.16301161724	-17.4570453408
-8.33203588442	-17.2944030629
-8.49835836567	-17.1535966935
-8.76452471076	-16.9232450302
-8.89529733492	-16.8048501836
-9.0333649043	-16.6771846667
-9.10885232214	-16.5725764268
-9.27655932336	-16.3992440999
-9.43705071126	-16.2344423374
-9.60168945312	-16.0706359609
-9.85499065983	-15.8191498206
-10.0890764927	-15.5852408173
-10.2134604998	-15.4587365028
-10.3427244671	-15.3253243899
-10.5191298684	-15.1353872443
-10.7463336732	-14.8678839647
-10.9328389536	-14.6304129716
-11.0406386457	-14.4812281448
-11.1061446471	-14.3832211924
-11.2493702089	-14.1601644714
-11.3352700821	-14.0076349971
-11.5112553178	-13.7497229967
-11.6232031667	-13.5269087819
-11.7988035909	-13.1744815663
-11.907379409	-12.986812565
-12.1145491757	-12.6346207684
-12.2701052236	-12.3973821617
-12.3855886566	-12.2313984119
-12.4894743447	-12.0756848354
-12.6346981051	-11.8315968386
-12.7596769596	-11.6504472397
-12.7877286953	-11.5529928605
-12.8143046259	-11.4385877089
-12.8798691068	-11.3355889445
-12.9449417056	-11.2261558793
-13.0327316457	-11.0798642007
-13.0743663589	-11.018200871
-13.1458657667	-10.8975256911
-13.2010091993	-10.8168420514
-13.2277050416	-10.7804329727
-13.2879652536	-10.6957194919
-13.3283564028	-10.6140793931
-13.4257419421	-10.4850545913
-13.5033051875	-10.3849004623
-13.5087911	-10.3779126406
-13.5975675274	-10.2660879863
-13.6751365135	-10.1622303902
-13.7470030965	-10.0613746238
-13.7963101142	-9.99553639015
-13.8378962829	-9.95366261886
-13.9329332759	-9.84187008853
-14.0386367907	-9.70807532844
-14.0823682063	-9.64261829422
-14.1801537492	-9.50481924585
-14.2917586767	-9.30351924798
-16.249242763	6.98862508267
-16.1264455656	7.24583238223
-16.0569010877	7.3484079363
-16.0247577212	7.38250129948
-15.9762782208	7.46210995503
-15.9077891692	7.56405358939
-15.8413237255	7.66379054196
-15.7750141818	7.73237203515
-15.6645692817	7.90850048552
-15.5976615502	8.0202314365
-15.5416291177	8.10841218973
-15.540750453	8.1230918439
-15.4854646812	8.20330038655
-15.4397196181	8.27068784999
-15.3554776265	8.38156691902
-15.2600153413	8.49383341996
-15.1436177649	8.66482654856
-15.0079359608	8.82241415876
-14.9087125433	8.93609436847
-14.9148709829	8.94184958181
-14.7251526739	9.20018177194
-14.5909747404	9.38628026206
-14.4829234939	9.49696581072
-14.4044345919	9.65700207259
-14.3233560127	9.77021567623
-14.2404473565	9.84970563228
-14.0058131731	10.0807567183
0.916525703371	-8.41489962506
0.700028717348	-8.63817229797
0.648284096907	-8.65439313781
0.490274383315	-8.79796946368
0.313151325798	-8.83796200217
0.125907412318	-8.90407157767
-0.0938654025613	-8.97783094999
-0.255605324847	-9.08500546982
-0.311419536524	-9.17353777063
-0.361056248452	-9.2869536203
-0.423104583011	-9.42773926616
-0.479349479542	-9.52258841912
-0.536896306883	-9.59769361008
-0.603948036756	-9.76752568592
-0.697043649567	-9.95529132582
-0.747102412601	-10.0458742115
-0.796499644242	-10.1129156086
-0.901164003581	-10.2979289107
-0.929668471081	-10.3704368421
-1.02740369685	-10.4937063996
-1.13169845608	-10.8665244421
-11.9695943499	-9.13496129496
-11.9641601658	-9.12040308773
-11.9493278232	-9.01521683632
-11.9261058854	-8.88732150341
-11.9088007414	-8.86004454599
-11.8893780063	-8.80243961232
-11.8294437181	-8.65083008789
-11.7259624921	-8.45675173976
-11.6228753836	-8.34047934663
-11.6156976366	-8.30876976965
-11.4445528386	-8.08801146508
-4.67611515672	-10.5757289705
-4.58673505122	-10.8366232039
-4.55533317514	-11.026219098
-4.41517911394	-11.2710438781
-4.41507936746	-11.2710558738
-4.08157017877	-11.4624338687
-3.9648759287	-11.4916916664
-3.82733686662	-11.5504998725
-3.71097487362	-11.67010094
-3.49690034958	-11.8213113565
-3.14745645147	-11.9499591545
-2.89635429456	-12.03050478
-2.80949312175	-12.0512895507
-2.63549046676	-12.1142206663
-1.37595273005	-14.2422195379
-1.42576138339	-14.4191144642
-1.41416301718	-14.596138858
-1.42781978408	-14.7333046615
-1.4318259915	-14.8845667351
-1.50627568673	-15.1120689289
-1.52687848576	-15.2485978795
-1.58892571816	-15.4731471555
-1.66437376354	-15.5922524539
-1.69679855433	-15.7106661883
-1.75851898495	-15.9153325225
-1.81726841382	-16.0558892331
-1.83808426462	-16.1188839634
-1.92640722678	-16.3428913805
-1.97356726631	-16.5092992123
-2.00450363527	-16.6236940306
-2.09938691581	-16.753914254
-2.143464882	-16.9345782919
-2.19003366787	-17.1157157087
-2.21605856231	-17.2058750669
-2.33328066906	-17.4554618042
-2.62125653094	-17.6598253589
-6.69478858642	-15.2277071192
-6.57187180151	-15.0535778568
-6.53070422687	-14.8478343955
-6.63811654046	-14.555112892
-6.65374920056	-14.2984502368
-6.63048308403	-14.1516076489
-6.63148530276	-14.0416333077
-6.63694569029	-13.654031802
-6.64547711358	-13.513024561
-6.6465681163	-13.4844943989
-6.64947371389	-13.4189602037
-6.65381329912	-13.1687110517
-6.65876436189	-13.031749799
-6.65697798349	-12.7437567545
-6.65352680809	-12.6020924932
-6.64660530741	-12.4658409127
-6.64191498912	-12.3919025682
-6.63412944251	-12.2000484753
-6.62006014838	-11.999102038
-6.61950668819	-11.8141311511
-6.60897979966	-11.7043346553
-6.59272954079	-11.5031471221
-6.58084169013	-11.3834392734
-6.57028482561	-11.298876215
-6.55929754169	-11.1405342364
-6.52130078819	-10.8686291714
-6.49912394122	-10.6991778787
-6.47623329194	-10.5771952217
-6.45175366213	-10.4155744574
-6.43887975549	-10.2755180105
-6.43255481321	-10.1203555826
-6.41260944857	-9.96273950071
-6.42971380299	-9.83915262357
-6.4455046496	-9.73007705966
-6.4867312133	-9.58473655525
-6.52816853631	-9.39982799176
-6.65629094995	-9.09779035045
-6.73081187131	-8.92390587866
-6.79954268443	-8.76538567028
-6.99171921679	-8.37885755653
-7.20193858676	-7.96480859926
-7.24260166622	-7.89146997163
-7.34230180442	-7.71936600466
-7.4910223831	-7.4641537586
-7.53311703644	-7.39570497127
-7.67899697901	-7.17706388371
-7.70830428329	-7.1363405592
-7.78875881977	-7.01206895943
-7.85971001258	-6.90039555802
-7.95174336142	-6.76207153466
-8.03159116755	-6.638125828
-8.09599657002	-6.53404998035
-8.16762993081	-6.43355341525
-8.20171724826	-6.29761417866
-8.24474142184	-6.22294706294
-8.33733643345	-6.055767448
-8.42199041177	-5.90834036561
-8.53967156315	-5.65862639797
-8.6655706643	-5.40293976453
-8.70034624102	-5.31992162565
-8.81411027573	-5.0684946911
-8.88132599168	-4.91288380614
-8.94064517457	-4.77994790493
-8.9689558217	-4.7000914526
-9.00154473112	-4.59349294969
-9.01263494303	-4.4502439393
-9.04039546897	-4.34212597527
-9.06247374185	-4.23272736513
-9.06154809354	-4.13682091208
-9.08629916253	-3.90869884017
-9.10519488156	-3.79633894857
-9.13398216378	-3.61233129362
-9.14215207063	-3.45776096215
-9.12272303109	-3.25133185193
-3.14621385434	-17.7179324197
-3.22970685191	-17.8614079069
-3.26720420987	-17.954390914
-3.33606292718	-18.0526906708
-3.48978220581	-18.2733395742
-3.5699006198	-18.3919438004
-3.65775166011	-18.4599429762
-3.73252762655	-18.581435191
-3.82026911539	-18.7802867987
-3.81661044732	-18.9634975058
-3.83350148688	-19.1315969758
-3.84026168172	-19.1603944428
-3.9454652015	-19.240803023
-5.91088688667	-15.9918309013
-5.72440701241	-15.7325889947
-5.59862802266	-15.5858286317
-5.53169922729	-15.4973016707
-5.43047253912	-15.3534578769
-5.33992747635	-15.1737447887
-5.21553250447	-14.9515269033
-5.08394350367	-14.7786065492
-5.04540476431	-14.7156688326
-4.88491772505	-14.4214676095
-4.84409553277	-14.2439987379
-4.78214163222	-14.15711797
-4.75373769556	-14.0144295564
-4.69314681558	-13.7697551232
-4.66656262383	-13.6393178745
-4.68238667474	-13.4651675595
-4.70401461685	-13.3416081614
-4.74438206294	-13.1216907049
-4.77739831376	-12.9932581217
-4.81517366271	-12.8615055887
-4.86589468695	-12.6948796677
-4.91535106397	-12.5449467132
-4.93188551483	-12.4824449462
-4.94404427984	-12.332103907
-4.97813665186	-12.1670173772
-4.96817951241	-12.0137454739
-4.86428014422	-11.7586303928
-4.75670495318	-11.5949121812
-4.63964053718	-11.4359847233
-4.56847597951	-11.3884942221
-4.41506067488	-11.2710576215
-5.83051993674	-16.1918034123
-5.96998950788	-16.3863107937
-5.92269797754	-16.5114118931
-5.9182928548	-16.6875390772
-5.83013196155	-16.9515198227
-5.8128052583	-17.1379186595
-5.77017385767	-17.2562191803
-5.58338254506	-17.6684425749
-5.49756354431	-17.8262730234
-5.31590887962	-18.0521583796
-5.13455518827	-18.29326614
-4.98558418323	-18.4432338758
-4.85286431395	-18.5879798932
-4.71547673515	-18.7262745448
-4.60436386081	-18.8409361444
-4.46109603388	-18.9660929968
-4.21011931756	-19.1522077946
-3.9452041282	-19.2407792815
3.04727693223	8.54043419966
2.97451167221	8.31330899385
3.58725866478	-1.85835497748
3.59775083857	-1.87535938491
3.67819815307	-1.97840628025
0.932795644446	16.9437909853
0.802287331748	16.7880048334
0.712458182387	16.7366447595
0.593354657718	16.4699182556
0.502484365468	16.5352867327
0.415572942659	16.2043083747
0.229385089248	16.1573117893
0.0820053499494	16.143833283
-0.0276555872483	16.1429911348
-0.235082700284	16.0239988565
-0.370247201261	15.969545562
-0.507135751717	15.8399794941
-0.709449515877	15.6530575255
-0.776999316053	15.6315328038
-1.13052614134	15.4765246985
-1.40456176097	15.3742003067
-1.57366510377	15.279331696
-1.81598119065	15.1303874109
-2.06428908042	14.9284072016
-2.15178295043	14.8453334031
-2.29030076423	14.7178880927
-2.32657622251	14.7035556587
-2.52359144758	14.5843242279
-2.68570010975	14.489511604
-2.78706451846	14.4297481445
-2.95679210355	14.2728332028
2.97448083761	8.31327324038
2.71427858987	8.5519836272
2.67232817373	8.54966767665
2.42429425878	8.55471412896
2.22055976793	8.4625444272
2.07100852064	8.20496186908
2.04903634708	8.00765021916
2.05209791971	7.81711706543
2.29579440565	7.44425681093
-1.53572216097	20.4243706988
-1.47454453441	20.2576430701
-1.43710873564	20.176372765
-1.37368276793	19.9809573822
-1.36759150348	19.7849247159
-1.34358889021	19.733688958
-1.33745685147	19.6541416519
-1.32239879196	19.5647186921
-1.32046410322	19.3777443331
-1.32478872082	19.2347832089
-1.3316431349	19.1324844384
-1.32151810894	19.0029395314
-1.34432055346	18.8905948191
-1.30617742002	18.8211208262
-1.24425054751	18.6606040138
-1.21928896173	18.5464189405
-1.23042300166	18.3714845992
-1.22880620147	18.2205588283
-1.20991115984	18.0793643875
-1.13638483023	17.9718025182
-1.10274768851	17.8738688767
-1.06218474255	17.7849506822
-0.940638435322	17.6299098833
-0.872515346866	17.5516672195
-0.696338484558	17.4897917323
-0.598012806086	17.4686021595
-0.369592558035	17.4900002296
-0.222144149742	17.4562605777
0.00266137053846	17.4395787246
0.237232275867	17.3603921611
0.305508651339	17.3266813503
0.382650643962	17.2963694073
0.463877560464	17.2718147839
0.572744339749	17.0803187291
0.732854639559	16.9534938637
0.932809469915	16.9438866935
-8.12971349308	3.73204663595
-8.01953073365	3.78080699238
-7.90653940409	3.86470600231
-7.7591202151	4.0920617178
-7.57308847808	4.313396341
-7.48482616833	4.4900505105
-7.40682783449	4.58686421024
-7.31133447105	4.69253798618
-7.20017786041	4.82652311806
-7.12198593301	4.90278365323
-6.95087122717	5.13636625692
16.8374034949	-0.640384521564
16.5481191427	-0.687318833678
16.3610527575	-0.671107124789
16.1493703107	-0.670040303977
16.0703241673	-0.665611679834
15.8822625191	-0.615261545649
15.7484920567	-0.577686340352
15.6892802441	-0.558871268061
15.5134618102	-0.517097011253
4.13192492705	0.00242360883464
4.07795532297	0.291940006748
4.01087189791	0.460218303659
3.92637734471	0.686851157582
3.90426955122	0.850806224294
3.78467675845	1.08524756976
3.73991744508	1.14953403539
3.69278252368	1.24446000123
3.56759666736	1.41427050626
3.48678354357	1.52932502843
3.34748567187	1.73426661929
3.25628991848	1.87646331212
3.12398557134	2.0496691617
3.01358423439	2.17113686375
2.88559859838	2.29737217773
2.79960228424	2.38808299456
2.70802169194	2.52958613941
2.58179091194	2.5896568235
6.28348829235	-12.9599823446
6.35710911905	-13.1908702806
6.37625291765	-13.4809186868
6.35436965912	-13.9036573854
6.32664642854	-14.2026114275
6.30077938563	-14.3343737039
6.26552585212	-14.5108940547
6.17005174655	-14.7864084329
6.07707575429	-15.1169245903
5.96087278391	-15.3770841003
5.89686097567	-15.5068157381
5.64974512484	-16.0555554494
5.52616815471	-16.2854919586
5.42293014669	-16.4840699334
5.36360720735	-16.5953883436
5.3294218298	-16.6845741496
5.2692385521	-16.7902944846
5.19741224554	-16.8539904877
5.07760374706	-17.0324426388
4.99445312188	-17.1634759973
4.91294910268	-17.2919001248
4.80874904629	-17.4090048103
4.68293923256	-17.5473191527
-11.4450693749	-8.08792100137
-11.2032351282	-8.1851216321
-11.1108687704	-8.24985325609
-11.0380398817	-8.36709807109
-10.9774672338	-8.48907971496
-10.9090908006	-8.59476852693
-10.8474821052	-8.75459753894
-10.809756587	-8.83680276551
-10.7051926114	-9.10453238871
-10.6463724817	-9.24287282096
-10.5571429679	-9.3993105413
-10.4662549215	-9.66117988457
-10.4124896949	-9.79300343338
-10.3661052556	-9.91522517531
-10.3355036969	-9.98518532007
-10.254739251	-10.1705979677
-10.1242923616	-10.5095172453
-10.1071626219	-10.5579989669
-10.0334943839	-10.6601109301
-9.9757732779	-10.8424591588
-9.9238813211	-10.9750295052
-9.88341093281	-11.08068477
-9.84823828132	-11.2380729785
-9.84626890138	-11.3211796868
-9.80821961006	-11.4331030597
-9.75261017122	-11.6199344383
-9.67966847303	-11.8898872834
-9.61686549861	-12.0121783548
-9.58007247179	-12.1264070819
-9.49563389038	-12.2878879465
-9.32979611774	-12.502874716
-6.66046089955	13.911957961
-6.63311414574	13.8903070895
-6.52095653753	13.7871470211
-6.51179274952	10.2858256186
-6.65077599651	10.4281955855
-6.78751860777	10.5523394173
-6.92373293537	10.6740419547
-7.0215450013	10.8399542375
-7.08529526347	10.8842886356
-7.11224195391	10.9138640375
-7.21686692973	11.0095802855
-7.37316986339	11.0376450101
-7.475587181	11.0664709141
-7.59688841246	11.1607014809
-7.69787109502	11.2050027987
-7.79825608374	11.2876998332
-7.93162662448	11.3293657361
-8.07408568368	11.2836378845
-8.21352428664	11.244474137
-8.33909555615	11.2704400875
-8.58830057905	11.3355608599
9.18873914432	6.56142786762
9.43610432651	6.461987197
9.65739477278	6.34129534681
10.0304789292	6.25514400637
10.3021030798	6.22208128283
10.4856821815	6.18813752212
10.6363434403	6.16409682154
10.7456695988	6.09007234862
10.9697211416	6.12295459856
11.28070431	6.14667558193
11.4680705696	6.15938595756
11.7258478988	6.19330159013
11.9636646827	6.2497749936
-6.38169763162	18.8611881739
-6.29537699019	19.061932703
-6.22514168027	19.1314431628
-6.16502393129	19.1815269433
-6.05180211803	19.3236568676
-5.92864462442	19.416350152
-5.72415232298	19.6086089924
-5.41626124228	19.845555668
-5.22359031311	20.0133458672
-5.090045691	20.1060997047
-4.95653571166	20.1977627498
-4.80269915587	20.312315728
-4.65826641565	20.4286495777
-4.61299508228	20.4609529028
-4.5373861396	20.509947175
-4.47166586211	20.5590264721
-4.4018786825	20.6123344102
11.8357403186	14.1738552662
12.0277951202	13.9956718974
12.1370014392	13.9151317287
12.183308802	13.7098883588
12.2487775925	13.6167092143
12.2961541447	13.5260210561
12.3700180349	13.3785780541
12.4536509007	13.118027362
12.4923473387	12.9954339062
12.4958599759	12.9072884651
12.4898542864	12.8179331839
12.5236719435	12.629378736
12.5448215396	12.46388865
12.540966156	12.4005358489
12.4341768702	12.2403682153
-1.05182439167	-0.137141139304
-0.876909757056	-0.103760214635
-0.757250481659	-0.123171325601
-0.623822319385	-0.149681039759
-0.331487452593	-0.251785102866
-0.129194769856	-0.330834893696
0.327763166023	-0.514768796923
0.534932194065	-0.574652766455
0.730463660341	-0.638808574015
0.927703922311	-0.702859346954
1.0952330709	-0.73577948268
1.40598864533	-0.814023673404
1.64688798061	-0.92379865977
1.81240115978	-1.00990619736
2.08746479201	-1.14557807729
2.22193869357	-1.2348340125
2.32371042834	-1.3036735205
2.44477467263	-1.41498763851
2.51462193121	-1.54968804936
2.60258740664	-1.72901630513
2.69234924479	-1.96439956931
2.78851786089	-2.21446575513
2.82281008719	-2.34573071643
2.88946537096	-2.55951410432
3.004630853	-2.89711586399
3.10610232531	-3.21200543433
3.07213336627	-3.37236941825
14.0902600196	-5.20081627711
14.2559883964	-5.39876591864
14.3263792509	-5.51151485432
14.3640664361	-5.542464641
14.5075452017	-5.58970538185
14.6496195164	-5.66087285004
14.7477548021	-5.71426166994
14.7957797055	-5.78465854945
14.9939893665	-5.76677750042
15.0252281071	-5.80283178372
15.2326876278	-5.87709904288
15.5850157146	-5.82735429238
14.9959846843	-7.7983375244
15.1855747602	-7.86668796477
15.4888045944	-7.8867996563
15.9788466371	-7.72820532073
16.2505897148	-7.56691778678
16.4750239123	-7.39242521611
16.7609778609	-7.07391068546
16.8602380278	-6.95687769799
17.0969491945	-6.63550581652
17.2441870772	-6.40153749792
17.3755650407	-6.14590863758
17.4812013903	-5.89860930295
17.5212853393	-5.79414514154
17.6054934533	-5.46685266981
17.6601368209	-5.20354070138
17.6929620997	-5.01871820078
17.7104099177	-4.86207177097
17.7377580189	-4.65933923532
17.7452099747	-4.51146406228
17.7502508131	-4.37516493815
17.7539096594	-4.20041827145
17.7530193235	-4.14258053987
17.7409921626	-3.97223422141
17.7212282263	-3.75772243906
17.7024867	-3.59928513012
17.6673602572	-3.36720070262
17.6449383045	-3.24864420775
17.6181340841	-3.09905758324
17.5545041983	-2.8442910243
17.4659879471	-2.5336137668
17.4110117037	-2.33628275458
17.3687332504	-2.19338280424
17.3383432749	-2.0719204759
17.2741705095	-1.85813264483
17.2040682554	-1.68812543918
17.1386637943	-1.49301710242
16.9844711922	-1.09017712356
16.9345039286	-0.935221374
16.8976010087	-0.816157968182
16.8373894478	-0.640359462487
-3.94040852267	-19.2408837574
-3.56436699015	-19.483861636
-3.46498986883	-19.5250825769
-3.36818806349	-19.5727215685
-3.21283688193	-19.6615803563
-3.02437862515	-19.7388406697
-2.83862089712	-19.8132880963
-2.69353274176	-19.9231451418
-2.58619672116	-19.9515017336
-2.47291710168	-20.0071313528
-2.35630641024	-20.0590306534
-2.32521577913	-20.0762838546
-2.25676731979	-20.1079725468
-2.07979803387	-20.1882079613
-1.965779638	-20.2303682127
-1.882489639	-20.2751709544
-1.83218743371	-20.2520720809
-1.61585785387	-20.3369646375
-1.44246940273	-20.4001885773
-1.25393060308	-20.4838776836
-1.15336909621	-20.5000958744
-1.07112283286	-20.493715263
-1.01718236936	-20.4686440869
-0.918212701077	-20.4446214566
-0.784805125619	-20.4033750412
-0.681606194663	-20.3727882973
-0.61557389246	-20.3260388377
-0.504499056563	-20.219277533
-0.448988835948	-20.0968856613
-0.403216246853	-20.0297576593
-0.40186092226	-19.7400790129
5.7407519655	-2.68006807506
5.75218145787	-2.74626110321
-9.78251086057	-1.0948905723
-9.77953293152	-1.10950988302
-9.76188639674	-1.22642805547
-9.73635038645	-1.34865666249
-9.71100269914	-1.48662115837
-9.71099780874	-1.5026705583
-9.67371246677	-1.62657409895
-9.6058107372	-1.7668290212
-9.57026751776	-1.86271054116
-9.5321834889	-2.02122259175
-9.49614477646	-2.15640933302
-9.45951230644	-2.28537572101
-9.42277632599	-2.38313879364
-9.35039041851	-2.58598418347
-9.26049394102	-2.79198912339
-9.1996288622	-2.94897261883
-9.18706918742	-2.98530695432
-9.12107720859	-3.25085792421
12.4371280227	12.2426983723
12.1944520105	12.2727271837
12.0629099158	12.3187451343
11.9072135377	12.3906316552
11.7057959229	12.4946394215
11.5307012409	12.6338861705
11.4680835124	12.6853478254
11.2499153451	12.8988261172
10.930908566	13.1102013319
10.7941227426	13.2745076111
-0.688284387644	20.9368354079
-0.72612529549	20.8875520059
-0.85455985583	20.8426314358
-1.02056720487	20.797628819
-1.13384949813	20.7691111402
-1.19650259054	20.7318066035
-1.30429342387	20.6156002322
-1.53488840889	20.4232135785
12.204305111	5.86444478552
12.4041543486	5.84352878764
12.6155336178	5.75304155499
12.6433162876	5.72759523063
12.8251913995	5.53379474898
12.9749700511	5.36987120926
13.2161623581	4.97642374255
13.3652692245	4.74456462839
13.5187381439	4.51069180754
13.5963559096	4.36762956273
13.679934865	4.21275510235
13.7987011129	3.97680212789
13.8608354103	3.84590409618
13.9942622481	3.58578170805
14.110771114	3.35565260333
14.1925440504	3.18423164355
14.3284353383	2.87292702809
14.4049082091	2.62858786
14.4267861695	2.51229692139
14.4683519098	2.36393586687
14.5458036161	2.025965948
14.5859771017	1.89239143811
14.6952550575	1.50738207311
14.7532868638	1.21153250167
14.7944947081	1.03179370724
14.8697354723	0.858643841046
14.9316297477	0.7213836377
15.0616618606	0.336660803023
15.2033826735	-0.0043020904233
15.3267034129	-0.217388286051
15.404443689	-0.367638029284
15.5134013484	-0.517071547406
3.07228809246	-3.37311998823
3.20190968419	-3.50223977375
3.2916998708	-3.64242525817
3.35939376225	-3.94259235846
3.42100854479	-4.10710248487
3.47298910418	-4.26957834279
3.50760656761	-4.41379618826
3.50123913051	-4.74561853857
-9.32973334163	-12.5028847865
-9.58621503715	-12.5293455237
-9.66454174479	-12.6333180308
-9.76191665745	-12.7714438751
-9.82279135083	-12.9093477242
-9.88786680887	-13.0474358485
-9.92858464238	-13.1445547894
-9.98352957525	-13.3096878749
-9.94872266909	-13.4614112287
-9.89777243711	-13.5744169252
-9.82726713222	-13.658674548
-9.74738694537	-13.7513606064
-9.67153337743	-13.8242530393
-9.54531202281	-13.9301769716
-9.42964838397	-14.0101725565
-9.15726358444	-14.056723135
-9.05937467504	-14.072477431
-8.88805542997	-14.1061440744
-8.75168156646	-14.1051042247
-8.65719929355	-14.0918353046
-8.5260825754	-14.0426315035
-8.39662563042	-14.0310147296
14.603615791	-4.35817961596
14.821133429	-4.25984451953
14.9514947954	-4.24365597225
15.0522654339	-4.22450911306
15.2087117476	-4.17614026251
15.3925768851	-4.23777244517
2.69009264037	-9.69303970974
2.46861958558	-9.51598963041
2.17709880651	-9.36810908089
2.0180429594	-9.26749775404
1.85260853387	-9.17259828443
1.67565522382	-9.08815952881
1.55445925154	-9.01426932418
1.45565913632	-8.94465101511
1.31500925347	-8.84145126545
1.20597340041	-8.71387578396
0.91550901038	-8.41508756157
15.5848667253	-5.82739917088
15.5960173454	-5.75348635065
15.6165949642	-5.58709816616
15.6588718915	-5.4252683908
15.674283546	-5.32909554002
15.6846263067	-5.24381425002
15.6882955404	-5.199578781
15.6933446012	-5.01525551373
15.6738662808	-4.89559209692
15.5450245927	-4.66292396033
15.5085412886	-4.44012000802
15.392576885	-4.23777244517
-2.91165632583	-2.85562043455
-2.74407391293	-2.98453410886
-2.60823128268	-3.11432484172
-2.47474531559	-3.20603868384
-2.39439750968	-3.27756534227
-2.1580991432	-3.48925908401
-2.01922498912	-3.55189719435
-1.95811427455	-3.56964328951
-1.79353334846	-3.61356546759
-1.67966147657	-3.63900957337
-1.62792566719	-3.65148711706
-1.47002511765	-3.71554688292
-1.34563586865	-3.7764321075
-1.1856870899	-3.83176133897
-1.00295949383	-3.82160070089
-0.913612098482	-3.83992882278
-0.663100901838	-3.83493410169
-0.561700420872	-3.84799580934
-0.451120368542	-3.85592520775
-0.411315196402	-3.85642865972
-0.242597316921	-3.85756550712
0.092459753394	-3.84901732504
0.392810512656	-3.82151645307
0.544536441587	-3.80326351817
0.773094638019	-3.76280987519
0.919667555351	-3.71599945953
1.09313773073	-3.65916716993
1.27288166319	-3.64359458854
1.39445944206	-3.59929581639
1.55598934289	-3.53047208056
1.65194076793	-3.49561882434
1.72570994187	-3.46887456381
1.90280925292	-3.4377989429
2.15865192587	-3.38725527053
2.46490555295	-3.31274541072
2.70862431341	-3.3262827118
2.84257903535	-3.34895287982
3.07228282591	-3.373084778
-8.98627424673	13.6991580403
-8.80492560643	13.5091746333
-8.67283489254	13.4191571221
-8.55525174787	13.3230963832
-8.44875817848	13.1962510774
-8.39253347364	13.1059915639
-8.31002022006	12.902554957
-8.30880327963	12.766293783
-8.39440838006	12.5165215228
-8.40599787254	12.3363084301
-8.42071132377	12.0960307905
-8.43103250628	11.8995989803
-8.45211386045	11.8037574389
-8.48229119839	11.7146771532
-8.56442779415	11.5000625738
-8.58832305803	11.3356284436
-1.14106409004	0.416484186905
-1.32697535029	0.556590379296
-1.51628103396	0.590891693744
-1.58049746537	0.628706853446
-1.7423365203	0.707223939233
-1.83109586374	0.774607563186
-2.02841572288	0.935987836948
-2.2076392616	1.02923960873
-2.35201481105	1.15400493811
-2.47748940469	1.30964744303
-2.63856205863	1.46134106255
-2.7697305247	1.56688841955
-2.98342232323	1.78753147439
-3.10946125474	1.933010876
-3.27414347995	2.13932328149
-3.34675309866	2.23866109484
-3.42341869563	2.38789244408
-3.50110325454	2.59504645005
-3.53883301888	2.90664104792
-3.52649364839	3.0302433391
-3.49951921174	3.13715452306
-3.50623223964	3.20839585582
-3.43824739647	3.45653131384
-3.38846492996	3.61111696671
-3.30801487644	3.81049270375
-3.16092717681	4.03496171112
-3.08093381287	4.0846367413
-2.88995108754	4.20430269779
3.5012680836	-4.74559606504
3.68228518551	-4.86042940636
3.85970063337	-5.03670127195
4.10912240487	-5.29814132338
4.16674334857	-5.44561298283
4.22260720835	-5.61008091936
4.24832917638	-5.77284118679
4.28540993184	-6.0573880783
4.30665378365	-6.21065425188
4.30682290443	-6.54817966139
4.36846804938	-6.95274536565
4.40654256922	-7.30418883462
4.42504814071	-7.4591630277
4.42092864633	-7.66986275009
4.41627582964	-7.89684194749
4.38201821663	-8.08493865182
4.3565801457	-8.18791640234
4.26400441271	-8.43058283039
4.17784458987	-8.58092603154
3.96099510811	-8.88408132632
3.80384897072	-9.0710710156
3.6407383253	-9.23538372004
3.48190084871	-9.35286396417
3.31872333648	-9.48216444187
3.1928967273	-9.51668401832
3.02048197974	-9.59705940081
2.69007843345	-9.69304248113
2.22262494775	-11.2140149027
2.31115363475	-11.065600086
2.33115206571	-11.001677616
2.39771931136	-10.8899740321
2.50731143312	-10.7798471583
2.58863378321	-10.6373552518
2.66770840161	-10.4680506473
2.6957377275	-10.2916371832
2.75069032978	-10.1227951928
2.785440857	-10.0126025789
2.69008958325	-9.69306838813
-8.39662562738	-14.0310147241
-8.42115783819	-13.7029785648
-8.49677684167	-13.5689750654
-8.57560959252	-13.4145048271
-8.67645889787	-13.2424627981
-8.74936168436	-13.1151866858
-8.85071771091	-12.9459325138
-8.95792148094	-12.8216167702
-9.03193245182	-12.7556498683
-9.12459057092	-12.6178875606
-9.32981231393	-12.5028757396
-4.75533979885	14.5344737429
-5.11714430874	14.4350845757
-5.42373015815	14.3101335862
-5.56558838776	14.271403143
-5.67355010775	14.240965119
-5.81369133143	14.1655961302
-5.9343556114	14.1229899607
-6.10442129008	14.0345392956
-6.28086445344	13.9427859503
-6.37524845677	13.8679106557
-6.5209578634	13.7871596067
-6.43601523968	7.95134233477
-6.58493202663	8.45475911774
-6.61715488511	8.58561610324
-6.62419237054	8.77203000687
-6.59288142716	8.88023574698
-6.57542852705	8.92377938395
-6.60602205338	9.23403658112
-6.613855463	9.35613263211
-6.62332400511	9.51578086048
-6.64090511539	9.74144565477
-6.67224950519	9.94284747354
-6.6467136095	10.0518397361
-6.51149655016	10.2859501692
-11.0165832831	8.4876693114
-11.1297767937	8.58314547421
-11.3865831529	8.63791461858
-11.5184189105	8.63306922674
-11.7673812967	8.63168869245
-11.9611809948	8.5951639438
-12.1310821301	8.5554282354
-12.3294570377	8.47920233526
-12.4723667887	8.44713956721
-12.5192654144	8.43404675542
-12.6519726148	8.41419097978
-12.7976717639	8.36567918985
-12.8550417199	8.3425153466
-12.9606034282	8.25589304895
-13.0967393093	8.16883300637
-13.1877483934	8.13383191358
-13.318977987	8.04029720434
-13.3773295236	7.99349879912
-13.5108680218	7.86440424559
-13.6437801685	7.72634025733
-13.8294150939	7.50450306665
-13.9100522772	7.39507679499
-13.9671343848	7.31593621908
-14.0461058819	7.20537693738
-14.0930011072	7.10304426096
-14.1554699365	7.00160022134
-14.1994884702	6.8171677744
-14.260755008	6.68188692389
-14.267908367	6.66569288724
-14.3615295768	6.55381197262
-14.4280248074	6.43187861071
-14.4479008477	6.37041227347
-14.4747768672	6.24929617621
-14.5231967603	6.068650451
-14.5586788621	5.92254164869
-14.5974208354	5.76925387543
-14.6066121443	5.65731275367
-14.6216513794	5.48822547911
-14.6262756048	5.37524755826
-14.6311539007	5.03739324186
-14.6324671087	4.91970784172
-14.6129278637	4.66379642206
-14.5946918341	4.41047005748
-14.5614191282	4.13739035804
-14.5189195519	4.0810649435
-14.4618221471	4.03895073253
-14.424054234	3.97151279206
-14.2557625818	3.76113544935
9.6398161692	0.864418218006
9.69198173535	1.03712893567
9.7195412401	1.19567927196
9.74171679822	1.35028335347
9.82925607529	1.68819110061
9.91880415391	1.9871360315
9.99437829124	2.19503199961
10.0241025759	2.31182742966
10.0542044429	2.35308336774
10.0915772653	2.47669973666
10.1860459474	2.68787359779
10.2756880456	2.8245276511
10.3281656225	2.92360936383
10.4088692055	3.02233953556
10.4944533028	3.12784761658
10.5840456297	3.26820878211
10.6834295567	3.36385664859
10.7771669282	3.45024805959
10.8673185186	3.54224482249
10.9253001886	3.6339685064
11.0122393279	3.71589640555
11.0577661186	3.7600266007
11.1216282733	3.83333651518
11.2080081536	3.91459151544
11.3150777785	4.00510030335
11.4033818856	4.0884737106
11.4928921825	4.16066414752
11.5621711832	4.23463141477
11.6528696134	4.30889196859
11.6824507124	4.38750850407
11.7336360804	4.43292634166
11.8418406365	4.69731495618
11.8690481346	4.78812802904
11.9224100315	4.86565496365
11.9665198839	4.96915044009
12.0353330807	5.13245470334
12.0717323357	5.24921917254
12.1690321242	5.46445231819
12.1719621678	5.62652561268
12.2043609394	5.86445451402
-8.58829578476	11.3355416924
-8.67294113509	11.2127808015
-8.76053658895	11.1569401125
-8.79669888446	11.131712814
-8.86792406208	11.0592277106
-9.01209666383	10.9122234339
-9.10570971125	10.8326990381
-9.24552359159	10.685246942
-9.43488887494	10.5014103681
-9.48565511017	10.4455915975
-9.63069417505	10.291843478
-9.72854273886	10.1854533333
-9.86038428959	10.0260522008
-9.93146951666	9.93519420525
-10.0336394783	9.80550073823
-10.1292430673	9.69153143466
-10.2877197982	9.56011212309
-10.3649109904	9.43676931042
-10.430821852	9.38566941664
-10.5158320104	9.24573004069
-10.6320355512	9.066691254
-10.7164667495	8.97862234563
-10.7622578804	8.86375500162
-10.8702000506	8.65968617046
-10.9267243859	8.59573007596
-11.0166389599	8.48765988341
-0.401839721677	-19.7399977206
-0.179516597162	-19.9553221138
-0.0269152912006	-20.0978130601
0.202046131684	-20.248901394
0.454201245791	-20.3179892235
0.643171847908	-20.334926114
0.740742090481	-20.318978308
0.861666115129	-20.2695139146
0.942768979776	-20.2754791244
1.01913376613	-20.2780023755
1.22414982854	-20.2716850648
1.39934168154	-20.2527972575
1.4800972723	-20.2510006269
1.56622490692	-20.232015378
1.62542823316	-20.2190562085
1.77967415119	-20.1760155989
1.91301793288	-20.1379168112
2.1126947396	-20.0725542808
2.3798700631	-19.9750822539
2.51069539512	-19.9205133724
2.68156716072	-19.8385705324
2.85228697382	-19.7387769788
2.92429096313	-19.696965963
3.10777183584	-19.5781559083
3.24746507059	-19.4881555249
3.32882106734	-19.4295455311
3.43430244846	-19.3324594093
3.6030025963	-19.1921806058
3.63344066074	-19.1802433606
3.76679636164	-19.018092286
3.93465950857	-18.8340438511
4.02915399248	-18.7226927271
4.2178982883	-18.463401044
4.33430223849	-18.3005517949
4.39816059453	-18.2033092041
4.49201490637	-18.0196339941
4.62030947692	-17.8092539265
4.68302002419	-17.5473820498
-2.63544879921	-12.1142588572
-2.45361982558	-11.934463604
-2.35091566339	-11.8325557389
-2.28891197793	-11.7685571779
-2.20458962005	-11.6653444715
-2.06908454576	-11.5204813788
-1.8369395009	-11.352554169
-1.71202389143	-11.1951569937
-1.56729134008	-11.113811595
-1.34759466673	-10.9759343897
-1.13195030249	-10.8663976839
-2.95675395818	14.2728170834
-3.16267039899	14.2751516585
-3.25351696343	14.3065479981
-3.32856985589	14.3259617829
-3.58051336973	14.3562219152
-3.77724498915	14.3875512586
-3.96292312541	14.4216704993
-4.20758767073	14.5257215086
-4.37291650783	14.5729130705
-4.75533979885	14.5344737429
3.42460372902	16.663105117
3.19550232712	16.7484777827
3.08027753653	16.7705515683
2.93191058774	16.7744452594
2.77133728778	16.7434663553
2.63751069451	16.7371685437
2.43274662111	16.8162708949
2.35369348509	16.8629343213
2.28779606812	16.877163925
2.16120597665	16.94098487
2.05876382931	17.0327002096
1.9313134797	17.0697318817
1.8154883483	17.0910777115
1.69770476232	17.1631488907
1.55734910685	17.2150560742
1.41087267705	17.24532495
1.25398069745	17.2382924521
1.15420276277	17.1986013701
1.06709769369	17.0604156866
0.932825235818	16.9448834118
3.42460214869	16.6633047732
3.37048436252	16.4534159252
3.30288253657	16.383355403
3.20953072137	16.2168891023
3.14988193958	16.105689858
3.12957756892	15.9645346764
3.09083149436	15.8179509942
3.07553571859	15.5661405606
3.08722962427	15.467728608
3.15624878323	15.4413707882
3.18185662134	15.1957098468
3.18649693971	15.0646034258
3.20613460956	14.9658671174
3.24026502591	14.8794658072
3.27565462391	14.8239002689
3.29091832092	14.7576519732
3.34719453501	14.6119364025
3.36499358828	14.4888510988
3.39038507256	14.3918322924
3.43072232539	14.2759611815
3.44735255209	14.1791756671
3.49105796485	14.0108461448
3.53770135268	13.9330662995
3.58729803964	13.8014263414
3.66852805719	13.6985242752
3.74781607758	13.5657774411
3.82817016301	13.435181188
3.82822063051	13.4351752744
3.99725916804	13.4819213367
4.10377698781	13.4756482128
4.27124355425	13.4349743734
4.38757138095	13.3833182423
4.57443821327	13.2952539349
4.73781543428	13.1774405859
4.83901439811	13.1053530619
4.91235425077	13.0340599523
5.0349712243	12.8925852895
5.134361488	12.7878889106
5.30119110504	12.603727035
5.48384744745	12.4449735535
5.55118521161	12.3838997224
5.62068466413	12.3211331653
5.83093507199	12.1049676972
5.96322391507	11.8891345691
6.12043750262	11.620468604
6.12042293901	11.6204868455
6.00983793947	11.4274480929
5.90885452972	11.3185233857
5.77751797533	11.1884029987
5.58209438552	10.9289192268
5.50033251519	10.8009812267
5.44266920631	10.6714797413
5.4027999174	10.5325556563
5.28752041921	10.4940867312
5.22934694094	10.4335374652
5.04396855267	10.2984272853
4.92027681723	10.1903780798
4.68677434282	10.0530191778
4.55133661799	9.96372770054
4.4261026202	9.86692396062
4.28987059291	9.77247592726
4.16750583848	9.64534775861
4.04831018563	9.62127756938
3.94594147139	9.61056305608
3.87053262973	9.61922977848
3.73971116585	9.67248465327
3.55065239606	9.71926536508
3.36590745165	9.77762811793
3.18278527103	9.84521396137
2.29588595951	7.44418160351
1.97293159598	7.29383039166
1.86195617136	7.27161168103
1.82564628222	7.26251449378
1.66406058302	7.2944984546
1.5272685071	7.28301915367
1.42077616499	7.26844018633
1.19917256018	7.25722393526
1.0956579331	7.24595694776
0.802622187141	7.18668735585
0.472706642667	7.14723262489
0.34708086979	7.12303846428
0.193311091635	7.09362049139
0.0259916048655	7.04464036588
-0.0154861918198	7.03291914699
-0.179664278311	6.9835424985
-0.537885454075	6.83539138871
-0.769161846214	6.76110799096
-1.05201477784	6.65064383354
-1.15248648991	6.62981910599
-1.24717764411	6.58125373393
-1.54308646566	6.45712921491
-1.67845538425	6.38076400759
-1.83698403365	6.30896788845
-2.3221256625	5.94952298288
-2.51612642113	5.80562614326
-2.64385954887	5.63418519599
-2.85761214015	5.25524047548
-2.93911308157	5.10335194753
-2.995571264	5.00943536723
-3.02180630371	4.83617056236
-2.99736694975	4.71952279806
-2.88748126742	4.50954007841
-2.88986071038	4.20429011861
2.29585737842	7.44418287267
2.32546877555	7.16488560864
2.42277376264	6.90227326652
-3.00937030732	8.85639677744
-3.01799750545	8.60358921188
-3.15359447558	8.47112081596
-3.29226422287	8.34181780277
-3.38375426537	8.24781973153
-3.49344320087	8.1655801483
-3.64816884155	8.04402676363
-3.82537059095	7.93948734973
-3.94144453414	7.90986042039
-4.07820777177	7.86604869527
-4.2696823225	7.82808937563
-4.39474657453	7.84778282693
-4.75179266928	7.8195721575
-5.11636316155	7.76698945281
-5.41549595683	7.69890042312
-5.56895672188	7.73549373438
-5.7490063353	7.75001495134
-6.00086159297	7.79259456821
-6.12326817136	7.78913059025
-6.21352985479	7.7959934779
-6.43605563211	7.95139289584
-6.9508541814	5.13636239483
-6.96168987574	5.3219297224
-6.98006463247	5.47163669914
-6.94772031742	5.71501294112
-6.96403053388	5.86540561127
-6.94134482686	6.03946040481
-6.892754682	6.29849653513
-6.88507919452	6.39409410028
-6.883948423	6.43091648616
-6.86282013759	6.46442702673
-6.83265606424	6.57357971729
-6.80258947399	6.74639450309
-6.77060591747	6.87874123585
-6.71925316348	7.05918854608
-6.68418305309	7.16735306535
-6.66078626295	7.30845339482
-6.60400214043	7.51268278792
-6.58335414257	7.6704011735
-6.43601173716	7.95140347766
-6.93524221711	0.417473305747
-6.8915955735	0.211103098374
-6.91878669223	0.080550746429
-6.9619536524	-0.0670615351349
-7.03177400515	-0.29379788314
-7.04390018834	-0.62228614381
-7.00567315667	-0.741562210619
-7.0223144795	-0.850198180363
-6.9729972504	-0.958290713123
-6.95811388567	-1.08916922657
-6.91549044771	-1.22273845424
-6.90110074426	-1.31377953911
-6.87994142072	-1.34321095629
-6.78516671295	-1.56238664536
-6.66228269555	-1.66438480909
-6.54605642043	-1.76998353794
-6.36330754224	-1.94011419546
-6.24075643955	-2.05607220627
-6.03567486449	-2.13676289206
-5.89289786667	-2.17839189513
-5.75703120375	-2.2152173896
-5.58139419261	-2.28305942627
-5.29196147966	-2.32864199869
-5.07199369217	-2.38797093006
-4.99293203679	-2.42024110868
-4.71464069483	-2.48388242079
-4.52353462856	-2.52551758871
-4.3556322301	-2.5592841751
-4.20633556268	-2.58765282661
-4.07736781588	-2.62807567773
-3.86901615209	-2.65502322899
-3.55587623067	-2.66338677829
-3.36465863298	-2.68469839057
-3.281260698	-2.70060894141
-2.91165466979	-2.85560878033
-6.93524221711	0.417473305698
-7.06572512506	0.504152790495
-7.21419570067	0.672545570998
-7.26502551348	0.850136551969
-7.32901479883	1.03494030039
-7.36841992244	1.18521757349
-7.40482700541	1.27445753018
-7.42753068291	1.35188673791
-7.50697956182	1.56359198712
-7.54845091165	1.6915841541
-7.58604213627	1.8558400668
-7.63194001393	1.97117583837
-7.67396046901	2.17589369694
-7.69184125175	2.27388974229
-7.72793964377	2.43230560413
-7.7710138046	2.6165597194
-7.8049068278	2.74863144937
-7.82917293504	2.85372473522
-7.85017407264	2.96424958388
-7.90786649907	3.13255730429
-7.95294935583	3.30129741839
-7.99300377225	3.38187245174
-8.04150452002	3.48497772434
-8.08846626124	3.6196986935
-8.12968193648	3.73202001082
12.1859606205	-1.96721489465
12.3549558134	-1.88208842853
12.5549471527	-1.94270834241
12.9552573615	-2.05976791134
13.0964898604	-2.11600465029
13.1388358676	-2.11876832983
13.2915110877	-2.19492964792
13.4152623611	-2.27958340157
13.5307091379	-2.33882183013
13.7130906756	-2.46746193126
13.7964518094	-2.54864963097
13.8915034422	-2.64799857048
14.0066018077	-2.83558380143
14.0661049029	-2.95932222433
14.1435493064	-3.13785608978
14.1949351345	-3.21873398668
14.2618598291	-3.38297595014
14.210437224	-3.560904735
14.2759247898	-3.75905405934
14.3369629057	-3.98397165609
14.4820568034	-4.0946819396
14.6036157877	-4.35817961465
12.1859190937	-1.96721352634
12.1790137394	-2.19433065279
12.1700784456	-2.33313443628
12.2178721039	-2.62030877706
12.2329515286	-2.70248209918
12.251585908	-2.81615052634
12.2722943435	-3.0016597188
12.2868216686	-3.17200808993
12.2824368362	-3.37071596213
12.2815427686	-3.46463374739
12.3210820974	-3.62259126299
12.3749133296	-3.77488557115
12.421726818	-3.95245650844
12.477235113	-4.14060727602
12.5463741173	-4.32305048937
12.6005284704	-4.43186290101
12.7101368442	-4.56626737196
12.7512916343	-4.62600937699
12.8824233783	-4.78207201098
13.0520399771	-4.75166060928
13.2098952632	-4.81301831917
13.3865579093	-4.95789771527
13.5457448749	-5.02308591749
13.5872542075	-5.03986323041
13.6631927541	-5.06683727437
13.8376862649	-5.11658903233
14.0901872222	-5.20082586834
5.75232534198	-2.74554276361
5.71703366611	-2.51104436801
5.63918908999	-2.17827236222
5.51478680146	-1.80724358598
5.39535073871	-1.51591178109
5.29696857587	-1.29587276371
5.01174606127	-0.840757321673
4.89606222659	-0.696933973207
4.85963633955	-0.675213538958
4.5646084483	-0.38023700217
4.43666627822	-0.267188760891
4.27056298322	-0.116142580675
4.13176590726	0.00234205243382
5.87859553628	-4.29734431066
6.19820031449	-4.62979974316
6.32085398312	-4.84291633552
6.42548030945	-4.97153565901
6.51583334579	-5.09102343732
6.59245509208	-5.18367190207
6.75887797953	-5.36571111973
6.96418482457	-5.64150988257
7.02434475845	-5.77201337538
7.10745056338	-5.8978176215
7.26354855182	-6.11064995761
7.40834547513	-6.30068328914
7.53540049809	-6.44530126262
7.67989430262	-6.60064907466
7.81322093028	-6.72435540785
7.92585245277	-6.82525108166
8.03309514725	-6.91108279871
8.11735383711	-6.98844086523
8.24453242388	-7.06090787183
8.40254064	-7.16749339896
8.53570756386	-7.24287951529
8.67671834441	-7.31339761595
9.05613596448	-7.46838336939
9.17484689981	-7.51063380203
9.32621908986	-7.55431119214
9.55874388184	-7.61407027841
9.71409531171	-7.64928146604
9.8873276793	-7.67618769295
10.0023234963	-7.69459958924
10.1348861327	-7.70779677021
10.2533310213	-7.71988560313
10.4132012026	-7.72841611329
10.5012939749	-7.73200404633
10.5959658297	-7.73649709884
10.7969791147	-7.75223155482
10.8862970559	-7.75265127659
11.0237905901	-7.75570639383
11.1807537236	-7.74715698412
11.318239809	-7.74801510468
11.4467241095	-7.76074033802
11.6627389483	-7.78458065876
11.757245405	-7.78673296283
11.832735477	-7.78342176133
12.019822334	-7.78433997082
12.2156596063	-7.79579914838
12.344458038	-7.81131430714
12.5510163937	-7.81668313024
12.7110860908	-7.858030914
12.8162168564	-7.84814876559
12.9134463148	-7.78863287639
13.1106947892	-7.76489499898
13.2027942888	-7.76181573134
13.3315515806	-7.7529753537
13.4378170429	-7.75511379117
13.5994902201	-7.78579658664
13.7937398414	-7.8349148085
14.0120648749	-7.90499401477
14.137826263	-7.93142845664
14.2227295877	-7.92017474257
14.3795223309	-7.93096281608
14.536312653	-7.84829917294
14.6274106349	-7.82263228319
14.8370416886	-7.82336987014
14.9959919531	-7.7983395759
-0.0208394190069	-6.45257433322
0.136659213379	-6.18174905374
0.255375333518	-6.06565009328
0.487841368893	-5.93834199893
0.660820774091	-5.83494756239
0.909863430177	-5.72087086402
1.14222862676	-5.60320723246
1.34837669603	-5.48153691181
1.51573811219	-5.41019709324
1.6808357353	-5.37700550189
1.96403726585	-5.33148864541
2.23058675215	-5.26768956835
2.38544528563	-5.22856759341
2.44359924497	-5.20096306115
2.5071960549	-5.1762668286
2.53256060819	-5.16425596617
3.0784821145	-4.94632491501
3.50276535302	-4.7447892924
6.19938075627	-11.3151860882
6.34867613389	-11.6519994996
6.37152364234	-11.8395605603
6.39329478146	-12.0118956222
6.36441616166	-12.2489089286
6.34241402248	-12.4301168577
6.32840053076	-12.5501526675
6.32208586488	-12.5986785075
6.28190746115	-12.9585863325
6.19934666443	-11.3151665239
6.01478018865	-11.3146325603
5.85071927615	-11.33001596
5.70398867499	-11.3576200433
5.47342874367	-11.4113115132
5.27848263551	-11.441751217
5.03761445369	-11.5064300779
4.72442701325	-11.6153519891
4.52189979435	-11.6872063274
4.19644447669	-11.7960894965
3.90292480527	-11.8678552596
3.76642523213	-11.8780231606
3.66768293698	-11.8716541234
3.47444151042	-11.8325121961
3.22619837357	-11.7715076603
2.9482119848	-11.7313701652
2.79397078101	-11.7271055325
2.63447246465	-11.6182934812
2.51026210621	-11.5776460875
2.41791802862	-11.4385142065
2.22260589142	-11.2140227916
-1.13172717484	-10.8663590718
-0.751692274259	-10.9356896678
-0.665473268265	-11.0061242597
-0.421351843562	-11.0643287885
-0.230854068565	-11.0720008588
-0.0823959296771	-11.1407323595
0.185041001115	-11.1707778678
0.425352392453	-11.1977352244
0.568401915178	-11.2290347035
0.714864037083	-11.2394814651
0.886393820545	-11.2522388386
1.1142038899	-11.232563865
1.55341279379	-11.2427704061
1.80578117069	-11.2774863179
1.97951375534	-11.2223683359
2.22262168974	-11.2140162337
-1.37595002739	-14.2422258984
-1.23723996066	-14.1765076885
-1.0688085923	-14.1444071471
-0.84101583376	-14.0861969641
-0.630385012007	-14.0578334712
-0.467632911777	-14.0457277741
-0.0407185790741	-14.0121733411
0.0851695809306	-13.9849574973
0.21867463124	-13.9589583316
0.466699174043	-13.9396129527
0.718594168174	-13.9213360671
0.835092134838	-13.9138669831
1.04136220474	-13.9069753165
1.24257747369	-13.9001195739
1.46716375563	-13.9036061165
1.6151423184	-13.9073833021
1.78565591948	-13.9118299896
1.9800478925	-13.9161661319
2.14138804484	-13.9103642306
2.31289823762	-13.9128024848
2.5551224053	-13.9163251657
2.70797274034	-13.9119135197
2.96531457339	-13.9021352944
3.16576315319	-13.9057641214
3.34205551549	-13.9020147236
3.51037871051	-13.8893850821
3.67693498806	-13.8697170522
3.87461431789	-13.8431466513
4.07801709003	-13.8135005438
4.46226800377	-13.7227051282
4.5940977703	-13.6867499794
4.7265046654	-13.6460080883
4.91163637889	-13.5826074868
5.10367167341	-13.5539612973
5.34688276928	-13.4801312267
5.4820831644	-13.4115623622
5.61210703612	-13.3672915083
5.80703124747	-13.3119819877
6.12212046579	-13.0307147548
6.28189525274	-12.9585880882
-1.37597136486	-14.24217872
-1.48371470085	-14.1366144394
-1.58853776613	-14.0704777227
-1.68304611107	-13.9426955599
-1.76105759797	-13.8320919811
-1.80622536522	-13.7346005214
-1.89269990768	-13.640024286
-1.9903591001	-13.5194455141
-2.1220539446	-13.3157290464
-2.27793002664	-13.0608824118
-2.36746031239	-12.9214356962
-2.41907207498	-12.8441864896
-2.45569871239	-12.6858964859
-2.56172431828	-12.3907204279
-2.63549429792	-12.1142132193
-6.69475332841	-15.2277052679
-6.53646258842	-15.29967248
-6.48173965919	-15.4165652215
-6.43784164826	-15.5027205403
-6.4027596085	-15.6524877006
-6.26990638035	-15.7939203621
-6.14586600756	-15.889594369
-5.91100900048	-15.9919152238
-6.69473816772	-15.227689811
-6.8094880761	-15.1725319145
-7.01550699987	-15.0781058216
-7.11669113273	-15.0518937036
-7.35552558775	-14.9085735497
-7.5084811803	-14.8180678207
-7.64203848531	-14.7038172057
-7.78775260614	-14.585024288
-7.92030708256	-14.4660351514
-8.12344343728	-14.2991717483
-8.3966256304	-14.0310147295
-2.62118779043	-17.6596512936
-3.01822450288	-17.7538899391
-3.14621385422	-17.7179324204
-2.61852347168	-17.6582883568
-2.42480529829	-17.8232414187
-2.3578177109	-17.9496998368
-2.28109885895	-18.0019289061
-2.22108479489	-18.0675765899
-2.11097142961	-18.2319807487
-2.07021710536	-18.2828628534
-1.96231044033	-18.3920143121
-1.85628202047	-18.4912518472
-1.65130815334	-18.5526178854
-1.55843871539	-18.6420937459
-1.43088284809	-18.7551010798
-1.35020837685	-18.8428381028
-1.2150513488	-18.9340164472
-1.17911019983	-18.966934972
-1.0076906189	-19.165231102
-0.882521573761	-19.2933060912
-0.790354696196	-19.3772977509
-0.719524223776	-19.4839732886
-0.565308688845	-19.55620269
-0.504744163963	-19.610019586
-0.401837681135	-19.7400195471
-3.14621385418	-17.7179324204
-3.28424743892	-17.6084061604
-3.36067336955	-17.4998854931
-3.53315442683	-17.3666402114
-3.7647933361	-17.2590192749
-3.99300950449	-17.1463817791
-4.23285644779	-17.0670542702
-4.4383607262	-16.9583602266
-4.55609540581	-16.901186108
-4.65078272106	-16.853854929
-4.69184226655	-16.8173741302
-4.88039958695	-16.6822990612
-5.05550244254	-16.54674867
-5.14136800473	-16.4902104321
-5.18865789738	-16.4130042347
-5.3492831336	-16.2553164231
-5.50766115699	-16.224186758
-5.82821236689	-16.1902857006
-5.9109619475	-15.9918862432
-5.83051993475	-16.1918034142
-14.0075785461	10.0832091034
-14.0305560806	10.5110068028
-13.9942925632	10.8073834432
-13.9692230365	10.9251914149
-13.8872084741	11.1383569918
-13.8158131997	11.2953955008
-13.6720453574	11.363841201
-13.6371446095	11.4722200196
-13.5888812151	11.5902479514
-13.5310376045	11.7524019636
-13.4462819237	11.9969224738
-13.3368759867	12.2297631921
-13.3130651777	12.355468621
-13.2610686885	12.4902727887
-13.2304844954	12.5349812697
-13.087161429	12.7377024503
-12.9181495239	12.9653455379
-12.712546562	13.2305501751
-7.70876876676	18.2715435724
-7.50346477759	18.4719805991
-7.2023145685	18.7256734497
-6.96784198377	18.7809096746
-6.81554824479	18.8749079305
-6.72516092211	18.8879938792
-6.65558337959	18.8837033612
-6.38164989123	18.8611854423
-14.005825529	10.0807825484
-13.6892491059	10.1209148763
-13.5734822321	10.1179328489
-13.4145789321	10.1504784188
-13.2886443389	10.1932650585
-13.1131061114	10.2652192868
-13.0416465243	10.3210487821
-12.9726281898	10.3908288212
-12.8927684079	10.4469294664
-12.76876877	10.5378314703
-12.6474609031	10.6052628329
-12.6045394346	10.6569809658
-12.3570662856	10.8610906348
-12.2899589053	10.9237339113
-12.1514239476	11.0438964918
-12.0107271236	11.1722047065
-11.8155866113	11.4701780937
-11.3938294392	11.8821237666
-10.7972642148	12.4864372814
-10.5281661149	12.7377550022
-10.3120265215	12.9079613293
-9.97429533836	13.2396015885
-9.84992022766	13.3276145685
-9.61025407651	13.5320475346
-9.27843662293	13.6677432086
-8.98627424741	13.699158037
-1.52992775285	20.416664555
-1.80881461436	20.3491189668
-1.93467089708	20.311630922
-2.0801925316	20.2508942927
-2.19579703524	20.1937630042
-2.27946958635	20.1341290457
-2.35473145499	20.0824068333
-2.47807485789	19.9887620086
-2.67855284424	19.7724705386
-2.79093747546	19.5997524821
-2.86267594092	19.5467145198
-2.90197809159	19.4151329169
-2.91720722735	19.2232385378
-2.92719823164	19.1211220441
-2.92451562184	18.9880003552
-2.9264988659	18.8082398894
-2.91580176052	18.6548364767
-2.90564040981	18.5037718112
-2.90017859527	18.3886280105
-2.85066216628	18.1868348941
-2.80760048715	18.0873356143
-2.8117012267	17.9701239748
-2.76313544207	17.863170734
-2.76052284193	17.7518658564
-2.72513480942	17.51925923
-2.75608686501	17.4585056875
-2.80704427591	17.3406346075
-2.84105036385	17.2583574694
-2.8705452807	17.203540632
-2.95821492194	17.0920520102
-3.07661200944	16.95380345
-3.14543301463	16.8824114184
-3.22164482636	16.7947787403
-3.31369583406	16.7195774646
-3.40961878634	16.6450700901
-3.48975955434	16.5528842798
-3.51739027711	16.512427282
-3.60148313923	16.4455781542
-3.80067756989	16.2780929414
-3.96023119116	16.1997655434
-4.20889869398	15.9756787902
-4.32551203813	15.8730774412
-4.42557044008	15.7868141568
-4.58126359887	15.5991273722
-4.66775382482	15.4771931715
-4.73239198911	15.2976912575
-4.75960037962	15.0962784366
-4.75249238235	14.9422595586
-4.71164491788	14.8348344204
-4.71465079013	14.8118062905
-4.65929465305	14.7495448361
-4.75533979885	14.5344737429
16.8374114724	-0.640332282481
16.874912999	-0.451799989296
16.8457148239	-0.133569664073
16.8464940596	0.0590569724611
16.8261435112	0.325216461299
16.7984262252	0.559099738182
16.8004633092	0.69001956883
16.7425553445	0.947892993479
16.6973719495	1.16386676066
16.6767597074	1.38735894002
16.6495320588	1.53364265855
16.6174939079	1.83832275683
16.6119562278	1.8944291987
16.5841553071	2.14085273797
16.5411520989	2.36970366448
13.185628174	11.1885763473
13.0764900617	11.4227213496
12.988579424	11.5766871802
12.9251126642	11.701993494
12.9050940113	11.7487330224
12.7991469489	11.8863425971
12.7089512437	12.0252867053
12.6154604914	12.1268699963
12.4340466535	12.2403253117
4.13165958593	0.00241909903519
4.0158820539	-0.227167996354
3.92696046976	-0.328975207039
3.86467419042	-0.425655933389
3.82560562717	-0.514563487034
3.71900408861	-0.639744705102
3.55335115449	-0.86840603335
3.48737185176	-1.12176998365
3.52260079888	-1.2253460059
3.48744715623	-1.37809310139
3.49134044767	-1.44285332254
3.53860611184	-1.60266016744
3.64412537483	-1.78639004986
3.67818865665	-1.97842229634
-11.445071445	-8.08792532175
-11.4279257524	-7.81304995503
-11.5203522778	-7.48826604953
-11.5488576096	-7.40896074654
-11.5918202963	-7.34339587693
-11.5684537621	-7.26455752427
-11.617454541	-7.13300433073
-11.6794179055	-6.96438978114
-11.7582822381	-6.76938030251
-11.7886614477	-6.61849557119
-11.8159659145	-6.53467233528
-11.8534271529	-6.375052692
-11.8941558404	-6.19984099763
-11.9558358194	-5.98998830578
-13.9078840435	1.62621592433
-13.9921331146	1.95901716986
-13.9984104915	2.13214288911
-14.0322790093	2.39753439443
-14.0777490923	2.6025211895
-14.0899586464	2.68225764023
-14.1253667506	2.81440274715
-14.1466834606	2.89002305135
-14.1782129733	2.97043097499
-14.1467504216	3.13980872081
-14.118220866	3.24280543419
-14.1159106593	3.37990097349
-14.1322180585	3.57322930312
-14.2637853973	3.7617043007
9.18874919639	6.56149483598
9.10227129281	6.31162138124
9.09801099539	6.13132782065
9.06920409627	6.0123516099
9.01845206173	5.88565078994
8.92885012055	5.70173282383
8.84378508884	5.55490666621
8.77966814944	5.45061913277
8.57339498482	5.15994202661
8.4332956063	5.03854346484
8.30881086743	4.93249025118
8.25447729413	4.82847002795
8.15461417502	4.74813082622
7.96611004115	4.58511304124
7.84292959361	4.47093114721
7.76203961885	4.37703723892
7.691685499	4.26597887623
7.56707253229	4.14156475163
7.48281843267	4.05070733102
7.38605100116	3.92696601203
7.29657192029	3.7901728615
7.20141518441	3.64145445172
7.16461123185	3.58231572592
7.12190804094	3.47133170569
7.05288689461	3.3392419104
6.96481234754	3.1545580095
6.91190909837	3.03957050151
6.86043182493	2.8772760844
6.84031509653	2.81300872534
6.80259117247	2.7231255359
6.78191587663	2.58121579012
6.78089619492	2.40600499741
6.82641730708	2.10976349778
6.8397730082	2.00816958619
6.88535087791	1.87324472158
7.01756316063	1.65673642383
7.15229365863	1.48520498339
7.2545214246	1.39950864139
7.44526679604	1.26090102038
7.57977749428	1.16926366893
7.77547385466	1.11074386008
7.95827110025	1.0559153541
8.11441821253	1.01618610722
8.24304921721	0.986816628237
8.3698961775	0.966997940515
8.59937702979	0.916868323522
8.6933692097	0.909366679236
8.86835105314	0.899245469841
9.07100199891	0.878689169482
9.31713108893	0.840436925082
9.43420154286	0.84240206918
9.6398026285	0.864396907498
9.18877130498	6.56142500708
9.00449365763	6.76890430347
8.92167983968	6.91407696871
8.86433639573	6.98598050976
8.70512601617	7.15838656353
8.52831344282	7.39018141167
8.45044701069	7.52692531423
8.31967513371	7.69738764385
8.10976839498	7.83027099536
-6.38277486483	18.8627068439
-6.36180314665	18.637099075
-6.369669403	18.542461437
-6.37279836164	18.4193688923
-6.40294671728	18.2090723595
-6.42005354797	18.0668105583
-6.51073721576	17.9066109348
-6.5766735702	17.7998859591
-6.69450821526	17.6671304669
-6.79405264791	17.5040521278
-6.9354647029	17.2965866308
-7.05238773316	17.1299327178
-7.16009091051	16.9482258319
-7.19970006577	16.8824859704
-7.3126130048	16.7062018375
-7.46299304556	16.467461686
-7.5324821407	16.3354180469
-7.65059964721	16.1075996172
-7.81090410219	15.8583920643
-7.93509343554	15.6241358769
-8.03691627049	15.4404299417
-8.18222097134	15.1715449526
-8.53484668383	14.5396251168
-8.7032753548	14.3147187633
-8.80059582434	14.0882804041
-8.85700136534	14.0061768933
-8.95268407802	13.9520256889
-8.98621779239	13.6991769479
-1.05186184888	-0.137157276627
-1.12082638834	-0.535376731403
-1.15230602787	-0.609557400202
-1.23356904053	-0.894406721113
-1.37072325745	-1.28060333753
-1.47584492598	-1.48868336618
-1.51002788849	-1.61186051108
-1.494267114	-1.73907053139
-1.53567999879	-1.88478883879
-1.59787493001	-1.96859436765
-1.6889306823	-2.06310076198
-1.82853297417	-2.17219272341
-1.91792948993	-2.23579487461
-2.04926446271	-2.32266086038
-2.29936141977	-2.42815046236
-2.49551582888	-2.54257803969
-2.69411435263	-2.67238607698
-2.91164890366	-2.85555953621
-1.05177813148	-0.137100306168
-1.11275359924	0.195765183277
-1.14106409004	0.416484186906
14.0902635282	-5.20074952492
14.2422033387	-4.98106207295
14.3246347013	-4.78062339743
14.3862072472	-4.71951656855
14.4978412328	-4.58621657244
14.6036157877	-4.35817961465
14.9959846838	-7.79833752382
15.1580833866	-7.61776196829
15.272213568	-7.33429617285
15.3018593549	-7.2868811773
15.2989172836	-7.24547561684
15.2406022792	-7.15034614104
15.3480443971	-7.06806859942
15.397901123	-6.93462507945
15.4110470966	-6.87389117468
15.4505750353	-6.794399271
15.5031569764	-6.74325748214
15.552348679	-6.65675905736
15.5901485897	-6.59529101872
15.6006004056	-6.49855662487
15.6594628425	-6.33299865557
15.7023412821	-6.12694940056
15.6634962939	-5.96572751863
15.495470474	-5.85029367706
12.2035645128	5.86434431521
12.0461697255	6.12241886387
11.9630854592	6.2485605957
2.57993778302	2.58972340754
2.43186099117	2.57839644212
2.26982887906	2.59117649777
2.14064343793	2.59080179068
2.02140144621	2.55423855564
1.86996819121	2.51012580161
1.67990452249	2.48216026288
1.51604160274	2.48762653187
1.37671954735	2.42255269107
1.19032031275	2.33606494865
1.07080596062	2.2856663989
0.910114101821	2.19430658612
0.654823373141	2.04228664117
0.567722517333	1.97537285773
0.424895849484	1.88248062295
0.219693981548	1.70872073387
0.0967027074953	1.58258839457
-0.0804352197312	1.39827953828
-0.23621909135	1.29604785901
-0.541797489444	1.05070071192
-0.688139020431	0.920553734093
-0.863243075133	0.796553434259
-0.98521260248	0.711116577372
-1.14106409004	0.416484186906
-11.0166510297	8.4876625793
-11.0310332189	8.30806696234
-11.0509937801	8.19405438292
-11.0873025611	8.0580101572
-11.1340245754	7.95245710494
-11.2005965973	7.75942798077
-11.2494380037	7.57489196086
-11.275090504	7.51649051181
-11.3177108726	7.36564317772
-11.3510352896	7.27230075173
-11.466688709	7.02258427565
-11.5358780592	6.83599234203
-11.597425022	6.71148586689
-11.6764668026	6.54256017241
-11.7534299765	6.40668942028
-11.8028800854	6.24099847088
-11.8443512211	6.11565264731
-11.8976686746	5.96533591681
-11.9218168122	5.89615691875
-11.9708008422	5.77752834779
-12.0572569845	5.59480102054
-12.1072155525	5.51115141675
-12.17927958	5.40652800182
-12.2487649307	5.29596323222
-12.2987604168	5.2139436716
-12.3377446635	5.16368290338
-12.4098543091	5.08182376947
-12.5616560809	4.89822734357
-12.6488875078	4.80493975918
-12.7216125724	4.7333905316
-12.7662315903	4.69182802101
-12.8896242992	4.59527467553
-12.9817178793	4.52612631329
-13.0342961892	4.47901030768
-13.1688476166	4.42796303605
-13.1978565548	4.36481087772
-13.2920123999	4.26431932323
-13.5085532667	4.15882720786
-13.590448989	4.05562458113
-13.7150783407	3.95982995332
-13.7893202778	3.85009878304
-13.9185992258	3.77316229747
-14.0687437393	3.74263778038
-14.2608800986	3.76074242068
