2146 0 2061
-8.81034 -35.0341 -0.534635
-8.43303 -34.6873 -0.488679
-8.1881 -34.4298 -0.377576
-7.74931 -33.8922 -0.160178
-7.62121 -33.3737 0.00170159
-7.57183 -33.0742 0.097377
-7.55534 -32.7955 0.207988
-7.59044 -32.4167 0.348126
-7.64176 -32.1359 0.448556
-7.77448 -31.7081 0.59651
-8.04488 -31.1373 0.777863
-8.28281 -30.7127 0.903178
-8.40255 -30.4961 0.931767
-8.79651 -30.0172 1.09484
-19.7477 -33.6912 -2.6963
-19.5428 -34.1364 -2.09415
-19.3859 -34.5112 -1.49982
-19.2957 -34.6401 -1.20275
-19.0143 -34.8359 -0.667238
-18.8344 -34.9631 -0.313918
-18.4946 -35.1162 0.232146
-18.1505 -35.2621 0.770354
-17.921 -35.3314 1.0807
-17.7138 -35.3784 1.34572
-17.4053 -35.4335 1.71764
-17.0555 -35.4783 2.10794
-16.4747 -35.5087 2.58839
-16.2179 -35.5131 2.78443
-15.9114 -35.5125 3.01078
-15.6902 -35.5081 3.17892
-15.2454 -35.4973 3.51923
-14.4383 -35.4842 4.11816
-14.227 -35.4753 4.27749
-14.0472 -35.4566 4.42552
-13.775 -35.4216 4.65195
-13.4617 -35.3676 4.94348
-13.2404 -35.3273 5.15325
-12.7923 -35.343 5.2866
-13.1337 -21.4092 11.4269
-13.1197 -21.4065 11.4133
-13.0776 -21.3982 11.3724
-4.95134 -20.6237 7.09829
-5.03056 -20.8423 7.70803
-5.11413 -21.0355 8.22844
-5.15895 -21.0366 8.71556
-5.20413 -21.0764 8.99006
-5.26275 -21.0868 9.40132
-5.33799 -20.8936 10.0738
-5.3843 -20.7585 10.5112
-5.40172 -20.7094 10.664
-5.47351 -20.4992 11.2879
-5.52431 -20.347 11.6874
-5.56888 -20.2298 11.9764
-5.59617 -20.0403 12.316
-5.62643 -19.9156 12.541
-5.76164 -19.6619 12.9849
-5.92647 -19.3457 13.5228
-6.09804 -18.997 14.0917
-6.21432 -18.8036 14.3548
-6.34436 -18.3318 14.8783
-7.8119 -18.3989 15.9405
-8.65383 -19.0614 15.6086
-9.00381 -19.2531 15.4801
-9.46141 -19.5085 15.2642
-9.95238 -19.634 15.0166
-10.5097 -19.7956 14.6626
-10.9111 -19.7927 14.2952
-11.4247 -19.7461 13.7959
-11.5465 -19.7496 13.5861
-11.3592 -16.9651 -3.79972
-11.0633 -15.9236 -4.25107
-10.9417 -15.4027 -4.48091
-10.8756 -15.1246 -4.62314
-10.7969 -14.8652 -4.78298
-10.7322 -14.5826 -4.94123
-10.654 -14.1948 -5.17037
-10.5861 -13.8084 -5.40459
-10.5387 -13.5295 -5.5769
-10.4975 -13.2396 -5.7698
-10.4439 -12.7797 -6.10201
-10.4194 -12.4905 -6.32284
-10.4018 -12.2111 -6.55009
-10.3846 -11.7734 -6.91616
-10.3935 -11.4376 -7.25059
-10.4074 -11.1153 -7.57555
-10.4222 -10.8632 -7.83147
-10.4349 -10.5868 -8.1059
-10.4474 -10.3076 -8.38174
-10.4797 -9.9975 -8.72522
-10.5107 -9.8024 -8.95896
-10.5616 -9.52837 -9.29562
-10.6163 -9.30144 -9.58932
-10.679 -8.97133 -9.99117
-10.7518 -8.75425 -10.3064
-10.8086 -8.50719 -10.6133
-11.1749 -7.71792 -11.8392
-11.2963 -7.52157 -12.1692
-11.4809 -7.24051 -12.6458
-11.6037 -7.07826 -12.9288
-11.7857 -6.87607 -13.3
-11.9642 -6.70643 -13.6202
-12.3202 -6.43584 -14.178
-12.6084 -6.1977 -14.6449
-12.808 -6.02866 -14.9511
-12.9407 -5.91052 -15.1577
-13.418 -5.48232 -15.8902
-3.97696 -14.9885 5.04701
-3.98439 -14.6955 4.65993
-3.98578 -14.4368 4.37861
-3.99585 -14.296 4.15105
-4.02084 -14.0973 3.8375
-4.03414 -13.8459 3.53568
-4.05496 -13.6604 3.29671
-4.09904 -13.2299 2.75409
-4.10617 -13.0134 2.565
-4.11478 -12.7126 2.32169
-30.6556 -10.7082 -3.71234
-30.6362 -10.9058 -4.51369
-30.6355 -11.1305 -4.87798
-30.6161 -11.4694 -5.37404
-30.5889 -11.8779 -5.84829
-30.5617 -12.3184 -6.09453
-30.4449 -12.7391 -6.36079
-30.2996 -13.2251 -6.58181
-30.1359 -13.7623 -6.79499
-29.9685 -14.282 -6.97577
-29.8185 -14.7816 -7.05356
-29.6748 -15.2322 -7.13328
-29.5015 -15.82 -7.18135
-29.4008 -16.1527 -7.21425
-29.2121 -16.7771 -7.27545
-29.0517 -17.3067 -7.31228
-28.9197 -17.7245 -7.33863
-28.7865 -18.1174 -7.36997
-28.6792 -18.4305 -7.39604
-28.5654 -18.7449 -7.42835
-28.4159 -19.1212 -7.47768
-28.2395 -19.4916 -7.55949
-28.0487 -19.8883 -7.63445
-27.6329 -20.2922 -7.90708
-27.3239 -20.6483 -8.07257
-26.8594 -21.0037 -8.36357
-26.6125 -21.1677 -8.48613
-26.1013 -21.4878 -8.74958
-25.6343 -21.6276 -9.04241
-24.0542 -8.77658 13.1644
-24.3466 -9.23388 12.6848
-24.7891 -9.57902 12.0101
-25.0342 -9.78125 11.6297
-25.2813 -9.95479 11.2494
-25.6536 -10.1182 10.5157
-25.8184 -10.1883 10.1813
-26.0337 -10.2352 9.69652
-26.2394 -10.2535 9.20386
-26.3578 -10.25 8.90815
-26.5558 -10.2044 8.37564
-26.6678 -10.1733 8.06973
-26.7728 -10.1386 7.77964
-26.9022 -10.0854 7.41466
-27.1141 -9.97531 6.79411
-27.2121 -9.89905 6.53688
-27.2818 -9.84919 6.26837
-27.4217 -9.70056 5.92874
-27.5464 -9.5587 5.59824
-27.8533 -9.11513 4.85141
-27.9871 -8.91981 4.53644
-28.1506 -8.68359 4.15668
-28.2816 -8.46792 3.82265
-28.4657 -8.14344 3.39406
-28.6383 -7.81511 3.03464
-28.8107 -7.45766 2.72266
-28.9113 -7.23538 2.51721
-28.997 -7.0331 2.33744
-29.1441 -6.65402 1.97762
-29.3165 -6.17746 1.51992
-29.4301 -5.40256 0.942397
-29.4864 -5.03964 0.63785
-29.4764 -4.66202 0.376246
-29.4578 -4.26845 0.108836
-29.4382 -3.97808 -0.0897782
-29.4273 -3.83519 -0.187385
-29.3919 -3.43661 -0.459727
-29.3776 -3.30058 -0.553073
-29.3275 -2.8604 -0.856165
-29.2859 -2.5598 -1.06933
-29.245 -2.31093 -1.24736
-29.1982 -2.02996 -1.45489
-29.1727 -1.84487 -1.60335
-29.094 -1.45847 -1.89277
-29.0177 -1.12119 -2.13621
-28.9744 -0.902897 -2.3138
-28.9246 -0.519254 -2.7023
-28.8602 -0.152113 -3.04646
-28.8172 0.191297 -3.42192
-28.7683 0.567962 -3.83519
-28.7419 0.870322 -4.21768
-28.7257 1.07905 -4.48282
-28.6892 1.43629 -4.94376
-28.6622 1.69407 -5.27351
-28.633 1.90251 -5.5221
-28.5957 2.12539 -5.76676
-28.5799 2.29946 -6.01796
-28.5449 2.55232 -6.34729
-28.5182 2.76386 -6.6324
-28.4689 3.14266 -7.14021
-28.4576 3.22359 -7.24964
-28.4014 3.5419 -7.62571
-28.3169 3.89121 -7.93589
-28.2707 4.10154 -8.16164
-28.2262 4.29443 -8.36275
-28.1517 4.61622 -8.69799
-28.0914 4.87662 -8.96926
-28.0562 5.02753 -9.12586
-27.968 5.40552 -9.51966
-27.8988 5.67202 -9.78342
-27.812 5.9682 -10.0066
-27.6696 6.4351 -10.3385
-27.5843 6.70281 -10.5193
-27.4412 7.14246 -10.8193
-27.3697 7.3507 -10.9491
-27.2139 7.78379 -11.2149
-27.0851 8.13104 -11.4278
-26.9851 8.377 -11.5713
-26.8032 8.80136 -11.8156
-26.7094 9.02383 -11.9467
-26.539 9.43661 -12.1917
-26.4264 9.67927 -12.331
-26.2261 10.0789 -12.5592
-26.1698 10.1899 -12.6227
-25.9864 10.5299 -12.8181
-25.8643 10.7466 -12.9435
-25.6961 11.0389 -13.114
-25.3932 11.519 -13.4013
-25.1247 11.8778 -13.6262
-24.656 12.4467 -13.9929
-24.4401 12.6843 -14.1496
-24.2668 12.8715 -14.2732
-23.995 13.1536 -14.4603
-23.7865 13.3518 -14.5908
-23.6419 13.4858 -14.6787
-23.4553 13.6455 -14.7809
-23.1645 13.878 -14.9251
-22.901 14.0711 -15.0373
-22.6106 14.2654 -15.1401
-22.3922 14.4058 -15.2127
-21.9981 14.6297 -15.2877
-21.6408 14.8134 -15.3253
-21.2172 15.0089 -15.3502
-20.7716 15.1918 -15.3282
-20.3869 15.3228 -15.1454
-25.6518 -7.92192 -15.2771
-25.6451 -8.7462 -14.9391
-25.5768 -9.15139 -14.8251
-25.4737 -9.66599 -14.6897
-25.376 -10.1502 -14.5621
-25.2922 -10.5829 -14.4439
-25.1734 -11.1878 -14.2801
-25.0682 -12.0226 -13.9856
-25.0165 -12.4152 -13.8495
-24.9538 -12.8901 -13.6847
-24.929 -13.0768 -13.6198
-24.8835 -13.4177 -13.501
-24.814 -13.9134 -13.329
-24.8001 -14.4291 -13.1147
-24.7973 -14.7954 -12.9604
-24.7163 -15.3585 -12.7471
-24.6565 -15.8519 -12.5549
-24.6509 -15.9507 -12.5114
-24.6393 -16.5201 -12.244
-24.6293 -17.0733 -11.9813
-24.6208 -17.4229 -11.8149
-24.6059 -17.866 -11.5967
-24.5805 -18.4475 -11.3058
-24.5709 -18.6887 -11.1825
-24.5416 -19.0511 -10.9942
-24.4953 -19.6568 -10.6783
-24.4208 -20.1973 -10.4078
-6.6686 -7.70225 19.9266
-6.83331 -8.11964 20.089
-6.99731 -8.5749 20.2565
-7.13002 -9.01736 20.3989
-7.24461 -9.37123 20.5164
-7.37605 -9.70979 20.6133
-7.5701 -10.1136 20.7106
-7.70724 -10.3655 20.7627
-7.91255 -10.7538 20.8138
-8.10975 -11.088 20.8454
-8.3196 -11.4333 20.8712
-8.4824 -11.6829 20.8585
-8.69667 -11.969 20.8339
-8.85282 -12.1755 20.8028
-9.29672 -12.7507 20.7083
-9.53144 -13.0871 20.5758
-9.82122 -13.4779 20.4291
-10.3199 -13.8601 20.1678
-5.81251 -5.35725 -9.16345
-5.80136 -5.24452 -9.25172
-5.77731 -5.00542 -9.43866
-5.76401 -4.86971 -9.54179
-5.73511 -4.57642 -9.75828
-5.70756 -4.30338 -9.95764
-5.68664 -4.10567 -10.1001
-5.66665 -3.92597 -10.2284
-5.60354 -3.41885 -10.5848
-5.55985 -3.10394 -10.8033
-5.51215 -2.80084 -11.0114
-5.49977 -2.72566 -11.0623
-5.44847 -2.42367 -11.2645
-16.7136 -6.27756 18.6714
-16.8158 -7.08642 18.528
-16.8106 -7.28874 18.511
-16.7907 -7.52176 18.4988
-16.6 -8.15923 18.5406
-16.304 -9.00527 18.6228
-16.0046 -9.60639 18.7528
-15.909 -9.80427 18.7876
-15.7484 -10.1494 18.8399
-15.5408 -10.4503 18.9444
-15.3529 -10.7028 19.0346
-15.1179 -11.0625 19.1254
-14.883 -11.3027 19.2418
-14.5068 -11.6577 19.3897
-14.296 -11.8561 19.4675
-13.9702 -12.1481 19.5773
-13.659 -12.4108 19.6722
-13.5253 -12.5174 19.7089
-13.0768 -12.8607 19.8237
-12.7678 -13.0771 19.8934
-12.1768 -13.4507 19.998
-11.427 -13.8001 20.0509
-10.9823 -13.7696 20.1209
-10.3199 -13.8601 20.1678
-2.71028 -3.44135 9.32973
-2.73202 -3.07915 9.42192
-2.75192 -2.75413 9.50671
-2.76548 -2.51022 9.5613
-2.78478 -2.19423 9.64109
-2.81213 -1.80824 9.74477
-2.85384 -1.3289 9.85801
-2.86285 -1.23335 9.87817
-2.90638 -0.740067 9.9641
-2.93866 -0.323395 10.02
-2.96512 -0.0422223 10.0658
-3.00179 0.339434 10.1255
-3.02747 0.606208 10.1645
-3.06828 1.04851 10.2204
-3.09346 1.31844 10.2518
-3.12905 1.7059 10.2927
-3.16162 2.17744 10.3175
-3.18706 2.5415 10.3341
-3.21204 3.07642 10.332
-3.22508 3.63923 10.3026
-3.22709 3.98191 10.2734
-3.22561 4.32281 10.2374
-3.22279 4.56821 10.2081
-3.20941 5.05855 10.1347
-3.19795 5.37075 10.0822
-3.17976 5.79727 10.0052
-3.1505 6.3348 9.89449
-3.13143 6.65718 9.82492
-3.10658 7.1161 9.7262
-3.09595 7.4814 9.65505
-3.11097 7.95763 9.59718
-3.13017 8.20663 9.57683
-3.1415 8.42226 9.54679
-3.11769 8.86645 9.42386
-3.12434 9.40719 9.31336
-3.13106 9.93334 9.20276
-3.13523 10.3159 9.11978
-3.14082 10.5676 9.06411
-3.14371 10.8489 8.99671
-3.14251 11.2679 8.88689
-3.14366 11.5993 8.80211
-3.14921 11.9991 8.69824
-3.14972 12.1788 8.64834
-3.14773 12.46 8.56468
-3.15321 12.9329 8.42949
-3.15573 13.3692 8.29821
-3.15863 13.8679 8.14305
-3.15949 14.1811 8.03699
-3.16002 14.3902 7.96537
-3.15999 14.6939 7.85999
-3.1612 14.9824 7.75722
-3.16167 15.3311 7.62516
-3.16841 15.9727 7.38128
-3.16832 16.2863 7.25481
-3.16821 16.5829 7.12838
-3.16982 16.7944 7.03687
-3.17408 17.1066 6.90167
-3.18275 17.5725 6.69382
-3.18658 17.9727 6.50571
-3.19662 18.4224 6.28888
-3.21169 18.7821 6.12152
-3.22721 19.1473 5.94186
-3.23807 19.3814 5.82208
-3.26009 19.8662 5.56531
-3.30584 20.3586 5.32057
-3.33794 20.6767 5.15668
-3.35761 21.0915 4.90168
-3.3816 21.4839 4.65405
-3.41478 21.8306 4.44967
-3.45265 22.1789 4.24618
-3.49675 22.7018 3.90954
-3.50158 23.007 3.66322
-3.50559 23.2373 3.47845
-3.50418 23.4414 3.30441
-3.50839 23.591 3.18362
-3.51644 23.9478 2.90687
-3.51688 24.1143 2.77001
-3.52068 24.2744 2.64233
-3.49963 24.6439 2.27641
-3.49258 24.8874 2.06074
-3.49267 24.9836 1.97906
-3.47675 25.3583 1.62448
-3.47228 25.8078 1.26241
-3.47015 26.1904 0.963054
-3.4635 26.4794 0.71495
-3.46765 26.8841 0.427296
-3.4701 27.1815 0.209819
-3.47444 27.4649 0.0100586
-3.48891 27.9531 -0.313278
-3.50323 28.3769 -0.591901
-3.52783 28.8974 -0.918512
-3.54021 29.1215 -1.0552
-3.54972 29.2828 -1.15236
-3.56529 29.5231 -1.2947
-3.59812 29.9902 -1.56632
-3.61772 30.2181 -1.69259
-3.66936 30.7834 -1.99874
-3.70913 31.1775 -2.20692
-3.76749 31.5123 -2.35771
-4.09611 32.4122 -2.62692
-4.31159 32.9581 -2.79816
-4.78972 33.6487 -2.98569
-5.11201 33.8835 -3.05872
-5.2414 33.97 -3.10593
-5.6778 34.2312 -3.40227
-28.0357 -1.86638 -12.808
-28.0691 -2.38639 -12.8869
-28.0699 -2.56627 -12.9359
-28.0637 -3.32671 -13.1819
-28.0458 -4.31789 -13.5417
-28.0299 -4.50919 -13.6083
-28.0016 -4.65653 -13.6593
-27.8815 -5.08101 -13.807
-27.6135 -5.78458 -14.0628
-27.3415 -6.34146 -14.2713
-26.9761 -6.93694 -14.5042
-26.5618 -7.32188 -14.7261
-26.5143 -7.36663 -14.7498
-26.1332 -7.69884 -14.9486
-25.6518 -7.92192 -15.2771
-26.3945 1.70953 -16.2628
-26.6891 1.35367 -15.8164
-26.8815 1.20321 -15.5264
-26.9217 1.15794 -15.4632
-26.9876 1.06951 -15.3551
-27.1903 0.725552 -14.9799
-27.3308 0.452295 -14.6977
-27.4298 0.23507 -14.4834
-27.5931 -0.151835 -14.1068
-27.7512 -0.562763 -13.7181
-27.7658 -0.604893 -13.6796
-27.881 -0.973159 -13.354
-27.9445 -1.29087 -13.1311
-28.0357 -1.86638 -12.808
-12.4711 3.77984 -20.7474
-12.7572 2.98142 -20.5535
-13.084 2.15321 -20.3445
-13.3707 1.52891 -20.1793
-13.6932 1.0014 -20.0508
-14.1013 0.415946 -19.909
-22.0355 8.33323 -6.51812
-21.9595 8.55894 -6.69065
-21.8749 8.79633 -6.87238
-21.7619 9.09161 -7.09904
-21.6798 9.2964 -7.25625
-21.5666 9.57171 -7.46754
-21.4229 9.8977 -7.71843
-21.1834 10.4219 -8.12218
-21.0307 10.7479 -8.37329
-20.9366 10.9471 -8.52675
-20.8137 11.2034 -8.72425
-20.7811 11.2707 -8.7762
-20.6319 11.5754 -9.0114
-20.493 11.8582 -9.22997
-20.3765 12.0944 -9.41292
-20.1743 12.5047 -9.73243
-20.0305 12.7988 -9.96202
-19.829 13.2179 -10.2907
-19.6318 13.6382 -10.6218
-19.5387 13.8451 -10.7856
-19.4704 14.0074 -10.9149
-19.3481 14.3102 -11.157
-19.2195 14.6184 -11.3557
-18.8057 15.5909 -11.8165
-4.5565 8.45376 -12.4939
-4.5565 8.4538 -12.4939
-4.5565 8.4539 -12.4939
-21.6787 9.1791 -20.1263
-21.5819 9.17447 -20.2054
-14.0137 13.2469 -20.4018
-14.4154 13.0679 -20.681
-14.8578 12.8876 -20.9533
-15.3357 12.7129 -21.1468
-16.4277 12.2416 -21.5919
-17.1277 11.8885 -21.7142
-17.5304 11.6502 -21.7353
-17.939 11.3914 -21.704
-18.459 11.0644 -21.5686
-18.7361 10.8863 -21.4855
-19.1132 10.6624 -21.3593
-19.5577 10.4283 -21.1944
-19.8694 10.2495 -21.0686
-20.2197 10.0522 -20.9181
-20.543 9.85045 -20.7613
-20.877 9.63671 -20.5944
-20.9955 9.55291 -20.535
-21.2758 9.3331 -20.3912
-21.5819 9.17447 -20.2054
-6.37118 16.1211 15.0131
-6.12333 16.5249 14.7968
-6.05436 16.7807 14.684
-5.96119 17.0586 14.5558
-5.72879 17.7857 14.2233
-5.6648 18.0087 14.1203
-5.56015 18.3609 13.9532
-5.43445 18.9181 13.6935
-5.36738 19.3786 13.4826
-5.33723 19.6894 13.3407
-5.32496 20.1013 13.1511
-5.34726 20.7835 12.8346
-5.39033 21.2093 12.6343
-5.44543 21.599 12.4488
-5.51935 21.9782 12.2649
-5.58059 22.2751 12.1191
-5.6809 22.6031 11.9515
-5.83498 23.0177 11.7328
-5.98898 23.4266 11.519
-6.13564 23.6973 11.3729
-6.51413 24.2672 11.0191
-6.66985 24.5105 10.8657
-6.96683 24.97 10.5719
-7.24952 25.7688 10.0175
-17.9005 17.3412 -11.9666
-17.3407 17.269 -11.9349
-16.7182 17.3834 -11.9161
-16.2428 17.4012 -11.8997
-15.5607 17.3325 -11.8704
-14.742 17.2518 -11.8297
-13.8065 17.1558 -11.7799
-13.4952 17.1239 -11.7629
-13.1561 17.0899 -11.7437
-12.9139 17.0682 -11.729
-12.7468 17.0544 -11.7185
-12.4599 17.0322 -11.6999
-11.9362 17.0032 -11.6643
-11.5029 16.9938 -11.6331
-10.7832 17.0022 -11.5779
-10.056 17.0476 -11.5142
-9.71472 17.0801 -11.4806
-9.1189 17.1679 -11.4088
-8.50492 17.3126 -11.3109
-7.93474 17.4782 -11.2026
-7.69225 17.5595 -11.1477
-7.31396 17.7269 -11.0112
-6.81586 17.9782 -10.8293
-6.47088 18.1581 -10.7034
-5.68737 18.6077 -10.4185
-5.30572 18.788 -10.27
-5.00137 19.0621 -10.1609
-4.76696 19.2393 -10.0715
-4.6821 19.6783 -10.0795
-4.62566 20.0162 -10.0865
-4.61438 20.1469 -10.0935
-4.57993 20.526 -10.1096
-4.45995 21.1975 -10.1033
-4.2066 22.6901 -10.0801
-4.18066 23.2318 -10.1061
-4.17796 23.6923 -10.1369
-4.23 24.1249 -10.2079
-4.18211 24.6485 -10.1845
-4.14682 25.1688 -10.1522
-4.14655 25.6864 -10.1396
-4.15158 26.1986 -10.1211
-4.14211 26.582 -10.0742
-4.13359 26.9681 -10.0276
-4.14022 27.4043 -9.97661
-4.16361 27.9182 -9.91932
-4.24858 28.4712 -9.87405
-4.2918 28.7752 -9.84345
-4.33521 29.052 -9.82031
-4.37795 29.3157 -9.79117
-4.49489 30.0158 -9.69888
-4.62837 30.7683 -9.56679
-4.68318 31.0374 -9.49506
-4.73486 31.2744 -9.41875
-4.77798 31.4425 -9.35295
-4.90156 31.9114 -9.13587
-4.94894 32.0796 -9.05178
-5.03009 32.3607 -8.88891
-5.10492 32.5444 -8.78352
-5.19356 32.7827 -8.62245
-5.34809 33.0425 -8.3577
-5.50817 33.3407 -8.01551
-5.63763 33.5759 -7.73555
-5.73849 33.7625 -7.50082
-5.85212 33.9331 -7.2672
-6.01266 34.0332 -7.10941
-6.11301 34.0836 -7.00648
-6.38004 34.2099 -6.7415
-7.11357 34.5232 -6.26822
-21.6008 25.4093 -2.91298
-21.9224 25.1514 -3.39217
-22.0641 25.052 -3.714
-22.3739 24.7678 -4.42123
-22.5836 24.5351 -4.99097
-22.692 24.3884 -5.33558
-22.7814 24.2568 -5.63135
-22.8947 24.043 -6.07494
-22.9908 23.8088 -6.51449
-23.0667 23.5884 -6.90193
-23.126 23.3973 -7.22275
-23.1596 23.2447 -7.44059
-23.2025 23.0234 -7.73555
-23.2326 22.8379 -7.95675
-23.2848 22.481 -8.35784
-23.33 22.1406 -8.73497
-23.4191 21.54 -9.26563
-23.468 21.1534 -9.57738
-23.4835 20.8048 -9.84153
-23.5614 20.433 -10.042
-11.1937 -23.1882 -3.89203
-10.9637 -22.6252 -3.64848
-11.0137 -22.0155 -3.71316
-11.0187 -21.6223 -3.72479
-11.0236 -21.1185 -3.73546
-11.0326 -20.6698 -3.74513
-11.0421 -20.4044 -3.75011
-11.0516 -20.2058 -3.75371
-11.1327 -19.1072 -3.7683
-11.1905 -18.3768 -3.78067
-11.2548 -17.7681 -3.78188
-11.2887 -17.4928 -3.78926
-11.3592 -16.9651 -3.79972
-30.6302 -12.9781 0.0792448
-30.7594 -13.4094 -0.294851
-30.8344 -14.0635 -0.278934
-30.8888 -14.5871 -0.477276
-30.9428 -15.23 -0.659261
-30.9651 -15.6056 -0.754356
-30.9346 -16.0033 -0.891204
-30.8835 -16.4709 -1.04845
-30.8024 -17.0674 -1.25462
-30.7605 -17.3323 -1.34558
-30.671 -17.7874 -1.49188
-30.5922 -18.0757 -1.52233
-30.5094 -18.3709 -1.54668
-30.3738 -18.8524 -1.58629
-30.2787 -19.1733 -1.59078
-30.2102 -19.3965 -1.57908
-30.1415 -19.5767 -1.52245
-29.9917 -19.9592 -1.37877
-29.9179 -20.1482 -1.31027
-29.8455 -20.3343 -1.24415
-29.6296 -20.8823 -1.03939
-29.4591 -21.248 -0.861828
-29.293 -21.5919 -0.670104
-29.0558 -22.0822 -0.39618
-28.7833 -22.6402 -0.0847347
-28.7833 -22.6402 -0.0847347
-28.4642 -23.4807 -0.257096
-28.3283 -23.8679 -0.420149
-28.166 -24.319 -0.582926
-28.0447 -24.6505 -0.693235
-27.955 -24.8864 -0.76709
-27.6556 -25.5143 -0.920577
-27.2503 -26.2878 -1.06777
-26.9405 -26.8589 -1.16577
-26.5238 -27.5802 -1.24874
-26.1616 -28.1765 -1.29283
-25.7142 -28.8956 -1.32092
-25.475 -29.2113 -1.39925
-25.1274 -29.6506 -1.50499
-24.7569 -30.0754 -1.62115
-24.6137 -30.2377 -1.66505
-24.1081 -30.82 -1.83657
-23.5609 -31.3076 -1.95237
-23.343 -31.5027 -2.00281
-22.9623 -31.8335 -2.08738
-22.6517 -32.0945 -2.15548
-22.324 -32.3564 -2.2211
-21.9253 -32.6625 -2.3072
-21.7553 -32.7885 -2.3375
-21.3111 -33.0879 -2.40208
-20.8384 -33.3714 -2.44376
-20.5118 -33.4472 -2.54625
-20.1397 -33.5592 -2.63108
-19.7477 -33.6912 -2.6963
-3.55713 -12.7916 12.3571
-3.55468 -13.2059 11.6609
-3.5523 -13.3362 11.3829
-3.54379 -13.4877 10.9587
-3.53328 -13.5887 10.5619
-3.52509 -13.7093 10.1286
-3.51853 -13.9143 9.44006
-3.52409 -14.1723 8.62378
-3.55832 -14.319 8.03178
-3.59375 -14.4154 7.62705
-3.62879 -14.4707 7.36572
-3.69648 -14.5628 6.8825
-3.76181 -14.6515 6.42174
-3.8644 -14.799 5.72181
-3.97696 -14.9885 5.04701
-21.6733 -10.2135 15.2783
-21.4097 -10.2951 15.4809
-21.0814 -10.5267 15.6867
-20.6721 -10.7982 15.9183
-20.1712 -11.1634 16.153
-19.9989 -11.2888 16.2303
-19.6215 -11.5671 16.3784
-19.2156 -11.8874 16.5117
-18.6935 -12.3208 16.6594
-18.3838 -12.6078 16.7207
-18.2123 -12.7733 16.7497
-17.8541 -13.1634 16.7828
-17.7036 -13.3368 16.7918
-17.3822 -13.7161 16.8067
-17.2053 -13.9528 16.8038
-17.0023 -14.2521 16.7923
-16.7267 -14.7917 16.7404
-16.5557 -15.2327 16.6802
-16.5386 -15.5227 16.6281
-16.554 -15.7576 16.5817
-16.5629 -16.0103 16.5325
-16.6282 -16.616 16.407
-17.163 -17.0389 16.2306
-17.3525 -17.18 16.1696
-17.5264 -17.3016 16.1114
-18.1517 -17.7027 15.9006
-18.6223 -17.9541 15.7255
-19.1188 -18.1473 15.505
-19.564 -18.2785 15.284
-19.8441 -18.3338 15.1266
-19.9781 -18.3545 15.0472
-20.2902 -18.4006 14.8607
-21.1413 -18.4879 14.3233
-21.4629 -18.5087 14.1107
-21.7425 -18.4997 13.903
-22.1974 -18.4698 13.5524
-22.6648 -18.3917 13.1616
-22.9896 -18.2886 12.8709
-23.289 -18.1874 12.5925
-23.5725 -18.0666 12.3213
-23.8271 -17.9551 12.0736
-24.0685 -17.829 11.8358
-24.1942 -17.7549 11.7113
-24.3783 -17.6487 11.5288
-24.831 -17.3917 11.0776
-25.1913 -17.2226 10.7066
-25.4719 -17.1172 10.3922
-25.6783 -16.9666 10.1702
-26.0577 -16.6547 9.74693
-26.511 -16.2858 9.21697
-26.7816 -16.0579 8.89426
-26.9972 -15.8633 8.62023
-27.2701 -15.6061 8.25561
-27.4277 -15.4526 8.0357
-27.5689 -15.3101 7.83058
-27.6849 -15.1896 7.65541
-27.8375 -15.0307 7.4171
-27.9898 -14.8697 7.16657
-28.2565 -14.5926 6.714
-28.5252 -14.3184 6.24328
-28.6564 -14.1998 5.99412
-28.8835 -14.0019 5.5498
-29.0431 -13.8663 5.22399
-29.1809 -13.7628 4.93059
-29.335 -13.6198 4.59054
-29.4624 -13.5183 4.30758
-29.5948 -13.411 3.98579
-29.6999 -13.3619 3.65797
-29.7858 -13.3228 3.38163
-29.8626 -13.2876 3.13458
-29.9953 -13.2242 2.70639
-30.0857 -13.183 2.40767
-30.1703 -13.1482 2.12321
-30.2638 -13.1029 1.80556
-30.3668 -13.0372 1.44224
-30.4381 -12.9649 1.04941
-30.4794 -12.9411 0.828238
-30.5296 -12.9081 0.553013
-30.6302 -12.9781 0.0792448
-24.0803 -1.83257 -18.3958
-23.8236 -1.55331 -18.5767
-23.6496 -1.61386 -18.6648
-23.3197 -1.49563 -18.8317
-22.6874 -1.38041 -19.1208
-21.9415 -1.06158 -19.4786
-21.4973 -0.866534 -19.6903
-21.1634 -0.713967 -19.8393
-20.8429 -0.586199 -19.9703
-20.5105 -0.454839 -20.0998
-20.265 -0.36329 -20.1905
-20.1787 -0.333969 -20.2199
-19.8567 -0.228878 -20.3237
-19.378 -0.145376 -20.4281
-18.5533 -0.036279 -20.5746
-17.8911 0.0580855 -20.643
-17.4668 0.108131 -20.6279
-17.1348 0.161747 -20.6232
-16.383 0.226277 -20.4921
-15.5675 0.310082 -20.3502
-15.0665 0.336547 -20.2062
-14.6444 0.415965 -20.1002
-14.1013 0.415946 -19.909
-7.11357 34.5232 -6.26822
-7.98254 34.8034 -6.40342
-8.39743 34.8637 -6.48293
-9.05632 34.8755 -6.5449
-9.75354 34.7888 -6.44988
-9.94332 34.7616 -6.4154
-10.4123 34.6906 -6.33079
-11.112 34.5821 -6.20789
-11.5046 34.4169 -6.00304
-11.8497 34.2686 -5.81769
-12.2225 34.1067 -5.61138
-12.5608 33.9551 -5.41951
-13.14 33.6836 -5.08761
-13.6323 33.3705 -4.82099
-13.8865 33.2069 -4.68318
-14.0466 33.1008 -4.59681
-14.3525 32.894 -4.43243
-14.5863 32.731 -4.30739
-14.9066 32.4964 -4.13423
-15.1768 32.2937 -3.99382
-15.6088 31.9563 -3.76567
-15.9733 31.6595 -3.57549
-16.3359 31.3514 -3.40833
-16.8626 30.8461 -3.12835
-17.2186 30.503 -3.03482
-17.5532 30.1548 -2.92678
-17.9644 29.7207 -2.79012
-18.3012 29.3636 -2.67963
-18.5809 29.0586 -2.59191
-18.8185 28.7934 -2.51094
-19.0312 28.5532 -2.4694
-19.3013 28.2376 -2.42718
-19.6076 27.8771 -2.41575
-20.1181 27.2655 -2.49299
-20.1913 27.1748 -2.49873
-20.4541 26.8493 -2.52318
-20.7083 26.5346 -2.55953
-20.9045 26.2806 -2.58513
-21.2022 25.9148 -2.7357
-21.6008 25.4093 -2.91298
-21.6453 -10.2206 15.3055
-21.6733 -10.2135 15.2783
-25.6343 -21.6276 -9.04241
-25.6332 -21.9062 -8.91402
-25.588 -22.1007 -8.8577
-25.4512 -22.6681 -8.6969
-25.3808 -22.9172 -8.62471
-25.3679 -22.9684 -8.60849
-25.2426 -23.4488 -8.45179
-25.0958 -23.8281 -8.34995
-24.8244 -24.3743 -8.2201
-24.6437 -24.6886 -8.15112
-24.3478 -25.1151 -8.07055
-23.9869 -25.5707 -7.99624
-23.859 -25.7067 -7.97935
-23.4907 -26.0783 -7.93823
-23.0934 -26.4559 -7.90328
-22.8902 -26.639 -7.88508
-22.6432 -26.8339 -7.86626
-22.3745 -26.986 -7.86523
-21.8367 -27.284 -7.86659
-21.4968 -27.3845 -7.88097
-21.1607 -27.4695 -7.89829
-20.686 -27.6187 -7.91147
-20.3103 -27.6267 -7.95518
-19.9684 -27.7681 -7.94487
-4.11478 -12.7126 2.32169
-4.42998 -13.0297 1.78067
-4.58732 -13.0582 1.39688
-4.92017 -13.2631 0.886266
-5.15633 -13.41 0.545362
-5.29437 -13.5049 0.362538
-5.53486 -13.6875 0.0768481
-5.96595 -14.0298 -0.406135
-6.23174 -14.2757 -0.638234
-6.49857 -14.5563 -0.810031
-7.00871 -15.212 -0.999274
-7.04133 -15.2516 -1.01342
-7.20254 -15.4435 -1.0866
-7.44372 -15.7615 -1.16427
-7.69282 -16.1317 -1.21542
-7.99563 -16.6464 -1.24687
-8.20229 -17.0104 -1.25061
-8.38555 -17.3798 -1.23182
-8.63855 -17.8965 -1.20878
-8.70117 -18.1185 -1.16529
-8.77833 -18.3593 -1.1141
-9.00443 -19.1147 -0.945988
-9.16464 -19.8564 -0.745445
-9.21347 -20.3098 -0.594406
-9.22562 -20.7001 -0.449648
-9.0848 -21.2298 -0.16867
-9.05836 -21.3326 -0.114518
-8.93623 -21.8001 0.134776
-8.81429 -22.2317 0.374549
-8.69751 -22.5682 0.583842
-8.58181 -22.8035 0.762286
-8.51376 -23.2454 0.991209
-12.5888 3.57382 -20.7669
-12.4711 3.77984 -20.7474
-16.7362 -32.6609 -5.34881
-16.2 -32.7138 -5.44988
-15.8973 -32.7966 -5.44935
-15.5259 -32.9022 -5.39274
-15.1619 -33.0189 -5.31915
-14.9186 -33.08 -5.28058
-14.2142 -33.2633 -5.14282
-13.1946 -33.5321 -4.92975
-12.447 -33.7606 -4.68588
-12.2376 -33.8161 -4.60253
-11.7945 -33.9516 -4.37238
-11.5448 -34.0227 -4.23803
-11.1659 -34.1578 -3.96573
-10.9003 -34.2397 -3.75421
-10.6509 -34.3345 -3.50466
-10.316 -34.4572 -3.18046
-9.99296 -34.5748 -2.86785
-9.66118 -34.7182 -2.35527
-9.47014 -34.7972 -2.04968
-9.37255 -34.8385 -1.88784
-9.24008 -34.8905 -1.65328
-9.07576 -34.947 -1.3286
-8.98211 -34.9809 -1.05493
-8.81034 -35.0341 -0.534635
-24.4208 -20.1973 -10.4078
-23.6383 -20.2397 -10.6593
-23.2967 -20.3676 -10.698
-22.7762 -20.6013 -10.7249
-22.4174 -20.806 -10.6939
-22.1023 -21.0083 -10.6519
-21.8245 -21.1853 -10.6158
-21.4123 -21.4288 -10.567
-21.1649 -21.6911 -10.4596
-20.875 -22.0682 -10.2875
-20.6882 -22.3191 -10.1702
-20.4947 -22.5995 -10.0386
-20.3013 -22.9182 -9.89026
-20.0729 -23.2793 -9.72102
-19.899 -23.584 -9.58131
-19.732 -23.8697 -9.45047
-19.5589 -24.1888 -9.30799
-19.4192 -24.4685 -9.18652
-19.3511 -25.2106 -8.91145
-19.4214 -26.2751 -8.54282
-19.5001 -26.6288 -8.41058
-19.6465 -27.0282 -8.25264
-19.7184 -27.2737 -8.15718
-19.8536 -27.4484 -8.07635
-19.9684 -27.7681 -7.94487
-6.34436 -18.3318 14.8783
-6.93194 -18.3224 15.3551
-7.08693 -18.3052 15.4951
-7.3644 -18.2828 15.7355
-7.8119 -18.3989 15.9405
-29.2922 6.75122 -2.44775
-29.2427 6.97093 -2.75613
-29.2061 7.15681 -2.99064
-29.1778 7.30537 -3.16821
-29.1274 7.52507 -3.45266
-29.0945 7.67051 -3.63707
-29.0386 7.93046 -3.95457
-29.0014 8.11387 -4.17082
-28.966 8.29356 -4.37775
-28.9035 8.63782 -4.7446
-28.8546 8.90779 -5.01952
-28.7811 9.21217 -5.32889
-28.6989 9.57515 -5.67163
-28.6267 9.93718 -5.95693
-28.5505 10.3428 -6.27393
-28.4715 10.6922 -6.50357
-28.4074 10.9426 -6.67091
-28.3125 11.3478 -6.91065
-28.2006 11.7595 -7.15252
-28.0735 12.3095 -7.36962
-27.9667 12.7413 -7.52314
-27.9147 12.9652 -7.56049
-27.8484 13.2532 -7.57276
-27.8273 13.3486 -7.57662
-27.6629 14.1065 -7.60009
-27.5587 14.5873 -7.60698
-11.4181 24.4472 10.5632
-11.5881 24.2402 10.7127
-11.8386 24.0414 10.805
-12.007 23.851 10.9099
-12.1574 23.7027 10.9853
-12.346 23.4718 11.1199
-12.5305 23.1928 11.2213
-12.7551 22.7934 11.3779
-12.9124 22.4943 11.4934
-13.083 22.1555 11.6228
-13.2776 21.7281 11.7868
-13.5341 21.1584 11.9834
-13.6895 20.6537 12.1785
-13.7294 20.5105 12.2342
-13.7831 20.2162 12.3565
-13.8263 19.9549 12.4664
-13.8975 19.4848 12.6669
-13.9006 19.0882 12.8603
-13.8717 18.7553 13.0376
-13.8136 18.5685 13.1575
-13.705 18.2894 13.3473
-13.5395 17.9911 13.574
-13.2934 17.665 13.8512
-12.9094 17.32 14.1967
-12.4092 17.0611 14.5388
-11.7675 16.8615 14.8872
-11.3761 16.7708 15.0686
-11.3422 16.7647 15.0815
-10.7162 16.707 15.2804
-10.3074 16.6605 15.4032
-9.40067 16.5642 15.4387
-8.99306 16.5525 15.4276
-8.78793 16.5462 15.4159
-8.1241 16.4809 15.3098
-7.4993 16.4582 15.1819
-7.10372 16.4697 15.0882
-6.37118 16.1211 15.0131
-16.1779 24.8958 6.32925
-15.8842 24.9553 6.65654
-15.7416 24.9421 6.84815
-15.5662 24.9308 7.08174
-15.1367 24.9594 7.59319
-14.705 24.988 8.0185
-14.368 24.9948 8.36006
-13.6648 24.9635 8.95096
-13.2523 24.9509 9.28087
-13.0132 24.9484 9.45985
-12.6225 24.961 9.72613
-12.0627 24.8302 10.0581
-11.9352 24.8023 10.1266
-11.7023 24.6239 10.3417
-11.4181 24.4472 10.5632
-28.8046 2.17379 4.7048
-28.7834 1.56542 4.97216
-28.743 1.28875 5.14065
-28.6708 0.750535 5.40127
-28.5824 0.0967005 5.71354
-28.5071 -0.436487 5.96965
-28.4549 -0.745098 6.13623
-28.4006 -0.954519 6.30448
-28.3338 -1.24761 6.49901
-28.265 -1.47982 6.70749
-28.1969 -1.67607 6.92077
-28.109 -1.91934 7.20197
-28.0138 -2.15876 7.5374
-27.8424 -2.57823 8.0585
-27.7097 -2.85768 8.47771
-27.6326 -2.98097 8.72139
-27.4819 -3.1884 9.14631
-27.3223 -3.40096 9.58393
-27.126 -3.62898 10.0754
-26.9123 -3.85944 10.5763
-26.858 -3.92916 10.7217
-26.4124 -4.3255 11.3209
-26.1477 -4.57067 11.6458
-25.928 -4.78376 11.8966
-25.7641 -4.95862 12.0765
-25.5243 -5.2283 12.3232
-25.3964 -5.41905 12.4414
-25.1395 -5.93159 12.6286
-24.9883 -6.25651 12.7283
-24.8315 -6.6221 12.8212
-24.6878 -6.93545 12.9102
-24.4275 -7.55523 13.0577
-24.362 -7.78718 13.0721
-24.2121 -8.24021 13.1247
-24.0542 -8.77658 13.1644
-26.4312 13.8086 2.70557
-26.1305 13.8602 3.13584
-25.8559 13.7781 3.68273
-25.6636 13.7452 4.03128
-25.3788 13.7064 4.52816
-25.1993 13.6786 4.83952
-24.9188 13.649 5.31633
-24.7265 13.5569 5.66201
-24.5203 13.4595 6.02321
-24.3022 13.3574 6.40424
-24.0128 13.2196 6.90931
-23.8035 13.0859 7.26859
-23.6228 12.9642 7.5779
-23.4541 12.851 7.86719
-23.337 12.7687 8.06476
-23.0728 12.5696 8.51086
-22.7932 12.3902 8.95796
-22.5879 12.1404 9.35977
-22.4818 12.0161 9.56032
-22.2725 11.7754 9.94166
-22.1053 11.5796 10.2391
-21.9864 11.4441 10.4449
-21.8175 11.1415 10.7897
-21.6334 10.8235 11.145
-21.409 10.4221 11.5819
-21.2094 10.0401 11.9677
-21.0613 9.74823 12.2529
-20.9047 9.42653 12.5506
-20.737 9.08352 12.8589
-20.5715 8.75867 13.1427
-20.4582 8.5669 13.3088
-20.317 8.33011 13.5157
-20.2025 8.11709 13.6876
-20.0677 7.86016 13.8721
-19.8979 7.565 14.0938
-19.6421 7.10745 14.4259
-19.3033 6.49779 14.8263
-19.125 6.19689 15.0012
-18.8957 5.85148 15.2108
-18.7002 5.57034 15.3851
-18.6078 5.43967 15.4665
-18.492 5.27838 15.5672
-18.2323 4.92487 15.7891
-18.0275 4.657 15.9592
-17.9009 4.49504 16.0628
-17.6495 4.17985 16.2665
-17.4083 3.90175 16.4555
-17.1687 3.65189 16.6393
-16.9551 3.43766 16.8005
-16.6843 3.20801 17.0001
-16.4496 3.0119 17.1719
-16.2208 2.81649 17.3396
-16.0127 2.67848 17.4869
-15.7701 2.52489 17.6565
-15.5152 2.40705 17.8262
-15.1259 2.24289 18.0763
-14.5987 2.08896 18.3902
-14.0847 1.92645 18.6978
-13.7376 1.87449 18.8829
-13.4823 1.82176 19.0177
-12.8796 1.77792 19.2911
-12.6662 1.76063 19.3854
-12.1747 1.73925 19.5075
-11.841 1.72514 19.5851
-11.2756 1.70732 19.7142
-10.885 1.69837 19.7929
-10.472 1.71387 19.7726
-10.1616 1.70818 19.7539
-9.87023 1.70313 19.7352
-9.58699 1.69404 19.7181
-9.23058 1.68672 19.6913
-8.85649 1.6689 19.6609
-8.57589 1.65032 19.6329
-7.67186 1.59722 19.4206
-6.98488 1.78957 19.2246
-27.5587 14.5873 -7.60698
-27.6962 14.8038 -7.09956
-27.7389 14.9548 -6.88557
-27.8301 15.2359 -6.30165
-27.8548 15.4943 -5.54935
-27.7806 15.7973 -4.54147
-27.7253 15.7992 -4.24565
-27.6374 15.8291 -3.87813
-27.4659 15.883 -3.28763
-27.3358 15.9116 -2.80909
-27.2584 15.9109 -2.52316
-27.097 15.8691 -1.89012
-26.948 15.6818 -1.11476
-26.8843 15.5596 -0.705747
-26.8413 15.4646 -0.412443
-26.7402 15.2447 0.179426
-26.658 15.0317 0.705311
-26.5845 14.8086 1.13844
-26.4917 14.5535 1.65817
-26.4245 14.3017 2.09881
-26.4031 14.1413 2.33305
-26.4312 13.8086 2.70557
-5.6778 34.2312 -3.40227
-5.88211 34.3094 -3.83676
-6.07037 34.3867 -4.16674
-6.36354 34.4454 -4.81459
-6.49714 34.4653 -5.10145
-6.6365 34.4726 -5.41379
-7.11357 34.5232 -6.26822
-13.6611 -28.9165 13.5127
-13.5604 -29.2325 13.282
-13.5802 -29.4903 13.0588
-13.585 -29.6993 12.8711
-13.5798 -29.8953 12.6937
-13.5529 -30.0541 12.5481
-13.4816 -30.3058 12.3223
-13.4266 -30.6249 12.0199
-13.3731 -30.8956 11.7621
-13.2942 -31.2683 11.3895
-13.2525 -31.4717 11.1846
-13.188 -31.7869 10.8527
-13.1379 -32.0406 10.5677
-13.0447 -32.5232 10.0078
-12.9633 -32.9463 9.51225
-12.9237 -33.1634 9.25813
-12.8869 -33.3153 9.05174
-12.8261 -33.5985 8.66602
-12.7824 -33.8639 8.2554
-12.7401 -34.114 7.86927
-12.7384 -34.2376 7.64033
-12.7381 -34.5288 7.07327
-12.7384 -34.6597 6.81657
-12.7384 -34.6801 6.77646
-12.7385 -34.8655 6.41309
-12.7572 -35.0394 6.04191
-12.7886 -35.1313 5.80923
-12.7923 -35.343 5.2866
-7.97722 32.8247 2.59346
-7.83517 32.5831 2.95015
-7.59802 32.3452 3.31943
-7.37885 32.1105 3.68099
-7.23381 31.8564 4.05531
-7.07127 31.5618 4.48786
-6.94099 31.3754 4.76126
-6.80382 31.1811 5.04379
-6.68171 30.9878 5.29325
-6.58882 30.6619 5.65976
-6.52877 30.4501 5.89208
-6.46461 30.186 6.17581
-6.4465 29.8553 6.51143
-6.42449 29.5483 6.82321
-6.41176 29.1827 7.19358
-6.42405 28.9433 7.42308
-6.4475 28.7515 7.60033
-6.4609 28.6232 7.71852
-6.49551 28.4384 7.89003
-6.59947 28.1696 8.11632
-6.70773 27.8734 8.36259
-6.76924 27.7068 8.50138
-6.85605 27.4721 8.69619
-7.04844 26.9698 9.10713
-7.20389 26.5382 9.45161
-7.24952 25.7688 10.0175
-8.81034 -35.0341 -0.534635
-8.93102 -35.2458 -0.302698
-9.09396 -35.5445 0.0848632
-9.20031 -35.6861 0.351619
-9.33045 -35.8287 0.620715
-9.41936 -35.9184 0.853439
-9.5565 -36.0283 1.16744
-9.69801 -36.1222 1.4632
-9.91706 -36.2024 1.82563
-10.1844 -36.2309 2.21224
-10.4152 -36.2168 2.55341
-10.656 -36.1767 2.86338
-10.8138 -36.1415 3.07187
-11.2346 -36.0327 3.61611
-11.5216 -35.9362 3.95984
-12.0949 -35.6712 4.61669
-12.2831 -35.5826 4.82225
-12.4883 -35.4904 5.03098
-12.7923 -35.343 5.2866
-19.7477 -33.6912 -2.6963
-19.2341 -33.5492 -3.31876
-19.0523 -33.4977 -3.50736
-18.6631 -33.3322 -3.94648
-18.3753 -33.238 -4.22536
-17.9216 -33.0456 -4.57674
-17.6173 -32.9122 -4.81475
-17.4231 -32.8254 -4.9676
-17.2609 -32.7574 -5.08972
-16.7362 -32.6609 -5.34881
-4.95134 -20.6237 7.09829
-5.04492 -20.8083 6.29146
-5.09875 -20.9238 6.00647
-5.18397 -21.0691 5.49356
-5.35746 -21.2651 4.93834
-5.47184 -21.3655 4.55644
-5.51942 -21.4017 4.41047
-5.65654 -21.5036 4.03175
-5.89886 -21.684 3.38232
-6.01746 -21.7655 3.08852
-6.23988 -21.8815 2.83483
-6.32329 -21.9254 2.74284
-6.59322 -22.0709 2.44876
-6.72797 -22.1445 2.30609
-6.87426 -22.2234 2.16343
-7.26978 -22.4302 1.78559
-7.67761 -22.7064 1.51026
-7.95611 -22.8917 1.33043
-8.51376 -23.2454 0.991209
-4.95134 -20.6237 7.09829
-4.79432 -20.1031 6.79477
-4.64362 -19.5415 6.55944
-4.45967 -18.8346 6.28819
-4.37879 -18.3155 6.09619
-4.30359 -17.7828 5.91436
-4.26722 -17.4954 5.81668
-4.1773 -16.755 5.59446
-4.07652 -15.8596 5.28834
-4.05258 -15.6338 5.20507
-3.97696 -14.9885 5.04701
-7.8119 -18.3989 15.9405
-8.12293 -18.1296 16.5033
-8.23898 -17.9541 16.8113
-8.30933 -17.8567 16.9845
-8.40097 -17.693 17.2578
-8.64328 -17.3966 17.6848
-8.86102 -17.1228 18.0027
-9.04221 -16.8495 18.2796
-9.2101 -16.5855 18.5233
-9.42034 -16.2139 18.8194
-9.61479 -15.8359 19.097
-9.79817 -15.4494 19.3601
-9.86819 -15.2945 19.4531
-9.96412 -15.1244 19.5454
-10.074 -14.7814 19.7396
-10.175 -14.4866 19.8798
-10.2097 -14.2481 19.9934
-10.3199 -13.8601 20.1678
-11.3592 -16.9651 -3.79972
-11.988 -17.1532 -3.14978
-12.5724 -17.4583 -2.58432
-12.9088 -17.6537 -2.2664
-13.1248 -17.7952 -2.06731
-13.3426 -17.9449 -1.86824
-13.6359 -18.1564 -1.60161
-13.7561 -18.2476 -1.49264
-13.9186 -18.3761 -1.34534
-14.1502 -18.5665 -1.13519
-14.3934 -18.7928 -0.912164
-14.6118 -19.0121 -0.710216
-14.9113 -19.3559 -0.425378
-15.093 -19.5899 -0.247368
-15.3205 -19.8988 -0.0225876
-15.4943 -20.2144 0.168514
-15.5761 -20.4376 0.278522
-15.7439 -21.0928 0.561105
-15.8008 -21.5805 0.73768
-15.8488 -22.0169 0.89429
-15.8583 -22.1816 0.949545
-15.8231 -22.8618 1.14833
-15.7797 -23.2453 1.25305
-15.7004 -23.6564 1.35744
-15.5836 -24.0788 1.45746
-15.4408 -24.5067 1.5534
-15.3606 -24.6914 1.59199
-15.1797 -25.0887 1.6739
-15.0147 -25.4168 1.73921
-14.7713 -25.8404 1.81955
-14.5247 -26.2045 1.8832
-14.2604 -26.5965 1.95185
-14.0157 -26.9185 2.00377
-13.7487 -27.2444 2.05309
-13.4254 -27.6125 2.10506
-13.0387 -28.0147 2.15538
-12.5246 -28.5472 2.22022
-12.0679 -28.8764 2.21619
-11.9089 -29.0426 2.24067
-11.5279 -29.2139 2.19458
-10.9888 -29.4422 2.11597
-10.6761 -29.5693 2.05887
-10.1486 -29.7809 1.95855
-9.80479 -29.912 1.8548
-9.4968 -30.0139 1.74031
-9.18699 -30.0879 1.52147
-9.01314 -30.0864 1.34526
-8.79651 -30.0172 1.09484
-30.6556 -10.7082 -3.71234
-30.6984 -10.8884 -3.08718
-30.7266 -11.103 -2.68553
-30.7556 -11.3487 -2.26182
-30.7759 -11.5354 -1.94519
-30.7474 -12.0149 -1.30682
-30.7278 -12.2786 -0.964951
-30.6997 -12.6347 -0.521982
-30.6302 -12.9781 0.0792448
-30.6556 -10.7082 -3.71234
-30.5347 -9.86604 -4.18475
-30.5002 -9.62186 -4.30247
-30.4409 -9.2338 -4.50735
-30.3582 -8.82675 -4.70904
-30.2902 -8.49234 -4.87318
-30.1866 -8.0863 -5.09603
-30.095 -7.75282 -5.28281
-29.9758 -7.33234 -5.4978
-29.8256 -6.81634 -5.77106
-29.7446 -6.55051 -5.91263
-29.5957 -6.1625 -6.17767
-29.5216 -5.96807 -6.28621
-29.3726 -5.58166 -6.48902
-29.2193 -5.21331 -6.76977
-29.1373 -5.01443 -6.93367
-28.9552 -4.58086 -7.31773
-28.8631 -4.35858 -7.53115
-28.6544 -3.82792 -8.12398
-28.5544 -3.54941 -8.48812
-28.4376 -3.22215 -8.93027
-28.3678 -2.98847 -9.31169
-28.3254 -2.82065 -9.63663
-28.2854 -2.62879 -10.1058
-28.2639 -2.52486 -10.3891
-28.2242 -2.35654 -10.9136
-28.1943 -2.23271 -11.3082
-28.1743 -2.14907 -11.5736
-28.147 -2.04875 -11.8899
-28.1059 -1.92658 -12.2668
-28.0357 -1.86638 -12.808
-24.0542 -8.77658 13.1644
-23.4408 -9.0924 13.7878
-23.1692 -9.34106 14.015
-22.9015 -9.50666 14.246
-22.5135 -9.72599 14.5742
-22.295 -9.85347 14.7578
-21.6733 -10.2135 15.2783
-25.6518 -7.92192 -15.2771
-25.4562 -7.39449 -15.6609
-25.3565 -7.2113 -15.8217
-25.2204 -7.00835 -16.0218
-24.9793 -6.58278 -16.3881
-24.8375 -5.82886 -16.7969
-24.7022 -5.2819 -17.1067
-24.6256 -4.89832 -17.3027
-24.5781 -4.62555 -17.4351
-24.4846 -4.03757 -17.6964
-24.4158 -3.52764 -17.8874
-24.3644 -3.16451 -18.0074
-24.3111 -2.73321 -18.1385
-24.0803 -1.83257 -18.3958
-6.6686 -7.70225 19.9266
-7.01387 -7.61472 20.1258
-7.31165 -7.59491 20.3019
-7.92785 -7.46847 20.6528
-8.4316 -7.31856 20.8238
-9.1311 -7.1674 21.0562
-9.68221 -6.98937 21.0435
-10.6084 -6.69863 21.0043
-10.6925 -6.66987 20.9983
-10.8398 -6.59444 20.9786
-11.0319 -6.50376 20.9472
-11.4792 -6.30119 20.8627
-11.6417 -6.22657 20.8314
-11.9343 -6.09223 20.7707
-12.3116 -5.92437 20.6887
-12.5326 -5.83386 20.6382
-12.7438 -5.7545 20.584
-12.9142 -5.69534 20.5395
-13.6176 -5.44854 20.3276
-14.0831 -5.30901 20.1742
-14.821 -5.4016 19.803
-15.7314 -5.55842 19.3295
-15.9229 -5.59957 19.216
-16.0988 -5.65337 19.1055
-16.3876 -5.76264 18.9216
-16.4939 -5.84678 18.8485
-16.7136 -6.27756 18.6714
-6.6686 -7.70225 19.9266
-6.49592 -7.50315 19.793
-6.33467 -7.25515 19.6594
-6.13408 -6.94608 19.4966
-5.97461 -6.6812 19.3665
-5.80125 -6.38847 19.2195
-5.7263 -6.13518 19.1554
-5.56061 -5.5528 19.0138
-5.45412 -4.98457 18.9253
-5.52597 -4.22764 18.9577
-5.59023 -3.83471 18.9892
-5.68565 -3.28893 19.0341
-5.74436 -2.95961 19.0613
-5.79953 -2.66201 19.0862
-5.87068 -2.3129 19.116
-5.92626 -2.06079 19.1377
-6.01492 -1.7011 19.1691
-6.11049 -1.3561 19.1996
-6.2457 -0.889625 19.2291
-6.34629 -0.530511 19.2473
-6.47554 -0.0649726 19.2719
-6.62813 0.411653 19.2783
-6.76454 0.822853 19.2709
-6.79354 0.883705 19.2722
-6.98488 1.78957 19.2246
-13.418 -5.48232 -15.8902
-13.4088 -5.03191 -16.256
-13.4518 -4.73842 -16.5214
-13.4704 -4.55452 -16.6812
-13.5108 -4.21955 -16.9668
-13.5261 -3.97365 -17.1594
-13.5452 -3.71283 -17.3626
-13.5744 -3.42604 -17.5864
-13.5841 -3.19418 -17.7512
-13.6062 -2.95813 -17.9221
-13.6246 -2.57181 -18.1786
-13.6731 -2.14869 -18.453
-13.7027 -1.79618 -18.6479
-13.7495 -1.36283 -18.8861
-13.8804 -0.577917 -19.3391
-13.9068 -0.310345 -19.484
-13.9882 -0.0184231 -19.6559
-14.1013 0.415946 -19.909
-13.418 -5.48232 -15.8902
-13.971 -6.27783 -15.6673
-14.3323 -6.7983 -15.5168
-14.5537 -7.09901 -15.4375
-14.9869 -7.75896 -15.207
-15.1634 -8.03745 -15.1052
-15.3781 -8.54756 -14.8637
-15.4747 -8.77185 -14.7588
-15.698 -9.32535 -14.4887
-15.7979 -10.1185 -14.0046
-15.8203 -10.5953 -13.6948
-15.8278 -10.9379 -13.4721
-15.8286 -11.252 -13.2666
-15.8169 -11.7024 -12.9668
-15.809 -11.9054 -12.8316
-15.7837 -12.3587 -12.5281
-15.7646 -12.6569 -12.3281
-15.7431 -12.9577 -12.1264
-15.7068 -13.3846 -11.8401
-15.67 -13.7456 -11.5985
-15.6272 -14.1199 -11.3484
-15.5722 -14.521 -11.0817
-15.5224 -14.8619 -10.8555
-15.4575 -15.2698 -10.5857
-15.3744 -15.7212 -10.2888
-15.292 -16.1607 -9.9999
-15.2173 -16.5184 -9.76546
-15.1367 -16.8764 -9.53128
-15.0638 -17.176 -9.33543
-14.9402 -17.6527 -9.02391
-14.8874 -17.8419 -8.90017
-14.8284 -18.0424 -8.769
-14.7325 -18.3467 -8.56949
-14.635 -18.6475 -8.37189
-14.5392 -18.9283 -8.18675
-14.4172 -19.2637 -7.96398
-14.3141 -19.5205 -7.79065
-14.0918 -20.051 -7.42902
-13.962 -20.3392 -7.2284
-13.7597 -20.7577 -6.9297
-13.5935 -21.0781 -6.6939
-13.4227 -21.3799 -6.46183
-13.2198 -21.6907 -6.20187
-12.9431 -22.0654 -5.86161
-12.7255 -22.3321 -5.60077
-12.4996 -22.5658 -5.33758
-12.2313 -22.8266 -5.02972
-12.0034 -23.0433 -4.77243
-11.6316 -23.2706 -4.3668
-11.1937 -23.1882 -3.89203
-16.7136 -6.27756 18.6714
-17.0532 -6.01829 18.4902
-17.266 -5.8596 18.3761
-17.7007 -5.45386 18.1511
-17.9658 -5.12344 18.0137
-18.0585 -5.0234 17.9642
-18.2551 -4.82602 17.8533
-18.5599 -4.47885 17.6737
-18.7573 -4.24714 17.5572
-19.0293 -3.89357 17.3883
-19.393 -3.40414 17.1566
-19.6567 -3.04838 16.9894
-19.9024 -2.71002 16.8176
-20.1387 -2.42789 16.64
-20.3198 -2.22611 16.503
-20.5169 -1.95552 16.3501
-20.6079 -1.75514 16.2696
-20.7591 -1.55426 16.1448
-20.9947 -1.25195 15.9399
-21.1636 -0.98004 15.7825
-21.3287 -0.704937 15.6225
-21.6348 -0.16771 15.3019
-21.8867 0.253017 15.0271
-22.1104 0.633596 14.7643
-22.2817 0.922793 14.5626
-22.4243 1.16383 14.3884
-22.5737 1.42344 14.1966
-22.7863 1.76711 13.9087
-22.8987 1.94065 13.7515
-23.0299 2.14146 13.5644
-23.1884 2.3822 13.333
-23.3723 2.65165 13.0621
-23.4863 2.81008 12.8939
-23.5954 2.95793 12.7317
-23.77 3.17039 12.4721
-23.9962 3.43776 12.135
-24.325 3.78194 11.6454
-24.8103 4.2007 10.942
-25.0865 4.42376 10.5318
-25.2955 4.46967 10.2694
-25.6783 4.49403 9.79553
-25.9616 4.49716 9.44643
-26.1094 4.49565 9.26406
-26.2926 4.48849 9.03629
-26.597 4.44574 8.64773
-27.0141 4.32816 8.09434
-27.1759 4.22772 7.84313
-27.3615 4.04338 7.51946
-27.5848 3.82016 7.12763
-27.8423 3.55707 6.67306
-28.02 3.36391 6.35657
-28.1794 3.18812 6.06614
-28.3202 3.07339 5.78958
-28.4409 2.95671 5.54108
-28.5003 2.84937 5.40926
-28.656 2.50982 5.04738
-28.8046 2.17379 4.7048
-2.71028 -3.44135 9.32973
-2.66473 -3.49057 9.05305
-2.61722 -3.57048 8.7687
-2.57864 -3.76538 8.48933
-2.45323 -4.32016 7.56623
-2.42888 -4.70718 7.15884
-2.41805 -5.03259 6.85254
-2.41583 -5.29793 6.60814
-2.4159 -5.48725 6.43573
-2.41601 -5.63579 6.2978
-2.41891 -5.78323 6.16867
-2.43816 -6.15973 5.8621
-2.47037 -6.50648 5.59635
-2.53326 -7.04379 5.19692
-2.56504 -7.31912 4.99164
-2.59767 -7.59829 4.78378
-2.66514 -8.03415 4.47186
-2.70802 -8.29716 4.28501
-2.75954 -8.58243 4.08624
-2.83207 -8.95111 3.84173
-2.90262 -9.27968 3.62991
-2.93464 -9.41963 3.54336
-3.00937 -9.70121 3.38771
-3.10564 -10.0349 3.16911
-3.34675 -10.6915 2.88449
-3.47893 -11.0739 2.75907
-3.56374 -11.3167 2.68188
-3.68152 -11.6465 2.58498
-3.81225 -11.9893 2.51854
-3.91701 -12.2568 2.46379
-4.11478 -12.7126 2.32169
-2.71028 -3.44135 9.32973
-2.76564 -3.77365 9.71066
-2.80432 -4.06519 9.94605
-2.832 -4.31765 10.1005
-2.87206 -4.69232 10.3137
-2.90869 -5.01646 10.5009
-2.97162 -5.67567 10.8232
-2.9876 -5.89476 10.8974
-3.00245 -6.0839 10.9655
-3.057 -6.684 11.1833
-3.10811 -7.19135 11.3642
-3.13045 -7.48748 11.4437
-3.1554 -7.77697 11.5226
-3.18744 -8.1385 11.6148
-3.21499 -8.39215 11.6967
-3.26524 -8.96248 11.83
-3.29532 -9.28055 11.9076
-3.32976 -9.59514 12.012
-3.35628 -9.87426 12.073
-3.38757 -10.2053 12.1512
-3.43844 -10.9873 12.2529
-3.45851 -11.2772 12.2976
-3.48221 -11.6146 12.3436
-3.49944 -11.8468 12.3722
-3.51662 -12.1209 12.3868
-3.55713 -12.7916 12.3571
-26.3945 1.70953 -16.2628
-26.2059 1.3731 -16.5429
-26.0395 1.21923 -16.7725
-25.8721 0.933148 -16.9906
-25.6135 0.502833 -17.322
-25.3966 0.137375 -17.5959
-25.1607 -0.150101 -17.8822
-24.9174 -0.56245 -18.0418
-24.722 -0.887327 -18.1538
-24.4162 -1.12715 -18.3036
-24.3018 -1.23607 -18.3532
-24.0803 -1.83257 -18.3958
-26.3945 1.70953 -16.2628
-26.315 2.01472 -16.3853
-26.2785 2.31483 -16.4399
-26.1631 2.62643 -16.5831
-26.0308 2.97677 -16.7324
-25.8723 3.39673 -16.8985
-25.7232 3.79274 -17.0526
-25.5994 4.10646 -17.1746
-25.5182 4.30109 -17.2517
-25.3387 4.72254 -17.4192
-25.209 5.01474 -17.5369
-24.9418 5.52093 -17.7529
-24.7465 5.8828 -17.8984
-24.6258 6.10794 -17.9826
-24.4285 6.37412 -18.1487
-24.0616 6.84342 -18.436
-23.7417 7.23632 -18.6772
-23.5835 7.41703 -18.7937
-23.0836 7.8885 -19.1501
-22.8416 8.1093 -19.3216
-22.6203 8.31068 -19.4784
-22.1449 8.7421 -19.8151
-21.9503 8.90243 -19.95
-21.8083 9.02166 -20.0468
-21.5819 9.17447 -20.2054
-12.4711 3.77984 -20.7474
-12.3062 4.14804 -20.7424
-12.1901 4.45003 -20.7604
-12.0659 4.79034 -20.7791
-11.9211 5.22722 -20.8046
-11.8231 5.55011 -20.8245
-11.7144 5.944 -20.8494
-11.5736 6.48636 -20.8834
-11.4485 7.0509 -20.9087
-11.4161 7.35332 -20.904
-11.3702 7.82699 -20.9062
-11.4377 8.12625 -20.9101
-11.5247 8.61597 -20.8955
-11.6047 9.03539 -20.8805
-11.7445 9.69923 -20.852
-11.8536 10.1481 -20.828
-11.9767 10.5944 -20.7999
-12.0669 10.8832 -20.7793
-12.1792 11.1299 -20.7547
-12.3973 11.5913 -20.708
-12.5321 11.8116 -20.6825
-12.7724 12.0979 -20.6429
-13.055 12.3803 -20.608
-13.3446 12.6536 -20.5588
-13.6407 12.9146 -20.4934
-14.0137 13.2469 -20.4018
-14.0137 13.2469 -20.4018
-14.3034 13.6614 -20.1909
-14.4743 13.9771 -19.9996
-14.6355 14.2262 -19.8529
-14.9068 14.6559 -19.594
-15.1381 14.996 -19.3895
-15.3824 15.2182 -19.2444
-15.5253 15.3272 -19.1485
-15.9946 15.5821 -18.9085
-16.3863 15.7918 -18.6868
-16.7516 15.9411 -18.4735
-16.9091 15.9857 -18.3915
-17.1723 16.0552 -18.2444
-17.4488 16.1002 -18.0801
-17.7181 16.1233 -17.9201
-18.2008 16.1023 -17.6043
-18.4829 16.0792 -17.4124
-18.9819 15.9797 -17.0409
-19.3033 15.8915 -16.7705
-19.5499 15.8118 -16.5757
-19.7723 15.729 -16.3899
-20.0279 15.6192 -16.1538
-20.0972 15.5743 -16.0247
-20.3869 15.3228 -15.1454
-18.8057 15.5909 -11.8165
-19.3358 15.2966 -12.5803
-19.5513 15.3219 -13.1032
-19.6967 15.3188 -13.4196
-20.1109 15.307 -14.3412
-20.3869 15.3228 -15.1454
-18.8057 15.5909 -11.8165
-18.4386 16.1943 -11.8724
-18.2525 16.448 -11.9026
-18.2042 16.5216 -11.9068
-17.9005 17.3412 -11.9666
-6.37118 16.1211 15.0131
-6.11515 15.6003 15.1304
-5.99899 15.2436 15.2269
-5.79679 14.5895 15.4064
-5.67556 14.1727 15.5229
-5.63332 14.0293 15.5628
-5.59697 13.8957 15.6013
-5.49842 13.5613 15.6935
-5.41129 13.2292 15.7824
-5.37351 12.9756 15.8635
-5.2957 12.4524 16.0291
-5.23407 12.0096 16.1703
-5.15712 11.4573 16.341
-5.1106 11.0194 16.4797
-5.09061 10.6631 16.5968
-5.06523 10.2426 16.7309
-5.07321 9.64501 16.9257
-5.07762 9.31417 17.0331
-5.07934 9.18248 17.0758
-5.08417 8.81469 17.1952
-5.09543 8.05263 17.4408
-5.1492 7.42925 17.6436
-5.17156 7.11399 17.7288
-5.21259 6.81805 17.8166
-5.29246 6.55082 17.9186
-5.4671 6.11494 18.096
-5.61117 5.61875 18.2449
-5.70269 5.32072 18.3345
-5.81224 4.98105 18.4353
-5.96123 4.53195 18.5675
-6.09294 4.14612 18.6808
-6.25125 3.71136 18.8102
-6.35505 3.44274 18.8828
-6.45398 3.14237 18.9413
-6.47481 3.09265 18.9521
-6.54524 2.94617 18.9862
-6.69605 2.58234 19.0644
-6.98488 1.78957 19.2246
-17.9005 17.3412 -11.9666
-18.1583 17.8189 -12.0167
-18.4405 18.0935 -12.0399
-18.7085 18.3687 -12.055
-19.2814 18.8842 -12.0532
-19.5308 19.0694 -12.0339
-19.7524 19.2105 -12.0072
-20.0711 19.4389 -11.9314
-20.4582 19.6114 -11.8068
-20.7409 19.7146 -11.7059
-21.1618 19.8792 -11.5471
-21.7062 20.0471 -11.3294
-22.4234 20.1883 -10.8996
-22.9528 20.2928 -10.5482
-23.2035 20.2983 -10.3762
-23.5614 20.433 -10.042
-21.6008 25.4093 -2.91298
-21.5732 25.2014 -2.37145
-21.6098 24.997 -2.0564
-21.6791 24.7495 -1.79977
-21.7217 24.5384 -1.5628
-21.8005 24.0904 -1.04812
-21.8542 23.8257 -0.768321
-21.9008 23.6168 -0.599069
-21.9349 23.0687 -0.0972715
-21.9225 22.6179 0.339156
-21.9124 22.4518 0.502218
-21.8977 22.2203 0.731208
-21.8749 21.9515 0.982349
-21.8437 21.6539 1.25836
-21.792 21.1747 1.69793
-21.6827 20.6746 2.16111
-21.2286 20.2406 2.99985
-21.1465 20.1696 3.14693
-20.9966 20.0386 3.41593
-20.6813 19.7529 3.98619
-20.4925 19.7486 4.24395
-20.3041 19.7889 4.48293
-20.1767 19.833 4.63638
-19.9713 19.932 4.87041
-19.8013 19.9948 5.07276
-19.5316 20.2692 5.30383
-19.2553 20.586 5.52081
-19.0406 20.8898 5.64195
-18.8481 21.1847 5.72467
-18.5997 21.5507 5.83905
-18.3598 21.9046 5.94935
-18.0834 22.3331 6.0424
-17.8527 22.6851 6.05297
-17.4764 23.2385 6.07603
-16.981 23.9494 6.11917
-16.7065 24.3225 6.14912
-16.5657 24.5166 6.16093
-16.1779 24.8958 6.32925
-7.24952 25.7688 10.0175
-7.90369 25.6223 10.1043
-8.26783 25.5661 10.1316
-8.50232 25.5015 10.163
-9.12226 25.2714 10.269
-9.58179 25.1018 10.3411
-10.2733 24.8461 10.4374
-11.0617 24.5505 10.5449
-11.4181 24.4472 10.5632
-11.1937 -23.1882 -3.89203
-10.9242 -23.6925 -3.59375
-10.8007 -23.8952 -3.45731
-10.6294 -24.2081 -3.26779
-10.3431 -24.7346 -2.9471
-10.076 -25.1754 -2.63738
-9.91142 -25.4418 -2.44247
-9.6973 -25.7828 -2.17732
-9.46908 -26.1536 -1.87291
-9.28207 -26.4644 -1.61718
-9.13477 -26.7449 -1.39241
-8.96079 -27.0596 -1.14108
-8.81513 -27.4094 -0.86381
-8.71838 -27.8141 -0.564979
-8.64156 -28.1345 -0.334291
-8.62479 -28.2081 -0.282521
-8.53973 -28.6429 0.0121136
-8.48623 -28.9617 0.232758
-8.57053 -29.4324 0.569641
-8.62007 -29.6662 0.742072
-8.79651 -30.0172 1.09484
-28.7833 -22.6402 -0.0847347
-28.652 -22.7079 0.589491
-28.6389 -22.7016 0.690942
-28.6018 -22.6804 0.979324
-28.5763 -22.6545 1.19838
-28.5323 -22.6003 1.57795
-28.4897 -22.5155 1.94091
-28.4293 -22.4322 2.32104
-28.362 -22.3767 2.64911
-28.2988 -22.3148 2.97077
-28.2153 -22.2769 3.3103
-28.132 -22.2418 3.6366
-28.0434 -22.2131 3.96203
-27.8985 -22.181 4.45923
-27.7713 -22.1597 4.87761
-27.6226 -22.1574 5.31212
-27.4671 -22.1864 5.6892
-27.3394 -22.2112 5.99622
-27.202 -22.236 6.33052
-27.0693 -22.2873 6.58378
-26.9113 -22.3526 6.87282
-26.6797 -22.4622 7.25456
-26.4832 -22.5598 7.5582
-26.2744 -22.6671 7.86337
-26.1258 -22.7463 8.06114
-25.9801 -22.8249 8.2476
-25.7783 -22.9343 8.4894
-25.5861 -23.0386 8.71261
-25.3724 -23.1537 8.9532
-25.1573 -23.269 9.18854
-24.9043 -23.4005 9.45286
-24.5506 -23.5822 9.81404
-24.274 -23.7196 10.0711
-23.9364 -23.881 10.3754
-23.5602 -24.0537 10.6894
-23.2101 -24.1952 10.9767
-23.0291 -24.2893 11.096
-22.8418 -24.3628 11.2347
-22.3805 -24.5443 11.5716
-21.9697 -24.713 11.8524
-21.5044 -24.8939 12.1617
-20.9892 -25.1052 12.4931
-20.9215 -25.1482 12.5207
-20.7436 -25.2421 12.5982
-20.6043 -25.318 12.6573
-20.2774 -25.4901 12.7985
-19.9476 -25.6634 12.9386
-19.6087 -25.839 13.0794
-19.1945 -26.0729 13.2179
-18.3435 -26.5072 13.4241
-17.9433 -26.712 13.5105
-17.862 -26.7535 13.5272
-17.304 -27.036 13.6376
-16.9114 -27.2487 13.6946
-16.7055 -27.3473 13.7265
-16.3434 -27.5548 13.739
-15.6924 -27.9477 13.6578
-15.2641 -28.2079 13.5971
-14.8692 -28.4415 13.5438
-14.3451 -28.7027 13.5014
-13.6611 -28.9165 13.5127
-3.55713 -12.7916 12.3571
-3.60786 -13.1836 12.6608
-3.69061 -13.5961 12.9324
-3.7849 -14.0357 13.2037
-3.87279 -14.3854 13.4057
-4.00321 -14.8629 13.6727
-4.15358 -15.3204 13.9008
-4.29708 -15.7366 14.0989
-4.46539 -16.1154 14.2706
-4.58602 -16.3666 14.3672
-5.18814 -17.1611 14.563
-5.39608 -17.431 14.6226
-5.51018 -17.5694 14.6579
-5.76577 -17.8567 14.7466
-6.01659 -18.0616 14.861
-6.34436 -18.3318 14.8783
-25.6343 -21.6276 -9.04241
-25.3588 -21.3608 -9.37517
-25.1769 -21.0108 -9.66207
-25.0248 -20.7614 -9.87592
-24.9063 -20.588 -10.015
-24.4208 -20.1973 -10.4078
-16.7362 -32.6609 -5.34881
-16.9443 -32.3668 -5.59779
-17.1939 -31.9812 -5.9255
-17.3976 -31.6525 -6.15305
-17.6097 -31.2053 -6.44042
-17.7965 -30.8021 -6.68994
-18.0167 -30.3374 -6.96565
-18.2203 -29.9601 -7.1702
-18.5897 -29.4987 -7.36063
-18.8093 -29.2184 -7.46865
-19.1214 -28.7397 -7.65553
-19.2857 -28.527 -7.72948
-19.5088 -28.2709 -7.81107
-19.6346 -28.103 -7.86216
-19.9684 -27.7681 -7.94487
-29.2922 6.75122 -2.44775
-29.4379 7.13412 -2.14817
-29.4921 7.27386 -2.0302
-29.5951 7.5719 -1.81783
-29.6743 7.80413 -1.64289
-29.7378 8.06539 -1.46906
-29.9099 8.91311 -0.837979
-29.8907 9.25137 -0.588528
-29.7291 9.65166 -0.165011
-29.4281 10.2975 0.465713
-29.3596 10.4397 0.607002
-29.2289 10.6208 0.771681
-29.048 10.8709 0.999254
-28.8327 11.1653 1.26762
-28.7356 11.2866 1.37162
-28.5223 11.5414 1.58164
-28.1621 11.9683 1.84349
-27.6733 12.4576 2.21398
-27.2519 12.8824 2.47371
-27.0367 13.1038 2.58976
-26.763 13.3926 2.68284
-26.4312 13.8086 2.70557
-29.2922 6.75122 -2.44775
-29.3132 6.34231 -2.12191
-29.3387 5.91522 -1.7515
-29.3558 5.53192 -1.41458
-29.3734 5.25545 -1.12262
-29.3871 5.01348 -0.844742
-29.4028 4.74541 -0.491516
-29.4149 4.38068 0.0264579
-29.4182 4.10356 0.445751
-29.4104 3.84395 0.876853
-29.4042 3.70782 1.1096
-29.3835 3.55173 1.41606
-29.3582 3.41741 1.70126
-29.3117 3.17678 2.21483
-29.2544 2.95092 2.71589
-29.2092 2.75069 3.1362
-29.1719 2.70577 3.31375
-29.0941 2.64003 3.65708
-29.0209 2.58146 3.90652
-28.9579 2.50499 4.12612
-28.8046 2.17379 4.7048
-16.1779 24.8958 6.32925
-16.3503 25.1727 5.86474
-16.3484 25.5657 5.51794
-16.3607 26.0181 5.09269
-16.3102 26.3851 4.78743
-16.2101 26.821 4.43298
-16.1086 27.159 4.17754
-15.9534 27.5474 3.91802
-15.7823 27.9211 3.69082
-15.5381 28.4211 3.40148
-15.1449 29.0868 3.07746
-14.832 29.5413 2.89341
-14.4902 30.0144 2.71381
-14.3203 30.1978 2.66871
-13.8814 30.6608 2.56082
-13.3978 31.0978 2.49396
-13.0515 31.3417 2.50204
-12.3495 31.6983 2.5043
-11.8212 31.9485 2.51265
-11.5577 32.0638 2.51897
-11.067 32.1691 2.56419
-10.6203 32.2772 2.59471
-10.2919 32.3603 2.61087
-9.90498 32.4478 2.6371
-9.27617 32.6085 2.64208
-8.75291 32.648 2.68999
-7.97722 32.8247 2.59346
-8.51376 -23.2454 0.991209
-8.56483 -23.5353 1.06096
-8.59077 -23.7298 1.11356
-8.61342 -24.2329 1.30157
-8.67184 -24.6579 1.43705
-8.73915 -25.0934 1.59637
-8.77998 -25.5319 1.79585
-8.80334 -25.8383 1.94875
-8.83575 -26.2757 2.19756
-8.86722 -26.6966 2.45177
-8.91192 -27.3892 2.91128
-8.91679 -27.7287 3.15623
-8.9201 -28.0181 3.40236
-8.90204 -28.3752 3.72609
-8.83557 -28.6695 4.03895
-8.77338 -28.9669 4.4157
-8.66083 -29.29 4.90536
-8.6451 -29.4398 5.10931
-8.33842 -29.5677 5.66792
-7.98094 -29.661 6.24777
-7.79955 -29.7103 6.54841
-7.41137 -29.7722 7.15796
-7.1905 -29.8162 7.53299
-7.02915 -29.7164 7.75247
-6.73317 -29.4562 8.18378
-6.50759 -29.2183 8.51451
-6.363 -29.0421 8.73518
-6.23547 -28.8559 8.94251
-6.07053 -28.5985 9.22792
-5.94527 -28.3733 9.45383
-5.76341 -27.9634 9.84942
-5.61028 -27.5335 10.2549
-5.4811 -27.0727 10.603
-5.45272 -26.8127 11.0402
-5.44467 -26.5934 11.3872
-5.46441 -26.3973 11.8064
-5.5358 -26.1235 12.4366
-5.62372 -25.9573 12.9021
-5.68799 -25.8713 13.1663
-5.85069 -25.8841 13.4563
-6.21198 -25.894 14.0974
-6.36275 -25.9041 14.3494
-6.66904 -25.9485 14.7924
-6.8419 -25.9831 14.9946
-7.23265 -26.1094 15.1966
-7.38972 -26.1611 15.2681
-7.67362 -26.2419 15.4051
-7.95719 -26.3038 15.5529
-8.26063 -26.4497 15.535
-8.55299 -26.5777 15.5256
-8.9479 -26.7356 15.5229
-9.49464 -26.9405 15.5166
-10.2371 -27.2286 15.3398
-10.7363 -27.471 15.1415
-11.2481 -27.7376 14.9187
-11.6925 -27.9201 14.7503
-12.1526 -28.2069 14.4296
-12.6773 -28.5232 14.0688
-12.8838 -28.6337 13.9375
-13.1581 -28.7532 13.778
-13.6611 -28.9165 13.5127
-23.5614 20.433 -10.042
-23.9608 19.8666 -10.1216
-24.1884 19.4449 -10.1984
-24.4576 19.0656 -10.1737
-24.6726 18.768 -10.1359
-24.8838 18.4716 -10.0825
-25.1175 18.1484 -10.0072
-25.3147 17.8755 -9.92671
-25.5612 17.5347 -9.81423
-25.7032 17.3383 -9.74719
-26.071 16.8266 -9.55717
-26.291 16.5034 -9.39954
-26.4151 16.3081 -9.29264
-26.6003 15.9753 -9.17075
-26.8033 15.677 -8.94193
-26.9784 15.4022 -8.68012
-27.1237 15.1784 -8.4267
-27.278 14.9378 -8.15844
-27.5587 14.5873 -7.60698
-5.6778 34.2312 -3.40227
-5.78178 34.3856 -2.84546
-5.97729 34.547 -2.5356
-6.10068 34.6126 -2.25399
-6.24475 34.6733 -1.913
-6.44211 34.666 -1.39624
-6.69994 34.6107 -0.707161
-6.83673 34.5218 -0.314222
-6.96907 34.4225 0.0654134
-7.06311 34.2973 0.351783
-7.15019 34.1583 0.645968
-7.23087 34.0052 0.938873
-7.32801 33.8509 1.22318
-7.38214 33.7373 1.42595
-7.3948 33.6898 1.49944
-7.58911 33.3226 1.98394
-7.97722 32.8247 2.59346
0 1
1 2
2 3
3 4
4 5
5 6
6 7
7 8
8 9
9 10
10 11
11 12
12 13
14 15
15 16
16 17
17 18
18 19
19 20
20 21
21 22
22 23
23 24
24 25
25 26
26 27
27 28
28 29
29 30
30 31
31 32
32 33
33 34
34 35
35 36
36 37
38 39
39 40
41 42
42 43
43 44
44 45
45 46
46 47
47 48
48 49
49 50
50 51
51 52
52 53
53 54
54 55
55 56
56 57
57 58
58 59
60 61
61 62
62 63
63 64
64 65
65 66
66 67
67 68
69 70
70 71
71 72
72 73
73 74
74 75
75 76
76 77
77 78
78 79
79 80
80 81
81 82
82 83
83 84
84 85
85 86
86 87
87 88
88 89
89 90
90 91
91 92
92 93
93 94
94 95
95 96
96 97
97 98
98 99
99 100
100 101
101 102
102 103
103 104
104 105
106 107
107 108
108 109
109 110
110 111
111 112
112 113
113 114
114 115
116 117
117 118
118 119
119 120
120 121
121 122
122 123
123 124
124 125
125 126
126 127
127 128
128 129
129 130
130 131
131 132
132 133
133 134
134 135
135 136
136 137
137 138
138 139
139 140
140 141
141 142
142 143
143 144
145 146
146 147
147 148
148 149
149 150
150 151
151 152
152 153
153 154
154 155
155 156
156 157
157 158
158 159
159 160
160 161
161 162
162 163
163 164
164 165
165 166
166 167
167 168
168 169
169 170
170 171
171 172
172 173
173 174
174 175
175 176
176 177
177 178
178 179
179 180
180 181
181 182
182 183
183 184
184 185
185 186
186 187
187 188
188 189
189 190
190 191
191 192
192 193
193 194
194 195
195 196
196 197
197 198
198 199
199 200
200 201
201 202
202 203
203 204
204 205
205 206
206 207
207 208
208 209
209 210
210 211
211 212
212 213
213 214
214 215
215 216
216 217
217 218
218 219
219 220
220 221
221 222
222 223
223 224
224 225
225 226
226 227
227 228
228 229
229 230
230 231
231 232
232 233
233 234
234 235
235 236
236 237
237 238
238 239
239 240
240 241
241 242
242 243
243 244
244 245
245 246
246 247
247 248
248 249
250 251
251 252
252 253
253 254
254 255
255 256
256 257
257 258
258 259
259 260
260 261
261 262
262 263
263 264
264 265
265 266
266 267
267 268
268 269
269 270
270 271
271 272
272 273
273 274
274 275
275 276
277 278
278 279
279 280
280 281
281 282
282 283
283 284
284 285
285 286
286 287
287 288
288 289
289 290
290 291
291 292
292 293
293 294
295 296
296 297
297 298
298 299
299 300
300 301
301 302
302 303
303 304
304 305
305 306
306 307
308 309
309 310
310 311
311 312
312 313
313 314
314 315
315 316
316 317
317 318
318 319
319 320
320 321
321 322
322 323
323 324
324 325
325 326
326 327
327 328
328 329
329 330
330 331
332 333
333 334
334 335
335 336
336 337
337 338
338 339
339 340
340 341
341 342
342 343
343 344
344 345
345 346
346 347
347 348
348 349
349 350
350 351
351 352
352 353
353 354
354 355
355 356
356 357
357 358
358 359
359 360
360 361
361 362
362 363
363 364
364 365
365 366
366 367
367 368
368 369
369 370
370 371
371 372
372 373
373 374
374 375
375 376
376 377
377 378
378 379
379 380
380 381
381 382
382 383
383 384
384 385
385 386
386 387
387 388
388 389
389 390
390 391
391 392
392 393
393 394
394 395
395 396
396 397
397 398
398 399
399 400
400 401
401 402
402 403
403 404
404 405
405 406
406 407
407 408
408 409
409 410
410 411
411 412
412 413
413 414
414 415
415 416
416 417
417 418
418 419
419 420
420 421
421 422
422 423
423 424
424 425
425 426
426 427
427 428
428 429
429 430
430 431
431 432
432 433
433 434
434 435
435 436
437 438
438 439
439 440
440 441
441 442
442 443
443 444
444 445
445 446
446 447
447 448
448 449
449 450
450 451
452 453
453 454
454 455
455 456
456 457
457 458
458 459
459 460
460 461
461 462
462 463
463 464
464 465
466 467
467 468
468 469
469 470
470 471
472 473
473 474
474 475
475 476
476 477
477 478
478 479
479 480
480 481
481 482
482 483
483 484
484 485
485 486
486 487
487 488
488 489
489 490
490 491
491 492
492 493
493 494
494 495
496 497
497 498
499 500
501 502
502 503
503 504
504 505
505 506
506 507
507 508
508 509
509 510
510 511
511 512
512 513
513 514
514 515
515 516
516 517
517 518
518 519
520 521
521 522
522 523
523 524
524 525
525 526
526 527
527 528
528 529
529 530
530 531
531 532
532 533
533 534
534 535
535 536
536 537
537 538
538 539
539 540
540 541
541 542
542 543
544 545
545 546
546 547
547 548
548 549
549 550
550 551
551 552
552 553
553 554
554 555
555 556
556 557
557 558
558 559
559 560
560 561
561 562
562 563
563 564
564 565
565 566
566 567
567 568
568 569
569 570
570 571
571 572
572 573
573 574
574 575
575 576
576 577
577 578
578 579
579 580
580 581
581 582
582 583
583 584
584 585
585 586
586 587
587 588
588 589
589 590
590 591
591 592
592 593
593 594
594 595
595 596
596 597
597 598
598 599
599 600
600 601
601 602
602 603
603 604
604 605
605 606
606 607
607 608
608 609
609 610
610 611
612 613
613 614
614 615
615 616
616 617
617 618
618 619
619 620
620 621
621 622
622 623
623 624
624 625
625 626
626 627
627 628
628 629
629 630
630 631
632 633
633 634
634 635
635 636
636 637
637 638
638 639
639 640
640 641
641 642
642 643
643 644
645 646
646 647
647 648
648 649
649 650
650 651
651 652
652 653
653 654
654 655
655 656
656 657
657 658
658 659
659 660
660 661
661 662
662 663
663 664
664 665
665 666
666 667
667 668
668 669
670 671
671 672
672 673
673 674
674 675
675 676
676 677
677 678
678 679
679 680
680 681
681 682
682 683
683 684
684 685
685 686
686 687
687 688
688 689
689 690
690 691
691 692
692 693
693 694
694 695
695 696
696 697
697 698
699 700
700 701
701 702
702 703
703 704
704 705
705 706
706 707
707 708
708 709
709 710
710 711
711 712
712 713
714 715
715 716
716 717
717 718
718 719
719 720
720 721
721 722
722 723
723 724
724 725
725 726
726 727
727 728
728 729
729 730
730 731
731 732
732 733
733 734
734 735
735 736
736 737
737 738
738 739
739 740
740 741
741 742
742 743
743 744
744 745
745 746
746 747
747 748
748 749
749 750
750 751
751 752
752 753
753 754
754 755
755 756
756 757
757 758
758 759
759 760
760 761
761 762
762 763
763 764
764 765
765 766
766 767
767 768
768 769
769 770
770 771
771 772
772 773
773 774
774 775
775 776
776 777
777 778
778 779
779 780
780 781
781 782
782 783
783 784
784 785
785 786
786 787
787 788
788 789
789 790
790 791
791 792
793 794
794 795
795 796
796 797
797 798
798 799
799 800
800 801
801 802
802 803
803 804
804 805
805 806
806 807
807 808
808 809
809 810
810 811
811 812
812 813
813 814
814 815
816 817
817 818
818 819
819 820
820 821
821 822
822 823
823 824
824 825
825 826
826 827
827 828
828 829
829 830
830 831
831 832
832 833
833 834
834 835
835 836
836 837
837 838
838 839
839 840
840 841
841 842
842 843
843 844
844 845
845 846
846 847
847 848
848 849
849 850
850 851
851 852
852 853
853 854
854 855
856 857
858 859
859 860
860 861
861 862
862 863
863 864
864 865
865 866
866 867
867 868
868 869
869 870
870 871
871 872
872 873
873 874
874 875
875 876
876 877
877 878
878 879
879 880
880 881
882 883
883 884
884 885
885 886
886 887
887 888
888 889
889 890
890 891
891 892
892 893
893 894
894 895
895 896
896 897
897 898
898 899
899 900
900 901
901 902
902 903
903 904
904 905
905 906
906 907
907 908
908 909
909 910
910 911
911 912
912 913
914 915
916 917
917 918
918 919
919 920
920 921
921 922
922 923
923 924
924 925
925 926
926 927
927 928
928 929
929 930
930 931
931 932
932 933
933 934
934 935
935 936
936 937
937 938
938 939
940 941
941 942
942 943
943 944
944 945
945 946
946 947
947 948
948 949
949 950
950 951
951 952
952 953
953 954
954 955
955 956
956 957
957 958
958 959
959 960
960 961
961 962
962 963
963 964
965 966
966 967
967 968
968 969
970 971
971 972
972 973
973 974
974 975
975 976
976 977
977 978
978 979
979 980
980 981
981 982
982 983
983 984
984 985
985 986
986 987
987 988
988 989
989 990
990 991
991 992
992 993
993 994
994 995
996 997
997 998
998 999
999 1000
1000 1001
1001 1002
1002 1003
1003 1004
1004 1005
1005 1006
1006 1007
1007 1008
1008 1009
1009 1010
1010 1011
1011 1012
1012 1013
1013 1014
1014 1015
1015 1016
1016 1017
1017 1018
1018 1019
1019 1020
1020 1021
1021 1022
1022 1023
1023 1024
1024 1025
1025 1026
1026 1027
1027 1028
1028 1029
1029 1030
1030 1031
1031 1032
1033 1034
1034 1035
1035 1036
1036 1037
1037 1038
1038 1039
1039 1040
1040 1041
1041 1042
1042 1043
1043 1044
1044 1045
1045 1046
1046 1047
1048 1049
1049 1050
1050 1051
1051 1052
1052 1053
1053 1054
1054 1055
1055 1056
1056 1057
1057 1058
1058 1059
1059 1060
1060 1061
1061 1062
1062 1063
1063 1064
1064 1065
1065 1066
1066 1067
1067 1068
1068 1069
1069 1070
1070 1071
1071 1072
1072 1073
1073 1074
1074 1075
1075 1076
1076 1077
1077 1078
1078 1079
1079 1080
1080 1081
1081 1082
1083 1084
1084 1085
1085 1086
1086 1087
1087 1088
1088 1089
1089 1090
1090 1091
1091 1092
1092 1093
1093 1094
1094 1095
1095 1096
1096 1097
1097 1098
1098 1099
1099 1100
1100 1101
1101 1102
1102 1103
1103 1104
1104 1105
1105 1106
1106 1107
1107 1108
1108 1109
1109 1110
1110 1111
1111 1112
1112 1113
1113 1114
1114 1115
1115 1116
1116 1117
1117 1118
1118 1119
1119 1120
1120 1121
1121 1122
1122 1123
1123 1124
1124 1125
1125 1126
1126 1127
1127 1128
1128 1129
1129 1130
1130 1131
1131 1132
1132 1133
1133 1134
1134 1135
1135 1136
1136 1137
1137 1138
1138 1139
1139 1140
1140 1141
1141 1142
1142 1143
1143 1144
1144 1145
1145 1146
1146 1147
1147 1148
1148 1149
1149 1150
1150 1151
1151 1152
1152 1153
1153 1154
1154 1155
1155 1156
1156 1157
1158 1159
1159 1160
1160 1161
1161 1162
1162 1163
1163 1164
1164 1165
1165 1166
1166 1167
1167 1168
1168 1169
1169 1170
1170 1171
1171 1172
1172 1173
1173 1174
1174 1175
1175 1176
1176 1177
1177 1178
1178 1179
1180 1181
1181 1182
1182 1183
1183 1184
1184 1185
1185 1186
1187 1188
1188 1189
1189 1190
1190 1191
1191 1192
1192 1193
1193 1194
1194 1195
1195 1196
1196 1197
1197 1198
1198 1199
1199 1200
1200 1201
1201 1202
1202 1203
1203 1204
1204 1205
1205 1206
1206 1207
1207 1208
1208 1209
1209 1210
1210 1211
1211 1212
1212 1213
1213 1214
1215 1216
1216 1217
1217 1218
1218 1219
1219 1220
1220 1221
1221 1222
1222 1223
1223 1224
1224 1225
1225 1226
1226 1227
1227 1228
1228 1229
1229 1230
1230 1231
1231 1232
1232 1233
1233 1234
1234 1235
1235 1236
1236 1237
1237 1238
1238 1239
1239 1240
1241 1242
1242 1243
1243 1244
1244 1245
1245 1246
1246 1247
1247 1248
1248 1249
1249 1250
1250 1251
1251 1252
1252 1253
1253 1254
1254 1255
1255 1256
1256 1257
1257 1258
1258 1259
1260 1261
1261 1262
1262 1263
1263 1264
1264 1265
1265 1266
1266 1267
1267 1268
1268 1269
1270 1271
1271 1272
1272 1273
1273 1274
1274 1275
1275 1276
1276 1277
1277 1278
1278 1279
1279 1280
1280 1281
1281 1282
1282 1283
1283 1284
1284 1285
1285 1286
1286 1287
1287 1288
1289 1290
1290 1291
1291 1292
1292 1293
1293 1294
1294 1295
1295 1296
1296 1297
1297 1298
1298 1299
1300 1301
1301 1302
1302 1303
1303 1304
1304 1305
1305 1306
1306 1307
1307 1308
1308 1309
1309 1310
1310 1311
1311 1312
1312 1313
1313 1314
1314 1315
1315 1316
1316 1317
1318 1319
1319 1320
1320 1321
1321 1322
1322 1323
1323 1324
1324 1325
1325 1326
1326 1327
1327 1328
1328 1329
1329 1330
1330 1331
1331 1332
1332 1333
1333 1334
1334 1335
1335 1336
1336 1337
1337 1338
1338 1339
1339 1340
1340 1341
1341 1342
1342 1343
1343 1344
1344 1345
1345 1346
1346 1347
1347 1348
1348 1349
1349 1350
1350 1351
1351 1352
1352 1353
1353 1354
1354 1355
1355 1356
1356 1357
1357 1358
1358 1359
1359 1360
1360 1361
1361 1362
1362 1363
1363 1364
1364 1365
1366 1367
1367 1368
1368 1369
1369 1370
1370 1371
1371 1372
1372 1373
1373 1374
1375 1376
1376 1377
1377 1378
1378 1379
1379 1380
1380 1381
1381 1382
1382 1383
1383 1384
1384 1385
1385 1386
1386 1387
1387 1388
1388 1389
1389 1390
1390 1391
1391 1392
1392 1393
1393 1394
1394 1395
1395 1396
1396 1397
1397 1398
1398 1399
1399 1400
1400 1401
1401 1402
1402 1403
1403 1404
1404 1405
1406 1407
1407 1408
1408 1409
1409 1410
1410 1411
1411 1412
1413 1414
1414 1415
1415 1416
1416 1417
1417 1418
1418 1419
1419 1420
1420 1421
1421 1422
1422 1423
1423 1424
1424 1425
1425 1426
1427 1428
1428 1429
1429 1430
1430 1431
1431 1432
1432 1433
1433 1434
1434 1435
1435 1436
1436 1437
1437 1438
1438 1439
1439 1440
1440 1441
1441 1442
1442 1443
1443 1444
1444 1445
1445 1446
1446 1447
1447 1448
1448 1449
1449 1450
1450 1451
1451 1452
1452 1453
1454 1455
1455 1456
1456 1457
1457 1458
1458 1459
1459 1460
1460 1461
1461 1462
1462 1463
1463 1464
1464 1465
1465 1466
1466 1467
1467 1468
1468 1469
1469 1470
1470 1471
1471 1472
1472 1473
1473 1474
1474 1475
1475 1476
1476 1477
1477 1478
1479 1480
1480 1481
1481 1482
1482 1483
1483 1484
1484 1485
1485 1486
1486 1487
1487 1488
1488 1489
1489 1490
1490 1491
1491 1492
1492 1493
1493 1494
1494 1495
1495 1496
1497 1498
1498 1499
1499 1500
1500 1501
1501 1502
1502 1503
1503 1504
1504 1505
1505 1506
1506 1507
1507 1508
1508 1509
1509 1510
1510 1511
1511 1512
1512 1513
1513 1514
1514 1515
1515 1516
1516 1517
1517 1518
1518 1519
1519 1520
1520 1521
1521 1522
1522 1523
1523 1524
1524 1525
1525 1526
1526 1527
1527 1528
1528 1529
1529 1530
1530 1531
1531 1532
1532 1533
1533 1534
1534 1535
1535 1536
1536 1537
1537 1538
1538 1539
1539 1540
1540 1541
1541 1542
1542 1543
1543 1544
1544 1545
1545 1546
1547 1548
1548 1549
1549 1550
1550 1551
1551 1552
1552 1553
1553 1554
1554 1555
1555 1556
1556 1557
1557 1558
1558 1559
1559 1560
1560 1561
1561 1562
1562 1563
1563 1564
1564 1565
1565 1566
1566 1567
1567 1568
1568 1569
1569 1570
1570 1571
1571 1572
1572 1573
1573 1574
1574 1575
1575 1576
1576 1577
1577 1578
1578 1579
1579 1580
1580 1581
1581 1582
1582 1583
1583 1584
1584 1585
1585 1586
1586 1587
1587 1588
1588 1589
1589 1590
1590 1591
1591 1592
1592 1593
1593 1594
1594 1595
1595 1596
1596 1597
1597 1598
1598 1599
1599 1600
1600 1601
1601 1602
1602 1603
1604 1605
1605 1606
1606 1607
1607 1608
1608 1609
1609 1610
1610 1611
1611 1612
1612 1613
1613 1614
1614 1615
1615 1616
1616 1617
1617 1618
1618 1619
1619 1620
1620 1621
1621 1622
1622 1623
1623 1624
1624 1625
1625 1626
1626 1627
1627 1628
1628 1629
1629 1630
1630 1631
1631 1632
1632 1633
1633 1634
1635 1636
1636 1637
1637 1638
1638 1639
1639 1640
1640 1641
1641 1642
1642 1643
1643 1644
1644 1645
1645 1646
1646 1647
1647 1648
1648 1649
1649 1650
1650 1651
1651 1652
1652 1653
1653 1654
1654 1655
1655 1656
1656 1657
1657 1658
1658 1659
1659 1660
1661 1662
1662 1663
1663 1664
1664 1665
1665 1666
1666 1667
1667 1668
1668 1669
1669 1670
1670 1671
1671 1672
1673 1674
1674 1675
1675 1676
1676 1677
1677 1678
1678 1679
1679 1680
1680 1681
1681 1682
1682 1683
1683 1684
1684 1685
1685 1686
1686 1687
1687 1688
1688 1689
1689 1690
1690 1691
1691 1692
1692 1693
1693 1694
1694 1695
1695 1696
1696 1697
1698 1699
1699 1700
1700 1701
1701 1702
1702 1703
1703 1704
1704 1705
1705 1706
1706 1707
1707 1708
1708 1709
1709 1710
1710 1711
1711 1712
1712 1713
1713 1714
1714 1715
1715 1716
1716 1717
1717 1718
1718 1719
1719 1720
1720 1721
1721 1722
1722 1723
1724 1725
1725 1726
1726 1727
1727 1728
1728 1729
1729 1730
1730 1731
1731 1732
1732 1733
1733 1734
1734 1735
1735 1736
1736 1737
1737 1738
1738 1739
1739 1740
1740 1741
1741 1742
1742 1743
1743 1744
1744 1745
1745 1746
1746 1747
1748 1749
1749 1750
1750 1751
1751 1752
1752 1753
1754 1755
1755 1756
1756 1757
1757 1758
1759 1760
1760 1761
1761 1762
1762 1763
1763 1764
1764 1765
1765 1766
1766 1767
1767 1768
1768 1769
1769 1770
1770 1771
1771 1772
1772 1773
1773 1774
1774 1775
1775 1776
1776 1777
1777 1778
1778 1779
1779 1780
1780 1781
1781 1782
1782 1783
1783 1784
1784 1785
1785 1786
1786 1787
1787 1788
1788 1789
1789 1790
1790 1791
1791 1792
1792 1793
1793 1794
1794 1795
1795 1796
1797 1798
1798 1799
1799 1800
1800 1801
1801 1802
1802 1803
1803 1804
1804 1805
1805 1806
1806 1807
1807 1808
1808 1809
1809 1810
1810 1811
1811 1812
1813 1814
1814 1815
1815 1816
1816 1817
1817 1818
1818 1819
1819 1820
1820 1821
1821 1822
1822 1823
1823 1824
1824 1825
1825 1826
1826 1827
1827 1828
1828 1829
1829 1830
1830 1831
1831 1832
1832 1833
1833 1834
1834 1835
1835 1836
1836 1837
1837 1838
1838 1839
1839 1840
1840 1841
1841 1842
1842 1843
1843 1844
1844 1845
1845 1846
1846 1847
1847 1848
1848 1849
1849 1850
1851 1852
1852 1853
1853 1854
1854 1855
1855 1856
1856 1857
1857 1858
1858 1859
1860 1861
1861 1862
1862 1863
1863 1864
1864 1865
1865 1866
1866 1867
1867 1868
1868 1869
1869 1870
1870 1871
1871 1872
1872 1873
1873 1874
1874 1875
1875 1876
1876 1877
1877 1878
1878 1879
1879 1880
1881 1882
1882 1883
1883 1884
1884 1885
1885 1886
1886 1887
1887 1888
1888 1889
1889 1890
1890 1891
1891 1892
1892 1893
1893 1894
1894 1895
1895 1896
1896 1897
1897 1898
1898 1899
1899 1900
1900 1901
1901 1902
1902 1903
1903 1904
1904 1905
1905 1906
1906 1907
1907 1908
1908 1909
1909 1910
1910 1911
1911 1912
1912 1913
1913 1914
1914 1915
1915 1916
1916 1917
1917 1918
1918 1919
1919 1920
1920 1921
1921 1922
1922 1923
1923 1924
1924 1925
1925 1926
1926 1927
1927 1928
1928 1929
1929 1930
1930 1931
1931 1932
1932 1933
1933 1934
1934 1935
1935 1936
1936 1937
1937 1938
1938 1939
1939 1940
1940 1941
1942 1943
1943 1944
1944 1945
1945 1946
1946 1947
1947 1948
1948 1949
1949 1950
1950 1951
1951 1952
1952 1953
1953 1954
1954 1955
1955 1956
1956 1957
1958 1959
1959 1960
1960 1961
1961 1962
1962 1963
1964 1965
1965 1966
1966 1967
1967 1968
1968 1969
1969 1970
1970 1971
1971 1972
1972 1973
1973 1974
1974 1975
1975 1976
1976 1977
1977 1978
1979 1980
1980 1981
1981 1982
1982 1983
1983 1984
1984 1985
1985 1986
1986 1987
1987 1988
1988 1989
1989 1990
1990 1991
1991 1992
1992 1993
1993 1994
1994 1995
1995 1996
1996 1997
1997 1998
1998 1999
1999 2000
2001 2002
2002 2003
2003 2004
2004 2005
2005 2006
2006 2007
2007 2008
2008 2009
2009 2010
2010 2011
2011 2012
2012 2013
2013 2014
2014 2015
2015 2016
2016 2017
2017 2018
2018 2019
2019 2020
2020 2021
2022 2023
2023 2024
2024 2025
2025 2026
2026 2027
2027 2028
2028 2029
2029 2030
2030 2031
2031 2032
2032 2033
2033 2034
2034 2035
2035 2036
2036 2037
2037 2038
2038 2039
2039 2040
2040 2041
2041 2042
2042 2043
2043 2044
2044 2045
2045 2046
2046 2047
2047 2048
2049 2050
2050 2051
2051 2052
2052 2053
2053 2054
2054 2055
2055 2056
2056 2057
2057 2058
2058 2059
2059 2060
2060 2061
2061 2062
2062 2063
2063 2064
2064 2065
2065 2066
2066 2067
2067 2068
2068 2069
2069 2070
2070 2071
2071 2072
2072 2073
2073 2074
2074 2075
2075 2076
2076 2077
2077 2078
2078 2079
2079 2080
2080 2081
2081 2082
2082 2083
2083 2084
2084 2085
2085 2086
2086 2087
2087 2088
2088 2089
2089 2090
2090 2091
2091 2092
2092 2093
2093 2094
2094 2095
2095 2096
2096 2097
2097 2098
2098 2099
2099 2100
2100 2101
2101 2102
2102 2103
2103 2104
2104 2105
2105 2106
2106 2107
2107 2108
2108 2109
2110 2111
2111 2112
2112 2113
2113 2114
2114 2115
2115 2116
2116 2117
2117 2118
2118 2119
2119 2120
2120 2121
2121 2122
2122 2123
2123 2124
2124 2125
2125 2126
2126 2127
2127 2128
2129 2130
2130 2131
2131 2132
2132 2133
2133 2134
2134 2135
2135 2136
2136 2137
2137 2138
2138 2139
2139 2140
2140 2141
2141 2142
2142 2143
2143 2144
2144 2145

