103 0 85
-8.81034 -35.0341 -0.534635 
-8.79651 -30.0172 1.09484
-19.7477 -33.6912 -2.6963 
-12.7923 -35.343 5.2866
-13.1337 -21.4092 11.4269 
-13.0776 -21.3982 11.3724
-4.95134 -20.6237 7.09829 
-6.34436 -18.3318 14.8783
-7.8119 -18.3989 15.9405 
-11.5465 -19.7496 13.5861
-11.3592 -16.9651 -3.79972 
-13.418 -5.48232 -15.8902
-3.97696 -14.9885 5.04701 
-4.11478 -12.7126 2.32169
-30.6556 -10.7082 -3.71234 
-25.6343 -21.6276 -9.04241
-24.0542 -8.77658 13.1644 
-20.3869 15.3228 -15.1454
-25.6518 -7.92192 -15.2771 
-24.4208 -20.1973 -10.4078
-6.6686 -7.70225 19.9266 
-10.3199 -13.8601 20.1678
-5.81251 -5.35725 -9.16345 
-5.44847 -2.42367 -11.2645
-16.7136 -6.27756 18.6714 
-2.71028 -3.44135 9.32973 
-5.6778 34.2312 -3.40227
-28.0357 -1.86638 -12.808 
-25.6518 -7.92192 -15.2771
-26.3945 1.70953 -16.2628 
-28.0357 -1.86638 -12.808
-12.4711 3.77984 -20.7474 
-14.1013 0.415946 -19.909
-22.0355 8.33323 -6.51812 
-18.8057 15.5909 -11.8165
-4.5565 8.45376 -12.4939 
-4.5565 8.4539 -12.4939
-21.6787 9.1791 -20.1263 
-21.5819 9.17447 -20.2054
-14.0137 13.2469 -20.4018 
-6.37118 16.1211 15.0131 
-7.24952 25.7688 10.0175
-17.9005 17.3412 -11.9666 
-7.11357 34.5232 -6.26822
-21.6008 25.4093 -2.91298 
-23.5614 20.433 -10.042
-11.1937 -23.1882 -3.89203 
-11.3592 -16.9651 -3.79972
-30.6302 -12.9781 0.0792448 
-28.7833 -22.6402 -0.0847347
-28.7833 -22.6402 -0.0847347 
-19.7477 -33.6912 -2.6963
-3.55713 -12.7916 12.3571 
-3.97696 -14.9885 5.04701
-21.6733 -10.2135 15.2783 
-30.6302 -12.9781 0.0792448
-24.0803 -1.83257 -18.3958 
-7.11357 34.5232 -6.26822 
-21.6008 25.4093 -2.91298
-21.6453 -10.2206 15.3055 
-21.6733 -10.2135 15.2783
-25.6343 -21.6276 -9.04241 
-19.9684 -27.7681 -7.94487
-4.11478 -12.7126 2.32169 
-8.51376 -23.2454 0.991209
-12.5888 3.57382 -20.7669 
-12.4711 3.77984 -20.7474
-16.7362 -32.6609 -5.34881 
-8.81034 -35.0341 -0.534635
-24.4208 -20.1973 -10.4078 
-6.34436 -18.3318 14.8783 
-7.8119 -18.3989 15.9405
-29.2922 6.75122 -2.44775 
-27.5587 14.5873 -7.60698
-11.4181 24.4472 10.5632 
-6.37118 16.1211 15.0131
-16.1779 24.8958 6.32925 
-11.4181 24.4472 10.5632
-28.8046 2.17379 4.7048 
-24.0542 -8.77658 13.1644
-26.4312 13.8086 2.70557 
-6.98488 1.78957 19.2246
-27.5587 14.5873 -7.60698 
-26.4312 13.8086 2.70557
-5.6778 34.2312 -3.40227 
-13.6611 -28.9165 13.5127 
-7.97722 32.8247 2.59346 
-16.7362 -32.6609 -5.34881
-24.0803 -1.83257 -18.3958
-16.7136 -6.27756 18.6714
-13.418 -5.48232 -15.8902 
-11.1937 -23.1882 -3.89203
-28.8046 2.17379 4.7048
-3.55713 -12.7916 12.3571
-14.0137 13.2469 -20.4018
-18.8057 15.5909 -11.8165 
-17.9005 17.3412 -11.9666
-16.1779 24.8958 6.32925
-7.24952 25.7688 10.0175 
-13.6611 -28.9165 13.5127
-7.97722 32.8247 2.59346
-8.51376 -23.2454 0.991209 
-23.5614 20.433 -10.042 
0 1
2 3
4 5
6 7
8 9
10 11
12 13
14 15
16 17
18 19
20 21
22 23
24 21
25 26
27 28
29 30
31 32
33 34
35 36
37 38
39 38
40 41
42 43
44 45
46 47
48 49
50 51
52 53
54 55
56 32
57 58
59 60
61 62
63 64
65 66
67 68
69 62
70 71
72 73
74 75
76 77
78 79
80 81
82 83
84 43
85 3
86 41
0 3
2 87
6 64
6 53
8 21
10 1
14 55
14 30
16 60
18 88
20 89
20 81
90 32
90 91
24 92
25 13
25 93
29 88
29 38
31 94
39 17
95 17
95 96
40 81
42 45
44 97
98 77
46 1
50 99
52 7
61 19
67 62
72 83
72 92
76 100
101 99
102 73
84 100
