94 0 77
8.05995 -33.3852 1.67492 
6.50223 -27.8187 2.29703
17.8252 -28.079 -3.63119 
23.7035 -19.6489 -7.18886
11.1332 -26.7841 14.8984 
26.1455 -20.2367 3.63124
5.09056 -23.6169 3.43635 
11.1332 -26.7841 14.8984
9.31556 -19.6552 14.1161 
17.6967 -15.6859 15.554
26.1455 -20.2367 3.63124 
16.3115 -29.9336 -2.31457
7.18184 -17.3421 14.794 
3.3769 -15.983 17.7901
19.0627 -5.86785 16.0218 
25.55 7.0567 -7.54215
26.6144 -4.18109 -4.35774 
29.3372 -4.62864 -7.8031
4.49487 -2.38778 -10.799 
4.51744 -5.37053 -8.62544
29.1038 -2.60266 -11.0985 
25.31 1.7392 -15.7334
11.9513 0.791225 -19.0221 
11.8811 13.7467 -20.7716
3.45465 7.55705 -12.2961 
3.45469 7.55705 -12.2961
25.55 7.0567 -7.54215 
25.5241 7.23158 -7.30398
25.8331 8.6605 -1.94262 
22.5852 16.1455 4.12351
14.0756 11.9808 15.9876 
10.5389 15.6639 16.0354
18.8756 10.489 -5.54038 
18.8746 10.5006 -5.55259
1.48125 14.0518 16.797 
2.4404 5.23147 20.1308
10.5389 15.6639 16.0354 
1.48125 14.0518 16.797
15.9776 20.2627 -12.3102 
19.4529 22.4217 -10.5547
0.0348409 20.287 -10.152 
-1.55686 28.6221 -5.89776
19.4529 22.4217 -10.5547 
16.8139 28.283 -3.6264
2.48728 25.8649 10.7506 
2.57127 25.9422 10.7017
3.98664 27.3833 9.6686 
8.48721 26.1001 9.82734
16.8139 28.283 -3.6264 
-0.0170188 34.0831 -6.06333
11.8153 -22.5778 4.34626 
30.303 -7.43483 -6.99456 
30.3015 -7.4444 -6.97986
9.18876 -22.3595 -1.78583 
11.7581 -6.04286 -12.6858
23.9341 3.95434 -16.8111 
6.50223 -27.8187 2.29703 
9.18876 -22.3595 -1.78583
25.6363 -7.88548 -13.8288 
29.1038 -2.60266 -11.0985
0.338386 -13.755 15.0137 
2.16839 -16.1798 16.3653
30.3834 -8.42552 -6.42499 
29.1214 -11.2531 1.67279
23.9287 17.3338 -7.83215 
12.2219 26.4445 6.52448 
3.85321 34.539 1.52371
11.7581 -6.04286 -12.6858 
11.9513 0.791225 -19.0221
29.1214 -11.2531 1.67279 
5.30241 -11.8223 21.5697 
2.08726 -4.91784 21.2677
8.48721 26.1001 9.82734 
12.2219 26.4445 6.52448
2.08726 -4.91784 21.2677 
13.2772 -1.49305 19.8604
3.85321 34.539 1.52371 
3.98664 27.3833 9.6686
2.4404 5.23147 20.1308 
14.0756 11.9808 15.9876
-1.55686 28.6221 -5.89776 
0.338386 -13.755 15.0137
-0.0170188 34.0831 -6.06333 
24.9724 4.66943 6.74451 
29.3372 -4.62864 -7.8031 
23.7035 -19.6489 -7.18886 
17.8252 -28.079 -3.63119
11.8811 13.7467 -20.7716 
17.6967 -15.6859 15.554 
19.0627 -5.86785 16.0218
24.9724 4.66943 6.74451
23.9341 3.95434 -16.8111
23.9287 17.3338 -7.83215
2.16839 -16.1798 16.3653 
0 1
2 3
4 5
6 7
8 9
10 11
12 13
14 15
16 17
18 19
20 21
22 23
24 25
26 27
28 29
30 31
32 33
34 35
36 37
38 39
40 41
42 43
44 45
46 47
48 49
50 1
51 52
53 54
55 21
56 57
58 59
60 61
62 63
64 39
65 66
67 68
69 9
70 71
72 73
74 75
76 77
78 79
80 81
82 66
83 75
84 52
85 86
87 15
0 7
0 11
2 11
6 81
6 61
10 63
88 89
14 90
20 17
22 91
28 92
28 90
30 29
34 45
36 47
46 45
48 73
53 54
55 23
58 21
58 3
62 52
62 3
64 29
70 13
70 75
74 35
93 13
80 49
