2008 0 1931
8.05995 -33.3852 1.67492
7.79192 -33.3231 1.80043
7.44457 -33.2079 1.89019
6.9222 -32.8365 1.88089
6.32778 -32.3921 1.90402
6.05231 -31.8971 2.07046
5.94367 -31.6618 2.12213
5.67394 -31.0851 2.2561
5.65003 -30.5855 2.33118
5.66757 -30.3961 2.37966
5.73633 -30.0143 2.47346
6.05187 -29.4086 2.57395
6.23367 -29.0571 2.63684
6.34272 -28.845 2.67244
6.47984 -28.5742 2.7142
6.63292 -28.2766 2.7568
6.50223 -27.8187 2.29703
17.8252 -28.079 -3.63119
17.5734 -27.5983 -4.14009
17.5734 -27.1661 -4.49986
17.5706 -27.0724 -4.57854
17.5899 -26.787 -4.80193
17.6606 -26.1045 -5.19201
17.722 -25.6774 -5.43076
17.7598 -25.3112 -5.62446
17.7779 -25.241 -5.65773
17.87 -24.8241 -5.85423
18.0325 -24.3087 -6.09351
18.2131 -23.9307 -6.26963
18.4834 -23.4619 -6.49211
18.722 -23.1016 -6.66171
18.9213 -22.8839 -6.76048
19.1224 -22.6619 -6.85959
19.3985 -22.389 -6.97659
19.6293 -22.0958 -7.11412
20.2448 -21.6814 -7.20365
20.6437 -21.4141 -7.25858
21.2768 -20.9854 -7.34843
21.6321 -20.7558 -7.37379
21.9632 -20.5798 -7.35064
22.5631 -20.2386 -7.32852
22.9985 -20.0342 -7.26465
23.7035 -19.6489 -7.18886
11.1332 -26.7841 14.8984
11.4725 -26.3783 15.0748
11.8595 -26.1049 15.1212
12.3481 -25.7386 15.1932
12.7879 -25.3734 15.244
13.2185 -25.0631 15.2524
13.4441 -24.8931 15.2591
13.9004 -24.5604 15.2602
14.5935 -24.1232 15.201
14.9218 -23.8429 15.1896
15.2658 -23.6133 15.1255
15.5998 -23.3978 15.0431
15.9855 -23.148 14.9464
16.4068 -22.8745 14.8367
16.9841 -22.497 14.681
17.0685 -22.442 14.6575
17.6777 -22.0499 14.4839
18.1646 -21.7355 14.3001
18.5531 -21.4797 14.124
18.727 -21.3577 14.0433
18.8883 -21.2439 13.9684
19.2574 -20.9892 13.7896
19.7568 -20.6746 13.5136
20.1554 -20.4418 13.2735
20.4819 -20.2342 13.06
20.8407 -19.9969 12.8094
21.0801 -19.8418 12.6338
21.238 -19.7389 12.516
21.4014 -19.6323 12.3896
21.6061 -19.4998 12.2258
21.7783 -19.3888 12.0842
22.2548 -19.0872 11.6816
22.4755 -18.9685 11.4774
22.6665 -18.8757 11.2925
22.9458 -18.7737 10.9973
23.1768 -18.7198 10.7065
23.5562 -18.6232 10.2292
23.9502 -18.5274 9.72869
24.2095 -18.5332 9.30856
24.4457 -18.6122 8.82303
24.5231 -18.6478 8.65035
24.6427 -18.7113 8.37091
24.7424 -18.7694 8.13033
24.9125 -18.8786 7.7045
25.0718 -18.9885 7.2942
25.1773 -19.0721 7.00593
25.3758 -19.249 6.43346
25.5373 -19.4033 5.95162
25.7006 -19.57 5.44929
25.805 -19.6915 5.10557
25.9229 -19.8474 4.69633
26.017 -20.0288 4.2796
26.1455 -20.2367 3.63124
5.09056 -23.6169 3.43635
5.09806 -24.0934 3.72743
5.13236 -24.4121 3.90884
5.1584 -24.644 4.04025
5.17782 -24.8218 4.14395
5.18573 -25.1979 4.40367
5.19291 -25.7533 4.80699
5.18984 -26.3411 5.2704
5.18283 -27.0093 5.80958
5.1647 -27.4429 6.20143
5.10322 -27.8387 6.63033
5.05779 -28.0212 6.85201
4.97095 -28.2462 7.17549
4.74111 -28.379 7.57148
4.5753 -28.4683 7.85426
4.42727 -28.5227 8.0829
4.17531 -28.6157 8.47322
3.87093 -28.7226 8.94571
3.63435 -28.6848 9.23847
3.31479 -28.5688 9.65448
2.98152 -28.3777 10.108
2.79625 -28.2523 10.3555
2.50538 -28.0151 10.7703
2.24847 -27.7598 11.1577
2.0438 -27.4871 11.5149
1.89272 -27.2484 11.8046
1.7524 -26.9425 12.1169
1.64182 -26.6688 12.4576
1.57212 -26.3584 12.8337
1.55645 -26.2031 13.0686
1.54719 -25.9453 13.33
1.56406 -25.78 13.5497
1.61044 -25.6217 13.8687
1.65768 -25.4855 14.0947
1.8755 -25.1564 14.8096
2.08332 -24.9387 15.2815
2.266 -24.8174 15.6256
2.47455 -24.7225 15.9465
2.664 -24.6275 16.2132
2.92902 -24.5313 16.5299
3.77438 -24.5888 17.0441
4.17645 -24.6159 17.2822
4.61313 -24.6503 17.4966
4.88586 -24.6774 17.6135
5.50881 -24.7341 17.8207
6.12333 -24.8356 17.8186
6.66686 -24.9372 17.7219
7.47724 -25.1098 17.5359
7.95172 -25.2355 17.3205
8.30004 -25.3268 17.1564
8.94366 -25.5125 16.8353
9.59115 -25.7231 16.4223
10.183 -25.9645 15.9936
10.4882 -26.1626 15.6966
10.7816 -26.3556 15.4068
11.1332 -26.7841 14.8984
9.31556 -19.6552 14.1161
9.50927 -19.6513 14.1514
9.67351 -19.6476 14.1789
10.0859 -19.6357 14.2352
10.9381 -19.6 14.3136
11.6214 -19.5588 14.355
12.3639 -19.4924 14.3787
13.0912 -19.4112 14.3924
13.5758 -19.3346 14.3926
13.9719 -19.2566 14.3892
14.3066 -19.1747 14.385
14.5305 -19.1149 14.3819
14.9751 -18.9686 14.3773
15.3334 -18.8183 14.3787
15.6312 -18.6807 14.3834
15.9086 -18.5221 14.3963
16.5364 -18.1656 14.4023
16.7492 -17.9233 14.519
16.8659 -17.7152 14.6092
17.2278 -16.8503 15.0374
17.4542 -16.2694 15.334
17.6967 -15.6859 15.554
26.1455 -20.2367 3.63124
25.9968 -20.7667 3.39441
25.7375 -21.3984 3.3576
25.607 -21.7356 3.30552
25.3734 -22.243 3.28248
25.2231 -22.5952 3.23507
24.9768 -23.0853 3.24508
24.7288 -23.5846 3.24857
24.412 -24.2231 3.24648
24.1358 -24.7661 3.25028
23.7799 -25.3708 3.27512
23.4942 -25.8041 3.29116
23.2499 -26.1611 3.29652
23.0145 -26.4966 3.29495
22.6948 -26.9202 3.25496
22.3841 -27.3245 3.20597
22.0005 -27.7798 3.07476
21.8688 -27.9328 3.02452
21.6575 -28.1786 2.94409
21.2118 -28.6931 2.76847
21.0081 -28.9042 2.64506
20.652 -29.2619 2.41217
20.2966 -29.5774 2.12884
20.0775 -29.7271 1.90669
19.8385 -29.9449 1.72592
19.5607 -30.1554 1.49002
19.3401 -30.2002 1.22611
19.1037 -30.2519 0.951203
18.8004 -30.3141 0.597436
18.4892 -30.3658 0.235586
18.2737 -30.3958 -0.0106435
17.8998 -30.3878 -0.460697
17.6169 -30.302 -0.877943
17.1726 -30.0998 -1.48762
16.9053 -29.9526 -1.88112
16.3115 -29.9336 -2.31457
7.18184 -17.3421 14.794
7.13902 -17.368 14.8731
6.93986 -17.4579 15.131
6.73349 -17.4672 15.3172
6.4101 -17.4665 15.6047
5.93063 -17.4735 16.004
5.5872 -17.364 16.2549
5.25703 -17.2742 16.4651
4.66871 -17.1164 16.811
4.32095 -16.9155 16.9414
3.90448 -16.6397 17.137
3.6956 -16.404 17.353
3.3769 -15.983 17.7901
19.0627 -5.86785 16.0218
19.7038 -6.11009 15.5302
19.9121 -6.29832 15.3238
20.3194 -6.47888 14.9212
20.5656 -6.59316 14.6669
21.0036 -6.77207 14.1929
21.0954 -6.80825 14.0914
21.3416 -6.90534 13.8173
21.9205 -7.11232 13.1467
22.2332 -7.01627 12.6886
22.4424 -6.98061 12.3596
22.6046 -6.94483 12.0937
22.7966 -6.88971 11.7783
23.1228 -6.75429 11.2232
23.3493 -6.63376 10.7836
23.5175 -6.52273 10.4613
23.8264 -6.3101 9.86777
23.964 -6.2121 9.59603
24.177 -6.05624 9.16945
24.4296 -5.86414 8.65472
24.65 -5.68929 8.18887
24.7865 -5.57026 7.89372
24.9989 -5.35267 7.43929
25.1867 -5.17425 7.00374
25.253 -5.09966 6.85002
25.3251 -5.00959 6.6811
25.5841 -4.66646 6.13136
25.6646 -4.55198 5.95865
25.7479 -4.42786 5.77797
25.8842 -4.20423 5.47211
26.0385 -3.88426 5.09064
26.1351 -3.65063 4.83166
26.2656 -3.22345 4.40466
26.3425 -2.97052 4.15227
26.4207 -2.70633 3.89041
26.4886 -2.36243 3.57285
26.5621 -1.90686 3.15945
26.5884 -1.5385 2.8409
26.6024 -1.28729 2.61044
26.608 -1.11716 2.45866
26.6125 -0.879167 2.25265
26.6241 -0.702843 2.07411
26.6309 -0.496894 1.87089
26.6095 -0.0665804 1.45693
26.5994 0.397193 0.923271
26.5843 0.653325 0.640032
26.5724 0.888482 0.35516
26.552 1.2811 -0.163586
26.5366 1.55748 -0.555598
26.5208 1.82087 -0.945758
26.5172 1.87536 -1.02953
26.5026 2.08031 -1.36092
26.4803 2.37787 -1.85073
26.4469 2.7729 -2.52764
26.4216 3.03981 -2.99898
26.4021 3.22467 -3.33407
26.3828 3.39876 -3.65267
26.3757 3.45931 -3.76396
26.3282 3.83157 -4.4459
26.264 4.14536 -4.96926
26.2041 4.38562 -5.31691
26.1608 4.55379 -5.53919
26.0635 4.9362 -6.0054
25.943 5.41469 -6.49838
25.8307 5.86777 -6.88872
25.7487 6.20794 -7.11567
25.6453 6.66887 -7.29877
25.55 7.0567 -7.54215
26.6144 -4.18109 -4.35774
26.6793 -4.1713 -4.4131
26.9118 -4.1301 -4.62273
27.3007 -4.07311 -4.97423
27.5413 -4.0414 -5.2157
27.8413 -4.03185 -5.49463
28.1424 -4.06798 -5.85567
28.3803 -4.1762 -6.21842
29.0151 -4.48648 -7.18938
29.3372 -4.62864 -7.8031
4.49487 -2.38778 -10.799
4.50039 -2.46002 -10.7484
4.51629 -2.78484 -10.5224
4.52398 -3.03047 -10.3532
4.52602 -3.10382 -10.3023
4.53554 -3.45341 -10.0527
4.55274 -4.11623 -9.56305
4.55341 -4.49278 -9.28495
4.5519 -4.73991 -9.09695
4.52666 -5.21316 -8.74369
4.51744 -5.37053 -8.62544
29.1038 -2.60266 -11.0985
28.9008 -1.91445 -11.6351
28.7703 -1.4973 -11.8453
28.6753 -1.24454 -12.0057
28.6271 -1.12848 -12.0874
28.4651 -0.769169 -12.3311
28.2028 -0.281715 -12.6854
27.9098 0.210147 -13.0605
27.6971 0.5176 -13.3178
27.4455 0.805528 -13.6
27.2748 0.980676 -13.7868
26.8996 1.36445 -14.1919
26.6525 1.56115 -14.4483
26.4885 1.68623 -14.6168
26.048 1.76166 -15.0333
25.7883 1.78108 -15.278
25.31 1.7392 -15.7334
11.9513 0.791225 -19.0221
11.7693 1.25061 -19.2616
11.4182 1.6918 -19.4395
10.9806 2.23212 -19.6486
10.7805 2.53433 -19.7512
10.4956 3.00909 -19.8946
10.2008 3.56789 -20.0567
10.0552 3.86803 -20.1403
9.81445 4.42017 -20.2812
9.62419 4.95104 -20.4
9.5004 5.30287 -20.4775
9.35604 5.72271 -20.5682
9.24488 6.19686 -20.6486
9.20167 6.43014 -20.6836
9.13326 6.94746 -20.7504
9.09678 7.28262 -20.7906
9.05958 7.66457 -20.8347
9.03056 8.16097 -20.8856
9.04473 8.70841 -20.926
9.07164 9.04373 -20.9454
9.1267 9.40399 -20.9581
9.1643 9.64779 -20.9668
9.24518 10.1709 -20.9849
9.31711 10.449 -20.988
9.41358 10.7476 -20.9882
9.61126 11.3886 -20.9878
9.74509 11.6979 -20.9795
9.98384 12.1337 -20.9519
10.2228 12.4935 -20.9162
10.5567 12.8107 -20.8969
10.8816 13.0647 -20.8716
11.4673 13.4835 -20.8044
11.8811 13.7467 -20.7716
3.45465 7.55705 -12.2961
3.45467 7.55705 -12.2961
3.45469 7.55705 -12.2961
25.55 7.0567 -7.54215
25.5241 7.23158 -7.30398
25.8331 8.6605 -1.94262
26.0716 9.08473 -1.73228
26.2823 9.49457 -1.557
26.4395 9.76549 -1.32594
26.5874 10.0431 -1.10225
26.8729 10.6002 -0.625525
26.88 10.9994 -0.266912
26.6759 11.4954 0.153154
26.5743 11.6634 0.331881
26.4401 11.8417 0.568126
26.1938 12.1311 0.978682
26.0249 12.3081 1.24613
25.8356 12.4917 1.53694
25.5756 12.7409 1.92185
25.4103 12.8778 2.17166
25.1874 13.0874 2.47448
24.9955 13.2892 2.7053
24.5122 13.8956 3.04764
24.1469 14.3663 3.28638
23.9703 14.5971 3.39261
23.5266 15.1291 3.66007
23.0198 15.674 3.92952
22.5852 16.1455 4.12351
14.0756 11.9808 15.9876
13.6441 12.4901 16.0358
13.3639 12.7667 16.0862
12.9518 13.1982 16.1275
12.6438 13.5017 16.1668
12.4933 13.6574 16.1798
12.0301 14.1231 16.2303
11.5678 14.7006 16.1431
11.3567 14.9857 16.0662
11.1611 15.2599 15.989
10.5389 15.6639 16.0354
18.8756 10.489 -5.54038
18.8748 10.4977 -5.54943
18.8746 10.5006 -5.55259
1.48125 14.0518 16.797
1.19004 13.4973 16.9304
1.08737 13.0237 17.0999
1.05749 12.7207 17.2183
1.03551 12.4732 17.3149
1.01952 12.2328 17.4103
1.01371 11.8649 17.5593
1.02673 11.4142 17.7447
1.05485 10.9197 17.9498
1.13512 10.2272 18.2413
1.17739 9.92527 18.3684
1.28791 9.35304 18.6113
1.36485 8.99825 18.7596
1.45045 8.6287 18.9137
1.53952 8.28678 19.0528
1.60817 8.04226 19.151
1.70049 7.73154 19.2759
1.78428 7.44632 19.386
1.89971 7.01723 19.5396
2.06447 6.6119 19.7052
2.31 6.02413 19.9261
2.42267 5.74886 20.027
2.4404 5.23147 20.1308
10.5389 15.6639 16.0354
9.84709 15.5726 16.4215
9.4974 15.6712 16.4995
8.80455 15.8184 16.6769
8.15755 15.9164 16.8324
7.78047 15.9133 16.9395
7.09355 15.8521 17.1332
6.80349 15.8199 17.207
6.45553 15.7397 17.2723
6.07527 15.6499 17.3414
5.49704 15.4968 17.4243
4.73761 15.2387 17.4156
4.50735 15.1598 17.4092
4.05204 14.995 17.3296
3.01515 14.621 17.1258
2.32112 14.3181 17.0105
1.48125 14.0518 16.797
15.9776 20.2627 -12.3102
16.2019 20.4584 -12.249
16.5447 20.7596 -12.155
16.8816 21.0292 -12.0467
17.3312 21.3638 -11.8895
17.8292 21.6322 -11.6405
18.2564 21.8261 -11.437
18.5309 21.9804 -11.2863
18.9284 22.1293 -11.0015
19.4529 22.4217 -10.5547
0.0348409 20.287 -10.152
-0.0411359 20.5316 -10.0916
-0.111607 20.7651 -10.0334
-0.244875 21.167 -9.90166
-0.407789 21.6663 -9.72297
-0.515163 22.0033 -9.59242
-0.662291 22.5375 -9.36999
-0.750986 22.8912 -9.24156
-0.850064 23.288 -9.08493
-0.951379 23.7057 -8.91261
-1.01219 23.9761 -8.80179
-1.08371 24.3055 -8.65965
-1.16071 24.6593 -8.47838
-1.20394 24.8821 -8.35949
-1.24862 25.1925 -8.2408
-1.27529 25.4146 -8.15352
-1.31167 25.6825 -8.01341
-1.38046 26.2379 -7.72679
-1.41838 26.5492 -7.56107
-1.44533 26.7738 -7.43083
-1.47156 27.0227 -7.29514
-1.48932 27.2927 -7.16648
-1.51353 27.6553 -6.98216
-1.53215 28.0834 -6.51915
-1.54675 28.2391 -6.27441
-1.55686 28.6221 -5.89776
19.4529 22.4217 -10.5547
19.5782 23.2442 -10.0282
19.4739 23.7666 -9.78562
19.4144 24.1233 -9.60021
19.3588 24.4455 -9.43889
19.2864 24.8263 -9.11945
19.2381 25.1145 -8.87062
19.1568 25.4118 -8.56466
19.0612 25.7223 -8.22761
18.8459 26.1945 -7.64754
18.7628 26.378 -7.41546
18.6244 26.6306 -7.04682
18.5091 26.8225 -6.72433
18.3505 27.0468 -6.34994
18.1993 27.2176 -6.04589
18.1083 27.3167 -5.84975
17.9967 27.4275 -5.64585
17.7358 27.6441 -5.17919
17.5253 27.8116 -4.80295
17.3441 27.9481 -4.50383
17.1218 28.1033 -4.14137
16.8139 28.283 -3.6264
2.48728 25.8649 10.7506
2.57127 25.9422 10.7017
3.98664 27.3833 9.6686
4.46394 27.2591 9.72111
5.08625 27.1307 9.76645
5.67625 27.0288 9.76168
6.23211 26.8261 9.80257
6.81001 26.6216 9.83962
7.24156 26.4629 9.86712
7.69858 26.3029 9.88458
8.05571 26.1949 9.87711
8.48721 26.1001 9.82734
16.8139 28.283 -3.6264
16.1502 28.9499 -3.47535
15.7979 29.2816 -3.42497
15.3291 29.7136 -3.42155
14.9374 30.0696 -3.4105
14.7452 30.243 -3.40736
14.5541 30.415 -3.40593
14.165 30.7596 -3.45176
13.9002 30.9758 -3.52161
13.7854 31.0652 -3.54259
13.3941 31.3646 -3.60756
13.2316 31.4866 -3.64784
12.991 31.6649 -3.70851
12.6108 31.9408 -3.80807
12.4472 32.058 -3.8519
12.2231 32.2142 -3.91829
11.2164 32.9069 -4.20407
10.7001 33.2204 -4.51383
10.3756 33.4104 -4.65351
10.0441 33.5905 -4.82474
9.69428 33.7752 -4.99755
9.37592 33.9347 -5.15421
9.09825 34.0644 -5.30483
8.87787 34.1659 -5.41856
8.45477 34.3567 -5.63398
7.92593 34.5903 -5.90081
7.37405 34.8268 -6.18244
6.6559 35.1239 -6.54745
6.1903 35.285 -6.76203
5.82134 35.4211 -6.9109
5.45551 35.5277 -7.0692
4.96536 35.6506 -7.30622
4.50835 35.7747 -7.46365
3.7948 35.8079 -7.63039
3.16394 35.8361 -7.74633
3.00273 35.8313 -7.76366
2.73734 35.7482 -7.71163
2.50011 35.6754 -7.66244
2.13999 35.5631 -7.58456
1.97076 35.4711 -7.51868
1.71309 35.3225 -7.38671
1.33046 35.0948 -7.1902
0.957899 34.8828 -6.97915
0.553203 34.6108 -6.77074
0.236206 34.3237 -6.42247
-0.0170188 34.0831 -6.06333
11.8153 -22.5778 4.34626
11.5121 -23.0918 4.39005
11.3365 -23.4231 4.42585
11.2083 -23.643 4.44486
11.0438 -23.9327 4.47162
10.8161 -24.2489 4.48111
10.6178 -24.5068 4.48433
10.3636 -24.8361 4.48606
10.1224 -25.1481 4.4875
9.95187 -25.3679 4.48805
9.6909 -25.7009 4.48687
9.47344 -25.9488 4.47285
9.17708 -26.2717 4.43826
8.85926 -26.52 4.32127
8.65375 -26.6794 4.23922
8.45474 -26.826 4.14957
8.25031 -26.9807 4.06062
7.86005 -27.2698 3.85661
7.46964 -27.5097 3.47234
7.26881 -27.6373 3.26806
6.50223 -27.8187 2.29703
30.303 -7.43483 -6.99456
30.3015 -7.4444 -6.97986
9.18876 -22.3595 -1.78583
9.07451 -21.8932 -1.74549
9.06425 -21.2467 -1.80165
9.062 -20.9538 -1.83277
9.06317 -20.8003 -1.85106
9.06679 -20.4279 -1.89875
9.07024 -20.033 -1.95689
9.07443 -19.581 -2.02389
9.08071 -18.8508 -2.13277
9.08055 -18.7138 -2.15505
9.07485 -18.1436 -2.25111
9.06898 -17.5733 -2.34726
9.06484 -17.3596 -2.38453
9.04953 -16.8585 -2.47563
9.03266 -16.4651 -2.55108
9.01887 -16.1874 -2.60603
9.00062 -15.8925 -2.66935
8.97082 -15.3975 -2.77533
8.9402 -14.9739 -2.87509
8.91013 -14.5822 -2.97024
8.85156 -13.8628 -3.16578
8.81828 -13.4784 -3.27548
8.78418 -13.0444 -3.45251
8.76247 -12.7556 -3.59013
8.74805 -12.4483 -3.82231
8.71877 -11.8544 -4.23886
8.69498 -11.3868 -4.56511
8.68812 -11.032 -4.85762
8.67773 -10.7288 -5.10522
8.67318 -10.4765 -5.32004
8.66128 -10.1704 -5.57257
8.66033 -9.56136 -6.1215
8.65614 -9.22758 -6.41971
8.66841 -8.93586 -6.70527
8.67426 -8.64256 -6.99622
8.75525 -8.33881 -7.38963
8.81827 -8.08478 -7.71184
8.8782 -7.86492 -7.99704
8.98856 -7.54718 -8.43634
9.13117 -7.17522 -8.96761
9.26803 -6.95543 -9.33862
9.3374 -6.86144 -9.50868
9.64982 -6.69924 -9.98844
10.1515 -6.43671 -10.7609
10.3715 -6.3249 -11.0955
10.566 -6.22653 -11.3902
10.8333 -6.08333 -11.8048
11.2293 -6.00795 -12.251
11.7581 -6.04286 -12.6858
23.9341 3.95434 -16.8111
24.2055 3.3147 -16.6279
24.4055 3.08687 -16.4644
24.6641 2.67089 -16.2614
25.0602 2.08455 -15.9389
25.31 1.7392 -15.7334
6.50223 -27.8187 2.29703
6.3046 -27.5513 1.83686
6.24909 -27.3181 1.53729
6.28945 -27.0697 1.27273
6.37577 -26.8413 1.05256
6.55259 -26.5332 0.71124
6.8153 -26.1687 0.397946
7.04241 -25.8826 0.137197
7.27249 -25.5964 -0.102707
7.42423 -25.4145 -0.25252
7.63371 -25.1694 -0.446996
7.94176 -24.8136 -0.714798
8.27062 -24.4212 -0.983521
8.42667 -24.1734 -1.11011
8.64731 -23.7962 -1.29343
8.90575 -23.4229 -1.50344
9.10382 -23.0665 -1.66996
9.18876 -22.3595 -1.78583
25.6363 -7.88548 -13.8288
26.0786 -7.40741 -13.8487
26.3611 -7.15954 -13.79
26.6495 -6.9125 -13.7194
26.8564 -6.72657 -13.663
27.188 -6.34129 -13.5628
27.4427 -6.0236 -13.4568
27.6328 -5.76362 -13.3521
27.8277 -5.46189 -13.2032
28.0337 -5.12673 -13.0269
28.372 -4.51297 -12.7019
28.7166 -3.9105 -12.3561
28.9317 -3.36696 -11.7011
29.0398 -3.04891 -11.3499
29.1038 -2.60266 -11.0985
0.338386 -13.755 15.0137
0.744389 -14.4193 15.3016
1.24218 -15.0878 15.7131
1.49757 -15.4207 15.9211
1.61292 -15.5592 16.0125
1.88699 -15.8567 16.22
2.16839 -16.1798 16.3653
30.3834 -8.42552 -6.42499
30.4376 -8.70551 -5.68591
30.451 -8.76732 -5.19164
30.4446 -8.87556 -4.85547
30.4258 -8.96736 -4.47932
30.4009 -9.05461 -4.10915
30.3707 -9.14826 -3.70337
30.2696 -9.37836 -2.79757
30.1655 -9.5897 -2.02165
30.1116 -9.69393 -1.66672
30.0387 -9.82936 -1.28675
29.9802 -9.92081 -1.00203
29.8536 -10.1299 -0.494057
29.7345 -10.3119 -0.0576547
29.4919 -10.6315 0.724721
29.4058 -10.7921 0.957649
29.3025 -10.9939 1.20899
29.1214 -11.2531 1.67279
23.9287 17.3338 -7.83215
23.7604 17.5341 -8.08184
23.6312 17.7287 -8.23382
23.4 18.0433 -8.50624
23.2388 18.2573 -8.67891
22.9472 18.6397 -8.98054
22.8014 18.8286 -9.12663
22.6844 18.9786 -9.23887
22.3645 19.3876 -9.53995
22.0631 19.7704 -9.81536
21.8213 20.0496 -9.96304
21.5546 20.3492 -10.1094
21.4241 20.4935 -10.1741
21.0989 20.8526 -10.2912
20.8351 21.1438 -10.3391
20.6134 21.389 -10.3717
20.3774 21.6524 -10.4012
20.0335 22.0724 -10.4056
19.4529 22.4217 -10.5547
12.2219 26.4445 6.52448
12.4157 26.8562 5.89377
12.4745 27.2121 5.45288
12.5534 27.73 4.73569
12.4981 27.9028 4.52218
12.4259 28.174 4.14997
12.296 28.5065 3.70953
12.1597 28.7701 3.35769
11.9927 29.0719 2.95225
11.9106 29.2099 2.77725
11.7836 29.4172 2.51124
11.5934 29.6632 2.31122
11.4622 29.8416 2.1705
11.2732 30.1007 1.97736
11.0857 30.3517 1.80669
10.9124 30.5713 1.68236
10.5644 30.9814 1.50285
10.4001 31.1628 1.44142
10.0297 31.5556 1.32784
9.6693 31.9237 1.23619
9.20072 32.3592 1.16021
8.42808 33.0117 1.09041
8.27041 33.1232 1.09056
7.86177 33.3958 1.09644
7.24882 33.7611 1.12015
6.92063 33.9082 1.1507
6.50515 34.0501 1.18477
6.20309 34.1367 1.21612
5.82027 34.2425 1.25513
4.98953 34.3897 1.37135
4.61804 34.4533 1.40916
4.38662 34.4887 1.43449
3.85321 34.539 1.52371
11.7581 -6.04286 -12.6858
11.8031 -5.52917 -13.3318
11.8212 -5.08562 -13.8699
11.7688 -4.89939 -14.0372
11.7116 -4.52742 -14.4085
11.6703 -4.21232 -14.722
11.6468 -4.00157 -14.9254
11.6316 -3.80163 -15.1245
11.6169 -3.559 -15.3685
11.6034 -3.36615 -15.5578
11.5916 -2.90488 -16.0019
11.6075 -2.45214 -16.4421
11.5967 -2.15556 -16.6993
11.5909 -2.04163 -16.7976
11.5671 -1.71952 -17.0718
11.5866 -1.39772 -17.33
11.5981 -1.11463 -17.5581
11.6205 -0.717936 -17.8717
11.6595 -0.424417 -18.1061
11.6915 -0.250763 -18.2439
11.7418 -0.0143641 -18.4274
11.7827 0.232263 -18.6183
11.9513 0.791225 -19.0221
29.1214 -11.2531 1.67279
28.9618 -11.1539 2.17176
28.7955 -10.8036 2.75631
28.7032 -10.6722 3.04005
28.5741 -10.5637 3.37672
28.3875 -10.456 3.82552
28.1924 -10.3412 4.26924
27.9976 -10.2615 4.68951
27.7867 -10.1944 5.12636
27.5981 -10.1456 5.5061
27.3926 -10.1019 5.91104
27.2219 -10.0671 6.24634
27.108 -10.0448 6.46913
26.8797 -10.0172 6.91284
26.6368 -10.0706 7.31842
26.452 -10.1284 7.62638
26.2351 -10.2188 7.96655
26.0064 -10.3202 8.32133
25.8279 -10.3991 8.5983
25.5106 -10.5442 9.08608
25.2394 -10.6924 9.47324
24.9716 -10.8443 9.84777
24.7651 -10.9659 10.1274
24.5378 -11.1019 10.4222
24.3208 -11.2337 10.6964
24.1376 -11.3472 10.9195
23.9552 -11.4563 11.1326
23.5104 -11.7383 11.6359
23.1834 -11.9522 11.9733
22.6149 -12.3057 12.5566
22.34 -12.4957 12.8024
22.1789 -12.5974 12.949
21.9172 -12.7561 13.176
21.5775 -12.9619 13.4679
21.3689 -13.0879 13.646
21.1739 -13.2044 13.809
20.7429 -13.4617 14.158
20.3064 -13.7106 14.5013
20.007 -13.8868 14.7193
19.6796 -14.052 14.96
19.3355 -14.2065 15.2146
18.7258 -14.6333 15.4334
18.4404 -14.8611 15.5138
18.1778 -15.1006 15.5653
17.6967 -15.6859 15.554
5.30241 -11.8223 21.5697
5.03108 -11.6095 21.6637
4.82728 -11.3568 21.7668
4.48456 -10.9169 21.8383
4.17813 -10.5126 21.9073
4.01019 -10.2692 21.9482
3.69695 -9.7832 22.0052
3.49267 -9.40759 22.0247
3.36233 -9.16823 22.0366
3.21156 -8.88369 22.0396
3.0775 -8.62203 22.0263
2.85187 -8.25884 21.9845
2.7261 -7.86496 21.9562
2.43541 -7.11718 21.783
2.30502 -6.70585 21.6405
2.22312 -6.43461 21.5508
2.17811 -6.23869 21.4955
2.128 -5.88583 21.4187
2.08546 -5.32348 21.3277
2.08726 -4.91784 21.2677
8.48721 26.1001 9.82734
9.22847 26.2116 9.46129
9.70761 26.2886 9.08583
10.0674 26.3112 8.81196
10.6417 26.3367 8.33827
11.0178 26.3393 7.95872
11.1393 26.339 7.8296
11.415 26.3412 7.5361
11.7792 26.3824 7.08992
12.2219 26.4445 6.52448
2.08726 -4.91784 21.2677
2.67329 -4.58622 21.6788
3.00428 -4.44748 21.8937
3.64866 -4.21098 22.2731
4.26451 -3.95978 22.3711
4.84502 -3.6858 22.4366
5.36198 -3.4297 22.4824
6.00059 -3.10698 22.4401
6.49959 -2.84602 22.366
7.0009 -2.58804 22.2677
7.41814 -2.37309 22.1787
7.90861 -2.11054 22.0692
8.14451 -1.99598 22.0084
8.3918 -1.87667 21.9409
8.86587 -1.70182 21.8046
9.10114 -1.63037 21.7305
9.44905 -1.55353 21.6019
9.75317 -1.48484 21.4889
10.1334 -1.40002 21.3459
10.4041 -1.34333 21.2426
10.7076 -1.27722 21.1258
11.1523 -1.19502 20.9486
11.6274 -1.13477 20.7403
12.2309 -1.20262 20.4317
12.6643 -1.318 20.1987
13.2772 -1.49305 19.8604
3.85321 34.539 1.52371
3.49865 34.4198 1.88629
3.46946 34.2844 2.13604
3.40792 34.06 2.53993
3.31867 33.7838 3.01696
3.23499 33.5223 3.45784
3.16597 33.3098 3.81694
3.10703 33.111 4.14709
3.06883 32.8613 4.55897
3.01415 32.4116 5.10703
2.99264 32.1659 5.40667
2.94266 31.8383 5.79598
2.97029 31.4402 6.20433
2.9946 31.1713 6.48074
3.02567 30.8381 6.81878
3.05948 30.549 7.10612
3.10898 30.2495 7.39891
3.11171 30.0522 7.57763
3.1558 29.7706 7.82038
3.35656 28.9602 8.50354
3.43536 28.6525 8.7588
3.55827 28.2811 9.05553
3.77637 27.8443 9.36567
3.98664 27.3833 9.6686
2.4404 5.23147 20.1308
2.79491 5.4328 20.2499
3.19003 5.58924 20.3954
3.481 5.58383 20.5108
3.80152 5.61054 20.6291
4.41975 5.66388 20.8561
4.75755 5.65144 20.9096
5.17626 5.67271 20.9597
5.59963 5.69644 20.9987
6.14138 5.73773 21.0487
6.59041 5.74602 21.0142
7.14435 5.68222 20.9118
7.36464 5.67064 20.8564
7.91043 5.63191 20.7186
8.24222 5.62166 20.6076
8.77823 5.6038 20.4216
9.37551 5.58247 20.2004
9.91148 5.66976 19.9743
10.185 5.75238 19.8499
10.4389 5.82341 19.7341
10.875 5.95203 19.5314
11.3757 6.18517 19.2655
12.0853 6.4862 18.894
12.3161 6.73172 18.7231
12.6876 7.09114 18.4525
13.0306 7.44355 18.1933
13.4266 7.92505 17.8631
13.7053 8.33868 17.5977
13.8081 8.5228 17.4861
13.9721 8.84122 17.2965
14.1062 9.17643 17.1095
14.2561 9.55082 16.897
14.3683 9.94146 16.6892
14.3425 10.4335 16.4939
14.3345 10.7965 16.3415
14.2828 11.3169 16.1474
14.0756 11.9808 15.9876
-1.55686 28.6221 -5.89776
-1.59935 28.437 -5.58292
-1.666 28.0747 -4.99348
-1.68132 27.9929 -4.80253
-1.70243 27.8416 -4.49099
-1.67237 27.5851 -4.00901
-1.59367 27.2134 -3.02906
-1.53913 27.0007 -2.41847
-1.52435 26.9585 -2.29665
-1.40721 26.6508 -1.44029
-1.30752 26.3959 -0.675986
-1.24514 26.2562 -0.183612
-1.185 26.1227 0.275053
-1.1401 26.0199 0.607666
-1.07717 25.8813 1.04123
-0.96744 25.6459 1.7425
-0.866517 25.4291 2.38527
-0.802664 25.2994 2.76486
-0.718171 25.002 3.28297
-0.666626 24.7697 3.61682
-0.620176 24.5447 3.91899
-0.56617 24.2653 4.25899
-0.50883 23.7956 4.69212
-0.449696 22.8477 5.34806
-0.431323 22.5879 5.53341
-0.404043 22.0481 5.87559
-0.386888 21.5376 6.1613
-0.376167 21.1745 6.3564
-0.368016 20.8557 6.52001
-0.356897 20.3943 6.75242
-0.344485 19.8559 7.01849
-0.329516 19.1475 7.35526
-0.326424 18.9989 7.42502
-0.319679 18.6678 7.57706
-0.307961 18.0905 7.84083
-0.300651 17.7272 8.00371
-0.289361 17.1604 8.25557
-0.277823 16.5387 8.52583
-0.272651 16.2472 8.6508
-0.266882 15.9069 8.79537
-0.262309 15.5996 8.92368
-0.258213 15.2838 9.05359
-0.251534 14.6837 9.2962
-0.24944 14.4947 9.37262
-0.246419 14.2246 9.48158
-0.243276 13.8439 9.63069
-0.241865 13.5742 9.73164
-0.240456 13.2412 9.85247
-0.239057 12.891 9.97795
-0.237652 12.3146 10.1745
-0.23724 11.9623 10.2873
-0.237157 11.8074 10.3348
-0.236914 11.382 10.4636
-0.236709 10.8508 10.6169
-0.237192 10.4823 10.7135
-0.237526 10.2261 10.7786
-0.238097 9.8478 10.8693
-0.238652 9.33944 10.9858
-0.238702 8.89706 11.0834
-0.238317 8.55982 11.153
-0.237941 8.35403 11.1941
-0.236136 7.76981 11.308
-0.234019 7.36562 11.3861
-0.232066 7.05726 11.4455
-0.227378 6.42833 11.5647
-0.224723 5.83067 11.6737
-0.224394 5.69598 11.6979
-0.229043 5.28958 11.7655
-0.238699 4.92677 11.8202
-0.260633 4.34246 11.9005
-0.286237 3.77785 11.973
-0.289045 3.72021 11.9801
-0.308234 3.32705 12.0295
-0.332433 2.85454 12.0875
-0.351165 2.45477 12.1391
-0.372926 1.93034 12.2098
-0.375319 1.86623 12.2186
-0.397971 1.2728 12.2995
-0.408215 0.958926 12.3429
-0.422594 0.558709 12.3929
-0.437482 0.163487 12.441
-0.46079 -0.32065 12.494
-0.481468 -0.817642 12.5508
-0.493738 -1.15564 12.5929
-0.498902 -1.29443 12.6086
-0.51938 -1.87422 12.6753
-0.536514 -2.60743 12.7651
-0.540806 -2.91252 12.8063
-0.545543 -3.21832 12.8459
-0.549702 -3.54122 12.8888
-0.555315 -3.84239 12.9212
-0.546222 -4.3466 13.0299
-0.53656 -4.70679 13.1215
-0.507728 -5.05883 13.2736
-0.502263 -5.34746 13.3501
-0.494412 -5.73799 13.4448
-0.463618 -6.30289 13.6518
-0.425219 -6.89743 13.8824
-0.398671 -7.42874 14.0645
-0.391907 -7.85759 14.1465
-0.37766 -8.48844 14.2651
-0.361709 -9.08481 14.3794
-0.354063 -9.29805 14.4157
-0.332626 -9.79195 14.5003
-0.309826 -10.1514 14.5971
-0.274799 -10.6831 14.6166
-0.247546 -10.9602 14.6634
-0.215309 -11.2821 14.7127
-0.173853 -11.7022 14.7585
-0.118225 -12.0359 14.8419
-0.0921062 -12.1681 14.8739
-0.0516114 -12.3684 14.9321
0.0613162 -12.839 15.0147
0.338386 -13.755 15.0137
-0.0170188 34.0831 -6.06333
-0.135398 34.1464 -5.43452
-0.105748 34.2903 -5.12974
0.0258891 34.635 -4.593
0.122036 34.7701 -4.2042
0.486719 35.0364 -3.44942
0.699881 35.1916 -3.01861
0.850294 35.3 -2.71365
1.03235 35.3815 -2.37181
1.26949 35.4556 -1.9465
1.46855 35.4837 -1.60788
1.74877 35.4863 -1.15132
1.9716 35.4501 -0.806872
2.27566 35.3595 -0.3551
2.46247 35.2879 -0.082638
2.68978 35.1857 0.241161
2.88493 35.0864 0.514516
3.2069 34.9149 0.93863
3.38508 34.7649 1.2262
3.85321 34.539 1.52371
24.9724 4.66943 6.74451
24.8667 5.0196 6.92812
24.7837 5.29035 7.0756
24.6553 5.64369 7.28456
24.5222 5.88357 7.50065
24.4376 6.03096 7.63813
24.3466 6.14777 7.78775
24.1562 6.38041 8.09378
23.6248 7.03827 8.92527
23.4027 7.23417 9.23841
23.2305 7.3045 9.46826
23.0256 7.31556 9.73465
22.5941 7.32259 10.2815
22.3024 7.3167 10.642
21.9456 7.26565 11.1125
21.7236 7.222 11.3796
21.4773 7.11594 11.7143
21.2571 7.02504 11.9993
20.79 6.73407 12.6439
20.6067 6.57376 12.9162
20.4355 6.41008 13.1707
20.2443 6.19391 13.4644
20.0609 5.97382 13.7482
19.8873 5.74269 14.0191
19.7414 5.55344 14.2455
19.5898 5.32496 14.4722
19.3513 4.95833 14.8266
19.3296 4.92368 14.8582
19.1322 4.62707 15.1329
18.9488 4.35897 15.3733
18.7421 4.04933 15.6303
18.4277 3.60572 16.0001
18.1083 3.18288 16.3506
17.8286 2.8696 16.6321
17.5483 2.54042 16.8977
17.3055 2.23268 17.1232
17.1269 2.03557 17.2796
16.7969 1.71936 17.5567
16.5632 1.52293 17.7432
16.2408 1.23926 17.9923
15.8627 0.872429 18.2604
15.7532 0.763492 18.3367
15.6248 0.636711 18.4247
15.3524 0.369231 18.6094
15.0407 0.0717624 18.813
14.6992 -0.252595 19.0354
14.4858 -0.447 19.169
14.2191 -0.694295 19.332
13.9242 -0.974715 19.5076
13.7164 -1.1312 19.621
13.2772 -1.49305 19.8604
29.3372 -4.62864 -7.8031
29.7491 -5.33022 -7.85606
29.9087 -5.65732 -7.80275
30.0119 -6.05571 -7.60248
30.1264 -6.57033 -7.37207
30.2058 -6.9095 -7.22937
30.2496 -7.14925 -7.11855
30.3015 -7.4444 -6.97986
23.7035 -19.6489 -7.18886
23.5738 -20.5769 -6.60789
23.529 -20.881 -6.42273
23.4953 -21.2852 -6.15747
23.4837 -21.6388 -5.91599
23.4814 -21.8772 -5.74969
23.4781 -22.0936 -5.599
23.4817 -22.8516 -5.06115
23.3989 -23.0827 -4.94522
23.2496 -23.4911 -4.74503
22.9022 -24.0906 -4.5393
22.7456 -24.3405 -4.45951
22.5744 -24.5926 -4.3848
22.45 -24.7635 -4.33885
22.2257 -25.0398 -4.27474
22.0384 -25.251 -4.22904
21.7576 -25.5214 -4.1848
21.6133 -25.655 -4.16405
21.1711 -26.0566 -4.1035
20.7325 -26.4428 -4.04858
20.1831 -26.7698 -4.00128
19.7568 -27.0323 -3.95369
19.3963 -27.256 -3.90077
18.8335 -27.6005 -3.7894
18.3766 -27.9075 -3.64715
17.8252 -28.079 -3.63119
11.8811 13.7467 -20.7716
11.7717 14.225 -20.5013
11.9428 14.6774 -20.2767
12.0938 14.9736 -20.13
12.2985 15.3779 -19.9262
12.5137 15.7107 -19.7539
12.6758 15.9395 -19.5899
12.8846 16.1249 -19.4422
13.2199 16.413 -19.1802
13.4183 16.5632 -19.023
13.6966 16.7052 -18.8215
14.1911 16.9098 -18.465
14.6827 17.0905 -18.1132
15.2427 17.2432 -17.7206
15.7174 17.2718 -17.4191
16.1044 17.2793 -17.1734
16.5517 17.2679 -16.8898
17.031 17.1739 -16.6012
17.4619 17.068 -16.3469
17.8293 16.9791 -16.1293
18.3084 16.8528 -15.8868
18.6358 16.7326 -15.7172
18.8561 16.6371 -15.6017
19.0712 16.5452 -15.4563
19.4776 16.327 -15.277
20.0289 16.0214 -15.026
20.3812 15.7953 -14.8336
20.5178 15.702 -14.751
20.7686 15.5285 -14.6014
21.0863 15.2811 -14.4254
21.5695 14.8781 -14.1145
21.8448 14.6127 -13.8562
22.115 14.3448 -13.6566
22.3768 14.0628 -13.4208
22.6333 13.7823 -13.1571
22.7968 13.575 -12.9749
22.9698 13.3416 -12.8521
23.0851 13.174 -12.7277
23.2233 12.9586 -12.5712
23.3588 12.7439 -12.4123
23.4075 12.6665 -12.3524
23.7282 12.1615 -11.9826
23.8581 11.8993 -11.8069
24.0004 11.5902 -11.641
24.1652 11.164 -11.3903
24.3151 10.7525 -11.1429
24.4017 10.5086 -10.996
24.5314 10.1331 -10.7672
24.6314 9.84145 -10.5887
24.725 9.56747 -10.4202
24.9138 9.00003 -10.0488
25.035 8.60538 -9.80185
25.2043 8.04585 -9.35675
25.3117 7.72321 -8.84601
25.3676 7.55425 -8.57964
25.4333 7.35804 -8.26374
25.4749 7.23135 -8.06699
25.55 7.0567 -7.54215
8.05995 -33.3852 1.67492
8.16392 -33.6185 2.31669
8.24029 -33.7474 2.66079
8.30507 -33.8523 2.94459
8.47814 -34.1144 3.66589
8.53877 -34.1555 3.93301
8.64974 -34.2005 4.35291
8.72844 -34.2153 4.72851
8.85509 -34.2131 5.08323
8.93031 -34.1872 5.40132
9.01989 -34.1627 5.63796
9.11484 -34.0944 6.00905
9.16713 -34.0037 6.34823
9.20998 -33.8836 6.71761
9.2562 -33.7258 7.1668
9.27766 -33.6488 7.37753
9.35159 -33.3725 8.0535
9.48374 -32.9481 8.89012
9.55362 -32.6326 9.52984
9.67444 -32.2142 10.0398
9.79205 -31.7357 10.6263
9.91486 -31.2438 11.2064
10 -30.9254 11.5601
10.0905 -30.5267 11.9755
10.1914 -30.1443 12.3316
10.3317 -29.73 12.6479
10.4356 -29.4187 12.889
10.5578 -29.0516 13.1724
10.6566 -28.7582 13.3971
10.7114 -28.6079 13.5077
10.783 -28.42 13.643
10.9085 -28.081 13.8898
11.1033 -27.4056 14.3995
11.1332 -26.7841 14.8984
8.05995 -33.3852 1.67492
8.58662 -33.4229 1.1542
8.80231 -33.4158 0.899345
9.21732 -33.315 0.408317
9.31369 -33.2711 0.255566
9.5459 -33.1662 -0.0188813
9.98374 -32.9886 -0.40265
10.3035 -32.8518 -0.651474
10.4095 -32.8042 -0.731654
10.8775 -32.6003 -1.03172
11.4326 -32.3582 -1.34072
11.7001 -32.2404 -1.47983
12.0133 -32.1002 -1.59852
12.1657 -32.0315 -1.64991
12.6089 -31.8284 -1.80838
12.9823 -31.6516 -1.91519
13.4508 -31.4423 -1.99363
14.0787 -31.1495 -2.08909
14.518 -30.9361 -2.11657
14.7033 -30.8429 -2.12907
15.0771 -30.6525 -2.15142
15.4565 -30.4485 -2.18499
15.6882 -30.3226 -2.2061
15.8866 -30.2086 -2.2313
16.3115 -29.9336 -2.31457
17.8252 -28.079 -3.63119
17.4953 -28.6279 -3.20053
17.3195 -28.89 -2.99574
17.1651 -29.1146 -2.81659
17.0319 -29.335 -2.61483
16.3115 -29.9336 -2.31457
5.09056 -23.6169 3.43635
5.50528 -23.4224 3.09548
5.80171 -23.0158 2.68706
5.995 -22.6045 2.37645
6.14194 -22.3632 2.20365
6.37743 -21.9615 1.93618
6.52579 -21.6793 1.76029
6.68813 -21.3264 1.55696
6.84466 -20.8951 1.33527
6.96237 -20.3895 1.1139
7.00664 -20.1324 1.00978
7.03194 -19.9038 0.923948
7.06684 -19.4531 0.762334
7.09942 -18.8076 0.539072
7.12818 -18.2207 0.336532
7.13919 -17.8735 0.220143
7.04869 -17.492 0.0992481
6.85067 -17.0132 -0.0358579
6.75954 -16.8269 -0.084087
6.61975 -16.579 -0.138503
6.36298 -16.123 -0.233692
6.15095 -15.7495 -0.308825
6.06493 -15.5882 -0.333662
5.87318 -15.2892 -0.374501
5.67685 -15.0005 -0.398921
5.37033 -14.5873 -0.411427
5.01448 -14.17 -0.374796
4.5268 -13.6963 -0.2421
4.02883 -13.3296 -0.00743288
3.51307 -13.0508 0.336565
3.17051 -12.893 0.596363
2.62976 -12.7035 1.08101
2.24902 -12.603 1.47744
1.87017 -12.566 1.98609
1.62895 -12.5702 2.37899
1.41872 -12.5774 2.73646
1.24588 -12.5913 3.05851
1.03405 -12.6227 3.502
0.945088 -12.6375 3.69649
0.864437 -12.6564 3.89262
0.76242 -12.6912 4.18257
0.608657 -12.7544 4.66625
0.442037 -12.8378 5.25943
0.387157 -12.8719 5.48922
0.322237 -12.9139 5.7771
0.240432 -12.9654 6.1398
0.156582 -13.0296 6.59926
0.101115 -13.0714 6.9434
0.033604 -13.1258 7.38426
-0.0423133 -13.1809 7.93991
-0.0974054 -13.2209 8.41689
-0.151656 -13.2596 9.01615
-0.198456 -13.2917 9.74342
-0.219275 -13.3131 10.4082
-0.222884 -13.3226 10.7814
-0.222847 -13.3115 11.8812
-0.209432 -13.3263 12.7397
-0.124724 -13.3967 13.4043
-0.0927789 -13.3948 13.7168
8.12661e-05 -13.5749 14.0146
0.186895 -13.7292 14.4852
0.338386 -13.755 15.0137
5.09056 -23.6169 3.43635
4.23217 -22.9815 3.70709
3.50484 -22.3231 3.9608
3.00879 -21.6769 4.23943
2.79246 -21.2566 4.51533
2.56416 -20.8624 4.90108
2.3027 -20.4091 5.38791
2.16253 -20.2263 5.72494
2.08887 -20.1418 5.91832
1.97656 -20.0306 6.24165
1.8387 -19.9197 6.67599
1.6996 -19.8357 7.17045
1.60376 -19.7892 7.56757
1.48695 -19.7261 8.07567
1.41464 -19.7159 8.69726
1.3698 -19.7203 9.19125
1.36129 -19.7202 9.29679
1.29888 -19.7176 10.0871
1.287 -19.7079 10.3179
1.27865 -19.6926 10.5264
1.27313 -19.6651 10.8139
1.27238 -19.6338 11.0511
1.28902 -19.5584 11.4596
1.32153 -19.3962 12.0563
1.36707 -19.2598 12.3733
1.4441 -19.0177 12.935
1.49855 -18.8326 13.3388
1.63195 -18.2667 14.154
1.72986 -17.8207 14.761
1.80877 -17.4635 15.2045
2.01494 -16.8564 15.8403
2.08267 -16.5446 16.0963
2.16839 -16.1798 16.3653
26.1455 -20.2367 3.63124
26.3931 -20.0466 3.13126
26.6431 -19.7144 2.80411
26.7723 -19.502 2.64503
26.955 -19.2093 2.38674
27.1299 -18.8946 2.1675
27.2654 -18.6407 2.00163
27.4475 -18.2895 1.78347
27.5424 -18.1024 1.67246
27.6634 -17.8601 1.53416
27.8213 -17.5444 1.35302
27.8942 -17.3738 1.28751
27.9853 -17.1438 1.21659
28.1314 -16.6603 1.21169
28.2664 -16.2158 1.19548
28.3979 -15.7061 1.21688
28.5016 -15.2677 1.24839
28.6816 -14.3921 1.34348
28.7943 -13.7944 1.41831
28.8772 -13.1614 1.53915
29.0292 -11.967 1.73615
29.1214 -11.2531 1.67279
17.6967 -15.6859 15.554
17.1853 -15.3608 16.2239
16.8058 -15.231 16.6269
16.2683 -15.2332 16.9517
16.0465 -15.2469 17.0699
15.7964 -15.2558 17.1964
15.4073 -15.2478 17.389
15.0669 -15.2366 17.5477
14.8016 -15.2145 17.6634
14.6987 -15.1992 17.7036
14.4533 -15.1566 17.7945
14.0582 -15.0722 17.9314
13.725 -14.9826 18.037
13.3045 -14.8386 18.1561
12.8582 -14.6543 18.2813
12.3283 -14.3556 18.4374
12.0987 -14.2114 18.4973
12.0006 -13.9518 18.5674
11.976 -13.8882 18.5836
11.826 -13.4511 18.6934
11.7202 -13.1476 18.7696
11.749 -12.9461 18.815
11.93 -12.5495 18.8946
12.1331 -12.0689 18.9865
12.2319 -11.8499 19.0273
12.379 -11.5397 19.0833
12.6323 -11.0594 19.1599
12.8479 -10.7122 19.1953
13.0077 -10.4609 19.2059
13.2115 -10.1741 19.1885
13.4381 -9.90807 19.1757
13.6967 -9.64172 19.1361
14.0341 -9.19233 19.0042
14.2929 -8.90385 18.9028
14.4775 -8.72796 18.8235
14.6889 -8.53141 18.7316
15.2248 -8.07013 18.4512
15.4934 -7.84403 18.3064
15.6848 -7.68837 18.1994
15.854 -7.54704 18.1034
16.3588 -7.13101 17.8153
16.5594 -6.96934 17.699
16.9201 -6.66068 17.4851
17.3764 -6.42882 17.1971
17.757 -6.25441 16.9339
18.2027 -6.05829 16.627
18.6198 -5.86187 16.3414
19.0627 -5.86785 16.0218
19.0627 -5.86785 16.0218
19.1036 -5.44749 16.0251
19.3159 -5.11483 15.8984
19.5525 -4.73266 15.7557
19.7855 -4.34151 15.6002
20.0245 -3.94309 15.4367
20.3449 -3.43994 15.2169
20.5133 -3.21396 15.0911
20.8147 -2.85984 14.8554
21.2593 -2.37487 14.4826
21.4347 -2.1854 14.334
21.5548 -2.06012 14.2271
21.8676 -1.7953 13.8984
22.0456 -1.65022 13.7105
22.372 -1.3697 13.3523
22.644 -1.07165 13.0046
22.8563 -0.885204 12.6446
22.9738 -0.785192 12.4299
23.1229 -0.653353 12.1493
23.3709 -0.411183 11.6589
23.6137 -0.154576 11.1608
23.7922 0.0441079 10.7875
23.8829 0.165576 10.587
24.1405 0.74587 9.89679
24.2669 1.02836 9.5429
24.3089 1.12488 9.42369
24.3613 1.25186 9.27311
24.4964 1.61389 8.87463
24.581 1.92215 8.60287
24.6573 2.25965 8.34467
24.7628 2.66206 7.98713
24.8227 3.0407 7.72865
24.8631 3.2726 7.56111
24.905 3.60397 7.34802
24.9337 3.8508 7.17232
24.9579 4.12853 6.99439
24.9724 4.66943 6.74451
29.1038 -2.60266 -11.0985
29.2457 -2.90915 -10.6095
29.3308 -3.22481 -10.2615
29.3957 -3.45839 -9.98648
29.4524 -3.67643 -9.65396
29.541 -4.09037 -9.09681
29.5471 -4.34167 -8.74733
29.5477 -4.43366 -8.61706
29.5405 -4.59411 -8.37013
29.3372 -4.62864 -7.8031
11.9513 0.791225 -19.0221
12.4715 0.885942 -19.2366
12.8238 0.907087 -19.3554
13.7831 0.937942 -19.6599
14.1251 0.948673 -19.7683
14.5101 0.952074 -19.8748
14.785 0.944555 -19.9396
15.197 0.919072 -20.0089
15.6057 0.956326 -20.0132
15.9846 1.03155 -20.0363
16.224 1.06884 -20.0383
16.7042 1.17139 -20.0468
17.1049 1.2872 -19.9796
17.5419 1.42398 -19.8855
18.1638 1.65441 -19.7656
18.5735 1.78102 -19.6503
18.7708 1.83942 -19.593
19.0885 1.9412 -19.5056
19.4772 2.06504 -19.3977
19.8485 2.18534 -19.2804
20.4171 2.3759 -19.0913
20.8337 2.5232 -18.9432
21.279 2.66731 -18.7752
21.7119 2.84778 -18.5462
22.159 3.03799 -18.3039
22.5151 3.19304 -18.0999
22.8023 3.29621 -17.9214
23.0982 3.44056 -17.6425
23.5796 3.76846 -17.1603
23.9341 3.95434 -16.8111
25.8331 8.6605 -1.94262
25.743 8.91306 -2.36156
25.6681 9.16081 -2.73198
25.6062 9.42483 -3.08175
25.5435 9.72386 -3.45557
25.4674 10.079 -3.90279
25.3824 10.5118 -4.42336
25.3415 10.7201 -4.6741
25.2747 11.0608 -5.08358
25.2382 11.2537 -5.3109
25.212 11.395 -5.47596
25.1838 11.5216 -5.62005
25.1038 12.014 -6.01824
25.0281 12.464 -6.31089
24.8989 13.1737 -6.72417
24.8117 13.626 -6.96232
24.6551 14.3693 -7.30558
24.5293 14.8623 -7.4725
24.446 15.1822 -7.54581
24.3117 15.6948 -7.65544
24.1825 16.1782 -7.76354
24.1068 16.4641 -7.81944
23.972 16.9764 -7.90752
23.9287 17.3338 -7.83215
25.8331 8.6605 -1.94262
25.8248 8.30565 -1.66116
25.8123 8.10083 -1.51547
25.8094 7.7893 -1.25105
25.8079 7.52241 -1.02079
25.8087 7.36077 -0.875314
25.8091 7.26085 -0.78545
25.8022 6.90131 -0.478237
25.7851 6.56635 -0.21189
25.829 6.45338 0.0397501
25.8577 6.23402 0.427437
25.8673 6.04882 0.739952
25.8892 5.90694 1.10276
25.9 5.64563 1.59244
25.9042 5.50546 2.00798
25.8374 5.31398 2.79614
25.7721 5.23324 3.25856
25.7173 5.17562 3.61542
25.6692 5.13075 3.91404
25.5737 5.06473 4.45138
25.5254 5.01521 4.71789
25.4396 4.98427 5.13168
25.2895 4.92421 5.68742
25.187 4.79678 6.0489
25.0274 4.76582 6.54182
24.9724 4.66943 6.74451
14.0756 11.9808 15.9876
14.4947 11.8586 15.779
14.7726 11.8104 15.6265
15.4515 11.9136 15.1524
15.8603 12.0724 14.7866
16.2149 12.2816 14.4146
16.5181 12.4705 14.0839
16.6799 12.583 13.8955
16.8551 12.7103 13.6847
17.043 12.8515 13.4525
17.386 13.1222 13.0127
17.7867 13.4456 12.4577
17.9113 13.5829 12.2521
18.0142 13.7849 12.0139
18.1524 13.8675 11.8204
18.3443 14.153 11.4108
18.5162 14.3534 11.0877
18.9368 14.6499 10.3785
19.3191 14.9357 9.69287
19.5669 15.0912 9.26489
19.711 15.1808 9.01632
19.8953 15.294 8.69908
20.0231 15.3626 8.4833
20.353 15.5263 7.93071
20.5419 15.6108 7.61749
20.6509 15.6519 7.4378
20.7943 15.7027 7.20184
20.9927 15.7621 6.87467
21.3664 15.8714 6.2497
21.7081 15.9597 5.66588
22.0245 16.0243 5.13172
22.2329 16.1118 4.7181
22.5852 16.1455 4.12351
1.48125 14.0518 16.797
0.910267 14.4058 16.403
0.889865 14.4439 16.377
0.791866 14.6864 16.2244
0.659486 15.0092 16.0209
0.420072 15.4704 15.7026
0.162913 16.1557 15.271
0.0783555 16.7584 14.9549
0.0411339 17.0592 14.7996
-0.0024095 17.4585 14.596
-0.0709755 18.0517 14.2854
-0.070704 18.3082 14.1799
-0.0684362 18.6463 14.0357
-0.0529021 18.9658 13.9067
-0.004669 19.4065 13.7441
0.0367732 19.8027 13.5892
0.107394 20.3631 13.3737
0.237494 20.981 13.15
0.36569 21.4558 12.9729
0.426283 21.7136 12.8725
0.587258 22.2995 12.6244
0.954822 23.2413 12.1953
1.1606 23.7326 11.971
1.31703 24.0539 11.8166
1.47669 24.3986 11.6338
1.70234 24.7228 11.4711
2.01496 25.171 11.1907
2.34877 25.6382 10.8956
2.57127 25.9422 10.7017
10.5389 15.6639 16.0354
10.7764 16.4588 15.4244
10.8088 16.863 15.1561
10.7835 17.1696 14.972
10.7435 17.6668 14.6527
10.7978 18.1293 14.2903
10.828 18.4773 14.0216
10.8473 18.7754 13.7953
10.875 19.1282 13.5223
10.8758 19.3663 13.3532
10.8953 19.6406 13.1448
10.8733 19.978 12.9335
10.8489 20.3702 12.6861
10.7645 20.8831 12.4179
10.5729 21.4555 12.2151
10.3313 22.1338 11.9695
10.2057 22.478 11.8386
9.99588 23.0447 11.6109
9.60732 23.9667 11.1608
9.34831 24.5143 10.8873
8.99459 25.1269 10.5469
8.80794 25.4266 10.3698
8.75593 25.5096 10.3157
8.48721 26.1001 9.82734
3.98664 27.3833 9.6686
3.74224 27.0674 9.90361
3.61898 26.9616 9.98469
3.3904 26.7804 10.1243
3.04561 26.5126 10.327
2.83669 26.2599 10.4955
2.57127 25.9422 10.7017
16.8139 28.283 -3.6264
16.9217 28.0492 -3.23101
17.0451 27.7655 -2.72722
17.1184 27.6175 -2.53349
17.3636 27.1011 -1.87435
17.4595 26.9008 -1.62115
17.542 26.7277 -1.40654
17.6728 26.381 -1.06277
17.7484 26.1474 -0.86016
17.8087 25.9571 -0.701363
17.9421 25.5434 -0.363776
18.1163 24.8987 0.200155
18.1709 24.4359 0.538654
18.1834 23.9282 0.964593
18.1671 23.5709 1.26414
18.1313 23.2964 1.50833
18.0954 23.0184 1.75467
18.0533 22.8209 1.94213
17.8779 22.3605 2.45626
17.8021 22.2197 2.64094
17.5381 21.8353 3.21631
17.3352 21.6564 3.59024
17.1115 21.6057 3.92336
16.8522 21.5588 4.30044
16.6162 21.6067 4.60291
16.3771 21.7082 4.88396
16.1234 21.8284 5.17575
15.9435 21.9816 5.34587
15.3493 22.5461 5.85655
14.9745 23.064 6.05318
14.824 23.2837 6.11264
14.6147 23.5639 6.16728
14.4959 23.7173 6.19993
14.3442 23.9127 6.24151
14.0042 24.3397 6.33399
13.8117 24.5779 6.38322
13.5365 24.9151 6.45042
13.1395 25.3703 6.5473
12.8863 25.6798 6.53032
12.2219 26.4445 6.52448
9.18876 -22.3595 -1.78583
9.57229 -22.7631 -2.0206
9.90235 -22.8602 -2.24267
10.153 -22.8573 -2.41741
10.5402 -22.643 -2.70168
10.8987 -22.4026 -2.96796
11.1259 -22.2274 -3.13903
11.3897 -22.0066 -3.33994
11.6496 -21.7662 -3.5413
11.9623 -21.4623 -3.78627
12.1434 -21.2745 -3.93073
12.304 -21.1001 -4.06086
12.4994 -20.8776 -4.22176
12.694 -20.6401 -4.38706
12.927 -20.3422 -4.58978
13.1854 -19.9905 -4.82263
13.5535 -19.456 -5.16854
13.8236 -19.0382 -5.43435
14.0795 -18.6125 -5.70145
14.2568 -18.3081 -5.89165
14.4363 -17.9915 -6.08903
14.6162 -17.6522 -6.29983
14.7233 -17.4423 -6.43009
14.8496 -17.1853 -6.58961
14.9786 -16.8609 -6.79177
15.1677 -16.3835 -7.08959
15.2351 -16.1704 -7.22367
15.3699 -15.7183 -7.50862
15.4981 -15.2888 -7.77937
15.575 -14.9502 -7.99468
15.6205 -14.6815 -8.16679
15.6471 -14.4697 -8.30317
15.6783 -14.1297 -8.5229
15.6873 -13.937 -8.648
15.6909 -13.7232 -8.78725
15.6831 -13.4297 -8.9793
15.6665 -13.0693 -9.21569
15.6464 -12.7636 -9.41653
15.6031 -12.3458 -9.69222
15.5662 -12.0687 -9.87562
15.4644 -11.4809 -10.2657
15.3924 -11.137 -10.4923
15.3354 -10.9017 -10.6462
15.2757 -10.6793 -10.79
15.2112 -10.4711 -10.9216
15.1215 -10.1969 -11.0941
15.0539 -10.0097 -11.2095
14.847 -9.44873 -11.555
14.4524 -8.85974 -11.8458
14.2379 -8.53995 -12.0059
13.9102 -8.07839 -12.2225
13.7931 -7.92662 -12.2866
13.3529 -7.46574 -12.4337
12.9349 -6.94368 -12.6786
12.6636 -6.59132 -12.8542
12.3592 -6.34008 -12.8765
11.7581 -6.04286 -12.6858
23.9341 3.95434 -16.8111
23.985 4.61772 -16.6925
24.037 4.81518 -16.6232
24.0432 5.22059 -16.5617
23.8487 5.8294 -16.6221
23.7136 6.15639 -16.673
23.5731 6.46742 -16.7263
23.4564 6.71485 -16.77
23.1961 7.26143 -16.8668
22.9975 7.67889 -16.9388
22.8807 7.92373 -16.9737
22.7029 8.20715 -17.0456
22.5059 8.50763 -17.1315
22.3527 8.71617 -17.2087
22.0964 9.03919 -17.3464
21.8668 9.28734 -17.4831
21.5905 9.54075 -17.6721
21.2295 9.81381 -17.9439
21.1046 9.90159 -18.0399
20.7236 10.1406 -18.3414
20.3217 10.3702 -18.6691
19.8692 10.6212 -19.0363
19.6109 10.7924 -19.2006
19.1749 11.0098 -19.5319
19.0158 11.0852 -19.6555
18.8226 11.1518 -19.8167
18.2933 11.4029 -20.1569
17.7005 11.6337 -20.5295
16.8353 11.9463 -20.9904
16.0868 12.233 -21.3381
15.434 12.4769 -21.6412
14.9986 12.6149 -21.7826
14.5314 12.7432 -21.7637
13.9458 12.9006 -21.6279
13.3598 13.0857 -21.4633
12.9928 13.1538 -21.3466
12.6459 13.2702 -21.205
12.2301 13.4312 -21.0189
11.8811 13.7467 -20.7716
25.6363 -7.88548 -13.8288
25.428 -7.5123 -14.1052
25.3002 -7.4567 -14.1926
25.1123 -7.328 -14.3435
24.8103 -7.02079 -14.6253
24.6779 -6.52207 -14.887
24.6164 -6.30711 -14.9998
24.4974 -5.88503 -15.2129
24.4292 -5.62607 -15.3417
24.3744 -5.41912 -15.4447
24.2896 -5.02062 -15.6363
24.2961 -4.42633 -15.8222
24.3025 -3.85197 -16.0006
24.305 -3.82478 -16.0072
24.3608 -3.34806 -16.1197
24.416 -2.9563 -16.1997
24.4537 -2.74947 -16.2368
24.5417 -2.26395 -16.3078
24.6646 -1.628 -16.3729
24.7941 -1.09011 -16.3119
24.947 -0.315805 -16.23
25.0207 0.372942 -16.1191
25.119 1.16525 -15.9643
25.31 1.7392 -15.7334
25.6363 -7.88548 -13.8288
25.4291 -8.51105 -13.6302
25.3158 -8.98682 -13.4563
25.2685 -9.17329 -13.3894
25.2214 -9.39564 -13.3044
25.0776 -9.78487 -13.1524
24.8283 -10.4649 -12.8785
24.7538 -10.7655 -12.7382
24.6524 -11.1738 -12.544
24.5004 -11.5618 -12.374
24.436 -11.8475 -12.2305
24.2768 -12.4121 -11.951
24.1414 -12.8749 -11.7191
23.9799 -13.4533 -11.4212
23.818 -13.9995 -11.1369
23.7323 -14.3203 -10.9655
23.6133 -14.8038 -10.701
23.5235 -15.1557 -10.5089
23.4634 -15.4475 -10.3423
23.3713 -15.9273 -10.0633
23.2685 -16.3735 -9.80917
23.254 -16.6754 -9.61337
23.2532 -16.9859 -9.4021
23.2337 -17.3571 -9.15389
23.2629 -17.8486 -8.77397
23.2735 -18.1604 -8.53623
23.2947 -18.4173 -8.33294
23.3116 -18.5776 -8.20382
23.3786 -18.8778 -7.94214
23.7035 -19.6489 -7.18886
30.3834 -8.42552 -6.42499
30.3468 -7.89456 -6.73655
30.3263 -7.66197 -6.87505
30.3015 -7.4444 -6.97986
30.3834 -8.42552 -6.42499
30.3834 -9.00319 -6.51127
30.3728 -9.30621 -6.60438
30.3576 -9.68827 -6.70066
30.3403 -10.0195 -6.78764
30.3109 -10.1965 -6.80937
30.2217 -10.6169 -6.87183
30.1343 -10.9382 -6.90242
29.9267 -11.5872 -6.94645
29.7889 -11.9947 -6.96564
29.5321 -12.6947 -6.98252
29.3243 -13.2251 -6.98578
29.2083 -13.5056 -6.99413
29.0502 -13.8584 -6.95217
28.9042 -14.1678 -6.91502
28.7189 -14.5324 -6.86991
28.5328 -14.8882 -6.82853
28.4065 -15.1212 -6.79557
28.2381 -15.421 -6.75452
27.9492 -15.9099 -6.6942
27.7403 -16.2575 -6.65156
27.5023 -16.6314 -6.61225
27.2262 -17.0359 -6.58076
26.8717 -17.5247 -6.56097
26.6766 -17.768 -6.56336
26.0748 -18.3152 -6.64966
25.7703 -18.5735 -6.69775
25.2499 -18.9473 -6.7985
24.7711 -19.2179 -6.88422
24.4059 -19.4312 -6.94248
23.7035 -19.6489 -7.18886
23.9287 17.3338 -7.83215
23.9988 17.6308 -7.50191
24.2472 17.8939 -6.75839
24.3223 18.2645 -6.01565
24.3403 18.3824 -5.79899
24.3613 18.5497 -5.48315
24.3266 18.8502 -4.78851
24.2693 18.9455 -4.47473
24.1656 19.0549 -4.02236
24.0725 19.1264 -3.68086
23.9736 19.1761 -3.36881
23.8459 19.2169 -2.91162
23.6632 19.2647 -2.32438
23.5099 19.2518 -1.81826
23.4523 19.195 -1.57739
23.3735 19.1538 -1.29125
23.3119 19.0572 -0.994308
23.2591 18.9919 -0.760618
23.2015 18.8786 -0.457047
23.1431 18.7433 -0.125509
23.0852 18.549 0.274889
23.0495 18.4295 0.518251
22.9681 18.0071 1.26494
22.9211 17.691 1.78136
22.837 17.4 2.30209
22.7635 17.0627 2.80751
22.692 16.7569 3.27683
22.6273 16.4712 3.70665
22.5852 16.1455 4.12351
5.30241 -11.8223 21.5697
5.28394 -12.329 21.3461
5.17034 -12.6113 21.2125
4.96715 -13.049 20.9855
4.8352 -13.3487 20.8147
4.78925 -13.4484 20.7505
4.5545 -13.9451 20.4175
4.41058 -14.2471 20.1921
4.26113 -14.5275 19.9432
4.11832 -14.7894 19.6947
4.03877 -14.9224 19.5592
3.90627 -15.1397 19.3368
3.71968 -15.4078 18.9379
3.56398 -15.6467 18.4972
3.4736 -15.7854 18.2254
3.3769 -15.983 17.7901
5.30241 -11.8223 21.5697
6.16147 -11.6024 21.6223
6.58471 -11.3605 21.657
6.95457 -11.1023 21.6743
7.61231 -10.6682 21.6945
7.92965 -10.3655 21.6748
8.48314 -9.89351 21.5863
8.84146 -9.55043 21.5333
9.16846 -9.23821 21.4604
9.42148 -8.98124 21.3907
9.67159 -8.72104 21.3136
9.99041 -8.36426 21.1943
10.4055 -7.84718 21.0012
10.8214 -7.30076 20.7878
11.0082 -7.05107 20.6863
11.3307 -6.59168 20.556
11.4618 -6.39513 20.5096
11.6134 -6.17165 20.4549
11.8806 -5.76639 20.3588
11.9465 -5.65918 20.3354
12.0798 -5.43465 20.2883
12.2394 -5.13704 20.2328
12.4299 -4.72244 20.1684
12.5472 -4.46718 20.1283
12.7472 -3.98963 20.0605
12.9631 -3.50418 19.9838
13.0947 -2.94018 19.9304
13.1538 -2.61282 19.9078
13.1832 -2.49747 19.895
13.2999 -2.03282 19.8444
13.2772 -1.49305 19.8604
2.08726 -4.91784 21.2677
1.93574 -4.73918 21.1224
1.55427 -4.4837 20.7849
1.4474 -4.31499 20.6788
1.28421 -4.07275 20.5197
1.13163 -3.83036 20.3706
1.01891 -3.604 20.2582
0.874717 -3.19241 20.1097
0.678275 -2.30692 19.8936
0.641081 -1.98448 19.8457
0.621709 -1.47979 19.8033
0.643186 -0.87541 19.7879
0.697065 -0.231175 19.7903
0.744651 0.221917 19.7985
0.885243 0.778627 19.8548
0.982751 1.14079 19.8937
1.04647 1.38258 19.9184
1.09879 1.65283 19.9283
1.26515 2.10709 19.9892
1.41049 2.44959 20.0283
1.52552 2.77857 20.0438
1.76796 3.4602 20.0747
1.98036 4.05991 20.1013
2.0895 4.36305 20.1153
2.18603 4.6098 20.1237
2.30746 4.84976 20.1418
2.4404 5.23147 20.1308
2.16839 -16.1798 16.3653
2.45721 -16.1189 16.6812
2.85066 -16.1078 17.0783
3.3769 -15.983 17.7901
-1.55686 28.6221 -5.89776
-1.49951 29.1198 -6.05146
-1.45939 29.4026 -6.12002
-1.39917 29.8316 -6.1621
-1.29498 30.5265 -6.19934
-1.23241 30.8823 -6.20971
-1.13113 31.3638 -6.20296
-1.05941 31.6481 -6.18777
-0.982878 31.9149 -6.16225
-0.90043 32.1972 -6.13688
-0.811071 32.4777 -6.10372
-0.722026 32.7289 -6.0658
-0.585416 33.0911 -6.0006
-0.475886 33.3401 -5.9618
-0.355612 33.5937 -5.872
-0.0170188 34.0831 -6.06333
0 1
1 2
2 3
3 4
4 5
5 6
6 7
7 8
8 9
9 10
10 11
11 12
12 13
13 14
14 15
15 16
17 18
18 19
19 20
20 21
21 22
22 23
23 24
24 25
25 26
26 27
27 28
28 29
29 30
30 31
31 32
32 33
33 34
34 35
35 36
36 37
37 38
38 39
39 40
40 41
41 42
43 44
44 45
45 46
46 47
47 48
48 49
49 50
50 51
51 52
52 53
53 54
54 55
55 56
56 57
57 58
58 59
59 60
60 61
61 62
62 63
63 64
64 65
65 66
66 67
67 68
68 69
69 70
70 71
71 72
72 73
73 74
74 75
75 76
76 77
77 78
78 79
79 80
80 81
81 82
82 83
83 84
84 85
85 86
86 87
87 88
88 89
89 90
90 91
91 92
92 93
93 94
94 95
96 97
97 98
98 99
99 100
100 101
101 102
102 103
103 104
104 105
105 106
106 107
107 108
108 109
109 110
110 111
111 112
112 113
113 114
114 115
115 116
116 117
117 118
118 119
119 120
120 121
121 122
122 123
123 124
124 125
125 126
126 127
127 128
128 129
129 130
130 131
131 132
132 133
133 134
134 135
135 136
136 137
137 138
138 139
139 140
140 141
141 142
142 143
143 144
144 145
145 146
146 147
147 148
148 149
149 150
150 151
152 153
153 154
154 155
155 156
156 157
157 158
158 159
159 160
160 161
161 162
162 163
163 164
164 165
165 166
166 167
167 168
168 169
169 170
170 171
171 172
172 173
174 175
175 176
176 177
177 178
178 179
179 180
180 181
181 182
182 183
183 184
184 185
185 186
186 187
187 188
188 189
189 190
190 191
191 192
192 193
193 194
194 195
195 196
196 197
197 198
198 199
199 200
200 201
201 202
202 203
203 204
204 205
205 206
206 207
207 208
208 209
210 211
211 212
212 213
213 214
214 215
215 216
216 217
217 218
218 219
219 220
220 221
221 222
223 224
224 225
225 226
226 227
227 228
228 229
229 230
230 231
231 232
232 233
233 234
234 235
235 236
236 237
237 238
238 239
239 240
240 241
241 242
242 243
243 244
244 245
245 246
246 247
247 248
248 249
249 250
250 251
251 252
252 253
253 254
254 255
255 256
256 257
257 258
258 259
259 260
260 261
261 262
262 263
263 264
264 265
265 266
266 267
267 268
268 269
269 270
270 271
271 272
272 273
273 274
274 275
275 276
276 277
277 278
278 279
279 280
280 281
281 282
282 283
283 284
284 285
285 286
286 287
287 288
288 289
289 290
291 292
292 293
293 294
294 295
295 296
296 297
297 298
298 299
299 300
301 302
302 303
303 304
304 305
305 306
306 307
307 308
308 309
309 310
310 311
312 313
313 314
314 315
315 316
316 317
317 318
318 319
319 320
320 321
321 322
322 323
323 324
324 325
325 326
326 327
327 328
329 330
330 331
331 332
332 333
333 334
334 335
335 336
336 337
337 338
338 339
339 340
340 341
341 342
342 343
343 344
344 345
345 346
346 347
347 348
348 349
349 350
350 351
351 352
352 353
353 354
354 355
355 356
356 357
357 358
358 359
359 360
360 361
362 363
363 364
365 366
367 368
368 369
369 370
370 371
371 372
372 373
373 374
374 375
375 376
376 377
377 378
378 379
379 380
380 381
381 382
382 383
383 384
384 385
385 386
386 387
387 388
388 389
390 391
391 392
392 393
393 394
394 395
395 396
396 397
397 398
398 399
399 400
401 402
402 403
404 405
405 406
406 407
407 408
408 409
409 410
410 411
411 412
412 413
413 414
414 415
415 416
416 417
417 418
418 419
419 420
420 421
421 422
422 423
423 424
424 425
425 426
427 428
428 429
429 430
430 431
431 432
432 433
433 434
434 435
435 436
436 437
437 438
438 439
439 440
440 441
441 442
442 443
444 445
445 446
446 447
447 448
448 449
449 450
450 451
451 452
452 453
454 455
455 456
456 457
457 458
458 459
459 460
460 461
461 462
462 463
463 464
464 465
465 466
466 467
467 468
468 469
469 470
470 471
471 472
472 473
473 474
474 475
475 476
476 477
477 478
478 479
480 481
481 482
482 483
483 484
484 485
485 486
486 487
487 488
488 489
489 490
490 491
491 492
492 493
493 494
494 495
495 496
496 497
497 498
498 499
499 500
500 501
502 503
504 505
505 506
506 507
507 508
508 509
509 510
510 511
511 512
512 513
514 515
515 516
516 517
517 518
518 519
519 520
520 521
521 522
522 523
523 524
524 525
525 526
526 527
527 528
528 529
529 530
530 531
531 532
532 533
533 534
534 535
535 536
536 537
537 538
538 539
539 540
540 541
541 542
542 543
543 544
544 545
545 546
546 547
547 548
548 549
549 550
550 551
551 552
552 553
553 554
554 555
555 556
556 557
557 558
558 559
560 561
561 562
562 563
563 564
564 565
565 566
566 567
567 568
568 569
569 570
570 571
571 572
572 573
573 574
574 575
575 576
576 577
577 578
578 579
579 580
581 582
583 584
584 585
585 586
586 587
587 588
588 589
589 590
590 591
591 592
592 593
593 594
594 595
595 596
596 597
597 598
598 599
599 600
600 601
601 602
602 603
603 604
604 605
605 606
606 607
607 608
608 609
609 610
610 611
611 612
612 613
613 614
614 615
615 616
616 617
617 618
618 619
619 620
620 621
621 622
622 623
623 624
624 625
625 626
626 627
627 628
628 629
629 630
630 631
632 633
633 634
634 635
635 636
636 637
638 639
639 640
640 641
641 642
642 643
643 644
644 645
645 646
646 647
647 648
648 649
649 650
650 651
651 652
652 653
653 654
654 655
656 657
657 658
658 659
659 660
660 661
661 662
662 663
663 664
664 665
665 666
666 667
667 668
668 669
669 670
671 672
672 673
673 674
674 675
675 676
676 677
678 679
679 680
680 681
681 682
682 683
683 684
684 685
685 686
686 687
687 688
688 689
689 690
690 691
691 692
692 693
693 694
694 695
696 697
697 698
698 699
699 700
700 701
701 702
702 703
703 704
704 705
705 706
706 707
707 708
708 709
709 710
710 711
711 712
712 713
713 714
715 716
716 717
717 718
718 719
719 720
720 721
721 722
722 723
723 724
724 725
725 726
726 727
727 728
728 729
729 730
730 731
731 732
732 733
733 734
734 735
735 736
736 737
737 738
738 739
739 740
740 741
741 742
742 743
743 744
744 745
745 746
746 747
748 749
749 750
750 751
751 752
752 753
753 754
754 755
755 756
756 757
757 758
758 759
759 760
760 761
761 762
762 763
763 764
764 765
765 766
766 767
767 768
768 769
769 770
771 772
772 773
773 774
774 775
775 776
776 777
777 778
778 779
779 780
780 781
781 782
782 783
783 784
784 785
785 786
786 787
787 788
788 789
789 790
790 791
791 792
792 793
793 794
794 795
795 796
796 797
797 798
798 799
799 800
800 801
801 802
802 803
803 804
804 805
805 806
806 807
807 808
808 809
809 810
810 811
811 812
812 813
813 814
814 815
816 817
817 818
818 819
819 820
820 821
821 822
822 823
823 824
824 825
825 826
826 827
827 828
828 829
829 830
830 831
831 832
832 833
833 834
834 835
836 837
837 838
838 839
839 840
840 841
841 842
842 843
843 844
844 845
846 847
847 848
848 849
849 850
850 851
851 852
852 853
853 854
854 855
855 856
856 857
857 858
858 859
859 860
860 861
861 862
862 863
863 864
864 865
865 866
866 867
867 868
868 869
869 870
870 871
872 873
873 874
874 875
875 876
876 877
877 878
878 879
879 880
880 881
881 882
882 883
883 884
884 885
885 886
886 887
887 888
888 889
889 890
890 891
891 892
892 893
893 894
894 895
896 897
897 898
898 899
899 900
900 901
901 902
902 903
903 904
904 905
905 906
906 907
907 908
908 909
909 910
910 911
911 912
912 913
913 914
914 915
915 916
916 917
917 918
918 919
919 920
920 921
921 922
922 923
923 924
924 925
925 926
926 927
927 928
928 929
929 930
930 931
931 932
933 934
934 935
935 936
936 937
937 938
938 939
939 940
940 941
941 942
942 943
943 944
944 945
945 946
946 947
947 948
948 949
949 950
950 951
951 952
952 953
953 954
954 955
955 956
956 957
957 958
958 959
959 960
960 961
961 962
962 963
963 964
964 965
965 966
966 967
967 968
968 969
969 970
970 971
971 972
972 973
973 974
974 975
975 976
976 977
977 978
978 979
979 980
980 981
981 982
982 983
983 984
984 985
985 986
986 987
987 988
988 989
989 990
990 991
991 992
992 993
993 994
994 995
995 996
996 997
997 998
998 999
999 1000
1000 1001
1001 1002
1002 1003
1003 1004
1004 1005
1005 1006
1006 1007
1007 1008
1008 1009
1009 1010
1010 1011
1011 1012
1012 1013
1013 1014
1014 1015
1015 1016
1016 1017
1017 1018
1018 1019
1019 1020
1020 1021
1021 1022
1022 1023
1023 1024
1024 1025
1025 1026
1026 1027
1027 1028
1028 1029
1029 1030
1030 1031
1031 1032
1032 1033
1033 1034
1034 1035
1035 1036
1036 1037
1037 1038
1038 1039
1039 1040
1040 1041
1041 1042
1042 1043
1043 1044
1044 1045
1045 1046
1047 1048
1048 1049
1049 1050
1050 1051
1051 1052
1052 1053
1053 1054
1054 1055
1055 1056
1056 1057
1057 1058
1058 1059
1059 1060
1060 1061
1061 1062
1062 1063
1063 1064
1064 1065
1065 1066
1067 1068
1068 1069
1069 1070
1070 1071
1071 1072
1072 1073
1073 1074
1074 1075
1075 1076
1076 1077
1077 1078
1078 1079
1079 1080
1080 1081
1081 1082
1082 1083
1083 1084
1084 1085
1085 1086
1086 1087
1087 1088
1088 1089
1089 1090
1090 1091
1091 1092
1092 1093
1093 1094
1094 1095
1095 1096
1096 1097
1097 1098
1098 1099
1099 1100
1100 1101
1101 1102
1102 1103
1103 1104
1104 1105
1105 1106
1106 1107
1107 1108
1108 1109
1109 1110
1110 1111
1111 1112
1112 1113
1113 1114
1114 1115
1115 1116
1116 1117
1118 1119
1119 1120
1120 1121
1121 1122
1122 1123
1123 1124
1124 1125
1126 1127
1127 1128
1128 1129
1129 1130
1130 1131
1131 1132
1132 1133
1133 1134
1134 1135
1135 1136
1136 1137
1137 1138
1138 1139
1139 1140
1140 1141
1141 1142
1142 1143
1143 1144
1144 1145
1145 1146
1146 1147
1147 1148
1148 1149
1149 1150
1150 1151
1152 1153
1153 1154
1154 1155
1155 1156
1156 1157
1157 1158
1158 1159
1159 1160
1160 1161
1161 1162
1162 1163
1163 1164
1164 1165
1165 1166
1166 1167
1167 1168
1168 1169
1169 1170
1170 1171
1171 1172
1172 1173
1173 1174
1174 1175
1175 1176
1176 1177
1177 1178
1178 1179
1179 1180
1180 1181
1181 1182
1182 1183
1183 1184
1184 1185
1185 1186
1186 1187
1187 1188
1188 1189
1189 1190
1190 1191
1191 1192
1192 1193
1193 1194
1194 1195
1195 1196
1196 1197
1197 1198
1198 1199
1199 1200
1200 1201
1201 1202
1202 1203
1203 1204
1204 1205
1205 1206
1206 1207
1207 1208
1208 1209
1210 1211
1211 1212
1212 1213
1213 1214
1214 1215
1215 1216
1216 1217
1217 1218
1218 1219
1219 1220
1220 1221
1221 1222
1222 1223
1223 1224
1224 1225
1225 1226
1226 1227
1227 1228
1228 1229
1229 1230
1230 1231
1231 1232
1232 1233
1233 1234
1234 1235
1235 1236
1236 1237
1237 1238
1238 1239
1239 1240
1240 1241
1241 1242
1242 1243
1244 1245
1245 1246
1246 1247
1247 1248
1248 1249
1249 1250
1250 1251
1251 1252
1252 1253
1253 1254
1254 1255
1255 1256
1256 1257
1257 1258
1258 1259
1259 1260
1260 1261
1261 1262
1262 1263
1263 1264
1264 1265
1265 1266
1266 1267
1267 1268
1269 1270
1270 1271
1271 1272
1272 1273
1273 1274
1275 1276
1276 1277
1277 1278
1278 1279
1279 1280
1280 1281
1281 1282
1282 1283
1283 1284
1284 1285
1285 1286
1286 1287
1287 1288
1288 1289
1289 1290
1290 1291
1291 1292
1292 1293
1293 1294
1294 1295
1295 1296
1296 1297
1297 1298
1298 1299
1299 1300
1300 1301
1301 1302
1302 1303
1303 1304
1304 1305
1305 1306
1306 1307
1307 1308
1308 1309
1309 1310
1310 1311
1311 1312
1312 1313
1313 1314
1314 1315
1315 1316
1316 1317
1317 1318
1318 1319
1319 1320
1320 1321
1321 1322
1322 1323
1323 1324
1324 1325
1325 1326
1326 1327
1327 1328
1328 1329
1329 1330
1330 1331
1331 1332
1332 1333
1333 1334
1334 1335
1335 1336
1337 1338
1338 1339
1339 1340
1340 1341
1341 1342
1342 1343
1343 1344
1344 1345
1345 1346
1346 1347
1347 1348
1348 1349
1349 1350
1350 1351
1351 1352
1352 1353
1353 1354
1354 1355
1355 1356
1356 1357
1357 1358
1358 1359
1359 1360
1360 1361
1361 1362
1362 1363
1363 1364
1364 1365
1365 1366
1366 1367
1367 1368
1368 1369
1370 1371
1371 1372
1372 1373
1373 1374
1374 1375
1375 1376
1376 1377
1377 1378
1378 1379
1379 1380
1380 1381
1381 1382
1382 1383
1383 1384
1384 1385
1385 1386
1386 1387
1387 1388
1388 1389
1389 1390
1390 1391
1392 1393
1393 1394
1394 1395
1395 1396
1396 1397
1397 1398
1398 1399
1399 1400
1400 1401
1401 1402
1402 1403
1403 1404
1404 1405
1405 1406
1406 1407
1407 1408
1408 1409
1409 1410
1410 1411
1411 1412
1412 1413
1413 1414
1414 1415
1415 1416
1416 1417
1417 1418
1418 1419
1419 1420
1420 1421
1421 1422
1422 1423
1423 1424
1424 1425
1425 1426
1426 1427
1427 1428
1428 1429
1429 1430
1430 1431
1431 1432
1432 1433
1433 1434
1434 1435
1435 1436
1436 1437
1437 1438
1438 1439
1440 1441
1441 1442
1442 1443
1443 1444
1444 1445
1445 1446
1446 1447
1447 1448
1448 1449
1449 1450
1450 1451
1451 1452
1452 1453
1453 1454
1454 1455
1455 1456
1456 1457
1457 1458
1458 1459
1459 1460
1460 1461
1461 1462
1462 1463
1463 1464
1464 1465
1465 1466
1466 1467
1467 1468
1468 1469
1469 1470
1470 1471
1471 1472
1472 1473
1473 1474
1474 1475
1475 1476
1477 1478
1478 1479
1479 1480
1480 1481
1481 1482
1482 1483
1483 1484
1484 1485
1485 1486
1487 1488
1488 1489
1489 1490
1490 1491
1491 1492
1492 1493
1493 1494
1494 1495
1495 1496
1496 1497
1497 1498
1498 1499
1499 1500
1500 1501
1501 1502
1502 1503
1503 1504
1504 1505
1505 1506
1506 1507
1507 1508
1508 1509
1509 1510
1510 1511
1511 1512
1512 1513
1513 1514
1514 1515
1515 1516
1517 1518
1518 1519
1519 1520
1520 1521
1521 1522
1522 1523
1523 1524
1524 1525
1525 1526
1526 1527
1527 1528
1528 1529
1529 1530
1530 1531
1531 1532
1532 1533
1533 1534
1534 1535
1535 1536
1536 1537
1537 1538
1538 1539
1539 1540
1541 1542
1542 1543
1543 1544
1544 1545
1545 1546
1546 1547
1547 1548
1548 1549
1549 1550
1550 1551
1551 1552
1552 1553
1553 1554
1554 1555
1555 1556
1556 1557
1557 1558
1558 1559
1559 1560
1560 1561
1561 1562
1562 1563
1563 1564
1564 1565
1565 1566
1567 1568
1568 1569
1569 1570
1570 1571
1571 1572
1572 1573
1573 1574
1574 1575
1575 1576
1576 1577
1577 1578
1578 1579
1579 1580
1580 1581
1581 1582
1582 1583
1583 1584
1584 1585
1585 1586
1586 1587
1587 1588
1588 1589
1589 1590
1590 1591
1591 1592
1592 1593
1593 1594
1594 1595
1595 1596
1596 1597
1597 1598
1598 1599
1600 1601
1601 1602
1602 1603
1603 1604
1604 1605
1605 1606
1606 1607
1607 1608
1608 1609
1609 1610
1610 1611
1611 1612
1612 1613
1613 1614
1614 1615
1615 1616
1616 1617
1617 1618
1618 1619
1619 1620
1620 1621
1621 1622
1622 1623
1623 1624
1624 1625
1625 1626
1626 1627
1627 1628
1629 1630
1630 1631
1631 1632
1632 1633
1633 1634
1634 1635
1635 1636
1636 1637
1637 1638
1638 1639
1639 1640
1640 1641
1641 1642
1642 1643
1643 1644
1644 1645
1645 1646
1646 1647
1647 1648
1648 1649
1649 1650
1650 1651
1651 1652
1653 1654
1654 1655
1655 1656
1656 1657
1657 1658
1658 1659
1660 1661
1661 1662
1662 1663
1663 1664
1664 1665
1665 1666
1666 1667
1667 1668
1668 1669
1669 1670
1670 1671
1671 1672
1672 1673
1673 1674
1674 1675
1675 1676
1676 1677
1677 1678
1678 1679
1679 1680
1680 1681
1681 1682
1682 1683
1683 1684
1684 1685
1685 1686
1686 1687
1687 1688
1688 1689
1689 1690
1690 1691
1691 1692
1692 1693
1693 1694
1694 1695
1695 1696
1696 1697
1697 1698
1698 1699
1700 1701
1701 1702
1702 1703
1703 1704
1704 1705
1705 1706
1706 1707
1707 1708
1708 1709
1709 1710
1710 1711
1711 1712
1712 1713
1713 1714
1714 1715
1715 1716
1716 1717
1717 1718
1718 1719
1719 1720
1720 1721
1721 1722
1722 1723
1723 1724
1724 1725
1725 1726
1726 1727
1727 1728
1728 1729
1729 1730
1730 1731
1731 1732
1732 1733
1733 1734
1734 1735
1735 1736
1736 1737
1737 1738
1738 1739
1739 1740
1740 1741
1741 1742
1742 1743
1743 1744
1744 1745
1745 1746
1746 1747
1747 1748
1748 1749
1749 1750
1750 1751
1751 1752
1752 1753
1753 1754
1754 1755
1755 1756
1757 1758
1758 1759
1759 1760
1760 1761
1761 1762
1762 1763
1763 1764
1764 1765
1765 1766
1766 1767
1767 1768
1768 1769
1769 1770
1770 1771
1771 1772
1772 1773
1773 1774
1774 1775
1775 1776
1776 1777
1777 1778
1778 1779
1779 1780
1780 1781
1781 1782
1782 1783
1783 1784
1784 1785
1785 1786
1786 1787
1787 1788
1788 1789
1789 1790
1790 1791
1791 1792
1792 1793
1793 1794
1794 1795
1796 1797
1797 1798
1798 1799
1799 1800
1800 1801
1801 1802
1802 1803
1803 1804
1804 1805
1805 1806
1806 1807
1807 1808
1808 1809
1809 1810
1810 1811
1811 1812
1812 1813
1813 1814
1814 1815
1815 1816
1816 1817
1817 1818
1818 1819
1820 1821
1821 1822
1822 1823
1823 1824
1824 1825
1825 1826
1826 1827
1827 1828
1828 1829
1829 1830
1830 1831
1831 1832
1832 1833
1833 1834
1834 1835
1835 1836
1836 1837
1837 1838
1838 1839
1839 1840
1840 1841
1841 1842
1842 1843
1843 1844
1844 1845
1845 1846
1846 1847
1847 1848
1848 1849
1850 1851
1851 1852
1852 1853
1854 1855
1855 1856
1856 1857
1857 1858
1858 1859
1859 1860
1860 1861
1861 1862
1862 1863
1863 1864
1864 1865
1865 1866
1866 1867
1867 1868
1868 1869
1869 1870
1870 1871
1871 1872
1872 1873
1873 1874
1874 1875
1875 1876
1876 1877
1877 1878
1878 1879
1879 1880
1880 1881
1881 1882
1882 1883
1883 1884
1885 1886
1886 1887
1887 1888
1888 1889
1889 1890
1890 1891
1891 1892
1892 1893
1893 1894
1894 1895
1895 1896
1896 1897
1897 1898
1898 1899
1899 1900
1900 1901
1901 1902
1902 1903
1903 1904
1904 1905
1905 1906
1906 1907
1907 1908
1908 1909
1909 1910
1910 1911
1911 1912
1912 1913
1914 1915
1915 1916
1916 1917
1917 1918
1918 1919
1919 1920
1920 1921
1921 1922
1922 1923
1923 1924
1924 1925
1925 1926
1926 1927
1927 1928
1928 1929
1930 1931
1931 1932
1932 1933
1933 1934
1934 1935
1935 1936
1936 1937
1937 1938
1938 1939
1939 1940
1940 1941
1941 1942
1942 1943
1943 1944
1944 1945
1945 1946
1946 1947
1947 1948
1948 1949
1949 1950
1950 1951
1951 1952
1952 1953
1953 1954
1954 1955
1955 1956
1956 1957
1957 1958
1958 1959
1959 1960
1961 1962
1962 1963
1963 1964
1964 1965
1965 1966
1966 1967
1967 1968
1968 1969
1969 1970
1970 1971
1971 1972
1972 1973
1973 1974
1974 1975
1975 1976
1976 1977
1977 1978
1978 1979
1979 1980
1980 1981
1981 1982
1982 1983
1983 1984
1984 1985
1985 1986
1986 1987
1988 1989
1989 1990
1990 1991
1992 1993
1993 1994
1994 1995
1995 1996
1996 1997
1997 1998
1998 1999
1999 2000
2000 2001
2001 2002
2002 2003
2003 2004
2004 2005
2005 2006
2006 2007

