2832 0 2719
6.92646 -25.5472 1.4895
6.48065 -25.4752 1.59744
5.87504 -25.3501 1.77236
5.42708 -25.2403 1.89113
5.00706 -25.0895 2.07597
4.70728 -24.9859 2.21507
4.60187 -24.8156 2.37678
4.58949 -24.457 2.65094
4.65899 -24.168 2.82993
4.73781 -23.9619 2.95381
4.84775 -23.742 3.05951
4.89904 -23.6539 3.11772
5.05098 -23.3985 3.22169
5.24335 -23.1046 3.28441
5.45541 -22.8559 3.31545
5.6105 -22.6578 3.33535
5.91001 -22.2623 3.35934
6.08977 -22.0152 3.36416
6.29304 -21.7013 3.33569
6.58439 -21.2206 3.26513
6.63498 -21.1215 3.23762
6.7749 -20.8365 3.15154
6.91825 -20.5077 3.02786
7.02435 -20.2623 2.9355
7.08634 -20.1004 2.86555
7.18518 -19.8104 2.72099
7.35259 -19.2932 2.45325
7.46381 -18.9007 2.24197
7.55729 -18.4948 1.9587
7.66551 -17.9488 1.67058
10.2515 -22.0395 7.11996
10.3922 -22.0493 7.00102
11.7071 -22.4647 5.17742
12.3975 -22.0783 4.91812
12.7425 -21.8805 4.7906
13.1125 -21.6513 4.68074
13.4368 -21.4372 4.56622
13.6347 -21.3088 4.48488
13.9542 -21.1275 4.29774
14.3212 -20.9215 4.06813
14.6364 -20.7429 3.86805
15.2204 -20.4096 3.48645
15.6294 -20.1203 3.22336
16.0714 -19.8071 2.91098
16.2852 -19.6109 2.73115
16.55 -19.3572 2.47425
16.8432 -19.0588 2.19955
17.2764 -18.5981 1.78636
17.475 -18.3869 1.54965
17.6316 -18.1961 1.38789
17.8629 -17.9116 1.14386
18.0647 -17.6668 0.854644
18.224 -17.4134 0.687524
18.4281 -17.0802 0.465809
18.5237 -16.9223 0.361722
18.6536 -16.705 0.221749
18.7961 -16.4383 0.0837604
18.9453 -16.0976 -0.0578361
18.9542 -16.0767 -0.0668889
19.168 -15.552 -0.276055
19.329 -14.9208 -0.299309
19.4149 -14.5631 -0.318267
19.5057 -14.1249 -0.308052
19.5489 -13.9124 -0.292659
19.6264 -13.4012 -0.307021
-12.7688 -21.3763 6.35767
-12.3686 -21.2268 6.94902
-12.1482 -21.1488 7.2712
-11.8915 -21.0566 7.6419
-11.7956 -21.0305 7.74563
-11.5347 -20.9634 8.03065
-11.3007 -20.9118 8.26968
-10.8977 -20.7764 8.68621
-10.595 -20.6763 8.97624
-10.3987 -20.6169 9.15324
-10.1743 -20.5172 9.37703
-9.8027 -20.3826 9.693
-4.90663 -20.3526 6.62467
-5.84299 -20.4837 6.41205
-6.23465 -20.531 6.36482
-6.81621 -20.5465 6.42107
-7.11566 -20.5534 6.46106
-7.49655 -20.5265 6.49905
-7.8432 -20.383 6.48056
-8.07861 -20.2874 6.47156
-8.45519 -20.1265 6.44483
-8.54461 -20.0864 6.43532
-4.09397 -18.6248 5.49905
-4.1215 -19.1104 5.7071
-4.1604 -19.5251 5.99979
-4.36873 -19.8834 6.30696
-4.54143 -20.0692 6.46437
-4.90663 -20.3526 6.62467
-7.86481 -17.3979 2.67742
-7.81112 -17.7306 2.89662
-7.73761 -17.9975 3.023
-7.67682 -18.2042 3.11407
-7.61234 -18.4231 3.21048
-7.5318 -18.694 3.33006
-7.41293 -19.0792 3.50173
-7.3314 -19.3381 3.61671
-7.14314 -19.9199 3.87467
-6.90713 -20.5351 4.11157
-6.69384 -20.963 4.24011
-6.57055 -21.2379 4.33661
-6.44965 -21.4733 4.38527
-6.33991 -21.7053 4.42036
-6.21006 -21.993 4.49608
-6.10035 -22.2379 4.50002
-5.99556 -22.4966 4.47366
-5.85522 -22.8799 4.43631
-5.73289 -23.315 4.33211
-5.69701 -23.6171 4.20782
-5.689 -23.957 4.0405
-5.73168 -24.399 3.78074
-5.87478 -24.6233 3.56169
-6.08001 -24.8518 3.32257
-6.72398 -25.0915 2.98867
-7.12844 -25.2086 2.75659
-7.41401 -25.2181 2.68391
-7.53305 -25.008 2.24563
4.14666 -14.7487 2.48249
3.90593 -14.8298 2.78753
3.3633 -14.9492 3.44047
3.19138 -15.0818 3.77358
3.07004 -15.1523 4.01204
2.85275 -15.3214 4.51042
2.70331 -15.4267 4.85193
2.56698 -15.7078 5.59007
2.49422 -15.8448 5.98058
2.46642 -16.0585 6.43708
8.67243 -15.2016 9.84014
8.3441 -15.2283 9.9144
7.87251 -15.3117 9.97221
7.42237 -15.4073 10.0384
7.20653 -15.4535 10.0687
7.10836 -15.4728 10.0835
6.74694 -15.5468 10.136
6.38109 -15.7091 10.1289
6.13015 -15.8261 10.1196
5.79788 -15.9843 10.1085
5.60256 -16.0987 10.1107
5.32145 -16.2958 10.1649
4.79744 -16.4943 9.91014
-5.97898 -13.27 12.3895
-5.51913 -12.9645 12.6323
-5.24648 -12.7346 12.713
-4.82818 -12.5649 12.633
-3.18889 -14.4583 7.42122
-3.2519 -14.8157 7.54069
19.6264 -13.4012 -0.307021
19.712 -13.2148 -0.0387714
19.7953 -12.8891 0.286476
19.9088 -12.3337 0.884416
19.9324 -12.0801 1.17116
19.9233 -11.9474 1.32723
19.8646 -11.6843 1.64652
19.7727 -11.3162 2.07652
19.6916 -11.1134 2.32834
19.62 -10.9203 2.50404
19.4924 -10.5606 2.61182
19.4046 -10.3557 2.70914
19.1939 -9.75229 2.85954
-9.93342 -11.0708 -3.86077
-10.1223 -11.5876 -3.71724
-10.2564 -12.1283 -3.49741
-10.397 -12.514 -3.39207
-10.5471 -12.9335 -3.27597
-10.6451 -13.1982 -3.20829
-10.7954 -13.6612 -3.07484
-10.9469 -14.1613 -2.9238
-11.0613 -14.629 -2.76521
-11.0864 -15.111 -2.54655
-11.0867 -15.4356 -2.39016
19.4307 -10.9481 -4.4515
19.4243 -10.3994 -4.93054
19.4273 -9.9546 -5.24478
19.4454 -9.7102 -5.38012
19.48 -9.29088 -5.59278
19.5182 -8.85221 -5.80522
19.5534 -8.52596 -5.93856
19.5888 -8.22393 -6.04762
19.6161 -8.00658 -6.11712
19.6492 -7.75109 -6.19055
19.6782 -7.52217 -6.25899
19.7285 -7.17477 -6.32969
19.8545 -6.10338 -6.28324
19.9072 -5.61155 -6.25398
19.9439 -4.9787 -6.23844
19.9622 -4.68402 -6.22077
19.9857 -4.36673 -6.17277
20.1439 -3.72134 -5.56442
19.1939 -9.75229 2.85954
18.9313 -9.8801 3.42615
18.7802 -10.0384 3.77359
18.5909 -10.2398 4.17611
18.4813 -10.3431 4.39964
18.3547 -10.4619 4.65244
18.2721 -10.538 4.81592
18.1627 -10.6376 5.03129
18.0148 -10.7716 5.32032
17.9122 -10.8646 5.51931
17.7386 -10.9793 5.78132
17.5308 -11.1149 6.08184
17.3401 -11.2249 6.34285
17.062 -11.3894 6.71341
16.9136 -11.4623 6.89396
16.536 -11.6648 7.34251
15.9869 -11.9396 7.95218
15.6353 -12.1301 8.32532
15.4868 -12.1994 8.47322
15.2914 -12.2931 8.66909
15.0825 -12.4042 8.86831
14.6337 -12.6237 9.27087
14.2331 -12.8189 9.61618
14.0207 -12.8853 9.79631
13.7826 -13.0334 9.98203
13.4497 -13.1791 10.2415
13.1377 -13.2449 10.4694
12.8911 -13.3095 10.6448
12.7423 -13.3913 10.7525
12.4497 -13.4087 10.9472
12.1896 -13.4705 11.1121
11.9005 -13.4939 11.2806
11.5699 -13.5072 11.4709
11.3842 -13.4839 11.5681
11.0062 -13.4798 11.7439
10.4167 -13.362 11.9667
10.1033 -13.3194 12.0693
9.77259 -13.0949 12.1275
9.3433 -12.8065 12.1684
9.15378 -12.6733 12.1856
8.9456 -12.5141 12.2033
8.69743 -12.3194 12.2234
8.38838 -11.9816 12.2428
8.24195 -11.8432 12.2506
8.09658 -11.6336 12.256
7.98052 -11.1577 12.2552
7.93463 -10.9051 12.2529
7.94012 -9.8478 12.2408
8.14022 -9.07915 12.2261
8.21555 -8.95762 12.2233
8.36422 -8.70077 12.2138
8.54423 -8.44598 12.1986
8.84991 -8.07685 12.1693
9.04294 -7.8869 12.1425
9.22446 -7.7292 12.1136
9.38793 -7.60077 12.0844
9.52735 -7.50417 12.0556
9.85062 -7.31074 11.9791
9.95922 -7.25385 11.9502
10.4298 -7.03189 11.8142
10.6735 -6.93879 11.7328
10.9308 -6.84496 11.6434
11.2648 -6.74642 11.5112
11.7562 -6.63253 11.2913
11.981 -6.57004 11.1858
12.1309 -6.53568 11.1105
12.1724 -6.53239 11.0848
12.3626 -6.56642 10.9356
12.6843 -6.58265 10.681
13.0964 -6.48734 10.4104
6.92459 -8.74715 -0.553899
6.9246 -8.74715 -0.553899
6.9246 -8.74715 -0.553899
-20.0113 -9.05272 2.16828
-19.8227 -9.04215 2.62091
-19.72 -9.14694 2.89742
-19.6117 -9.23855 3.15864
-19.4091 -9.36212 3.61253
-19.3209 -9.41419 3.80795
-19.2247 -9.47126 4.02082
-18.9712 -9.62221 4.57115
-18.751 -9.72684 4.9792
-18.5719 -9.79951 5.25396
-18.444 -9.87197 5.45663
-18.2527 -9.96211 5.74706
-17.9381 -10.0886 6.19881
-17.6751 -10.1873 6.55688
-17.508 -10.2474 6.77519
-17.2959 -10.3225 7.05141
-17.0182 -10.4178 7.40182
-16.8817 -10.4642 7.57296
-16.6447 -10.5427 7.86556
-16.4167 -10.6169 8.14027
-16.1819 -10.6926 8.41881
-16.0453 -10.7362 8.57838
-15.7374 -10.8345 8.93587
-15.485 -10.9152 9.22482
-15.3331 -10.9632 9.39235
-15.1466 -11.0238 9.59506
-14.9296 -11.0942 9.82498
-14.4239 -11.2593 10.3528
-14.2039 -11.3292 10.5724
-13.9789 -11.3992 10.784
-13.7608 -11.4671 10.9808
-13.5633 -11.5216 11.1469
-13.3341 -11.5708 11.3188
-13.115 -11.6145 11.4791
-12.5292 -11.7046 11.8777
-12.2487 -11.7404 12.058
-11.946 -11.739 12.2292
-11.6054 -11.6871 12.3857
-11.3018 -11.6175 12.4858
-10.9544 -11.4929 12.5888
-10.586 -11.2791 12.6309
-10.3012 -11.0911 12.6514
-10.204 -11.0192 12.6561
-10.0011 -10.8633 12.6645
-9.80806 -10.6875 12.6662
-9.67757 -10.5204 12.6559
-9.47698 -10.0558 12.5873
-9.39095 -9.76732 12.5379
-9.33386 -9.26503 12.4442
-9.33164 -8.9558 12.3869
-9.39649 -8.58937 12.3192
-9.47195 -8.12614 12.2232
-9.60668 -7.81262 12.1663
-9.77851 -7.53344 12.1154
-9.92387 -7.33326 12.0709
-10.009 -7.16903 12.0279
-10.2885 -6.94926 11.9644
-10.6123 -6.6697 11.8808
-10.8444 -6.51561 11.817
-11.0374 -6.40474 11.7607
-11.4533 -6.20954 11.6205
-11.9175 -6.01851 11.4523
-12.2901 -5.87894 11.3032
-12.599 -5.81075 11.1509
-12.9485 -5.71627 10.9741
-13.1361 -5.75381 10.8087
-13.3806 -5.72938 10.6316
-13.5751 -5.72271 10.4349
-13.7743 -5.71358 10.2363
-13.9412 -5.71072 10.0667
-14.0835 -5.70555 9.92134
-14.2541 -5.6902 9.74927
-14.7166 -5.82953 9.15523
1.1431 -8.48378 8.96739
1.1349 -8.55261 8.48733
1.13275 -8.65561 8.03986
1.13771 -8.76838 7.5464
1.17769 -9.02187 7.06855
1.2051 -9.1103 6.76637
1.26129 -9.27061 6.28972
1.31768 -9.43685 5.81949
1.32684 -9.46189 5.74762
1.35953 -9.5399 5.52048
1.43392 -9.7111 5.02343
1.54803 -9.83418 4.58659
1.68774 -9.89108 4.20723
1.83829 -9.9558 3.8659
2.01842 -10.0193 3.48129
2.17422 -10.063 3.17907
2.43486 -10.1539 2.79934
2.68125 -10.2277 2.43849
2.82596 -10.2724 2.22754
3.05676 -10.2232 1.82884
19.3471 -7.57455 1.30801
19.0058 -7.43576 1.56583
18.5989 -7.24383 1.83976
17.9388 -6.65782 2.00281
17.7081 -6.25632 2.51486
-20.6508 -6.48396 -4.95078
-20.6213 -6.9463 -5.09359
-20.6052 -7.21121 -5.15785
-20.5896 -7.45445 -5.15555
-20.579 -7.61116 -5.15488
-20.5412 -8.12084 -5.16582
-20.5252 -8.33381 -5.16723
-20.491 -8.70773 -5.19659
-20.457 -8.96034 -5.18226
-20.3805 -9.44217 -5.17532
-20.2652 -10.1127 -5.16215
-20.1377 -10.5571 -5.09031
-20.0497 -10.8079 -5.03639
-19.8578 -11.2973 -4.94956
-19.662 -11.7517 -4.84825
-19.4463 -12.2374 -4.73844
-19.272 -12.6225 -4.6496
-19.2279 -12.7191 -4.62713
-19.1456 -12.8963 -4.58475
-18.9551 -13.2867 -4.47438
-18.6606 -13.7861 -4.31832
-18.4894 -14.0693 -4.22
-18.4269 -14.1702 -4.18253
-18.3112 -14.3566 -4.11028
-18.186 -14.5547 -4.03854
-18.0931 -14.6998 -3.98455
-17.9502 -14.9228 -3.89351
-17.7871 -15.1707 -3.79315
-17.5868 -15.47 -3.66443
-17.4556 -15.6586 -3.58177
-17.0948 -16.1742 -3.35001
-16.9015 -16.4465 -3.22536
-16.6473 -16.7999 -3.06187
-16.3632 -17.1899 -2.88292
-16.1447 -17.4844 -2.74542
-15.7907 -17.931 -2.5426
-15.5108 -18.2709 -2.39033
-15.2021 -18.6384 -2.22641
-14.9141 -18.9628 -2.08388
-14.7476 -19.1371 -2.00813
-14.6007 -19.2869 -1.94358
-14.4476 -19.4382 -1.87838
-14.303 -19.5755 -1.81914
-14.1219 -19.7394 -1.74804
-13.7595 -20.0521 -1.6113
-13.4494 -20.3042 -1.50011
-13.1446 -20.5501 -1.3889
-13.0093 -20.6572 -1.33521
-12.8375 -20.7889 -1.26455
-12.5375 -20.9766 -1.14996
-12.2213 -21.1639 -1.03284
-12.0423 -21.2885 -0.946097
-11.6495 -21.5015 -0.780881
-11.3805 -21.6894 -0.644152
-11.1049 -21.7955 -0.543591
-10.8234 -21.8813 -0.44491
-10.4874 -21.9871 -0.322692
-10.1354 -22.0512 -0.208107
-9.70659 -22.1634 -0.0528562
-9.40927 -22.2426 0.0589534
-8.93002 -22.3783 0.248891
-8.55206 -22.5598 0.412124
-8.22056 -22.6628 0.56433
-7.93561 -22.806 0.705503
-7.72719 -23.2002 0.913424
-7.5533 -23.539 1.10375
-7.3601 -23.9303 1.32647
-7.25266 -24.2841 1.54563
-7.4055 -24.7489 1.92361
-7.53305 -25.008 2.24563
-1.22842 -6.55361 2.70077
-1.26134 -6.58526 2.68653
-1.49212 -6.80897 2.58658
-1.79772 -7.11902 2.46829
-2.03969 -7.37348 2.38342
-2.13712 -7.48017 2.35333
-2.23399 -7.58816 2.32522
-2.42788 -7.81485 2.27877
-2.55428 -7.98298 2.26274
-2.67958 -8.21992 2.30054
-2.90279 -8.70496 2.41812
-2.9765 -8.86426 2.45539
-3.02094 -8.96112 2.47876
-3.18942 -9.33507 2.57578
-3.30235 -9.63795 2.70971
-3.36236 -9.96943 3.02838
5.25448 -6.5453 15.6654
4.91791 -6.38838 15.6465
4.70675 -6.32732 15.6414
4.40166 -6.24091 15.6343
4.1817 -6.14983 15.6222
3.70884 -5.93719 15.5914
3.44025 -5.80869 15.5577
3.3249 -5.72985 15.515
3.13571 -5.61756 15.445
2.87166 -5.44522 15.3296
2.61955 -5.27072 15.2019
2.56446 -5.23254 15.1731
2.29499 -5.06013 15.0385
1.96812 -4.69702 14.7697
1.67307 -4.25938 14.4522
1.54552 -3.96421 14.2271
1.4386 -3.69721 14.0358
1.34998 -3.45874 13.8755
1.27808 -3.20442 13.7385
1.2265 -2.92122 13.6294
1.16077 -2.32569 13.4652
1.15882 -1.86552 13.4151
1.16439 -1.62976 13.3989
1.17574 -1.36988 13.3856
1.19838 -1.02156 13.3768
1.229 -0.771236 13.3874
1.3097 -0.361572 13.4274
1.35761 -0.115015 13.4505
1.4043 0.135384 13.4706
1.48639 0.375171 13.5212
1.64412 0.833654 13.5742
1.8018 1.25705 13.6317
1.9897 1.74979 13.6887
2.20367 2.24757 13.7318
2.27223 2.39031 13.729
2.5528 2.82848 13.6847
2.83757 3.26598 13.6363
3.04095 3.59726 13.5971
3.13733 3.72728 13.576
3.2419 3.88525 13.5471
3.53436 4.25936 13.4237
3.84521 4.68388 13.2782
4.15467 5.11573 13.1232
4.33295 5.38444 13.0118
4.56343 5.73205 12.8657
4.74387 6.00346 12.7516
5.06585 6.42142 12.5728
5.2092 6.87647 12.3369
5.2436 6.97348 12.2861
5.4361 7.5171 12.0003
5.54703 7.89066 11.8065
5.75978 8.12097 11.6483
-14.7166 -5.82953 9.15523
-14.7953 -6.42714 8.73426
-14.846 -6.79584 8.4517
-14.8949 -6.995 8.26168
-14.9711 -7.15929 8.00777
-15.0731 -7.30913 7.69249
-15.1678 -7.50378 7.34377
-15.2912 -7.60375 7.00657
-15.4909 -7.72867 6.49004
-15.5877 -7.75851 6.26511
-15.7662 -7.72956 5.92742
-16.0323 -7.63829 5.46979
-16.2679 -7.50386 5.11949
-16.4738 -7.37041 4.82992
-16.6542 -7.24696 4.5838
-16.8166 -7.11653 4.38295
-17.1202 -6.82648 4.06105
-17.341 -6.60849 3.83415
-17.6789 -6.25477 3.51767
-18.1523 -5.58916 3.09026
-18.4105 -5.17252 2.80453
-18.618 -4.78145 2.51154
-18.7308 -4.52374 2.31082
-18.8404 -4.22013 2.07278
-18.8971 -4.06 1.93143
-18.9222 -3.9825 1.86256
-18.991 -3.751 1.64395
-19.0511 -3.48959 1.31708
-19.078 -3.31041 1.08775
-19.0803 -3.28671 1.05701
-19.0972 -3.14961 0.880067
-19.1186 -2.95058 0.622296
-19.136 -2.77095 0.390389
-19.1516 -2.60382 0.174834
-19.1655 -2.38757 -0.0948824
-19.1754 -2.18183 -0.386767
-19.1825 -1.97399 -0.661229
-19.1863 -1.81574 -0.843937
-19.1795 -1.63834 -1.1796
-19.1732 -1.43372 -1.51634
-19.1685 -1.24426 -1.79119
-19.1593 -0.938253 -2.22027
-19.1514 -0.710275 -2.53544
-19.1439 -0.518049 -2.79698
-19.1354 -0.335306 -3.03966
-19.115 0.0130878 -3.4772
-19.0911 0.366465 -3.89428
-19.0739 0.574328 -4.12225
-19.0602 0.727482 -4.28113
-19.0554 0.77817 -4.33126
-19.0277 1.05587 -4.60727
-18.9973 1.33622 -4.86966
-18.9705 1.56189 -5.07027
-18.9255 1.93825 -5.4196
-18.87 2.34682 -5.76644
-18.7954 2.8423 -6.1571
-18.7132 3.30821 -6.50133
-18.6509 3.64565 -6.74827
-18.605 3.85889 -6.89171
-18.5408 4.13972 -7.08566
-18.4609 4.4595 -7.29915
-18.3824 4.74842 -7.49232
-18.2564 5.16683 -7.76536
-18.1985 5.34614 -7.88183
-18.1144 5.59265 -8.04099
-18.0311 5.8293 -8.1942
-17.9136 6.1462 -8.39591
-17.7273 6.56595 -8.66045
-17.5182 7.01171 -8.95196
-17.3629 7.28805 -9.11206
-17.1298 7.65489 -9.40975
-16.9393 7.9532 -9.58515
-16.8018 8.1425 -9.72586
-16.5935 8.39506 -9.94866
-16.4238 8.57195 -10.1512
-16.222 8.7581 -10.4142
-15.9777 8.976 -10.6457
-15.7953 9.1145 -10.8412
-15.3893 9.35162 -11.2839
-15.2692 9.41405 -11.4187
-15.1021 9.47781 -11.6014
-14.8291 9.54314 -11.8927
-14.4245 9.58866 -12.3152
-14.0312 9.58898 -12.7163
-13.779 9.52907 -12.9616
-13.3257 9.34664 -13.3854
-12.9912 9.22408 -13.663
-12.4597 8.87894 -14.0677
-11.8253 8.23473 -14.5193
-11.6461 8.00677 -14.6449
-11.4937 7.8183 -14.7428
-11.3766 7.64099 -14.8262
-11.1574 7.25088 -14.9565
-10.9577 6.73503 -15.0714
-10.8638 6.48169 -15.1257
-10.7437 6.14434 -15.183
-10.4917 5.61083 -15.2513
0.527195 -4.60025 -6.42583
0.375862 -4.57697 -6.45368
-0.0170121 -4.49392 -6.54993
-0.144636 -4.46074 -6.58742
-0.297025 -4.42041 -6.63259
-0.82589 -4.22119 -6.84791
-1.12176 -4.09492 -6.98247
-1.47257 -3.93938 -7.14775
-1.84263 -3.76674 -7.32797
-2.04781 -3.61792 -7.44835
-2.37358 -3.25318 -7.7068
-2.55757 -3.0175 -7.85996
-2.72376 -2.77601 -8.01199
-3.08722 -2.19365 -8.37258
-3.22342 -1.85563 -8.453
-3.34391 -1.38242 -8.54228
-3.41517 -0.934361 -8.60364
-3.51521 -0.388666 -8.66776
-3.43519 0.0234439 -8.69437
-3.38159 0.383109 -8.70908
-3.32443 0.63606 -8.71472
-3.28872 0.769943 -8.71605
-3.27111 0.825102 -8.71574
-3.22561 0.959205 -8.71435
-3.17511 1.08816 -8.7109
-2.9587 1.58472 -8.69149
-2.68981 2.20258 -8.66745
-2.21743 3.28813 -8.62522
-2 3.78765 -8.60578
-1.87257 3.9976 -8.59081
-1.7839 4.13135 -8.58014
-1.64845 4.3095 -8.56367
-1.47824 4.5216 -8.54251
-1.12632 4.89443 -8.49892
-0.839777 5.03471 -8.47284
-0.4721 5.20311 -8.43725
-0.0312659 5.41774 -8.38693
-7.15502 -5.56809 15.9966
-7.59928 -5.15013 15.8688
-7.79144 -4.99033 15.8148
-7.96239 -4.82778 15.7637
-8.15138 -4.67776 15.6782
-8.34951 -4.49073 15.5719
-8.65631 -4.15747 15.379
-8.82904 -3.97364 15.2713
-8.96269 -3.82381 15.1822
-9.23891 -3.4944 14.9818
-9.4863 -3.19095 14.7943
-9.7685 -2.8398 14.5757
-9.92076 -2.63463 14.4516
-10.246 -2.38844 14.1826
-10.5135 -2.09135 13.9188
-10.7375 -1.87654 13.7031
-10.8942 -1.74007 13.5485
-11.2236 -1.46511 13.2254
-11.3945 -1.26029 13.0323
-11.662 -1.02166 12.7504
-11.8074 -0.85833 12.5835
-12.1137 -0.58689 12.2526
-12.3464 -0.35309 11.9892
-12.5342 -0.151903 11.7673
-12.7356 0.0641157 11.5271
-12.9692 0.310772 11.2481
-13.1007 0.477818 11.0761
-13.2956 0.707992 10.8283
-13.4731 0.926642 10.5963
-13.6335 1.13104 10.3823
-13.8113 1.3589 10.1434
-14.2378 1.89897 9.56601
-14.4299 2.12986 9.29455
-14.5903 2.31957 9.06442
-14.6942 2.44261 8.91563
-14.7946 2.56221 8.77147
-15.0396 2.8195 8.43402
-15.2469 2.98908 8.14369
-15.4815 3.14808 7.82315
-15.6063 3.21154 7.65788
-15.888 3.3082 7.28777
-16.3071 3.36748 6.70878
-16.3647 3.37835 6.62826
-16.5868 3.40771 6.30434
-16.727 3.4268 6.08068
-16.912 3.62241 5.61941
20.1439 -3.72134 -5.56442
19.9798 -3.40121 -6.2216
19.9288 -3.26759 -6.42364
19.8642 -3.09083 -6.6788
19.8002 -2.91917 -6.93427
19.6994 -2.701 -7.28433
19.6314 -2.59737 -7.45451
19.5223 -2.39485 -7.71786
19.4261 -2.26413 -7.91458
19.2503 -2.03713 -8.26623
19.0819 -1.82025 -8.60275
18.9557 -1.70248 -8.83783
18.7439 -1.32185 -9.29613
-17.917 -0.725029 -12.2379
-17.9321 -0.0878661 -12.3853
-17.9015 0.0925593 -12.4585
-17.7834 0.325701 -12.6186
-17.4453 0.89525 -13.0426
-17.3204 1.17492 -13.1976
-17.2433 1.33 -13.2873
-17.1303 1.55545 -13.4173
-16.9807 1.84183 -13.5858
-16.785 2.20849 -13.8038
-16.6581 2.43752 -13.9434
-16.4567 2.78387 -14.1646
-16.372 2.87096 -14.2509
-16.1764 3.03119 -14.4323
-15.9772 3.19122 -14.6182
-15.7997 3.31148 -14.77
-15.6361 3.42818 -14.9058
-15.117 3.67269 -15.2643
-14.6785 3.90141 -15.5445
-14.3267 4.06387 -15.7389
-14.1663 4.13142 -15.8215
-13.732 4.32525 -15.8721
-12.9762 4.67515 -15.9458
-12.7651 4.81341 -15.9398
-12.0793 5.07975 -15.789
-11.8022 5.23698 -15.7129
-11.3503 5.34261 -15.5692
-11.0746 5.43344 -15.4716
-10.8744 5.54004 -15.3844
-10.4917 5.61083 -15.2513
17.1953 0.728305 4.59381
17.1443 0.200573 4.89472
17.1229 -0.149092 5.05785
17.1111 -0.532334 5.20515
17.0186 -0.853794 5.54221
16.9203 -1.36935 5.91892
16.8603 -1.69555 6.14556
16.7237 -2.36901 6.62444
16.5954 -2.75078 6.94046
16.4673 -2.99 7.20658
16.3619 -3.18608 7.40527
16.1586 -3.49299 7.75561
15.9647 -3.74121 8.05561
15.8214 -3.92282 8.27411
15.7054 -4.0453 8.42499
15.5624 -4.18897 8.60147
15.2467 -4.48977 8.96476
15.2163 -4.51724 8.9964
14.9878 -4.71927 9.21856
14.6767 -4.98875 9.48576
14.4686 -5.16792 9.65869
14.2968 -5.31641 9.78876
14.1351 -5.45755 9.90441
13.9683 -5.60076 10.018
13.7137 -5.85516 10.1617
13.3976 -6.21217 10.3063
13.0964 -6.48734 10.4104
-18.4549 1.28031 2.00198
-18.4551 1.28437 1.99638
-18.2565 0.881646 3.56616
-18.2669 0.513425 3.6412
-18.2654 0.237879 3.7388
-18.2311 -0.0258847 3.94991
-18.1921 -0.301253 4.16415
-18.147 -0.59205 4.40103
-18.0772 -0.993698 4.77927
-18.0372 -1.1351 4.93089
-17.9584 -1.39629 5.14622
-17.8755 -1.6258 5.38618
-17.742 -1.903 5.73588
-17.6608 -2.05729 5.9423
-17.4105 -2.48432 6.54444
-17.2198 -2.72476 6.94756
-16.9486 -3.06582 7.40934
-16.732 -3.24028 7.72467
-16.5115 -3.476 7.96793
-16.3019 -3.70371 8.19446
-16.0339 -3.99757 8.47376
-15.8573 -4.19571 8.64827
-15.6253 -4.47717 8.84897
-15.3015 -4.90347 9.0126
-15.2002 -5.03756 9.05452
-15.0509 -5.26561 9.09474
-14.8713 -5.51727 9.1557
-14.7166 -5.82953 9.15523
-14.9375 3.91439 -2.90708
-14.9507 4.05391 -3.00864
-14.9681 4.25599 -3.15456
-14.9889 4.53925 -3.35773
-15.0005 4.79946 -3.54036
-15.0053 4.97916 -3.66568
-15.0069 5.15526 -3.78886
-15.0054 5.42694 -3.97949
-15.0018 5.53537 -4.05482
-14.9849 5.86927 -4.29083
-14.9461 6.313 -4.61269
-14.8966 6.62823 -4.8381
-14.7846 7.18122 -5.24565
-14.7105 7.48812 -5.47883
-14.6607 7.65135 -5.61107
-14.5856 7.87694 -5.795
-14.4839 8.13694 -6.01799
-14.3233 8.51135 -6.35298
-14.2255 8.70018 -6.53744
-14.1015 8.91387 -6.75748
-14.0053 9.08147 -6.92928
-13.8968 9.26085 -7.11582
-13.7807 9.44612 -7.3096
-13.6495 9.65507 -7.5229
-13.4684 9.95359 -7.8085
-13.2967 10.2468 -8.07102
-13.1487 10.5283 -8.28737
-12.9592 10.9103 -8.5553
-12.8462 11.1322 -8.69948
-12.7703 11.5767 -8.88385
-12.739 11.833 -8.91705
-12.6729 12.2032 -8.93027
-12.6042 12.3763 -8.94152
-12.4608 12.9868 -8.96026
-16.8543 4.39631 5.1545
-16.7596 4.36741 5.27997
-16.8823 3.98957 5.38422
-16.912 3.62241 5.61941
-10.4917 5.61083 -15.2513
-10.2781 5.1486 -15.2633
-10.1061 4.82168 -15.2309
-9.83842 4.18381 -15.1582
-9.68084 3.74694 -15.0991
-9.59776 3.44953 -15.0517
-9.55123 3.21541 -15.0095
-9.48812 2.7816 -14.9256
-9.48504 2.75815 -14.921
-9.40666 2.06684 -14.7798
-9.35122 1.5192 -14.6461
-9.47405 1.07918 -14.5326
-9.55924 0.695401 -14.4174
-9.64658 0.425377 -14.3318
-9.78536 0.00792263 -14.1946
-9.88196 -0.261361 -14.1051
-10.0004 -0.570965 -13.9986
-10.1537 -0.939219 -13.8687
-10.306 -1.19498 -13.7661
-10.554 -1.61043 -13.5977
-10.7827 -1.95217 -13.4702
-11.0761 -2.40164 -13.298
12.6973 12.2605 -7.7646
13.3275 12.6909 -7.54011
13.5418 12.871 -7.4635
13.904 13.2159 -7.31311
14.2369 13.5403 -7.15432
14.4339 13.7319 -7.04495
14.6155 13.9205 -6.92214
14.963 14.3432 -6.40243
15.0879 14.5433 -6.18709
12.593 18.5661 -1.30281
12.6101 18.3791 -1.01468
12.6767 18.1386 -0.754158
12.7141 17.9745 -0.580508
12.7687 17.7067 -0.286761
12.8155 17.4387 0.0181565
12.844 17.2074 0.235074
12.846 16.8183 0.593416
12.838 16.6605 0.741127
12.8018 16.1911 1.15976
12.7576 15.7275 1.56324
12.7317 15.4945 1.76379
12.6803 15.2709 1.97042
12.4972 14.9015 2.34762
12.3611 14.6705 2.59146
12.1252 14.4262 2.93103
11.9441 14.3574 3.13912
11.5749 14.3141 3.52172
11.3354 14.2971 3.76556
11.037 14.3144 4.05483
10.7594 14.3895 4.30137
10.5238 14.5 4.49267
10.4259 14.5612 4.56625
10.2242 14.6899 4.71696
9.937 14.8932 4.92313
9.75117 15.1616 4.98517
9.58896 15.4046 5.02988
9.38784 15.6874 5.08379
9.17931 16.0066 5.10721
8.9255 16.4001 5.09126
8.77242 16.6314 5.08102
8.48484 17.0406 5.06177
8.1329 17.4862 5.03492
7.85989 17.719 4.99788
7.33026 18.1546 4.92587
7.17192 18.2603 4.90335
6.50784 18.6662 4.81695
6.02182 18.9545 4.75599
5.84858 19.0565 4.73441
5.42 19.2888 4.69625
4.898 19.4165 4.74197
4.43465 19.4983 4.79349
-13.1955 18.7801 -2.44531
-13.3139 18.5054 -2.15761
-13.4526 18.1705 -1.81278
-13.618 17.6487 -1.25081
-13.6773 17.26 -0.886803
-13.6973 16.9926 -0.658564
-13.7188 16.6899 -0.401825
-13.7524 16.0782 0.114427
-13.707 15.8537 0.325328
-13.6424 15.665 0.510253
-13.5396 15.3107 0.840899
-13.4738 15.0275 1.08216
-13.3557 14.834 1.31104
-13.2316 14.6381 1.54453
-12.9575 14.2959 2.00565
-12.7716 14.1787 2.26243
-12.5147 14.0604 2.59687
-12.2423 14.063 2.89559
-12.0698 14.081 3.07772
-11.7062 14.2232 3.41426
-11.5785 14.3123 3.51213
-11.3276 14.5279 3.68227
-11.1485 14.8509 3.70789
-10.8703 15.3666 3.72793
-10.7493 15.5941 3.73296
-10.4951 16.0718 3.74328
-10.215 16.6181 3.70487
-10.0842 16.8698 3.67712
-9.87285 17.2659 3.63055
-9.52213 17.8722 3.55606
-9.08419 18.5276 3.42546
-8.78928 18.9346 3.34842
-8.52654 19.2206 3.32265
-8.05863 19.5341 3.28959
-7.62781 19.7928 3.27146
-7.27879 19.9419 3.27538
-6.93975 20.0765 3.28624
-6.58743 20.2347 3.28084
-6.26224 20.3847 3.27093
-5.89397 20.5011 3.29419
-5.47392 20.6122 3.33837
-3.15895 24.5274 -3.64053
-3.01 24.5476 -3.93998
-2.93398 24.463 -4.17663
-2.89456 24.4182 -4.27869
-2.84395 24.3551 -4.39198
-2.67653 24.1506 -4.68947
-2.47578 23.8829 -5.06493
-2.43763 23.5176 -5.45188
-2.3783 23.236 -5.62713
-2.31168 22.8101 -5.78437
-2.27976 22.6379 -5.83051
-2.23102 22.3628 -5.90848
-2.20616 22.1589 -5.9514
-2.18425 21.9579 -5.99373
-2.13717 21.4265 -6.0677
-2.07612 20.7457 -6.16711
-2.05637 20.4957 -6.19644
-2.03273 20.0792 -6.24214
-2.03298 19.983 -6.24867
-2.04163 19.5533 -6.2735
-2.05511 19.123 -6.30554
-2.0608 18.6992 -6.33797
-2.06272 18.1147 -6.38337
-2.05877 17.8527 -6.40414
-2.05136 17.6041 -6.42416
-2.03956 17.3325 -6.44633
-2.02893 17.0558 -6.46929
-2.00406 16.6838 -6.50018
-1.93853 16.4746 -6.51661
-1.93605 16.1188 -6.55831
-1.97724 15.8107 -6.60044
-2.0171 15.5597 -6.63613
-2.12559 14.9998 -6.72174
-2.23474 14.5455 -6.79752
-2.2886 14.3381 -6.83332
-2.35316 14.0898 -6.87621
-2.43043 13.8087 -6.926
-2.53633 13.6001 -6.97705
-2.68469 13.388 -7.04069
-2.99261 13.0963 -7.15765
-3.45284 12.9273 -7.30351
-3.81224 12.8368 -7.41221
-4.04809 12.8149 -7.47884
-5.00779 12.7827 -7.74042
-5.26199 12.7838 -7.80581
-5.75122 12.9536 -7.87621
-6.16079 13.0592 -7.94893
-6.35596 13.1005 -7.98756
-6.86481 13.1913 -8.09673
-7.05348 13.1779 -8.16062
-7.22727 13.1765 -8.21408
-7.45974 13.1741 -8.28579
-7.75744 13.1701 -8.37805
-7.98151 13.1759 -8.44095
-8.23652 13.1724 -8.51554
-8.52902 13.1398 -8.61154
-8.92604 13.062 -8.74266
-9.27946 13.0282 -8.84724
-9.60734 13.0294 -8.9126
-9.9147 12.9969 -8.9691
-10.222 12.9944 -9.00766
-10.8326 12.9967 -9.06795
-11.154 13.0117 -9.09334
-11.5204 13.0453 -9.11067
-11.8745 12.9951 -9.06135
-12.4608 12.9868 -8.96026
-2.6473 24.1597 -2.07804
-2.76272 24.2408 -2.58241
-2.93202 24.3635 -3.00548
-3.15895 24.5274 -3.64053
19.5878 -13.1173 -0.46761
19.6264 -13.4012 -0.307021
3.41111 -9.25435 0.863688
3.33504 -9.33236 0.973825
3.21867 -9.67986 1.28353
3.15637 -9.87574 1.48706
3.05676 -10.2232 1.82884
14.5741 4.04379 -2.01857
14.5903 4.2517 -2.13064
14.6062 4.44241 -2.23667
14.6183 4.65499 -2.35615
14.6357 5.21453 -2.68316
14.6376 5.72953 -2.99256
14.6291 6.03645 -3.18897
14.6012 6.50986 -3.50282
14.5651 6.8218 -3.73143
14.5209 7.12828 -3.96603
14.4721 7.35896 -4.16114
14.3929 7.66721 -4.44061
14.3068 7.9666 -4.72388
14.2401 8.15716 -4.91734
14.1644 8.35259 -5.12303
14.0319 8.65057 -5.45416
13.93 8.87247 -5.7016
13.7987 9.1322 -5.99218
13.7025 9.31682 -6.19343
13.5434 9.6204 -6.5057
13.3271 10.0329 -6.92538
13.2782 10.1211 -7.00974
13.2069 10.2503 -7.12896
13.0506 10.5879 -7.38341
12.9773 10.974 -7.49863
12.9286 11.2073 -7.56964
12.9148 11.4106 -7.59775
12.9108 11.5267 -7.6115
12.898 11.7052 -7.63347
12.6973 12.2605 -7.7646
6.99408 2.26562 -10.6503
6.98198 2.53749 -11.0238
7.1381 2.71863 -11.4989
7.32378 2.80011 -11.7669
7.49298 2.85123 -11.9921
8.28752 3.03548 -12.8026
8.71807 3.18598 -13.1365
8.777 3.20119 -13.1795
8.93446 3.2606 -13.2917
9.10341 3.22762 -13.3734
9.40411 3.31595 -13.5309
4.79744 -16.4943 9.91014
4.53905 -16.4708 9.52732
4.28698 -16.6573 9.16851
4.09971 -16.8065 8.89272
3.81131 -17.0396 8.4741
3.50216 -17.2781 8.02968
3.45029 -17.3128 7.95554
3.29202 -17.4174 7.72868
3.12665 -17.5047 7.48875
2.95779 -17.5361 7.24622
2.76968 -17.0487 6.99723
2.64275 -16.7079 6.82729
2.56092 -16.4691 6.71988
2.46642 -16.0585 6.43708
6.10578 -13.9467 10.5476
6.04159 -13.9843 10.7344
5.90169 -14.0618 11.1206
5.7204 -14.1434 11.5661
5.30611 -14.1085 12.0653
4.9971 -14.0422 12.4226
4.68292 -13.8837 12.6345
4.37003 -13.6522 12.7888
4.04226 -13.2967 13.1136
2.4652 25.2225 -3.04452
2.35761 25.2769 -2.60285
2.25076 25.2279 -2.24591
2.21862 25.2028 -2.06583
2.17891 25.1425 -1.71892
2.16354 25.058 -1.3706
2.15625 24.954 -1.00781
2.15678 24.8592 -0.704982
2.17127 24.766 -0.463262
2.19275 24.6827 -0.279611
2.22509 24.5658 -0.0439738
2.28303 24.4319 0.182727
2.33086 24.301 0.391643
2.42271 24.0873 0.692118
2.49922 23.937 0.88712
2.64199 23.7183 1.11803
2.80626 23.475 1.36108
2.91833 23.2972 1.53867
3.05772 23.075 1.75715
3.2644 22.7432 2.08131
3.38351 22.5139 2.30284
3.50133 22.3509 2.45221
3.79054 21.676 3.04083
3.95297 21.3152 3.35222
4.09005 20.989 3.62794
4.12523 20.899 3.70284
4.21729 20.6326 3.92212
4.30903 20.3423 4.14837
4.37607 20.0846 4.3406
4.41152 19.8684 4.50462
4.43465 19.4983 4.79349
19.1637 -8.8044 2.43114
19.1441 -8.86234 2.4884
-7.53305 -25.008 2.24563
-8.20668 -25.332 2.78009
-8.53433 -25.3734 2.94341
-8.86801 -25.3386 3.12885
-9.03204 -25.3102 3.2196
-9.48444 -25.2061 3.46942
-9.93326 -24.9582 3.79054
-10.0593 -24.8698 3.88158
-10.3191 -24.6575 4.07591
-10.4848 -24.4916 4.20331
-10.7868 -24.1616 4.43928
-11.4112 -23.4681 4.93482
-11.9366 -22.7338 5.45168
-12.2551 -22.2327 5.81761
-12.4785 -21.7689 6.22455
-12.7688 -21.3763 6.35767
-3.2519 -14.8157 7.54069
-3.2599 -15.1709 7.34818
-3.24718 -15.5318 7.02655
-3.26115 -15.7222 6.91413
-3.28693 -15.9958 6.711
-3.33772 -16.4438 6.41364
-3.41501 -16.8632 6.20669
-3.48923 -17.2635 6.01886
-3.57891 -17.5668 5.89699
-3.7908 -18.0423 5.7207
-3.86612 -18.2039 5.65759
-4.09397 -18.6248 5.49905
-7.97352 -12.227 -0.239509
-7.88904 -12.6587 -0.344635
-7.83604 -13.0154 -0.242929
-7.78602 -13.4227 -0.0984156
-7.73678 -13.848 0.0536913
-7.69227 -14.3777 0.229727
-7.66901 -14.7305 0.373681
-7.65345 -15.1743 0.594607
-7.64849 -15.4286 0.734657
-7.65115 -15.6627 0.890682
-7.66377 -15.9318 1.099
-7.65913 -16.2061 1.28682
-7.69415 -16.3478 1.46322
-7.71173 -16.4445 1.56925
-7.77852 -16.7354 1.9186
-7.83487 -16.9543 2.19685
-7.86481 -17.3979 2.67742
-4.91133 -10.9169 13.9694
-4.45441 -10.4935 13.7039
-4.05701 -10.054 13.45
-3.80134 -9.782 13.2688
-3.40943 -9.23772 12.838
-3.22633 -8.9285 12.5581
-3.12484 -8.72011 12.371
-3.0155 -8.48905 12.1268
-2.90127 -8.22545 11.8428
-2.80166 -7.9866 11.5575
-2.74649 -7.8155 11.377
-2.67847 -7.58632 11.0823
-2.60617 -7.34955 10.7362
-2.54584 -7.13681 10.3549
-2.51246 -6.94726 10.145
-2.47778 -6.77854 9.92594
-2.47778 -6.77854 9.92594
-2.44261 -7.11191 9.67143
-2.38288 -7.42096 9.23692
-2.35048 -7.57545 8.93565
-2.3322 -7.69902 8.74294
-2.30144 -7.9166 8.40645
-2.26414 -8.21765 7.95561
-2.2452 -8.45297 7.59764
-2.24144 -8.63366 7.35176
-2.25531 -8.83154 7.0766
-2.28623 -9.02712 6.82968
-2.32304 -9.19128 6.57773
-2.41267 -9.41859 6.14133
-2.46696 -9.53367 5.90955
-2.56666 -9.68904 5.5369
-2.64936 -9.78726 5.25074
-2.77679 -9.88626 4.86007
-2.97013 -10.0205 4.26923
-3.08383 -10.0576 3.93331
-3.24797 -10.0289 3.4201
-3.36236 -9.96943 3.02838
-15 14.3776 -7.73866
-15.0034 14.8838 -7.61309
-14.9552 15.3025 -7.53495
-14.9407 15.5213 -7.47996
-14.9196 15.7736 -7.32702
-14.8855 16.0262 -7.15768
-14.8055 16.4583 -6.73715
-14.757 16.7174 -6.48233
-14.6948 17.0616 -6.14767
-14.6659 17.1692 -6.01713
-14.6261 17.2689 -5.87004
-14.5545 17.4409 -5.6103
-14.4478 17.666 -5.23512
-14.3623 17.8128 -4.96522
-14.2389 17.998 -4.61174
-14.1096 18.1619 -4.24502
-13.971 18.3013 -3.91241
-13.7126 18.4887 -3.4657
-13.4647 18.6702 -3.05289
-13.3208 18.7814 -2.845
-13.1955 18.7801 -2.44531
0.610618 21.6284 -4.50417
0.687304 21.9731 -4.57202
0.734942 22.189 -4.57476
0.794664 22.4504 -4.56869
0.911247 22.9075 -4.52423
1.01854 23.2772 -4.46863
1.08417 23.4928 -4.43224
1.15465 23.7021 -4.38714
1.23802 23.8893 -4.31798
1.36273 24.1527 -4.21246
1.47064 24.3567 -4.11647
1.63546 24.6067 -3.95628
1.7786 24.7794 -3.79987
1.98168 24.982 -3.58747
2.2542 25.152 -3.31225
2.4652 25.2225 -3.04452
20.3188 -6.90809 -0.597664
20.5008 -7.31783 -0.821776
20.6249 -7.64941 -1.0216
20.8318 -8.23243 -1.36004
20.8563 -8.47907 -1.50733
20.8624 -8.71796 -1.67266
20.8552 -8.92588 -1.80858
20.8311 -9.11149 -1.9515
20.7929 -9.30037 -2.10785
20.7484 -9.45491 -2.24753
20.684 -9.65383 -2.43297
20.6181 -9.82141 -2.59887
20.5501 -9.95622 -2.74527
20.4647 -10.1113 -2.91981
20.3496 -10.2621 -3.11591
20.1671 -10.4975 -3.4223
20.0612 -10.6098 -3.58157
19.913 -10.7278 -3.79872
19.8337 -10.7507 -3.91226
19.4307 -10.9481 -4.4515
-17.8439 9.36342 -1.93283
-17.7364 9.53717 -1.30326
-17.6445 9.67601 -0.866049
-17.5354 9.79933 -0.411492
-17.396 9.94788 0.148049
-17.2892 10.036 0.56197
-17.1984 10.0657 0.867985
-17.0287 10.1139 1.26002
-16.8905 10.1076 1.57343
-16.743 10.1072 1.88316
-16.5624 10.1059 2.26104
-16.4544 10.0995 2.47365
-16.3164 10.0853 2.72655
-16.2026 10.0728 2.93138
-15.9749 10.041 3.31118
-15.827 10.0202 3.55749
-15.6189 9.96626 3.93631
-15.4077 9.91301 4.23148
-15.0834 9.79546 4.71697
-14.6392 9.51789 5.41925
-14.4751 9.40402 5.67702
-14.4161 9.36312 5.76954
-14.3192 9.29578 5.92156
-14.2177 9.22604 6.08026
-14.0979 9.13987 6.26975
-13.9488 9.01963 6.50756
-13.7749 8.88267 6.77972
-13.6403 8.77145 6.99158
-13.4588 8.58254 7.29725
-13.3477 8.51435 7.45006
-12.9445 8.2125 8.05173
-12.6725 8.01084 8.45186
-12.4297 7.85803 8.78478
-12.249 7.73269 9.03653
-11.6929 7.50041 9.70251
-11.4715 7.41336 9.9535
-11.0992 7.30831 10.3116
-10.7294 7.27138 10.551
-10.2269 7.25036 10.7967
-9.77615 7.24171 11.0102
-9.2179 7.28158 11.2309
-8.78487 7.37651 11.3593
-8.33425 7.37387 11.4816
-8.10653 7.41241 11.5177
-7.63539 7.48618 11.596
-7.02122 7.61474 11.6828
3.05676 -10.2232 1.82884
3.15351 -10.6157 1.87686
3.2518 -10.8329 1.83105
3.44977 -11.222 1.72128
3.65754 -11.7308 1.71443
3.90282 -12.3728 1.73139
4.0478 -12.7857 1.75798
4.13546 -13.0713 1.79025
4.23924 -13.4176 1.8322
4.31951 -13.7793 1.9021
4.29949 -14.0931 2.04964
4.28409 -14.4157 2.19471
4.14666 -14.7487 2.48249
-16.912 3.62241 5.61941
-17.1434 3.32469 5.44585
-17.3085 3.13481 5.30804
-17.4991 2.85179 5.16147
-17.6599 2.59639 5.01002
-17.7214 2.48643 4.93369
-17.8458 2.24161 4.76585
-18.043 1.6589 4.27795
-18.1402 1.34239 4.01217
-18.2565 0.881646 3.56616
11.5811 -2.93043 -11.444
11.3979 -2.52362 -11.7189
11.2478 -2.07224 -12.0136
11.1878 -1.90993 -12.1159
11.1022 -1.66362 -12.2652
10.9905 -1.36342 -12.438
10.9403 -1.2321 -12.5099
10.9113 -1.1569 -12.5503
10.795 -0.85857 -12.7083
10.7175 -0.6578 -12.8098
10.5868 -0.337568 -12.9869
10.5152 -0.101119 -13.0585
10.3912 0.250949 -13.1999
10.2573 0.803321 -13.3258
10.12 1.34481 -13.4537
9.97107 1.94485 -13.5927
9.90383 2.21336 -13.6474
9.75847 2.53685 -13.6259
9.67819 2.72868 -13.6062
9.40411 3.31595 -13.5309
17.1762 9.34597 -0.463376
17.3607 8.6831 -0.336238
17.4991 8.23566 -0.330847
17.6429 7.74627 -0.299313
17.7395 7.42043 -0.283808
17.8759 6.55316 -0.118002
17.9487 6.0524 -0.0172704
17.9937 5.67917 0.0745497
18.0515 5.14755 0.216791
18.0794 4.83413 0.313601
18.1029 4.49661 0.431589
18.1133 4.23103 0.543211
18.1153 3.93006 0.691967
18.1039 3.56954 0.903365
18.0791 3.27461 1.11875
18.0507 2.94542 1.35933
18.0144 2.71339 1.56804
17.9708 2.45209 1.80418
17.9031 2.16662 2.1225
17.8003 1.85046 2.56034
17.6626 1.57835 3.03842
17.4924 1.28373 3.60884
17.416 1.15909 3.86118
17.3453 1.05249 4.08884
17.1953 0.728305 4.59381
9.49253 -10.2557 -4.14849
9.06951 -10.3065 -3.76741
8.73366 -10.4541 -3.39902
8.32287 -10.5955 -2.97016
7.76519 -10.7821 -2.38644
7.6524 -10.8194 -2.24771
7.5618 -10.9426 -2.02155
7.42992 -11.1053 -1.7041
7.31772 -11.2555 -1.41519
7.18654 -11.4262 -1.08053
7.08735 -11.6017 -0.744138
7.10003 -11.8459 -0.416437
7.11457 -11.9979 -0.218743
7.13308 -12.1629 -0.00469747
7.17111 -12.3201 0.181085
7.26739 -12.5896 0.416063
7.38071 -12.9227 0.722353
7.47447 -13.2161 0.90782
7.53792 -13.4167 1.03522
7.60858 -13.6523 1.16842
7.72127 -14.1098 1.38379
7.83233 -14.6636 1.60641
7.87655 -15.0198 1.71241
7.87938 -15.2862 1.75316
7.8529 -15.7985 1.7811
7.81386 -16.35 1.79149
7.78744 -16.6984 1.79651
7.74988 -17.1653 1.79479
7.71506 -17.4494 1.78875
7.66551 -17.9488 1.67058
4.43465 19.4983 4.79349
4.27618 19.2868 5.00152
4.17001 19.1881 5.1066
4.05276 19.1064 5.20086
3.88559 19.0364 5.29645
3.76155 18.803 5.49401
3.6419 18.5355 5.71118
3.40407 18.1214 6.05458
3.21474 17.7192 6.37403
3.11504 17.4809 6.55876
3.02506 17.19 6.7753
2.9807 17.0221 6.89816
2.93823 16.8559 7.01938
2.86187 16.4485 7.30986
2.82983 16.2365 7.4594
2.81609 16.0739 7.57152
2.81489 15.8408 7.72875
2.81981 15.6765 7.83878
2.84036 15.3037 8.08659
2.8843 14.8673 8.3714
2.91091 14.7474 8.45025
2.97695 14.3399 8.7138
3.0899 14.0386 8.9058
3.14732 13.8355 9.0302
3.19737 13.6636 9.13469
3.31254 13.2834 9.36277
3.43227 12.9038 9.58609
3.55459 12.588 9.76243
3.61452 12.3392 9.89784
3.69916 12.084 10.0293
3.7253 11.8786 10.1369
4.16004 11.0558 10.4981
4.34205 10.7045 10.6506
4.53768 10.3315 10.8114
4.77911 9.87775 11.0039
4.94984 9.53474 11.1432
5.18195 9.07988 11.3172
5.31952 8.81819 11.4152
5.498 8.49669 11.5284
5.75978 8.12097 11.6483
-11.0761 -2.40164 -13.298
-10.9122 -2.6207 -13.0553
-10.9113 -3.21218 -12.5682
-10.9068 -3.48208 -12.3413
-10.8982 -3.73719 -12.1227
-10.9 -3.94048 -11.9195
-10.901 -4.23993 -11.6144
-10.9102 -4.6008 -11.2366
-10.9185 -4.79899 -11.0203
-10.9495 -5.33409 -10.4235
-10.9614 -5.50489 -10.229
-10.9829 -5.80608 -9.88373
-11.0043 -6.09476 -9.54908
-11.0149 -6.24846 -9.36896
-11.0219 -6.35786 -9.24034
-11.0307 -6.5479 -9.01528
-11.0366 -6.74736 -8.77791
-11.042 -6.91654 -8.57751
-11.0294 -7.21184 -8.22132
-11.0186 -7.36738 -8.03453
-10.9983 -7.58076 -7.77765
-10.9386 -7.83579 -7.45542
-10.8992 -8.01454 -7.2374
-10.8823 -8.08632 -7.14969
-10.7857 -8.53445 -6.60834
-10.6688 -8.7386 -6.32657
-10.5906 -8.92145 -6.10022
-10.5361 -9.12119 -5.87932
-10.5036 -9.23561 -5.755
-10.4338 -9.47551 -5.49554
-10.3821 -9.62541 -5.33557
-10.3348 -9.75853 -5.19402
-10.2918 -9.8831 -5.06183
-10.1818 -10.2106 -4.71774
-10.0753 -10.5302 -4.38334
-10.0139 -10.7839 -4.14372
-9.93342 -11.0708 -3.86077
11.4913 6.34547 -14.3909
10.9579 5.64876 -14.2449
10.7544 5.37959 -14.1847
10.5516 5.04079 -14.1073
10.2702 4.54748 -13.9869
9.98524 4.03911 -13.8558
9.7963 3.6965 -13.7612
9.40411 3.31595 -13.5309
8.01218 -21.952 8.61053
7.76461 -21.5431 9.28651
7.42215 -21.1662 9.87377
6.93658 -20.8441 10.2836
6.69803 -20.6491 10.5134
6.41713 -20.4185 10.7772
6.14094 -20.1985 10.9713
5.76864 -19.8041 11.2259
5.51532 -19.551 11.3491
5.21294 -19.205 11.5092
5.09024 -19.0144 11.5556
4.81856 -18.5568 11.656
4.67986 -18.3079 11.6684
4.49981 -17.8623 11.6281
4.47921 -17.605 11.4682
4.52164 -17.3818 11.2551
4.69576 -16.9535 10.7324
4.86632 -16.6795 10.3842
4.79744 -16.4943 9.91014
-7.02122 7.61474 11.6828
-6.83655 7.28495 11.8736
-6.605 6.99474 12.0563
-6.41438 6.72247 12.2211
-6.17308 6.33881 12.4466
-6.03432 6.11547 12.5598
-5.93043 5.91523 12.657
-5.79787 5.68608 12.7673
-5.68301 5.48111 12.8627
-5.54495 5.23774 12.9758
-5.26257 4.76428 13.1918
-5.07014 4.43094 13.3
-4.91823 4.18189 13.3722
-4.75547 3.89913 13.45
-4.47711 3.44118 13.5631
-4.34923 3.10457 13.5807
-4.19982 2.75225 13.5818
-4.10349 2.51872 13.5799
-3.98525 2.24516 13.5667
-3.78078 1.76902 13.5324
-3.70302 1.58583 13.5164
-3.56458 1.23287 13.4902
-3.50055 0.784174 13.5253
-3.45084 0.437655 13.5502
-3.39901 -0.0476459 13.6054
-3.35904 -0.403049 13.6405
-3.35364 -0.730879 13.713
-3.35631 -0.945377 13.7694
-3.3871 -1.2809 13.8977
-3.40952 -1.53357 13.9935
-3.42944 -1.73149 14.0722
-3.50101 -2.10162 14.2747
-3.6694 -2.53496 14.6447
-3.81643 -2.81685 14.8702
-4.09581 -3.20483 15.1869
-4.43155 -3.58435 15.4773
-4.78442 -3.9103 15.7109
-5.00556 -4.09436 15.8331
-5.23857 -4.25825 15.9183
-5.4832 -4.42083 15.9959
-5.73011 -4.59323 16.0318
-6.01352 -4.7805 16.0427
-6.40204 -5.05958 16.0621
-6.58665 -5.14863 16.0507
-6.76973 -5.2638 16.0469
-6.95281 -5.3224 16.0129
-7.15502 -5.56809 15.9966
12.0902 -22.8434 4.34626
12.082 -22.8365 4.36257
12.0065 -22.8455 4.42658
11.7071 -22.4647 5.17742
-5.86653 -20.8755 10.1376
-5.56748 -21.1821 9.71183
-5.19785 -21.3292 9.38273
-5.05664 -21.3327 9.28713
-4.93313 -21.3202 9.19062
-4.75166 -21.2846 8.91288
-4.62899 -21.1503 8.55011
-4.56565 -21.0596 8.30886
-4.5294 -20.9443 8.04352
-4.54022 -20.7726 7.69816
-4.56412 -20.5879 7.32907
-4.57922 -20.5627 7.26973
-4.90663 -20.3526 6.62467
2.80067 -13.1288 12.1433
3.18426 -13.2172 12.473
3.35502 -13.2419 12.6022
3.6547 -13.2812 12.8006
4.04226 -13.2967 13.1136
6.92646 -25.5472 1.4895
7.25624 -25.7224 1.7246
7.46917 -25.7883 1.83568
7.82413 -25.8623 2.05302
8.20711 -25.8418 2.26485
8.50138 -25.7996 2.45135
8.83211 -25.7071 2.71078
9.14837 -25.5 2.91146
9.49884 -25.2485 3.17315
9.73576 -25.0497 3.35768
9.9569 -24.8455 3.55736
10.395 -24.2701 4.01013
10.7276 -23.8172 4.36227
10.9995 -23.4067 4.666
11.0999 -23.2545 4.77021
11.1917 -23.1272 4.84361
11.3641 -22.7745 5.13194
11.7071 -22.4647 5.17742
6.92646 -25.5472 1.4895
6.82445 -25.3777 1.22425
6.77671 -25.2744 1.06903
6.69212 -25.0454 0.731564
6.66613 -24.8379 0.424727
6.67522 -24.6283 0.161148
6.65225 -24.4144 -0.0499133
6.78051 -24.1177 -0.16053
7.0037 -23.5912 -0.29193
7.31093 -22.9024 -0.452628
7.58651 -22.5538 -0.537941
7.80779 -22.3138 -0.594372
8.01422 -22.0712 -0.645723
8.37711 -21.8136 -0.744652
8.73869 -21.5747 -0.846813
9.12935 -21.3737 -0.966506
9.33341 -21.2812 -1.03168
9.68714 -21.1266 -1.14874
10.0617 -20.9776 -1.27549
10.4727 -20.794 -1.42143
10.8092 -20.658 -1.53816
11.0659 -20.534 -1.63485
11.3545 -20.4148 -1.72609
11.6015 -20.2752 -1.81388
11.8984 -20.0987 -1.92316
12.1136 -19.922 -2.01298
12.2753 -19.7958 -2.07885
12.5002 -19.6178 -2.17112
12.8632 -19.3276 -2.3209
13.3178 -18.9396 -2.51589
13.6634 -18.6099 -2.67571
13.8948 -18.3728 -2.78706
14.0562 -18.1972 -2.86941
14.301 -17.929 -2.99378
14.4946 -17.7167 -3.08918
14.7022 -17.4769 -3.19746
14.8847 -17.2651 -3.28999
15.1399 -16.9707 -3.41512
15.319 -16.7693 -3.49603
15.5285 -16.5044 -3.60922
15.7824 -16.2174 -3.70693
16.0443 -15.9177 -3.80958
16.4084 -15.4985 -3.93058
16.7125 -15.1427 -4.03715
16.8952 -14.9202 -4.09515
17.0532 -14.7248 -4.14335
17.267 -14.4617 -4.20098
17.4267 -14.261 -4.23857
17.5508 -14.0953 -4.26712
17.7597 -13.8079 -4.30578
17.8587 -13.6711 -4.32338
18.0964 -13.3262 -4.37009
18.2741 -13.0791 -4.38403
18.3375 -12.9902 -4.38662
18.5286 -12.6944 -4.39875
18.7358 -12.3188 -4.4411
18.8821 -12.0619 -4.45022
18.9829 -11.8646 -4.44833
19.0762 -11.6818 -4.44271
19.1642 -11.5111 -4.43491
19.4307 -10.9481 -4.4515
11.7071 -22.4647 5.17742
11.1906 -22.2954 5.94029
10.8726 -22.1544 6.46458
10.6849 -22.0779 6.7331
10.3922 -22.0493 7.00102
-12.7688 -21.3763 6.35767
-13.2661 -21.1687 6.06057
-13.4297 -21.1121 5.94826
-13.7433 -20.9946 5.74134
-14.1447 -20.8504 5.46766
-14.5723 -20.6908 5.17259
-14.8827 -20.5538 4.93248
-15.089 -20.4614 4.76861
-15.6191 -20.2039 4.33026
-16.0593 -19.9149 3.95208
-16.7448 -19.4343 3.39493
-16.8345 -19.3667 3.31605
-17.0853 -19.1682 3.10107
-17.3288 -18.9446 2.90466
-17.6247 -18.6347 2.71111
-17.7781 -18.4941 2.54319
-17.9959 -18.2713 2.31036
-18.1674 -18.074 2.14229
-18.4871 -17.7137 1.8073
-18.6407 -17.5301 1.64081
-18.8297 -17.2947 1.43845
-19.0644 -16.9807 1.18905
-19.2332 -16.7722 0.918634
-19.3668 -16.5456 0.721727
-19.5684 -16.1599 0.435994
-19.679 -15.9395 0.278613
-19.8003 -15.6875 0.103903
-19.9182 -15.3842 -0.0660547
-20.0193 -15.0532 -0.178073
-20.1475 -14.5797 -0.305249
-20.2743 -14.0926 -0.433391
-20.3433 -13.7982 -0.427956
-20.3794 -13.6522 -0.442481
-20.453 -13.2877 -0.341172
-20.4992 -13.0398 -0.249546
-20.5528 -12.5079 0.0876306
-20.5767 -12.2541 0.257493
-20.5983 -12.021 0.414294
-20.6208 -11.7669 0.586407
-20.6258 -11.3744 0.888575
-20.6102 -11.1126 1.09372
-20.5873 -10.8888 1.25268
-20.5585 -10.5961 1.39698
-20.3808 -10.0725 1.66518
-20.2901 -9.82573 1.80805
-20.1501 -9.47928 2.04223
-20.0113 -9.05272 2.16828
-4.09397 -18.6248 5.49905
-4.29219 -18.4803 5.09565
-4.45827 -18.2241 4.68885
-4.63533 -17.9711 4.26641
-4.69663 -17.8917 4.13232
-4.78234 -17.7808 3.94604
-4.96888 -17.496 3.63653
-5.05155 -17.3655 3.50438
-5.16055 -17.204 3.34025
-5.26737 -16.8436 3.13755
-5.38088 -16.3013 2.90087
-5.43695 -15.905 2.75621
-5.4854 -15.4178 2.59468
-5.50761 -15.0835 2.49502
-5.44616 -14.5884 2.40097
-5.37884 -14.2907 2.35463
-5.34544 -14.1435 2.33129
-5.24181 -13.691 2.26047
-5.14641 -13.2897 2.2013
-5.03998 -12.8939 2.15575
-4.91896 -12.5243 2.13682
-4.89719 -12.4554 2.13194
-4.83599 -12.2854 2.12905
-4.78139 -12.158 2.1378
-4.65904 -11.8973 2.17022
-4.48992 -11.5174 2.19957
-4.3218 -11.2833 2.30584
-4.06554 -10.8834 2.43766
-3.88345 -10.6041 2.53398
-3.6668 -10.267 2.63506
-3.36236 -9.96943 3.02838
7.66551 -17.9488 1.67058
7.68781 -18.1304 1.32149
7.76881 -18.0622 0.778789
7.83571 -17.9918 0.468137
7.92193 -17.9547 0.236832
8.23481 -17.8281 -0.419675
8.49381 -17.6745 -0.666396
8.68697 -17.5544 -0.825585
8.95553 -17.3634 -1.04514
9.14715 -17.2074 -1.2012
9.34247 -17.0251 -1.36192
9.49994 -16.8722 -1.49235
9.66619 -16.6649 -1.63991
9.79679 -16.4842 -1.76107
9.96392 -16.2267 -1.92416
10.0849 -16.0136 -2.05085
10.2058 -15.759 -2.19207
10.3423 -15.4163 -2.37241
10.5263 -14.7952 -2.67748
10.4969 -14.3898 -2.81761
10.4613 -14.2052 -2.87266
10.3965 -13.8881 -2.96548
10.291 -13.2633 -3.16121
10.2521 -12.971 -3.26006
10.0832 -12.4263 -3.40094
9.99423 -12.1141 -3.49291
9.88127 -11.6582 -3.65564
9.78193 -11.226 -3.81581
9.69696 -10.8809 -3.94149
9.60856 -10.5034 -4.09409
9.49253 -10.2557 -4.14849
-7.86481 -17.3979 2.67742
-8.19628 -16.8765 2.83206
-8.40071 -16.5697 2.95104
-8.6046 -16.1057 2.99496
-8.71022 -15.8327 3.00028
-8.85385 -15.4522 3.01047
-8.96181 -15.159 3.01505
-9.04548 -14.9239 3.01616
-9.17611 -14.56 3.01621
-9.21117 -14.1463 2.9091
-9.21469 -13.8434 2.81067
-9.20831 -13.6491 2.73664
-9.11392 -13.2934 2.52564
-9.06712 -12.9701 2.37384
-8.794 -12.5607 1.95203
-8.65575 -12.3895 1.74465
-8.59412 -12.324 1.64225
-8.46967 -12.2374 1.40749
-8.29792 -12.2046 1.10188
-8.15848 -12.1064 0.638745
-8.04937 -12.0569 0.224072
-7.97352 -12.227 -0.239509
4.14666 -14.7487 2.48249
4.35595 -14.893 2.30136
4.50042 -15.0292 2.18954
4.69857 -15.7207 2.19924
4.76203 -16.0112 2.22228
4.80882 -16.3643 2.27707
4.82737 -16.6216 2.33201
4.85331 -17.0512 2.4286
4.87071 -17.6551 2.58587
4.87801 -17.987 2.67546
4.87555 -18.4438 2.81651
4.86672 -18.8876 2.96361
4.85785 -19.1169 3.04817
4.84211 -19.3531 3.14909
4.82348 -19.546 3.24546
4.80692 -19.7043 3.3271
4.75778 -20.1217 3.55287
4.72503 -20.346 3.67931
4.65676 -20.7097 3.93694
4.62042 -20.9706 4.13681
4.50484 -21.3228 4.44618
4.43132 -21.4816 4.60335
4.3728 -21.5614 4.69463
4.3026 -21.7708 4.91954
4.19189 -21.9699 5.18448
4.09916 -22.1357 5.42131
3.9724 -22.3524 5.76024
3.90013 -22.4967 6.01689
3.85952 -22.5648 6.17107
3.96372 -22.7621 6.87314
4.03603 -22.8597 7.25532
4.31812 -22.8721 7.62122
4.74524 -22.8197 7.95504
5.15417 -22.7497 8.29308
5.51453 -22.6664 8.44783
5.96048 -22.5476 8.60706
6.25118 -22.4756 8.62815
6.41353 -22.4355 8.62453
7.05143 -22.279 8.60098
7.49291 -22.1444 8.58757
8.01218 -21.952 8.61053
-9.93342 -11.0708 -3.86077
-9.70047 -10.9622 -3.67888
-9.47869 -11.0227 -3.39455
-9.30425 -11.058 -3.17904
-9.01867 -11.0829 -2.84667
-8.83243 -11.1473 -2.58577
-8.51756 -11.26 -2.13683
-8.12414 -11.4297 -1.55069
-8.09156 -11.5563 -1.38461
-8.03798 -11.7117 -1.13168
-7.98983 -11.969 -0.804777
-7.97352 -12.227 -0.239509
19.1939 -9.75229 2.85954
19.1239 -9.20234 2.73251
19.1441 -8.86234 2.4884
-20.0113 -9.05272 2.16828
-20.0601 -8.54226 1.79168
-20.1338 -8.16474 1.37043
-20.1968 -7.84069 0.974663
-20.2583 -7.63918 0.650091
-20.2901 -7.47658 0.429865
-20.3448 -7.26696 0.0918999
-20.3763 -7.13295 -0.12466
-20.4049 -7.04733 -0.355168
-20.4459 -6.98277 -0.656543
-20.5301 -6.83381 -1.30863
-20.5712 -6.7597 -1.64144
-20.6077 -6.69567 -1.96509
-20.6574 -6.60408 -2.46156
-20.6861 -6.5254 -2.79198
-20.6937 -6.52484 -3.21399
-20.6918 -6.51862 -3.51256
-20.6888 -6.51402 -3.81364
-20.6819 -6.47325 -4.39309
-20.6744 -6.47375 -4.60513
-20.6508 -6.48396 -4.95078
1.1431 -8.48378 8.96739
1.16743 -8.73377 9.16569
1.17411 -8.79668 9.22285
1.23028 -9.27598 9.70066
1.25806 -9.51152 9.93194
1.29896 -9.81674 10.3024
1.35519 -10.1549 10.5393
1.40811 -10.4117 10.755
1.47102 -10.6924 10.9231
1.55568 -11.0212 11.1195
1.62975 -11.2751 11.2308
1.71942 -11.5444 11.3641
1.9043 -12.0186 11.5933
2.10788 -12.364 11.7442
2.32453 -12.6651 11.8627
2.46443 -12.8484 11.9331
2.80067 -13.1288 12.1433
1.1431 -8.48378 8.96739
1.11087 -8.08267 8.8754
1.08628 -7.73556 8.83532
1.07144 -7.535 8.79588
1.04379 -7.15472 8.74222
1.02435 -6.71693 8.7583
1.01401 -6.43307 8.75363
0.988116 -5.66827 8.72436
0.979945 -5.52063 8.68141
0.967912 -5.28837 8.60766
0.944066 -4.64152 8.4668
0.928564 -4.1278 8.3777
0.91231 -3.66061 8.29667
0.87326 -3.18012 8.14298
0.849271 -2.69382 8.04398
0.838183 -2.19992 7.9729
0.840658 -1.75484 7.92493
0.85571 -1.25766 7.8899
0.868085 -1.01138 7.87821
0.908495 -0.454168 7.86872
0.932449 -0.166468 7.86828
0.95528 0.0997746 7.86867
0.987123 0.504523 7.86969
1.00507 0.754762 7.86906
1.03895 1.14659 7.86944
1.05299 1.38419 7.85982
1.05954 1.52207 7.85115
1.06769 1.80414 7.8263
1.06942 1.90153 7.81541
1.0711 2.06149 7.79607
1.08581 2.58644 7.72857
1.09836 3.10244 7.65388
1.11056 3.73097 7.55289
1.11544 4.09301 7.48831
1.11896 4.41446 7.42852
1.12085 4.70398 7.37059
1.1228 5.16734 7.27322
1.12307 5.50247 7.19586
1.12311 6.03245 7.06804
1.12297 6.46913 6.95735
1.12298 6.79945 6.86824
1.12329 7.07632 6.78892
1.12454 7.50116 6.66264
1.12604 7.74903 6.5849
1.12998 8.17548 6.44528
1.13707 8.66772 6.27557
1.14484 9.0464 6.13819
1.1532 9.36196 6.01891
1.16534 9.75063 5.86769
1.17146 9.9203 5.79994
1.19368 10.4459 5.58246
1.21254 10.8503 5.41127
1.24412 11.4293 5.15436
1.25826 11.6785 5.04174
1.28006 12.0465 4.87056
1.30898 12.526 4.64206
1.32005 12.7094 4.5536
1.3333 12.9326 4.44213
1.35193 13.2482 4.28336
1.37415 13.6396 4.08134
1.38599 13.8534 3.96975
1.40885 14.3091 3.72339
1.42491 14.6856 3.51188
1.43237 14.8647 3.41075
1.4416 15.1705 3.23042
1.45432 15.6821 2.92326
1.45851 16.0134 2.71754
1.45675 16.2965 2.53335
1.44902 16.6296 2.30787
1.44061 16.8225 2.17116
1.4258 17.0279 2.01653
1.38994 17.3266 1.76991
1.36554 17.5396 1.59569
1.32551 17.8534 1.33201
1.28076 18.1273 1.08452
1.21845 18.4522 0.771067
1.15968 18.7004 0.504993
1.1164 18.8658 0.315416
1.08474 18.9764 0.180782
1.03759 19.1291 -0.0163846
0.961219 19.3535 -0.329876
0.891361 19.5466 -0.621392
0.786669 19.8317 -1.06106
0.731759 19.9813 -1.30951
0.692891 20.0908 -1.5134
0.607856 20.3355 -1.98659
0.526944 20.582 -2.51381
0.476155 20.7579 -2.96227
0.492727 20.9832 -3.43943
0.514112 21.3514 -4.17276
0.568379 21.4948 -4.38188
0.610618 21.6284 -4.50417
19.3471 -7.57455 1.30801
19.2387 -8.0158 1.75778
19.2234 -8.18322 1.90012
19.2025 -8.37238 2.0636
19.1441 -8.86234 2.4884
19.3471 -7.57455 1.30801
19.4873 -7.36222 0.998028
19.6104 -7.22207 0.760644
19.7592 -7.08794 0.499813
19.9931 -6.93139 0.102322
20.3188 -6.90809 -0.597664
-20.6508 -6.48396 -4.95078
-20.6361 -6.2996 -5.25717
-20.6202 -6.06921 -5.59854
-20.595 -5.83069 -5.86803
-20.5679 -5.61704 -6.08591
-20.5467 -5.48086 -6.22778
-20.5165 -5.30066 -6.41667
-20.4786 -5.10972 -6.6231
-20.4271 -4.87371 -6.88575
-20.3741 -4.64688 -7.14141
-20.3334 -4.47507 -7.33562
-20.2834 -4.26382 -7.57439
-20.2371 -4.07927 -7.78513
-20.1906 -3.89579 -7.99188
-20.1422 -3.70611 -8.20128
-20.0665 -3.53908 -8.43242
-19.9619 -3.28937 -8.72059
-19.8783 -3.09138 -8.95101
-19.8272 -2.9739 -9.09185
-19.7478 -2.78284 -9.30935
-19.6523 -2.62798 -9.53257
-19.5222 -2.40959 -9.79469
-19.4564 -2.29848 -9.92599
-19.3358 -2.09391 -10.1664
-19.2363 -1.95773 -10.3485
-19.1311 -1.82288 -10.5318
-19.0167 -1.69012 -10.7223
-18.9163 -1.57242 -10.8865
-18.7247 -1.38168 -11.1771
-18.4689 -1.13238 -11.5515
-18.3067 -0.999163 -11.7698
-18.1808 -0.867382 -11.9323
-17.917 -0.725029 -12.2379
5.25448 -6.5453 15.6654
5.44315 -6.24035 15.6005
5.71191 -6.03573 15.5479
5.84471 -5.91004 15.5166
5.9926 -5.77698 15.4821
6.17308 -5.61493 15.4385
6.38537 -5.42513 15.3864
6.68809 -5.1643 15.2831
6.85677 -4.9997 15.2092
7.07124 -4.77994 15.1034
7.36675 -4.44822 14.9467
7.58334 -4.2084 14.8186
8.02673 -3.74162 14.5377
8.26493 -3.49914 14.3715
8.48084 -3.27378 14.2152
8.64066 -3.1131 14.0972
8.73771 -3.01732 14.0232
8.99661 -2.77077 13.8183
9.13909 -2.63339 13.7033
9.24338 -2.53382 13.6177
9.41372 -2.37391 13.4738
9.64671 -2.1531 13.2775
9.74995 -2.05599 13.1894
9.93635 -1.88175 13.028
10.1259 -1.70427 12.8627
10.3016 -1.53977 12.7089
10.4215 -1.43066 12.6035
10.6881 -1.1889 12.3677
10.8851 -0.962614 12.1846
11.1245 -0.754294 11.966
11.3629 -0.47698 11.7358
11.5885 -0.20174 11.5123
11.7582 -0.013924 11.3449
11.8661 0.11885 11.2354
11.9983 0.291079 11.0988
12.1219 0.470084 10.9648
12.3591 0.793662 10.7082
12.4993 0.984975 10.5565
12.7156 1.27653 10.3212
12.9608 1.57997 10.0557
13.3012 1.93326 9.69147
13.4278 2.05235 9.55696
13.5926 2.19021 9.38323
13.7526 2.29953 9.21659
13.9613 2.4176 9.00073
14.2266 2.56444 8.72662
14.278 2.58781 8.67373
14.4704 2.66339 8.47566
14.6289 2.71095 8.31236
14.8638 2.75133 8.06931
15.1363 2.76119 7.7854
15.2892 2.74053 7.62573
15.4575 2.69871 7.44767
15.6129 2.64596 7.27948
16.2465 2.03714 6.41093
16.3883 1.88615 6.20916
16.5158 1.73297 6.00431
16.6835 1.50304 5.66736
16.7375 1.41587 5.55814
16.805 1.31529 5.41826
16.9179 1.15618 5.17766
16.9662 1.0803 5.07735
17.1953 0.728305 4.59381
5.25448 -6.5453 15.6654
5.26965 -6.85649 15.7218
5.3445 -7.22033 15.7771
5.2535 -7.59534 15.8015
5.2063 -7.92151 15.8166
5.21389 -8.26263 15.8155
5.20541 -8.70491 15.8133
5.20542 -9.38222 15.8022
5.15186 -9.65003 15.7702
5.11995 -9.77321 15.7536
4.98829 -10.0728 15.7136
4.91336 -10.5475 15.5695
4.77175 -11.1948 15.3063
4.66331 -11.6048 15.0932
4.60656 -11.7965 14.9746
4.5095 -12.1128 14.7648
4.36855 -12.4166 14.4999
4.25104 -12.6323 14.2819
4.16519 -12.9295 13.7985
4.04226 -13.2967 13.1136
17.7081 -6.25632 2.51486
17.7617 -5.68741 2.86816
17.9403 -5.35749 2.64913
18.1014 -5.0256 2.46497
18.1992 -4.81775 2.34467
18.3066 -4.58468 2.1988
18.3963 -4.36685 2.04314
18.562 -3.94496 1.72236
18.6386 -3.71596 1.52264
18.7047 -3.48862 1.31467
18.8001 -3.16677 1.01955
18.8659 -2.88803 0.754533
18.909 -2.67593 0.552497
18.9511 -2.4431 0.331663
18.9814 -2.25424 0.150136
19.0077 -1.9836 -0.104721
19.0403 -1.56389 -0.484234
19.054 -1.35 -0.693241
19.0619 -0.983095 -1.01331
19.0581 -0.642593 -1.37266
19.0595 -0.45572 -1.55872
19.0302 0.0674934 -2.10326
18.9933 0.68585 -2.75366
18.9499 1.1312 -3.07031
18.927 1.36725 -3.25113
18.9062 1.57913 -3.41254
18.8894 1.7397 -3.53693
18.861 1.99706 -3.7364
18.8147 2.38822 -4.03818
18.7698 2.71675 -4.28681
18.7304 2.97353 -4.47656
18.6785 3.30506 -4.72021
18.6393 3.54741 -4.89648
18.6044 3.72792 -5.02273
18.5774 3.86254 -5.11627
18.5071 4.20384 -5.35199
18.46 4.41831 -5.49872
18.3759 4.79011 -5.75185
18.2827 5.17466 -6.01111
18.2139 5.44435 -6.1914
18.092 5.88823 -6.48539
18.028 6.11096 -6.63289
17.8948 6.4892 -6.89513
17.8075 6.71568 -7.05618
17.5339 7.40599 -7.57431
17.3616 7.71508 -7.77295
17.1849 8.03002 -7.97849
17.0169 8.29789 -8.1414
16.9193 8.43125 -8.27291
16.8616 8.51145 -8.34392
16.7637 8.65598 -8.4984
16.4905 8.96824 -8.7347
16.2331 9.22142 -8.99633
16.0151 9.42851 -9.22479
15.6736 9.75109 -9.54348
15.3615 9.99687 -9.84983
15.1448 10.1517 -10.0612
14.9077 10.2365 -10.3458
14.5738 10.3081 -10.7103
14.3394 10.3532 -10.9656
13.9011 10.3395 -11.4531
13.6508 10.2432 -11.7263
13.4244 10.1466 -11.9718
13.2067 10.0391 -12.2046
12.9376 9.88144 -12.4892
12.6678 9.69357 -12.7836
12.4414 9.52002 -13.0141
12.2358 9.30127 -13.1975
12.0623 8.99596 -13.3503
11.9943 8.85525 -13.417
11.8181 8.47764 -13.5924
11.5795 7.93863 -13.8293
11.3607 7.45498 -14.0267
11.3043 6.90589 -14.1838
11.4913 6.34547 -14.3909
17.7081 -6.25632 2.51486
17.394 -6.21488 3.33795
17.2293 -6.40583 3.5433
16.9876 -6.66061 3.84108
16.7017 -6.95787 4.14459
16.4129 -7.25863 4.43766
16.1841 -7.49255 4.64367
16.0912 -7.58594 4.72562
15.8391 -7.83339 4.94798
15.6259 -8.03499 5.14079
15.3476 -8.27998 5.40796
15.225 -8.38252 5.53374
15.0775 -8.50014 5.69392
14.8774 -8.6412 5.94128
14.7044 -8.75491 6.17036
14.5747 -8.83554 6.35007
14.4245 -8.9142 6.58867
14.2874 -8.97355 6.83202
14.1689 -9.01623 7.06021
13.9478 -9.07589 7.5169
13.8523 -9.02807 7.79936
13.7204 -8.97466 8.18436
13.6498 -8.83707 8.42828
13.5554 -8.58933 8.74182
13.5088 -8.44197 8.90396
13.4321 -8.17741 9.17098
13.3625 -7.93283 9.40534
13.2609 -7.58065 9.72335
13.1763 -7.2651 9.98152
13.1319 -6.86767 10.2064
13.0964 -6.48734 10.4104
-7.15502 -5.56809 15.9966
-7.11782 -6.06998 16.0517
-7.02984 -6.65482 16.1256
-6.95153 -6.97133 16.1299
-6.8958 -7.16378 16.1225
-6.83469 -7.36377 16.1066
-6.77444 -7.58065 16.0864
-6.64018 -7.99419 16.0214
-6.49379 -8.38634 15.9267
-6.33886 -8.73984 15.8007
-6.23895 -8.94763 15.7107
-6.08291 -9.24878 15.5593
-5.88439 -9.59913 15.3497
-5.70811 -9.87945 15.1494
-5.52782 -10.1331 14.9304
-5.3716 -10.3394 14.7212
-5.16095 -10.5628 14.4412
-5.02922 -10.7279 14.2064
-4.91133 -10.9169 13.9694
20.1439 -3.72134 -5.56442
20.2654 -3.72391 -5.07227
20.3449 -3.88449 -4.56863
20.4717 -4.15024 -3.71217
20.4904 -4.33558 -3.40267
20.5056 -4.47416 -3.16095
20.5188 -4.65129 -2.86472
20.5257 -4.84039 -2.60232
20.5247 -5.01637 -2.35552
20.5174 -5.25876 -2.02063
20.5014 -5.43716 -1.78595
20.4728 -5.61243 -1.57434
20.44 -5.89345 -1.28361
20.4025 -6.09312 -1.09913
20.3782 -6.313 -0.952881
20.3188 -6.90809 -0.597664
-17.917 -0.725029 -12.2379
-17.5963 -0.884678 -12.5216
-17.3055 -1.04884 -12.7643
-17.045 -1.19618 -12.9805
-16.8846 -1.27927 -13.1158
-16.688 -1.39345 -13.1917
-16.4408 -1.50563 -13.2798
-15.9407 -1.71455 -13.4451
-15.2257 -1.98356 -13.6405
-14.6509 -2.17969 -13.7604
-14.1418 -2.33632 -13.841
-13.7162 -2.4341 -13.8756
-13.4547 -2.4481 -13.9148
-12.9751 -2.46497 -13.8314
-12.2081 -2.50135 -13.6443
-11.8977 -2.4886 -13.5753
-11.5146 -2.40251 -13.4883
-11.0761 -2.40164 -13.298
-18.2565 0.881646 3.56616
-18.3404 0.880606 3.09045
-18.3767 0.870384 2.87794
-18.3854 0.88713 2.80966
-18.4161 1.02319 2.48281
-18.4551 1.28437 1.99638
12.6973 12.2605 -7.7646
12.0839 12.4396 -8.00814
11.7425 12.5767 -8.13138
11.3321 12.5659 -8.16803
10.8982 12.5872 -8.18484
10.5097 12.6028 -8.18522
10.1722 12.6222 -8.1689
9.48591 12.6634 -8.1123
9.12007 12.6845 -8.07636
8.75939 12.7031 -8.03157
8.34734 12.713 -7.96978
7.94383 12.7264 -7.90791
7.5781 12.6907 -7.85253
7.3023 12.6505 -7.8109
6.86141 12.5666 -7.74719
6.63784 12.4951 -7.74073
6.3882 12.4329 -7.72598
5.99091 12.3039 -7.71755
5.60245 12.2096 -7.69362
5.22651 12.1466 -7.65743
4.89953 12.11 -7.61778
4.47528 12.0975 -7.55122
3.77573 12.125 -7.42246
3.47607 12.1678 -7.35921
3.14961 12.2365 -7.28339
2.92824 12.2983 -7.22663
2.6166 12.4192 -7.14162
2.10523 12.7321 -6.98341
1.72951 13.0658 -6.85979
1.53895 13.2818 -6.79021
1.29529 13.7034 -6.6984
1.14171 14.1086 -6.63351
0.973662 14.642 -6.5616
0.924011 14.8747 -6.53415
0.859315 15.1856 -6.49671
0.816615 15.4895 -6.46448
0.788451 15.9906 -6.43412
0.761679 16.5306 -6.37996
0.753932 16.7169 -6.34752
0.742517 17.0183 -6.29527
0.726882 17.4088 -6.22491
0.703513 17.9901 -6.11879
0.692977 18.2482 -6.06896
0.683867 18.4695 -6.02494
0.675833 18.6595 -5.98374
0.662909 18.9464 -5.91047
0.646579 19.2936 -5.80906
0.634745 19.5351 -5.72934
0.606302 20.1209 -5.51606
0.586057 20.4878 -5.34569
0.592052 20.8298 -5.25144
0.603721 21.1393 -5.03465
0.61675 21.4255 -4.80321
0.610618 21.6284 -4.50417
-12.4608 12.9868 -8.96026
-13.1295 13.2324 -8.83518
-13.4163 13.425 -8.74623
-13.8534 13.7017 -8.56956
-14.1993 13.84 -8.35296
-14.4276 13.9244 -8.19627
-14.6793 14.0053 -8.02399
-15 14.3776 -7.73866
12.593 18.5661 -1.30281
12.8887 18.4122 -1.73944
13.1524 18.2283 -2.09597
13.2802 18.1389 -2.26916
13.3741 18.0722 -2.39636
13.708 17.8348 -2.94126
13.8669 17.6785 -3.27145
14.0478 17.4718 -3.66605
14.2674 17.1783 -4.12944
14.4457 16.8931 -4.53053
14.5546 16.681 -4.79107
14.6702 16.3885 -5.09481
14.8051 15.9657 -5.46459
14.9021 15.6015 -5.742
14.9131 15.5448 -5.77707
14.9493 15.3577 -5.85565
15.0097 15.0998 -5.94789
15.1001 14.7915 -6.04002
15.0879 14.5433 -6.18709
12.593 18.5661 -1.30281
12.3357 18.8558 -1.19753
12.173 19.0581 -1.16427
11.9485 19.3463 -1.14446
11.6522 19.6967 -1.08866
11.5639 19.799 -1.07352
11.4179 19.9677 -1.04924
11.0547 20.3746 -1.01885
10.8984 20.5487 -1.02104
10.7157 20.7396 -1.02034
10.4729 20.9903 -1.08056
10.2685 21.1943 -1.12754
10.024 21.4296 -1.18887
9.51106 21.9154 -1.35876
9.36159 22.0542 -1.41237
9.18695 22.2132 -1.47963
9.05509 22.3323 -1.53392
8.46805 22.8526 -1.76488
8.22376 23.0509 -1.89456
7.86389 23.3264 -2.01534
7.42347 23.642 -2.18851
7.05288 23.8963 -2.34272
6.64661 24.1515 -2.47794
6.23942 24.3931 -2.62691
5.7993 24.609 -2.7509
5.4269 24.7753 -2.84744
4.89766 24.9858 -2.98143
4.50286 25.1021 -3.01142
4.3344 25.163 -3.04726
4.06902 25.1854 -3.06304
3.73463 25.2092 -3.07245
3.19288 25.2508 -3.08559
2.96273 25.2606 -3.08241
2.73502 25.2416 -3.09282
2.4652 25.2225 -3.04452
-13.1955 18.7801 -2.44531
-12.95 19.111 -2.49112
-12.8015 19.308 -2.51897
-12.5562 19.5925 -2.47108
-12.3271 19.8619 -2.43599
-11.8414 20.3914 -2.37881
-11.5236 20.6975 -2.38997
-11.2359 20.9695 -2.40827
-11.0744 21.1188 -2.42418
-10.7846 21.3763 -2.46424
-10.4313 21.6851 -2.51964
-10.199 21.8849 -2.5592
-9.7033 22.305 -2.64905
-9.41877 22.5233 -2.71668
-9.20781 22.6865 -2.84109
-8.91853 22.8867 -2.94278
-8.44555 23.1906 -3.12535
-8.16014 23.3703 -3.25629
-8.04739 23.4388 -3.30528
-7.72145 23.6289 -3.44302
-7.20187 23.9188 -3.65785
-6.93885 24.051 -3.75589
-6.52972 24.2198 -3.87222
-6.00479 24.4324 -4.02296
-5.54489 24.576 -4.11831
-5.14645 24.6902 -4.17441
-4.85792 24.7377 -4.15412
-4.32434 24.7627 -4.07794
-3.90679 24.767 -4.01458
-3.50497 24.6417 -3.84127
-3.15895 24.5274 -3.64053
-2.6473 24.1597 -2.07804
-2.87119 24.4076 -1.48758
-3.0389 24.4304 -1.08346
-3.24488 24.2605 -0.539081
-3.5554 24.0377 0.171393
-3.68879 23.9541 0.372084
-3.86201 23.7586 0.659897
-3.99726 23.5688 0.847242
-4.10957 23.4131 1.00173
-4.2662 23.1734 1.23626
-4.47997 22.8476 1.54987
-4.63807 22.5851 1.7934
-4.87421 21.9992 2.27723
-5.03978 21.5891 2.61331
-5.20386 21.2247 2.90003
-5.25436 20.9861 3.09758
-5.47392 20.6122 3.33837
-2.6473 24.1597 -2.07804
-2.37292 23.8723 -2.06452
-2.14957 23.628 -2.03891
-2.03333 23.498 -2.01428
-1.7507 23.1001 -1.95185
-1.51559 22.3944 -1.75828
-1.46245 21.9599 -1.64603
-1.42493 21.2269 -1.44489
-1.41457 20.844 -1.32248
-1.46234 20.3294 -1.03364
-1.50151 19.9751 -0.823741
-1.53088 19.7196 -0.669799
-1.57915 19.4186 -0.457246
-1.65706 19.1799 -0.197883
-1.7122 19.0435 -0.0244825
-1.87346 18.658 0.469905
-1.94688 18.4945 0.690837
-2.02566 18.2914 0.943358
-2.08067 18.1198 1.13464
-2.15373 17.8489 1.41213
-2.18377 17.6795 1.55653
-2.2365 17.3029 1.85112
-2.26347 17.0894 2.01384
-2.27951 16.9623 2.11066
-2.30547 16.7492 2.27133
-2.32187 16.5246 2.42209
-2.3376 16.2348 2.60748
-2.35266 15.7918 2.87556
-2.35995 15.4283 3.08665
-2.36272 15.1612 3.23716
-2.36267 14.898 3.38024
-2.36164 14.6575 3.50892
-2.35928 14.4605 3.61125
-2.35464 14.143 3.77403
-2.34837 13.7707 3.96261
-2.34235 13.4507 4.12262
-2.33608 13.1346 4.27825
-2.32927 12.792 4.44598
-2.32266 12.4485 4.61307
-2.31837 12.2033 4.731
-2.3151 12.0008 4.82784
-2.31204 11.7865 4.92953
-2.31036 11.6497 4.99402
-2.3082 11.444 5.0904
-2.30628 11.164 5.22026
-2.30502 10.8606 5.35986
-2.30535 10.6167 5.47037
-2.30695 10.3031 5.61092
-2.31386 9.67598 5.88709
-2.32279 9.26028 6.06381
-2.33186 8.90335 6.21387
-2.33586 8.79836 6.25589
-2.35516 8.36012 6.42733
-2.38268 7.89641 6.59801
-2.39668 7.67087 6.67995
-2.43189 7.1987 6.83907
-2.44919 6.96654 6.91392
-2.4734 6.65664 7.00892
-2.49892 6.28179 7.11302
-2.51528 6.01138 7.18009
-2.52926 5.7571 7.23192
-2.54809 5.2489 7.32223
-2.5538 4.82217 7.38421
-2.55393 4.79432 7.38797
-2.55233 4.36737 7.44193
-2.54619 3.94381 7.49103
-2.53923 3.58215 7.53161
-2.53475 3.40531 7.55074
-2.5307 3.25786 7.56684
-2.52176 2.91091 7.60666
-2.51081 2.5615 7.65179
-2.49411 2.1468 7.71136
-2.48522 1.86974 7.75964
-2.47759 1.67594 7.79362
-2.46614 1.38633 7.84602
-2.45468 1.11002 7.89731
-2.44736 0.901699 7.93843
-2.44007 0.643237 7.99206
-2.4358 0.360517 8.05615
-2.43095 -0.182452 8.18374
-2.4333 -0.493788 8.265
-2.44608 -0.976547 8.40511
-2.45589 -1.34256 8.51315
-2.45381 -1.73208 8.60318
-2.47005 -2.15707 8.75302
-2.46842 -2.65651 8.88478
-2.46509 -2.99979 8.96861
-2.46098 -3.43325 9.0747
-2.45932 -3.66003 9.1304
-2.45705 -4.1184 9.24349
-2.45649 -4.40955 9.31583
-2.45713 -4.53852 9.35111
-2.45811 -5.47469 9.63345
-2.45779 -5.72411 9.70017
-2.45747 -6.11978 9.80131
-2.46876 -6.44095 9.88509
-2.47778 -6.77854 9.92594
2.46642 -16.0585 6.43708
2.36011 -15.9186 6.869
2.27588 -15.7444 7.14531
2.22365 -15.6312 7.52516
2.18872 -15.5261 7.84158
2.1759 -15.4596 8.03855
2.15052 -15.1965 8.81296
2.14637 -14.9725 9.41976
2.13657 -14.7456 9.94506
2.18292 -14.6751 10.1533
2.23626 -14.5344 10.4577
2.28989 -14.2811 10.786
2.3316 -13.9965 11.0874
2.42594 -13.7321 11.3823
2.52099 -13.5084 11.6327
2.59451 -13.3411 11.8158
2.80067 -13.1288 12.1433
-3.2519 -14.8157 7.54069
-3.29296 -14.7441 7.81635
-3.34252 -14.6704 8.13405
-3.39683 -14.5904 8.47774
-3.43554 -14.5366 8.71679
-3.45181 -14.5145 8.8155
-3.54553 -14.3689 9.40519
-3.64943 -14.2647 9.77208
-3.70952 -14.1532 10.0478
-3.84997 -13.9343 10.4419
-3.97382 -13.7608 10.7683
-4.14746 -13.5133 11.2206
-4.19841 -13.4395 11.3494
-4.39945 -13.1276 11.8777
-4.51463 -12.9659 12.0953
-4.59755 -12.8637 12.2366
-4.82818 -12.5649 12.633
-4.91133 -10.9169 13.9694
-4.87209 -11.3919 13.649
-4.88585 -11.6903 13.4552
-4.87247 -11.9072 13.2503
-4.90031 -12.2589 12.9478
-4.82818 -12.5649 12.633
15.0879 14.5433 -6.18709
15.2913 14.3096 -6.13538
15.4932 14.0208 -6.11294
15.767 13.5866 -6.10877
16.0207 13.2896 -5.92334
16.1267 13.1745 -5.82877
16.3931 12.8612 -5.51757
16.5234 12.6806 -5.34356
16.6961 12.4211 -5.07682
16.8278 12.1851 -4.80072
16.937 11.974 -4.48842
16.9985 11.818 -4.24725
17.0525 11.6675 -4.05864
17.0786 11.4582 -3.69639
17.1017 11.2794 -3.39807
17.1131 11.1608 -3.20612
17.1172 11.1142 -3.13047
17.1324 10.9425 -2.85161
17.1546 10.6884 -2.43866
17.1646 10.5472 -2.21335
17.1928 10.0392 -1.41098
17.1851 9.88054 -1.17212
17.1762 9.34597 -0.463376
-15 14.3776 -7.73866
-15.2709 14.025 -7.63721
-15.3969 13.9016 -7.58053
-15.5493 13.7694 -7.50279
-15.7654 13.5897 -7.38604
-16.0536 13.3468 -7.22318
-16.2134 13.1864 -7.05328
-16.3257 13.0385 -6.92227
-16.6681 12.6185 -6.46861
-16.8479 12.3744 -6.13793
-17.015 12.061 -5.66801
-17.1828 11.7284 -5.18305
-17.3065 11.4707 -4.80437
-17.4431 11.1453 -4.33171
-17.4907 11.0176 -4.12302
-17.5544 10.8225 -3.86412
-17.618 10.5797 -3.49291
-17.684 10.257 -3.05447
-17.7343 10.0004 -2.69486
-17.7751 9.79526 -2.46886
-17.7931 9.69369 -2.34698
-17.8439 9.36342 -1.93283
-17.8439 9.36342 -1.93283
-17.9407 8.9495 -1.77465
-18.0257 8.63529 -1.78912
-18.0807 8.41362 -1.81207
-18.2304 7.77208 -1.82416
-18.3385 7.25291 -1.83606
-18.4071 6.6862 -1.72819
-18.4439 6.32704 -1.65228
-18.4758 5.97867 -1.57254
-18.506 5.57958 -1.4713
-18.5344 5.13591 -1.34988
-18.553 4.77632 -1.24251
-18.5552 4.56557 -1.15839
-18.5571 4.23134 -0.970253
-18.5572 3.91213 -0.773455
-18.5565 3.616 -0.585341
-18.5549 3.09154 -0.244387
-18.5549 2.95729 -0.144642
-18.5534 2.68775 0.0975319
-18.5373 2.34493 0.502534
-18.5269 2.16736 0.727197
-18.5013 1.78337 1.23865
-18.4745 1.46568 1.70331
-18.4551 1.28437 1.99638
11.5811 -2.93043 -11.444
11.4372 -3.5132 -10.9193
11.3573 -3.88628 -10.5637
11.2967 -4.16238 -10.2983
11.2358 -4.43794 -10.0332
11.1618 -4.75417 -9.72072
11.0889 -5.03421 -9.43487
11.0063 -5.26595 -9.18107
10.9541 -5.55094 -8.88962
10.8747 -6.00101 -8.43219
10.814 -6.2968 -8.12925
10.7623 -6.61398 -7.81262
10.6769 -7.09219 -7.33711
10.6021 -7.40851 -7.0212
10.5378 -7.74847 -6.69923
10.4431 -8.09394 -6.358
10.3564 -8.47514 -5.99894
10.2447 -8.71722 -5.74222
10.1697 -8.92915 -5.53295
10.0214 -9.28331 -5.17377
9.85998 -9.45514 -4.94318
9.6936 -9.76318 -4.61379
9.59882 -9.94337 -4.42652
9.49253 -10.2557 -4.14849
11.5811 -2.93043 -11.444
12.0095 -2.90189 -11.5783
12.4935 -2.89482 -11.6963
12.937 -2.8803 -11.8019
13.8549 -2.93477 -11.8196
14.7406 -2.94061 -11.8486
14.9999 -2.89965 -11.8304
15.5123 -2.85241 -11.7499
15.9499 -2.79887 -11.6891
16.4887 -2.62955 -11.3755
16.8142 -2.49435 -11.1617
17.1578 -2.34937 -10.9317
17.4293 -2.24844 -10.7335
17.68 -2.1056 -10.5398
17.6968 -2.09844 -10.5247
18.1107 -1.87022 -10.0533
18.2469 -1.7794 -9.89861
18.3666 -1.59021 -9.78208
18.7439 -1.32185 -9.29613
17.1762 9.34597 -0.463376
17.007 9.42596 0.0514733
16.9265 9.45758 0.2947
16.8524 9.50525 0.488934
16.745 9.55294 0.789919
16.646 9.61196 1.04867
16.5393 9.66448 1.33836
16.4184 9.7579 1.6304
16.2982 9.76591 1.91225
16.1582 9.80309 2.19635
15.9546 9.84645 2.60065
15.7194 9.87739 3.06948
15.5984 9.89191 3.30743
15.4825 9.90135 3.53474
15.3226 9.91407 3.84568
15.0752 9.84872 4.30352
14.6973 9.67974 4.89656
14.5445 9.62092 5.129
14.3976 9.55921 5.35101
14.1866 9.46852 5.66137
13.9793 9.38139 5.95321
13.8806 9.34056 6.08647
13.6728 9.25563 6.36161
13.5205 9.19475 6.55799
13.3225 9.11553 6.81263
13.1475 9.04688 7.03353
12.9987 8.98887 7.22238
12.8683 8.9426 7.37831
12.7164 8.88579 7.56254
12.5632 8.82804 7.74675
12.2581 8.72405 8.09526
11.7257 8.61209 8.64931
11.4629 8.5773 8.9043
11.301 8.56166 9.05126
11.0121 8.56321 9.28743
10.5156 8.51274 9.67716
10.2886 8.49181 9.85191
9.91372 8.44426 10.1041
9.48698 8.3906 10.3724
9.15811 8.36413 10.5441
8.7467 8.33386 10.7425
8.2593 8.3217 10.9103
7.70902 8.28378 11.102
7.1209 8.24626 11.268
6.82547 8.21643 11.3536
6.53517 8.19706 11.4324
6.34978 8.20242 11.4737
6.06144 8.16132 11.561
5.75978 8.12097 11.6483
-5.47392 20.6122 3.33837
-5.28722 20.5146 3.47987
-5.12268 20.3419 3.67638
-4.86607 20.0569 3.97476
-4.74827 19.8846 4.13952
-4.58393 19.611 4.39141
-4.47268 19.4143 4.56797
-4.33489 19.1475 4.80095
-4.25365 18.9895 4.93858
-4.06135 18.6106 5.26762
-3.90091 18.2961 5.53666
-3.81595 17.9965 5.76955
-3.73628 17.4871 6.14467
-3.69716 17.2803 6.2921
-3.65237 16.823 6.6077
-3.66508 16.4133 6.88654
-3.685 16.0862 7.10894
-3.71091 15.6805 7.37856
-3.80059 15.4163 7.56791
-3.90611 15.0668 7.82302
-3.95455 14.8643 7.9677
-4.05781 14.4653 8.25037
-4.16225 14.0728 8.52375
-4.22946 13.8939 8.64521
-4.33788 13.4888 8.9172
-4.41019 13.2564 9.07181
-4.63133 12.6265 9.44942
-4.79674 12.1706 9.71562
-4.89469 11.9062 9.86804
-5.01667 11.5878 10.0438
-5.12653 11.3137 10.1902
-5.22144 11.0843 10.3088
-5.42331 10.67 10.5115
-5.53541 10.3563 10.6553
-5.63425 10.0757 10.78
-5.75832 9.72478 10.9351
-5.95639 9.18686 11.1687
-6.196 8.58122 11.4242
-6.34729 8.29807 11.5343
-6.46959 8.10358 11.5939
-6.63432 7.9674 11.6161
-7.02122 7.61474 11.6828
11.4913 6.34547 -14.3909
12.0017 6.0716 -14.6519
12.4273 5.94673 -14.8322
12.6286 5.94094 -14.8807
12.8587 5.91642 -14.9405
13.3478 5.83995 -15.0621
14.0024 5.5945 -15.0491
14.353 5.49371 -14.9862
14.7855 5.38472 -14.8888
14.8682 5.34733 -14.826
15.4554 5.11787 -14.3761
15.836 4.94777 -14.028
16.0862 4.82746 -13.7674
16.3008 4.75128 -13.5169
16.4517 4.63595 -13.3054
16.8216 4.31198 -12.7549
16.8792 4.25853 -12.6679
17.0677 4.07929 -12.3841
17.3141 3.80441 -12.0281
17.5175 3.54175 -11.7455
17.7829 3.16367 -11.3768
17.9198 2.96664 -11.1754
18.0127 2.80728 -11.0455
18.2933 2.13175 -10.6864
18.5205 1.45285 -10.3465
18.6719 1.00501 -10.1086
18.7634 0.716864 -9.92701
18.8223 0.40291 -9.76941
18.8118 0.261327 -9.73952
18.7955 0.115291 -9.71473
18.7743 -0.0696576 -9.68391
18.7405 -0.358105 -9.63684
18.7256 -0.532529 -9.59963
18.7439 -1.32185 -9.29613
8.01218 -21.952 8.61053
8.55677 -21.9714 8.30071
8.75093 -21.9735 8.19489
8.90762 -21.9773 8.10538
9.12622 -21.9815 7.97714
9.30316 -21.9883 7.85591
9.59844 -21.9992 7.65261
9.77958 -22.0087 7.51263
10.3922 -22.0493 7.00102
-5.86653 -20.8755 10.1376
-5.58299 -20.6962 10.3934
-4.98396 -20.3821 10.706
-5.03699 -20.063 10.9688
-5.13151 -19.606 11.3228
-5.17941 -19.4587 11.4346
-5.41275 -18.8663 11.8765
-5.69965 -18.4645 12.1579
-6.1793 -18.195 12.2994
-6.89384 -18.0516 12.3222
-7.65168 -18.288 12.0725
-7.94771 -18.3858 11.9666
-8.1923 -18.6022 11.7715
-8.55139 -18.9143 11.4829
-8.85458 -19.1185 11.2726
-9.01497 -19.376 10.9902
-9.18894 -19.5786 10.7484
-9.29849 -19.7266 10.577
-9.46876 -19.9651 10.2665
-9.50111 -20.0169 10.2001
-9.8027 -20.3826 9.693
-5.86653 -20.8755 10.1376
-6.47077 -20.8916 10.0996
-6.88071 -20.8349 10.0995
-7.37041 -20.7871 10.0633
-7.6007 -20.7671 10.0399
-7.99401 -20.7329 9.99845
-8.53297 -20.6492 9.97828
-8.86756 -20.5458 9.98083
-9.23546 -20.4557 9.90179
-9.8027 -20.3826 9.693
0 1
1 2
2 3
3 4
4 5
5 6
6 7
7 8
8 9
9 10
10 11
11 12
12 13
13 14
14 15
15 16
16 17
17 18
18 19
19 20
20 21
21 22
22 23
23 24
24 25
25 26
26 27
27 28
28 29
30 31
32 33
33 34
34 35
35 36
36 37
37 38
38 39
39 40
40 41
41 42
42 43
43 44
44 45
45 46
46 47
47 48
48 49
49 50
50 51
51 52
52 53
53 54
54 55
55 56
56 57
57 58
58 59
59 60
60 61
61 62
62 63
63 64
65 66
66 67
67 68
68 69
69 70
70 71
71 72
72 73
73 74
74 75
75 76
77 78
78 79
79 80
80 81
81 82
82 83
83 84
84 85
85 86
87 88
88 89
89 90
90 91
91 92
93 94
94 95
95 96
96 97
97 98
98 99
99 100
100 101
101 102
102 103
103 104
104 105
105 106
106 107
107 108
108 109
109 110
110 111
111 112
112 113
113 114
114 115
115 116
116 117
117 118
118 119
119 120
121 122
122 123
123 124
124 125
125 126
126 127
127 128
128 129
129 130
131 132
132 133
133 134
134 135
135 136
136 137
137 138
138 139
139 140
140 141
141 142
142 143
144 145
145 146
146 147
148 149
150 151
151 152
152 153
153 154
154 155
155 156
156 157
157 158
158 159
159 160
160 161
161 162
163 164
164 165
165 166
166 167
167 168
168 169
169 170
170 171
171 172
172 173
174 175
175 176
176 177
177 178
178 179
179 180
180 181
181 182
182 183
183 184
184 185
185 186
186 187
187 188
188 189
189 190
190 191
192 193
193 194
194 195
195 196
196 197
197 198
198 199
199 200
200 201
201 202
202 203
203 204
204 205
205 206
206 207
207 208
208 209
209 210
210 211
211 212
212 213
213 214
214 215
215 216
216 217
217 218
218 219
219 220
220 221
221 222
222 223
223 224
224 225
225 226
226 227
227 228
228 229
229 230
230 231
231 232
232 233
233 234
234 235
235 236
236 237
237 238
238 239
239 240
240 241
241 242
242 243
243 244
244 245
245 246
246 247
247 248
248 249
249 250
250 251
251 252
252 253
253 254
254 255
255 256
256 257
257 258
258 259
259 260
260 261
262 263
263 264
265 266
266 267
267 268
268 269
269 270
270 271
271 272
272 273
273 274
274 275
275 276
276 277
277 278
278 279
279 280
280 281
281 282
282 283
283 284
284 285
285 286
286 287
287 288
288 289
289 290
290 291
291 292
292 293
293 294
294 295
295 296
296 297
297 298
298 299
299 300
300 301
301 302
302 303
303 304
304 305
305 306
306 307
307 308
308 309
309 310
310 311
311 312
312 313
313 314
314 315
315 316
316 317
317 318
318 319
319 320
320 321
321 322
322 323
323 324
324 325
325 326
326 327
327 328
328 329
329 330
330 331
331 332
332 333
333 334
334 335
335 336
336 337
338 339
339 340
340 341
341 342
342 343
343 344
344 345
345 346
346 347
347 348
348 349
349 350
350 351
351 352
352 353
353 354
354 355
355 356
356 357
358 359
359 360
360 361
361 362
363 364
364 365
365 366
366 367
367 368
368 369
369 370
370 371
371 372
372 373
373 374
374 375
375 376
376 377
377 378
378 379
379 380
380 381
381 382
382 383
383 384
384 385
385 386
386 387
387 388
388 389
389 390
390 391
391 392
392 393
393 394
394 395
395 396
396 397
397 398
398 399
399 400
400 401
401 402
402 403
403 404
404 405
405 406
406 407
407 408
408 409
409 410
410 411
411 412
412 413
413 414
414 415
415 416
416 417
417 418
418 419
419 420
420 421
421 422
422 423
423 424
424 425
425 426
426 427
427 428
428 429
429 430
430 431
431 432
433 434
434 435
435 436
436 437
437 438
438 439
439 440
440 441
441 442
442 443
443 444
444 445
445 446
446 447
447 448
449 450
450 451
451 452
452 453
453 454
454 455
455 456
456 457
457 458
458 459
459 460
460 461
461 462
462 463
463 464
464 465
465 466
466 467
467 468
468 469
469 470
470 471
471 472
472 473
473 474
474 475
475 476
476 477
477 478
478 479
479 480
480 481
481 482
482 483
483 484
484 485
485 486
486 487
487 488
488 489
489 490
490 491
491 492
492 493
493 494
494 495
495 496
496 497
497 498
498 499
499 500
501 502
502 503
503 504
504 505
505 506
506 507
507 508
508 509
509 510
510 511
511 512
512 513
513 514
514 515
515 516
516 517
517 518
518 519
519 520
520 521
521 522
522 523
523 524
524 525
525 526
526 527
527 528
528 529
529 530
530 531
531 532
532 533
533 534
534 535
535 536
536 537
537 538
538 539
539 540
540 541
541 542
542 543
543 544
544 545
545 546
546 547
547 548
548 549
549 550
550 551
551 552
552 553
553 554
554 555
555 556
556 557
557 558
558 559
559 560
560 561
561 562
562 563
563 564
564 565
565 566
566 567
567 568
568 569
569 570
570 571
571 572
572 573
573 574
574 575
575 576
576 577
577 578
578 579
579 580
580 581
581 582
582 583
583 584
584 585
585 586
586 587
587 588
588 589
589 590
590 591
591 592
592 593
593 594
594 595
595 596
596 597
598 599
599 600
600 601
601 602
602 603
603 604
604 605
605 606
606 607
607 608
608 609
609 610
610 611
611 612
612 613
613 614
614 615
615 616
616 617
617 618
618 619
619 620
620 621
621 622
622 623
623 624
624 625
625 626
626 627
627 628
628 629
629 630
630 631
631 632
632 633
633 634
635 636
636 637
637 638
638 639
639 640
640 641
641 642
642 643
643 644
644 645
645 646
646 647
647 648
648 649
649 650
650 651
651 652
652 653
653 654
654 655
655 656
656 657
657 658
658 659
659 660
660 661
661 662
662 663
663 664
664 665
665 666
666 667
667 668
668 669
669 670
670 671
671 672
672 673
673 674
674 675
675 676
676 677
677 678
678 679
679 680
681 682
682 683
683 684
684 685
685 686
686 687
687 688
688 689
689 690
690 691
691 692
692 693
694 695
695 696
696 697
697 698
698 699
699 700
700 701
701 702
702 703
703 704
704 705
705 706
706 707
707 708
708 709
709 710
710 711
711 712
712 713
713 714
714 715
715 716
716 717
717 718
718 719
719 720
720 721
721 722
722 723
724 725
725 726
726 727
727 728
728 729
729 730
730 731
731 732
732 733
733 734
734 735
735 736
736 737
737 738
738 739
739 740
740 741
741 742
742 743
743 744
744 745
745 746
746 747
747 748
748 749
749 750
751 752
753 754
754 755
755 756
756 757
757 758
758 759
759 760
760 761
761 762
762 763
763 764
764 765
765 766
766 767
767 768
768 769
769 770
770 771
771 772
772 773
773 774
774 775
775 776
776 777
777 778
779 780
780 781
781 782
782 783
783 784
784 785
785 786
786 787
787 788
788 789
789 790
790 791
791 792
792 793
793 794
794 795
795 796
796 797
797 798
798 799
799 800
800 801
801 802
802 803
803 804
804 805
805 806
806 807
807 808
808 809
809 810
810 811
811 812
813 814
814 815
815 816
817 818
818 819
819 820
820 821
821 822
822 823
823 824
824 825
825 826
826 827
827 828
828 829
829 830
830 831
831 832
832 833
833 834
834 835
835 836
836 837
837 838
839 840
840 841
841 842
842 843
843 844
844 845
845 846
846 847
848 849
849 850
850 851
851 852
852 853
853 854
854 855
855 856
856 857
857 858
858 859
859 860
860 861
861 862
862 863
863 864
864 865
865 866
866 867
867 868
868 869
869 870
870 871
871 872
872 873
873 874
874 875
875 876
876 877
877 878
878 879
879 880
880 881
881 882
882 883
883 884
884 885
885 886
886 887
887 888
888 889
890 891
891 892
892 893
893 894
894 895
895 896
896 897
897 898
898 899
899 900
900 901
901 902
902 903
903 904
904 905
905 906
906 907
907 908
908 909
909 910
910 911
911 912
912 913
913 914
914 915
915 916
916 917
917 918
918 919
919 920
920 921
921 922
922 923
923 924
924 925
925 926
926 927
927 928
928 929
929 930
931 932
932 933
933 934
934 935
935 936
936 937
937 938
938 939
939 940
940 941
941 942
942 943
943 944
944 945
945 946
946 947
947 948
948 949
949 950
950 951
951 952
952 953
953 954
954 955
955 956
956 957
957 958
958 959
959 960
960 961
961 962
962 963
963 964
964 965
965 966
966 967
967 968
968 969
969 970
970 971
971 972
972 973
973 974
974 975
975 976
976 977
977 978
978 979
979 980
980 981
981 982
982 983
983 984
984 985
985 986
986 987
987 988
988 989
989 990
990 991
991 992
992 993
993 994
994 995
995 996
997 998
998 999
999 1000
1001 1002
1003 1004
1004 1005
1005 1006
1006 1007
1008 1009
1009 1010
1010 1011
1011 1012
1012 1013
1013 1014
1014 1015
1015 1016
1016 1017
1017 1018
1018 1019
1019 1020
1020 1021
1021 1022
1022 1023
1023 1024
1024 1025
1025 1026
1026 1027
1027 1028
1028 1029
1029 1030
1030 1031
1031 1032
1032 1033
1033 1034
1034 1035
1035 1036
1036 1037
1038 1039
1039 1040
1040 1041
1041 1042
1042 1043
1043 1044
1044 1045
1045 1046
1046 1047
1047 1048
1049 1050
1050 1051
1051 1052
1052 1053
1053 1054
1054 1055
1055 1056
1056 1057
1057 1058
1058 1059
1059 1060
1060 1061
1061 1062
1063 1064
1064 1065
1065 1066
1066 1067
1067 1068
1068 1069
1069 1070
1070 1071
1072 1073
1073 1074
1074 1075
1075 1076
1076 1077
1077 1078
1078 1079
1079 1080
1080 1081
1081 1082
1082 1083
1083 1084
1084 1085
1085 1086
1086 1087
1087 1088
1088 1089
1089 1090
1090 1091
1091 1092
1092 1093
1093 1094
1094 1095
1095 1096
1096 1097
1097 1098
1098 1099
1099 1100
1100 1101
1101 1102
1103 1104
1105 1106
1106 1107
1107 1108
1108 1109
1109 1110
1110 1111
1111 1112
1112 1113
1113 1114
1114 1115
1115 1116
1116 1117
1117 1118
1118 1119
1119 1120
1121 1122
1122 1123
1123 1124
1124 1125
1125 1126
1126 1127
1127 1128
1128 1129
1129 1130
1130 1131
1131 1132
1133 1134
1134 1135
1135 1136
1136 1137
1137 1138
1138 1139
1139 1140
1140 1141
1141 1142
1142 1143
1143 1144
1144 1145
1145 1146
1146 1147
1147 1148
1148 1149
1150 1151
1151 1152
1152 1153
1153 1154
1154 1155
1155 1156
1156 1157
1157 1158
1158 1159
1159 1160
1160 1161
1161 1162
1162 1163
1163 1164
1164 1165
1166 1167
1167 1168
1168 1169
1169 1170
1170 1171
1171 1172
1172 1173
1173 1174
1174 1175
1175 1176
1176 1177
1177 1178
1178 1179
1179 1180
1180 1181
1181 1182
1182 1183
1183 1184
1184 1185
1185 1186
1187 1188
1188 1189
1189 1190
1190 1191
1191 1192
1192 1193
1193 1194
1194 1195
1195 1196
1196 1197
1197 1198
1198 1199
1199 1200
1200 1201
1201 1202
1202 1203
1203 1204
1204 1205
1205 1206
1206 1207
1208 1209
1209 1210
1210 1211
1211 1212
1212 1213
1213 1214
1214 1215
1215 1216
1216 1217
1217 1218
1218 1219
1219 1220
1220 1221
1221 1222
1222 1223
1224 1225
1225 1226
1226 1227
1227 1228
1228 1229
1229 1230
1230 1231
1231 1232
1232 1233
1233 1234
1234 1235
1235 1236
1236 1237
1237 1238
1238 1239
1239 1240
1240 1241
1241 1242
1242 1243
1244 1245
1245 1246
1246 1247
1247 1248
1248 1249
1249 1250
1250 1251
1251 1252
1252 1253
1253 1254
1254 1255
1255 1256
1256 1257
1257 1258
1258 1259
1259 1260
1260 1261
1261 1262
1262 1263
1263 1264
1264 1265
1265 1266
1266 1267
1267 1268
1268 1269
1269 1270
1270 1271
1271 1272
1272 1273
1273 1274
1274 1275
1275 1276
1276 1277
1277 1278
1278 1279
1279 1280
1280 1281
1281 1282
1282 1283
1283 1284
1284 1285
1285 1286
1286 1287
1287 1288
1288 1289
1290 1291
1291 1292
1292 1293
1293 1294
1294 1295
1295 1296
1296 1297
1297 1298
1298 1299
1299 1300
1300 1301
1301 1302
1303 1304
1304 1305
1305 1306
1306 1307
1307 1308
1308 1309
1309 1310
1310 1311
1311 1312
1313 1314
1314 1315
1315 1316
1316 1317
1317 1318
1318 1319
1319 1320
1320 1321
1321 1322
1322 1323
1323 1324
1324 1325
1325 1326
1326 1327
1327 1328
1328 1329
1329 1330
1330 1331
1331 1332
1333 1334
1334 1335
1335 1336
1336 1337
1337 1338
1338 1339
1339 1340
1340 1341
1341 1342
1342 1343
1343 1344
1344 1345
1345 1346
1346 1347
1347 1348
1348 1349
1349 1350
1350 1351
1351 1352
1352 1353
1353 1354
1354 1355
1355 1356
1356 1357
1358 1359
1359 1360
1360 1361
1361 1362
1362 1363
1363 1364
1364 1365
1365 1366
1366 1367
1367 1368
1368 1369
1369 1370
1370 1371
1371 1372
1372 1373
1373 1374
1374 1375
1375 1376
1376 1377
1377 1378
1378 1379
1379 1380
1380 1381
1381 1382
1382 1383
1383 1384
1384 1385
1385 1386
1386 1387
1388 1389
1389 1390
1390 1391
1391 1392
1392 1393
1393 1394
1394 1395
1395 1396
1396 1397
1397 1398
1398 1399
1399 1400
1400 1401
1401 1402
1402 1403
1403 1404
1404 1405
1405 1406
1406 1407
1407 1408
1408 1409
1409 1410
1410 1411
1411 1412
1412 1413
1413 1414
1414 1415
1415 1416
1416 1417
1417 1418
1418 1419
1419 1420
1420 1421
1421 1422
1422 1423
1423 1424
1424 1425
1425 1426
1426 1427
1428 1429
1429 1430
1430 1431
1431 1432
1432 1433
1433 1434
1434 1435
1435 1436
1436 1437
1437 1438
1438 1439
1439 1440
1440 1441
1441 1442
1442 1443
1443 1444
1444 1445
1445 1446
1446 1447
1447 1448
1448 1449
1449 1450
1450 1451
1451 1452
1452 1453
1453 1454
1454 1455
1455 1456
1456 1457
1457 1458
1458 1459
1459 1460
1460 1461
1461 1462
1462 1463
1463 1464
1465 1466
1466 1467
1467 1468
1468 1469
1469 1470
1470 1471
1471 1472
1473 1474
1474 1475
1475 1476
1476 1477
1477 1478
1478 1479
1479 1480
1480 1481
1481 1482
1482 1483
1483 1484
1484 1485
1485 1486
1486 1487
1487 1488
1488 1489
1489 1490
1490 1491
1492 1493
1493 1494
1494 1495
1495 1496
1496 1497
1497 1498
1498 1499
1499 1500
1500 1501
1501 1502
1502 1503
1503 1504
1504 1505
1505 1506
1506 1507
1507 1508
1508 1509
1509 1510
1510 1511
1511 1512
1512 1513
1513 1514
1514 1515
1515 1516
1516 1517
1517 1518
1518 1519
1519 1520
1520 1521
1521 1522
1522 1523
1523 1524
1524 1525
1525 1526
1526 1527
1527 1528
1528 1529
1529 1530
1530 1531
1531 1532
1532 1533
1533 1534
1534 1535
1535 1536
1536 1537
1537 1538
1539 1540
1540 1541
1541 1542
1543 1544
1544 1545
1545 1546
1546 1547
1547 1548
1548 1549
1549 1550
1550 1551
1551 1552
1552 1553
1553 1554
1554 1555
1556 1557
1557 1558
1558 1559
1559 1560
1561 1562
1562 1563
1563 1564
1564 1565
1565 1566
1566 1567
1567 1568
1568 1569
1569 1570
1570 1571
1571 1572
1572 1573
1573 1574
1574 1575
1575 1576
1576 1577
1577 1578
1579 1580
1580 1581
1581 1582
1582 1583
1583 1584
1584 1585
1585 1586
1586 1587
1587 1588
1588 1589
1589 1590
1590 1591
1591 1592
1592 1593
1593 1594
1594 1595
1595 1596
1596 1597
1597 1598
1598 1599
1599 1600
1600 1601
1601 1602
1602 1603
1603 1604
1604 1605
1605 1606
1606 1607
1607 1608
1608 1609
1609 1610
1610 1611
1611 1612
1612 1613
1613 1614
1614 1615
1615 1616
1616 1617
1617 1618
1618 1619
1619 1620
1620 1621
1621 1622
1622 1623
1623 1624
1624 1625
1625 1626
1626 1627
1627 1628
1628 1629
1629 1630
1630 1631
1631 1632
1632 1633
1633 1634
1634 1635
1635 1636
1636 1637
1637 1638
1638 1639
1640 1641
1641 1642
1642 1643
1643 1644
1645 1646
1646 1647
1647 1648
1648 1649
1649 1650
1650 1651
1651 1652
1652 1653
1653 1654
1654 1655
1655 1656
1656 1657
1657 1658
1658 1659
1659 1660
1660 1661
1661 1662
1662 1663
1663 1664
1664 1665
1665 1666
1666 1667
1667 1668
1668 1669
1669 1670
1670 1671
1671 1672
1672 1673
1673 1674
1674 1675
1675 1676
1676 1677
1677 1678
1678 1679
1679 1680
1680 1681
1681 1682
1682 1683
1683 1684
1684 1685
1685 1686
1686 1687
1687 1688
1688 1689
1689 1690
1690 1691
1692 1693
1693 1694
1694 1695
1695 1696
1696 1697
1697 1698
1698 1699
1699 1700
1700 1701
1701 1702
1702 1703
1703 1704
1704 1705
1705 1706
1706 1707
1707 1708
1708 1709
1709 1710
1710 1711
1711 1712
1712 1713
1713 1714
1714 1715
1715 1716
1716 1717
1717 1718
1718 1719
1719 1720
1720 1721
1721 1722
1723 1724
1724 1725
1725 1726
1726 1727
1727 1728
1728 1729
1729 1730
1730 1731
1731 1732
1732 1733
1733 1734
1734 1735
1735 1736
1736 1737
1737 1738
1738 1739
1739 1740
1740 1741
1741 1742
1742 1743
1743 1744
1744 1745
1745 1746
1746 1747
1747 1748
1748 1749
1749 1750
1750 1751
1751 1752
1752 1753
1754 1755
1755 1756
1756 1757
1757 1758
1758 1759
1759 1760
1760 1761
1761 1762
1762 1763
1763 1764
1764 1765
1765 1766
1766 1767
1767 1768
1768 1769
1769 1770
1770 1771
1771 1772
1772 1773
1773 1774
1774 1775
1776 1777
1777 1778
1778 1779
1779 1780
1780 1781
1781 1782
1782 1783
1783 1784
1784 1785
1785 1786
1786 1787
1787 1788
1788 1789
1789 1790
1790 1791
1791 1792
1792 1793
1793 1794
1794 1795
1795 1796
1796 1797
1797 1798
1798 1799
1799 1800
1800 1801
1801 1802
1802 1803
1803 1804
1804 1805
1805 1806
1806 1807
1807 1808
1808 1809
1809 1810
1810 1811
1811 1812
1812 1813
1813 1814
1814 1815
1815 1816
1817 1818
1818 1819
1819 1820
1820 1821
1821 1822
1822 1823
1823 1824
1824 1825
1825 1826
1826 1827
1827 1828
1829 1830
1830 1831
1832 1833
1833 1834
1834 1835
1835 1836
1836 1837
1837 1838
1838 1839
1839 1840
1840 1841
1841 1842
1842 1843
1843 1844
1844 1845
1845 1846
1846 1847
1847 1848
1848 1849
1849 1850
1850 1851
1851 1852
1853 1854
1854 1855
1855 1856
1856 1857
1857 1858
1858 1859
1859 1860
1860 1861
1861 1862
1862 1863
1863 1864
1864 1865
1865 1866
1866 1867
1867 1868
1868 1869
1870 1871
1871 1872
1872 1873
1873 1874
1874 1875
1875 1876
1876 1877
1877 1878
1878 1879
1879 1880
1880 1881
1881 1882
1882 1883
1883 1884
1884 1885
1885 1886
1886 1887
1887 1888
1888 1889
1889 1890
1890 1891
1891 1892
1892 1893
1893 1894
1894 1895
1895 1896
1896 1897
1897 1898
1898 1899
1899 1900
1900 1901
1901 1902
1902 1903
1903 1904
1904 1905
1905 1906
1906 1907
1907 1908
1908 1909
1909 1910
1910 1911
1911 1912
1912 1913
1913 1914
1914 1915
1915 1916
1916 1917
1917 1918
1918 1919
1919 1920
1920 1921
1921 1922
1922 1923
1923 1924
1924 1925
1925 1926
1926 1927
1927 1928
1928 1929
1929 1930
1930 1931
1931 1932
1932 1933
1933 1934
1934 1935
1935 1936
1936 1937
1937 1938
1938 1939
1939 1940
1940 1941
1941 1942
1942 1943
1943 1944
1944 1945
1945 1946
1946 1947
1947 1948
1948 1949
1949 1950
1950 1951
1951 1952
1952 1953
1953 1954
1954 1955
1955 1956
1956 1957
1957 1958
1958 1959
1959 1960
1960 1961
1962 1963
1963 1964
1964 1965
1965 1966
1967 1968
1968 1969
1969 1970
1970 1971
1971 1972
1973 1974
1974 1975
1975 1976
1976 1977
1977 1978
1978 1979
1979 1980
1980 1981
1981 1982
1982 1983
1983 1984
1984 1985
1985 1986
1986 1987
1987 1988
1988 1989
1989 1990
1990 1991
1991 1992
1992 1993
1993 1994
1994 1995
1995 1996
1996 1997
1997 1998
1998 1999
1999 2000
2000 2001
2001 2002
2002 2003
2003 2004
2004 2005
2006 2007
2007 2008
2008 2009
2009 2010
2010 2011
2011 2012
2012 2013
2013 2014
2014 2015
2015 2016
2016 2017
2017 2018
2018 2019
2019 2020
2020 2021
2021 2022
2022 2023
2023 2024
2024 2025
2025 2026
2026 2027
2027 2028
2028 2029
2029 2030
2030 2031
2031 2032
2032 2033
2033 2034
2034 2035
2035 2036
2036 2037
2037 2038
2038 2039
2039 2040
2040 2041
2041 2042
2042 2043
2043 2044
2044 2045
2045 2046
2046 2047
2047 2048
2048 2049
2049 2050
2050 2051
2051 2052
2052 2053
2053 2054
2054 2055
2055 2056
2056 2057
2057 2058
2058 2059
2059 2060
2060 2061
2061 2062
2062 2063
2063 2064
2064 2065
2065 2066
2066 2067
2067 2068
2069 2070
2070 2071
2071 2072
2072 2073
2073 2074
2074 2075
2075 2076
2076 2077
2077 2078
2078 2079
2079 2080
2080 2081
2081 2082
2082 2083
2083 2084
2084 2085
2085 2086
2086 2087
2087 2088
2089 2090
2090 2091
2091 2092
2092 2093
2093 2094
2094 2095
2095 2096
2096 2097
2097 2098
2098 2099
2099 2100
2100 2101
2101 2102
2102 2103
2103 2104
2104 2105
2105 2106
2106 2107
2107 2108
2108 2109
2109 2110
2110 2111
2111 2112
2112 2113
2113 2114
2114 2115
2115 2116
2116 2117
2117 2118
2118 2119
2119 2120
2120 2121
2121 2122
2122 2123
2123 2124
2124 2125
2125 2126
2126 2127
2127 2128
2128 2129
2129 2130
2130 2131
2131 2132
2132 2133
2133 2134
2134 2135
2135 2136
2136 2137
2137 2138
2138 2139
2139 2140
2140 2141
2141 2142
2142 2143
2143 2144
2144 2145
2145 2146
2146 2147
2147 2148
2148 2149
2149 2150
2150 2151
2151 2152
2152 2153
2153 2154
2154 2155
2155 2156
2156 2157
2157 2158
2158 2159
2159 2160
2160 2161
2161 2162
2162 2163
2164 2165
2165 2166
2166 2167
2167 2168
2168 2169
2169 2170
2170 2171
2171 2172
2172 2173
2173 2174
2174 2175
2175 2176
2176 2177
2177 2178
2178 2179
2179 2180
2180 2181
2181 2182
2182 2183
2183 2184
2184 2185
2185 2186
2186 2187
2187 2188
2188 2189
2189 2190
2190 2191
2191 2192
2192 2193
2193 2194
2195 2196
2196 2197
2197 2198
2198 2199
2199 2200
2200 2201
2201 2202
2202 2203
2203 2204
2204 2205
2205 2206
2206 2207
2207 2208
2208 2209
2209 2210
2210 2211
2211 2212
2212 2213
2214 2215
2215 2216
2216 2217
2217 2218
2218 2219
2219 2220
2220 2221
2221 2222
2222 2223
2223 2224
2224 2225
2225 2226
2226 2227
2227 2228
2228 2229
2230 2231
2231 2232
2232 2233
2233 2234
2234 2235
2235 2236
2236 2237
2237 2238
2238 2239
2239 2240
2240 2241
2241 2242
2242 2243
2243 2244
2244 2245
2245 2246
2246 2247
2248 2249
2249 2250
2250 2251
2251 2252
2252 2253
2254 2255
2255 2256
2256 2257
2257 2258
2258 2259
2259 2260
2260 2261
2261 2262
2262 2263
2263 2264
2264 2265
2265 2266
2266 2267
2267 2268
2268 2269
2269 2270
2270 2271
2271 2272
2272 2273
2273 2274
2274 2275
2275 2276
2276 2277
2277 2278
2278 2279
2279 2280
2280 2281
2281 2282
2282 2283
2283 2284
2284 2285
2285 2286
2286 2287
2287 2288
2288 2289
2289 2290
2290 2291
2291 2292
2292 2293
2293 2294
2294 2295
2295 2296
2296 2297
2297 2298
2298 2299
2299 2300
2300 2301
2301 2302
2302 2303
2303 2304
2304 2305
2305 2306
2306 2307
2308 2309
2309 2310
2310 2311
2311 2312
2312 2313
2313 2314
2314 2315
2316 2317
2317 2318
2318 2319
2319 2320
2320 2321
2321 2322
2322 2323
2323 2324
2324 2325
2325 2326
2326 2327
2327 2328
2328 2329
2329 2330
2330 2331
2331 2332
2332 2333
2333 2334
2335 2336
2336 2337
2337 2338
2338 2339
2339 2340
2340 2341
2341 2342
2342 2343
2343 2344
2344 2345
2345 2346
2346 2347
2347 2348
2348 2349
2349 2350
2350 2351
2351 2352
2352 2353
2353 2354
2354 2355
2355 2356
2356 2357
2357 2358
2358 2359
2359 2360
2360 2361
2361 2362
2362 2363
2363 2364
2364 2365
2365 2366
2366 2367
2367 2368
2368 2369
2370 2371
2371 2372
2372 2373
2373 2374
2374 2375
2375 2376
2376 2377
2377 2378
2378 2379
2379 2380
2380 2381
2381 2382
2382 2383
2383 2384
2384 2385
2385 2386
2386 2387
2387 2388
2388 2389
2389 2390
2390 2391
2391 2392
2392 2393
2393 2394
2394 2395
2395 2396
2396 2397
2397 2398
2398 2399
2399 2400
2401 2402
2402 2403
2403 2404
2404 2405
2405 2406
2406 2407
2407 2408
2408 2409
2409 2410
2410 2411
2411 2412
2412 2413
2413 2414
2414 2415
2415 2416
2416 2417
2418 2419
2419 2420
2420 2421
2421 2422
2422 2423
2423 2424
2424 2425
2425 2426
2426 2427
2427 2428
2428 2429
2429 2430
2430 2431
2431 2432
2432 2433
2433 2434
2434 2435
2435 2436
2436 2437
2437 2438
2438 2439
2439 2440
2440 2441
2441 2442
2442 2443
2443 2444
2444 2445
2445 2446
2446 2447
2447 2448
2448 2449
2449 2450
2450 2451
2451 2452
2452 2453
2453 2454
2454 2455
2455 2456
2456 2457
2457 2458
2458 2459
2459 2460
2460 2461
2461 2462
2462 2463
2463 2464
2464 2465
2465 2466
2466 2467
2467 2468
2468 2469
2469 2470
2470 2471
2471 2472
2472 2473
2473 2474
2474 2475
2475 2476
2476 2477
2477 2478
2478 2479
2479 2480
2480 2481
2481 2482
2482 2483
2483 2484
2484 2485
2485 2486
2486 2487
2487 2488
2488 2489
2489 2490
2490 2491
2491 2492
2492 2493
2493 2494
2494 2495
2495 2496
2496 2497
2497 2498
2498 2499
2499 2500
2500 2501
2501 2502
2502 2503
2503 2504
2504 2505
2505 2506
2506 2507
2507 2508
2508 2509
2509 2510
2510 2511
2511 2512
2512 2513
2513 2514
2515 2516
2516 2517
2517 2518
2518 2519
2519 2520
2520 2521
2521 2522
2522 2523
2523 2524
2524 2525
2525 2526
2526 2527
2527 2528
2528 2529
2529 2530
2530 2531
2532 2533
2533 2534
2534 2535
2535 2536
2536 2537
2537 2538
2538 2539
2539 2540
2540 2541
2541 2542
2542 2543
2543 2544
2544 2545
2545 2546
2546 2547
2547 2548
2549 2550
2550 2551
2551 2552
2552 2553
2553 2554
2555 2556
2556 2557
2557 2558
2558 2559
2559 2560
2560 2561
2561 2562
2562 2563
2563 2564
2564 2565
2565 2566
2566 2567
2567 2568
2568 2569
2569 2570
2570 2571
2571 2572
2572 2573
2573 2574
2574 2575
2575 2576
2576 2577
2578 2579
2579 2580
2580 2581
2581 2582
2582 2583
2583 2584
2584 2585
2585 2586
2586 2587
2587 2588
2588 2589
2589 2590
2590 2591
2591 2592
2592 2593
2593 2594
2594 2595
2595 2596
2596 2597
2597 2598
2598 2599
2600 2601
2601 2602
2602 2603
2603 2604
2604 2605
2605 2606
2606 2607
2607 2608
2608 2609
2609 2610
2610 2611
2611 2612
2612 2613
2613 2614
2614 2615
2615 2616
2616 2617
2617 2618
2618 2619
2619 2620
2620 2621
2621 2622
2622 2623
2624 2625
2625 2626
2626 2627
2627 2628
2628 2629
2629 2630
2630 2631
2631 2632
2632 2633
2633 2634
2634 2635
2635 2636
2636 2637
2637 2638
2638 2639
2639 2640
2640 2641
2641 2642
2642 2643
2643 2644
2644 2645
2645 2646
2646 2647
2648 2649
2649 2650
2650 2651
2651 2652
2652 2653
2653 2654
2654 2655
2655 2656
2656 2657
2657 2658
2658 2659
2659 2660
2660 2661
2661 2662
2662 2663
2663 2664
2664 2665
2665 2666
2667 2668
2668 2669
2669 2670
2670 2671
2671 2672
2672 2673
2673 2674
2674 2675
2675 2676
2676 2677
2677 2678
2678 2679
2679 2680
2680 2681
2681 2682
2682 2683
2683 2684
2684 2685
2685 2686
2686 2687
2687 2688
2688 2689
2689 2690
2690 2691
2691 2692
2692 2693
2693 2694
2694 2695
2695 2696
2696 2697
2697 2698
2698 2699
2699 2700
2700 2701
2701 2702
2702 2703
2703 2704
2704 2705
2705 2706
2706 2707
2707 2708
2708 2709
2709 2710
2710 2711
2711 2712
2712 2713
2713 2714
2714 2715
2716 2717
2717 2718
2718 2719
2719 2720
2720 2721
2721 2722
2722 2723
2723 2724
2724 2725
2725 2726
2726 2727
2727 2728
2728 2729
2729 2730
2730 2731
2731 2732
2732 2733
2733 2734
2734 2735
2735 2736
2736 2737
2737 2738
2738 2739
2739 2740
2740 2741
2741 2742
2742 2743
2743 2744
2744 2745
2745 2746
2746 2747
2747 2748
2748 2749
2749 2750
2750 2751
2751 2752
2752 2753
2753 2754
2754 2755
2755 2756
2756 2757
2758 2759
2759 2760
2760 2761
2761 2762
2762 2763
2763 2764
2764 2765
2765 2766
2766 2767
2767 2768
2768 2769
2769 2770
2770 2771
2771 2772
2772 2773
2773 2774
2774 2775
2775 2776
2776 2777
2777 2778
2778 2779
2779 2780
2780 2781
2781 2782
2782 2783
2783 2784
2784 2785
2785 2786
2786 2787
2787 2788
2788 2789
2789 2790
2790 2791
2792 2793
2793 2794
2794 2795
2795 2796
2796 2797
2797 2798
2798 2799
2799 2800
2801 2802
2802 2803
2803 2804
2804 2805
2805 2806
2806 2807
2807 2808
2808 2809
2809 2810
2810 2811
2811 2812
2812 2813
2813 2814
2814 2815
2815 2816
2816 2817
2817 2818
2818 2819
2819 2820
2820 2821
2822 2823
2823 2824
2824 2825
2825 2826
2826 2827
2827 2828
2828 2829
2829 2830
2830 2831

