138 0 113
6.92646 -25.5472 1.4895 
7.66551 -17.9488 1.67058
10.2515 -22.0395 7.11996 
10.3922 -22.0493 7.00102
11.7071 -22.4647 5.17742 
19.6264 -13.4012 -0.307021
-12.7688 -21.3763 6.35767 
-9.8027 -20.3826 9.693
-4.90663 -20.3526 6.62467 
-8.54461 -20.0864 6.43532
-4.09397 -18.6248 5.49905 
-4.90663 -20.3526 6.62467
-7.86481 -17.3979 2.67742 
-7.53305 -25.008 2.24563
4.14666 -14.7487 2.48249 
2.46642 -16.0585 6.43708
8.67243 -15.2016 9.84014 
4.79744 -16.4943 9.91014
-5.97898 -13.27 12.3895 
-4.82818 -12.5649 12.633
-3.18889 -14.4583 7.42122 
-3.2519 -14.8157 7.54069
19.6264 -13.4012 -0.307021 
19.1939 -9.75229 2.85954
-9.93342 -11.0708 -3.86077 
-11.0867 -15.4356 -2.39016
19.4307 -10.9481 -4.4515 
20.1439 -3.72134 -5.56442
19.1939 -9.75229 2.85954 
13.0964 -6.48734 10.4104
6.92459 -8.74715 -0.553899 
6.9246 -8.74715 -0.553899
-20.0113 -9.05272 2.16828 
-14.7166 -5.82953 9.15523
1.1431 -8.48378 8.96739 
3.05676 -10.2232 1.82884
19.3471 -7.57455 1.30801 
17.7081 -6.25632 2.51486
-20.6508 -6.48396 -4.95078 
-1.22842 -6.55361 2.70077 
-3.36236 -9.96943 3.02838
5.25448 -6.5453 15.6654 
5.75978 8.12097 11.6483
-14.7166 -5.82953 9.15523 
-10.4917 5.61083 -15.2513
0.527195 -4.60025 -6.42583 
-0.0312659 5.41774 -8.38693
-7.15502 -5.56809 15.9966 
-16.912 3.62241 5.61941
20.1439 -3.72134 -5.56442 
18.7439 -1.32185 -9.29613
-17.917 -0.725029 -12.2379 
17.1953 0.728305 4.59381 
-18.4549 1.28031 2.00198 
-18.4551 1.28437 1.99638
-18.2565 0.881646 3.56616 
-14.9375 3.91439 -2.90708 
-12.4608 12.9868 -8.96026
-16.8543 4.39631 5.1545 
-10.4917 5.61083 -15.2513 
-11.0761 -2.40164 -13.298
12.6973 12.2605 -7.7646 
15.0879 14.5433 -6.18709
12.593 18.5661 -1.30281 
4.43465 19.4983 4.79349
-13.1955 18.7801 -2.44531 
-5.47392 20.6122 3.33837
-3.15895 24.5274 -3.64053 
-2.6473 24.1597 -2.07804 
-3.15895 24.5274 -3.64053
19.5878 -13.1173 -0.46761 
3.41111 -9.25435 0.863688 
14.5741 4.04379 -2.01857 
12.6973 12.2605 -7.7646
6.99408 2.26562 -10.6503 
9.40411 3.31595 -13.5309
4.79744 -16.4943 9.91014 
6.10578 -13.9467 10.5476 
4.04226 -13.2967 13.1136
2.4652 25.2225 -3.04452 
19.1637 -8.8044 2.43114 
19.1441 -8.86234 2.4884
-7.53305 -25.008 2.24563 
-12.7688 -21.3763 6.35767
-3.2519 -14.8157 7.54069 
-4.09397 -18.6248 5.49905
-7.97352 -12.227 -0.239509 
-7.86481 -17.3979 2.67742
-4.91133 -10.9169 13.9694 
-2.47778 -6.77854 9.92594
-2.47778 -6.77854 9.92594 
-15 14.3776 -7.73866 
-13.1955 18.7801 -2.44531
0.610618 21.6284 -4.50417 
2.4652 25.2225 -3.04452
20.3188 -6.90809 -0.597664 
19.4307 -10.9481 -4.4515
-17.8439 9.36342 -1.93283 
-7.02122 7.61474 11.6828
3.05676 -10.2232 1.82884 
4.14666 -14.7487 2.48249
-16.912 3.62241 5.61941 
-18.2565 0.881646 3.56616
11.5811 -2.93043 -11.444 
17.1762 9.34597 -0.463376 
17.1953 0.728305 4.59381
9.49253 -10.2557 -4.14849 
4.43465 19.4983 4.79349 
-11.0761 -2.40164 -13.298 
-9.93342 -11.0708 -3.86077
11.4913 6.34547 -14.3909 
8.01218 -21.952 8.61053 
-7.02122 7.61474 11.6828 
-7.15502 -5.56809 15.9966
12.0902 -22.8434 4.34626 
11.7071 -22.4647 5.17742
-5.86653 -20.8755 10.1376 
2.80067 -13.1288 12.1433 
-20.0113 -9.05272 2.16828
7.66551 -17.9488 1.67058 
9.49253 -10.2557 -4.14849
-7.97352 -12.227 -0.239509
8.01218 -21.952 8.61053
-20.6508 -6.48396 -4.95078
2.80067 -13.1288 12.1433
0.610618 21.6284 -4.50417
20.3188 -6.90809 -0.597664
-17.917 -0.725029 -12.2379
17.7081 -6.25632 2.51486 
11.4913 6.34547 -14.3909
-4.91133 -10.9169 13.9694
-12.4608 12.9868 -8.96026 
-15 14.3776 -7.73866
2.46642 -16.0585 6.43708 
15.0879 14.5433 -6.18709 
17.1762 9.34597 -0.463376
-17.8439 9.36342 -1.93283
-5.47392 20.6122 3.33837 
0 1
2 3
4 5
6 7
8 9
10 11
12 13
14 15
16 17
18 19
20 21
22 23
24 25
26 27
28 29
30 31
32 33
34 35
36 37
38 13
39 40
41 42
43 44
45 46
47 48
49 50
51 44
52 29
53 54
55 33
56 57
58 48
59 60
61 62
63 64
65 66
67 57
68 69
70 5
71 35
72 73
74 75
76 15
77 78
79 64
80 81
82 83
84 85
86 87
88 89
90 40
91 92
93 94
95 96
97 98
99 100
101 102
103 75
104 105
106 1
107 42
108 109
110 75
111 17
112 113
114 115
116 11
117 78
0 115
0 96
4 3
6 118
10 40
119 120
12 121
14 122
24 121
28 81
32 123
34 124
34 125
36 81
36 126
38 127
41 105
41 78
128 129
128 29
47 130
49 126
51 60
55 54
61 125
131 132
63 62
63 94
65 69
68 66
68 89
133 124
84 19
88 19
134 135
91 136
97 54
103 120
103 50
104 42
137 98
110 50
111 3
116 7
116 7
