2167 0 0
7.62414620557	-10.6091655216
7.76184835045	-10.2521473164
7.78080935185	-10.1075965149
7.88490140177	-9.94287249298
8.63671788785	-8.29312309088
8.68698600025	-8.19105143062
8.71970876367	-8.10467883419
8.85498641731	-7.90804408725
8.95140899729	-7.77120868647
8.97592334822	-7.69444355969
9.07785256207	-7.55830513955
9.17143902433	-7.39816305997
12.1888828445	1.33200353166
12.0169168283	1.49591796223
11.9643015631	1.60386857259
11.8327827422	1.76275212392
11.762651014	1.84497150473
11.674721926	1.95471127794
11.5663335442	2.08419712165
11.4309260809	2.26554735985
11.2893681838	2.41193575592
11.1065990284	2.68916639145
11.0428422247	2.77274602759
10.8369124273	3.02416931848
10.7546151376	3.20418875319
10.7080935503	3.26209612194
10.6952965302	3.27916002877
10.5546802597	3.48002531094
10.3131361656	3.75419711613
13.8950362071	5.47243639672
13.9600571334	5.26781297934
14.0459473041	5.06559791708
14.0756626383	4.98544500209
14.1314456936	4.89339562925
14.189675958	4.70827959248
14.3044206673	4.42880186017
14.3396844483	4.27770366158
14.3734074874	4.0348902164
14.4312183852	3.82518558057
14.4504395661	3.69297979139
14.4999136805	3.55140464568
14.5716656261	3.34480777441
14.6075045551	3.24232825783
14.7220718224	2.90995096877
14.6879605446	2.77589413284
14.7338647764	2.61331730664
14.7698407594	2.47907422615
14.8018802619	2.35868118766
14.8398577861	2.21331871429
14.8946604925	1.9707818011
14.8883608531	1.85949728062
14.8575254644	1.68782402897
14.8365413818	1.53831835105
9.90807451277	-8.34889807753
10.0262321669	-8.10289692518
10.0238647424	-7.99888309066
10.0052820419	-7.7889793705
9.95423755759	-7.6873579938
9.91772291749	-7.61669081996
9.85448619731	-7.56515086301
9.67479972341	-7.52071641701
9.4881531716	-7.52446390162
9.39050001104	-7.49530753109
9.26119390508	-7.46135196977
9.17160943865	-7.39814536368
7.80509369442	-2.93346896463
7.95428712855	-2.94704089209
8.1800269545	-2.92843522151
8.44081732871	-2.99660322517
8.54014376865	-3.02128602374
8.79974755031	-3.06881483811
8.90054597532	-3.07400582014
9.02466129236	-3.07006388853
9.18454026428	-3.03170787286
9.34780907895	-2.99331435033
9.42103101974	-2.94193610768
9.65900219493	-2.85028746265
9.82865495296	-2.77722701475
9.89461005843	-2.73218875751
9.98354354653	-2.69160392276
10.0725156766	-2.63786237912
10.1313435868	-2.59667608602
10.2253097122	-2.51425980006
10.3482257829	-2.43830998146
10.4852320392	-2.3013875008
10.5827069896	-2.18600594864
11.6450751422	0.406243946495
11.742908096	0.542211794567
11.9201229556	0.749479732369
11.988227609	0.850328101141
12.0101322727	0.956673926276
12.0477627809	1.03845380148
12.1360150011	1.16153833868
12.1889688782	1.3320476045
12.8288142355	7.67526934069
12.8902876973	7.46324867608
12.8984152295	7.2716061452
12.9774313937	6.857211669
13.0495040934	6.69509804876
13.092142189	6.58135632614
13.1881519501	6.39596136658
13.2322143118	6.31007579388
13.2650880097	6.2195265545
13.4160648963	6.03413596995
13.5007129892	5.89698077591
13.6378166407	5.67368983834
13.6300025218	5.45117441393
6.69837246169	-5.21965395195
6.59550597417	-5.52933860623
6.54220646904	-5.66089269603
6.47993536194	-5.77938184983
6.39674963609	-5.91595277766
6.32513816327	-6.0261780403
6.26583907734	-6.10087723496
6.15520762203	-6.23051075677
6.03991175507	-6.3171175752
5.81830124221	-6.53101720825
5.64558163363	-6.70111753659
5.41708009203	-6.78561376175
5.25389564173	-6.81778400846
5.11869968183	-6.82754113966
4.96423493444	-6.80522590453
4.88545173357	-6.80040766631
4.79823206282	-6.77777780172
4.52558177565	-6.58380797213
9.4815858892	5.96178837736
9.13507452588	5.9562833966
8.91295051895	6.01670995084
8.74750939269	6.06552437418
8.62918586749	6.09140706647
8.5087936329	6.10913762995
8.40757015999	6.11854447838
8.28250542212	6.12508537895
8.15888260069	6.01228367543
7.98901306468	6.00402599271
7.8342948766	5.95168532429
7.75699351189	5.92304809621
7.49512199413	5.81888552235
7.2517478023	5.65980189459
7.09767106435	5.59777926006
6.94712194497	5.37811847528
7.33690136237	-3.95990693253
7.46108514481	-3.72218355117
7.5648179463	-3.58827515423
7.66564904153	-3.44294680482
7.73324991708	-3.28640286835
7.76791212632	-3.14917551194
7.80506292811	-2.93349518786
4.32805524484	-6.73818230828
4.39127634961	-6.65783622748
4.52558355605	-6.58380691127
-1.95608088172	-13.4063571278
-1.81512012787	-13.5245479464
-1.73825573539	-13.5594293036
-1.66562730077	-13.616881152
-1.48733629383	-13.6815771426
-1.1132288618	-13.7380187522
-1.04080359728	-13.7870346847
-0.959158832861	-13.7950577373
-0.872210897329	-13.7991196954
-0.750176397031	-13.8061436381
-0.614514491053	-13.8134820171
-0.509207903641	-13.8339066042
-0.428156182752	-13.8516035071
-0.315993143007	-13.8676398553
-0.225767362284	-13.8777009421
-0.0159872712973	-13.9106086084
0.113408252146	-13.9343514485
0.221122595689	-13.9375967292
0.54684370866	-13.9243229876
0.769510933515	-13.9289289855
0.92206068914	-13.9454975576
1.02918695694	-13.9759221149
1.34590146372	-13.9872020792
6.53301808993	5.44759483536
6.53489743674	5.64853817648
6.43820629108	5.82952878526
6.32710123507	5.97015924244
6.21774158823	6.13882809666
6.13825607576	6.23560079757
6.06370626501	6.32427715389
5.91325660441	6.53957929646
5.84400386615	6.69567555474
5.71865668338	6.83689820537
5.70208643399	6.87170149442
5.64204154759	6.96815789145
5.47252597551	7.15701993212
5.40750649941	7.24704864894
5.34190498469	7.43377325841
5.27332145184	7.56741585416
5.18886669612	7.7604623636
5.114357628	7.96484185487
5.07935154773	8.05373904492
5.02741731837	8.17653768638
5.0118966313	8.313302025
5.0004982484	8.37338893127
4.95752720722	8.46183945832
4.88885028732	8.59204342607
4.70257313038	8.80009132943
4.6256306582	8.91323055758
4.49210985746	9.10719007185
4.38637942447	9.26240627303
4.28714959885	9.41026452438
4.20994216414	9.52884862743
4.12066006036	9.66479146826
4.06410920433	9.75226957454
3.97568799028	9.88638872279
3.83320744159	10.0697998499
3.66287416714	10.2888162301
3.55587690377	10.4701569953
3.48778463159	10.5826218093
3.40410446292	10.6643863916
3.29484035867	10.7788935404
3.21075457035	10.8802787687
3.1444941388	10.9605083329
3.09079244259	11.0388603448
2.95168732441	11.1897266984
2.83799553614	11.2971048876
2.75677865172	11.418373622
2.64916069387	11.5350345686
2.56911220496	11.6177494967
2.50487175819	11.693317544
2.45252611046	11.745246148
2.34534481356	11.8595939086
2.26102775583	11.9703013752
2.15182391522	12.0934543229
2.06604472956	12.1698921582
1.95446186424	12.31821902
1.89984674463	12.4006912885
1.82649919767	12.5174849162
1.75098983228	12.6478531893
1.69718593551	12.7577699398
1.66343055037	12.8290712624
1.60838181374	12.9836387096
1.51494670374	13.1940648032
1.47520317669	13.3102175693
1.39643022761	13.5544123764
1.42962538377	13.6070123058
1.39013470557	13.6768147306
1.39086328559	13.7511651931
1.33324845964	13.9447081473
1.2826821002	14.0713106784
1.24456839642	14.3939107628
1.25267776382	14.592041194
10.2711799618	10.6551851702
10.4813305019	10.4707949759
10.6468971673	10.3300609184
10.6893072296	10.2616936143
10.7933280726	10.1615415214
10.8840695092	10.0741211862
10.9518138346	10.0031508826
10.9921519909	9.96140306203
11.0979948581	9.84910125043
11.2058523131	9.71551776986
11.3252698552	9.61328787203
11.4234902326	9.49557078006
11.5300772138	9.37773500499
11.6528581111	9.2472713611
11.7910749722	9.09874009424
11.9065165943	8.94906459157
12.0026111803	8.83795080343
12.129015856	8.69172078502
12.1866609184	8.62388929477
12.3489231934	8.43222212486
12.4680632539	8.29164032134
12.5208102557	8.16498686382
12.6892218412	7.96904808595
12.7909396809	7.84759747679
12.8287568194	7.6751625204
2.36316925747	1.89208548403
2.3435149977	1.90429043951
-2.87352656283	-4.23705495303
-2.87065617644	-4.17636905446
3.39478388511	5.64896107496
3.685358879	5.53579253366
3.8731034749	5.45403076342
4.11714284472	5.38043527571
4.21713148398	5.35310377757
4.42357149945	5.29687038598
4.68412797008	5.18430783552
4.93405783956	5.1034998534
5.22321283024	4.87554583102
-5.27639417303	-15.136783846
-5.19377169698	-15.0081321765
-5.05712334532	-14.9053627795
-4.66563563898	-14.6859969098
-4.25519457868	-14.5252190785
-4.03710958599	-14.4350885034
-3.79616349773	-14.3370306205
-3.68281061649	-14.2769379353
-3.51802064341	-14.2254017042
-3.39444704295	-14.1742559016
-3.2276974127	-14.1082949842
-3.12347334854	-14.0496701056
-3.05653436868	-14.0332171603
-2.98989324969	-13.9795822875
-2.84584249971	-13.9384038258
-2.72937247031	-13.8508721767
-2.51770455447	-13.7374441207
-2.45173093201	-13.7013546661
-2.37691502004	-13.6840127286
-2.32935851085	-13.6569482219
-2.28589485721	-13.6397587161
-2.22215139144	-13.6047938525
-2.05660676146	-13.4868483071
-1.95608088175	-13.4063571279
1.22489002498	3.29691627578
1.34252292621	3.52085154964
1.37760665607	3.56891344871
1.42725064906	3.59408351995
1.49606234223	3.74540546481
1.56338443532	3.90583327238
1.58806551807	4.06252125191
1.62008836193	4.16431445016
1.69094339878	4.24028307686
1.72399661201	4.4256402042
1.8518683285	4.59127959741
1.91282814912	4.75512293782
1.94340763804	4.87883753163
1.85959252655	4.99084571786
1.5616317431	5.26391879569
6.64384317315	15.7025643897
6.8092058659	15.6904516271
6.93088865131	15.6418842612
7.05390166334	15.5505405787
7.13590191103	15.4233682195
7.23814870608	15.2550140694
7.26632508123	15.0510575569
7.26182355289	14.8662251006
7.05608514512	14.1695191493
7.03569697098	13.8529767183
7.04466404846	13.7389079411
7.06222140383	13.6188733439
7.04630293283	13.5378100681
7.05230847117	13.3870149012
7.09995708708	13.1934227866
7.14920203206	12.9971243944
7.16362601816	12.9264027292
7.20714386053	12.7776958618
7.2262903791	12.6858147523
7.24902183063	12.5962679231
7.26765813572	12.5142614497
7.28426990525	12.444894132
7.317310726	12.2874846711
7.34698271805	12.1377826835
7.35960055047	12.0748867288
7.3742982336	11.9961782186
7.39012161675	11.9037464031
7.40998005502	11.7736141243
7.41982937949	11.6812227899
7.43332883473	11.5671366372
7.44441938769	11.4866561572
7.453979997	11.4126375742
7.46519418243	11.2755522511
7.47541995914	11.1544137639
7.48196503817	11.0351899659
7.47099342813	10.9603116293
7.48382427314	10.8688444545
8.40721455323	1.74446253075
8.42615033689	1.6581260204
8.44254103247	1.57287118886
8.47971617204	1.50210803991
8.52087800386	1.31539785882
8.52951027512	1.24077263474
8.5466405733	1.16009247987
8.56192410282	1.08754984285
8.58710035263	0.970742463731
8.64792320863	0.765629137207
8.68879307478	0.673349544114
8.73446979807	0.580125465164
8.76603683356	0.520793837769
8.83278006071	0.409499617359
8.88421334265	0.334179975431
8.96474174457	0.2443222718
9.0752710672	0.138333047088
9.17201883688	0.0731319348684
9.30076131825	-0.00238151376188
9.35203589624	-0.0398103733694
9.5323600631	-0.128063096412
9.63568573409	-0.180292573199
9.71240479465	-0.212331697966
9.84956336187	-0.28527571548
10.0647532393	-0.38180811831
10.1741683251	-0.434939254936
10.3889099244	-0.509243263542
10.5589092159	-0.588552752775
10.7200386344	-0.666220130144
10.8251940721	-0.715882825113
10.9536571563	-0.774383004926
11.0884736267	-0.839667781776
11.2251561991	-0.901407126549
11.4000127968	-0.977272657379
11.4938958807	-1.00277648973
11.5548638131	-1.02897077384
11.6675366191	-1.08261150765
11.7322197894	-1.08934407161
11.8309245697	-1.13485042477
11.9527214225	-1.19664134873
12.1513833248	-1.31077068592
12.21168814	-1.35156424205
12.3073949144	-1.39568385557
12.3938609864	-1.47504876431
12.5069550902	-1.55324254209
12.5818616126	-1.59987602903
12.7071106671	-1.68949591386
12.8267682527	-1.7332247571
12.9044505997	-1.7591993075
12.9742872938	-1.77869217378
13.0725953601	-1.80001218896
13.2096288993	-1.80031376624
13.331064297	-1.79136711575
13.5145515017	-1.78371118133
13.6188032135	-1.76995879099
13.7140149295	-1.75016452198
13.7976069742	-1.70155837763
13.8354623414	-1.67809119658
14.0716961044	-1.48950267964
14.2050910021	-1.38998035504
14.2568939755	-1.35272304032
14.3526324594	-1.22851724367
14.4330556712	-1.13872121873
14.4979757059	-1.02400182715
14.5450690121	-0.957309400916
14.6078237887	-0.842136195385
14.6652169794	-0.729771262069
14.6969667384	-0.664580860482
14.722256274	-0.606305402138
14.7532355983	-0.509278408838
14.7822526366	-0.389579784777
14.8143230816	-0.270550189862
14.8460950654	-0.184288961979
14.9366159658	0.0832694720599
14.9769637464	0.339201189785
15.010178539	0.584509388739
15.015857718	0.653619299277
15.0355621977	0.982416259436
15.0233564874	1.03970829528
15.0095733563	1.1505042452
14.9601335679	1.31063475805
14.9147848018	1.42544564678
14.8384645495	1.54031570192
5.89409267075	15.0833252145
5.94027261139	14.9219996625
6.11460691558	14.7482479344
6.20816349898	14.6934593623
6.30418027319	14.6411970973
6.39588152329	14.6129962194
6.50022398143	14.5932693947
6.85054564928	14.5811617898
7.02905020222	14.5700148526
7.63841074839	14.4816954196
7.81374233383	14.3724763977
7.93627199022	14.2899167818
8.14677604549	14.1510999105
8.28798143303	14.0376463216
8.43824263806	13.8917919724
8.56777610176	13.7536241164
8.73751639383	13.5479153306
8.95068728945	13.2617397948
9.04575166719	13.1367637969
9.12069952412	13.0164046786
9.28816266945	12.7391062611
9.44001575067	12.4427291789
9.50407994997	12.3141242956
9.60378592283	12.1397480234
9.67053092192	11.9939391001
9.74483671667	11.8401853575
9.82888558045	11.6589372494
9.90604093814	11.4310260967
9.93862577712	11.343897501
9.98156412805	11.2187479357
10.0070542592	11.1481928927
10.0529506735	11.0244006598
10.0912161423	10.9053602233
10.1255536302	10.7866142514
10.2701765778	10.6551792307
-0.968983649362	5.06932923327
-1.00542736748	4.87190706242
-0.920245837618	4.66284075309
-0.879595781691	4.58067641415
-0.819592942302	4.50100982145
-0.735989962041	4.43337475274
-0.673819827929	4.39576175297
-0.575906076237	4.34432740652
-0.365556117665	4.20657330569
-0.233286970372	4.04944185545
-0.113531544236	3.96656501186
0.141518742087	3.76451810363
0.226752805473	3.71988199549
0.378526140667	3.59735426082
0.47796375944	3.5453349089
0.571006408777	3.50406965375
0.771766158685	3.4438631511
0.86456239511	3.42015253445
1.05409983196	3.37672354616
1.2248800906	3.29698605507
-12.6918396714	-2.96786430093
-12.687316314	-2.97767695215
-12.6930547533	-2.96962834138
4.00984929571	19.3829926477
4.06169263446	19.282605934
4.08402430337	19.228534148
4.12492537492	19.144296114
4.15011879181	19.0713909715
4.12656189138	18.9866408095
4.1536715904	18.9106968433
4.21178792263	18.7923672854
4.22466266121	18.7044117574
4.26931004947	18.5777633843
4.28143327082	18.3692375974
-1.48115916996	5.2674045839
-1.48114295002	5.49319514299
-1.49408388613	5.60908271196
-1.49294903346	5.75863834325
-1.43200499624	5.88594000941
-1.40926255869	5.96450068575
-1.3838824154	6.1897844536
-1.39693468552	6.30489693227
-1.33095188122	6.54508854387
-1.33550943973	6.65211484584
-1.26807916081	6.77271413948
-1.27695415036	6.88183998715
-1.28273713686	7.04454959011
-1.28827480778	7.26154706156
-1.27775140929	7.61034127884
-1.26919816315	7.77069486339
-1.25618806954	7.9678583643
-1.26786644311	8.19000988206
-1.25551560601	8.42308153745
-1.24351931084	8.65285073109
-1.2372921594	8.76188430202
-1.23248530217	8.99418375767
-1.22463131534	9.14833463424
-1.21655729166	9.29944847322
-1.21406733351	9.40725103545
-1.2033573607	9.52231497196
-1.19248187409	9.64197756013
-1.15838701252	9.87454338493
-1.15507093926	10.0377987142
-1.1515557097	10.1378655697
-1.1025475155	10.246360626
-1.02969366072	10.5975705578
-0.970406783818	10.691883219
-0.942018458171	10.8030662872
-0.942060500237	11.0863023271
-0.89122441654	11.2586828859
3.20089824645	15.6285210468
3.14643488957	15.8174838449
3.11794467919	15.9098012934
3.07321055265	15.9729236522
3.04713879913	16.0171793423
3.03659573511	16.1732804504
3.04887613943	16.340371061
3.06209867092	16.4314794119
3.09328807573	16.5190460968
3.07325911648	16.6251269439
3.09966460543	16.7537714367
3.19104831784	16.9249809942
3.28696405701	17.1455457071
3.32289769105	17.2160145407
3.3785895495	17.3215380458
3.42071189293	17.4091294701
3.44158393099	17.4769425772
3.49041421718	17.5300677419
3.57046513576	17.5966797052
3.54616784246	17.7861957731
3.60657879451	17.8479345387
3.65550338851	17.9142115564
3.72719217491	17.9690079136
3.8863769685	18.1047976442
3.99085270125	18.1454457104
4.01961353819	18.175884176
4.13866607097	18.2501253339
4.20552336546	18.3068880407
4.28142443205	18.369231909
-9.26434945007	-12.6458201941
-9.42986834042	-12.6502085062
-9.53924858181	-12.6646007401
-9.61579837492	-12.6919231917
-9.74452912362	-12.7438437206
-9.84505255562	-12.8306249156
-9.91237999793	-12.8631930642
-10.0284265257	-12.8921800916
-10.1519782142	-12.951549537
-10.4111788842	-13.0789343526
-11.2608765519	-12.3375539083
-11.3964073448	-12.6139307628
-11.4226646581	-12.8144933189
-11.4229312229	-12.8974974422
-11.419945359	-13.0290319224
-11.4200920249	-13.1172935208
-11.3877709312	-13.2518187677
-11.3638192944	-13.3918566743
-11.2665000119	-13.6114280814
-11.2329331924	-13.6862174502
-11.1470693117	-13.8364396299
-11.102391925	-13.9319835456
-10.7906993563	-14.3192846669
-10.6019949552	-14.5096291914
-10.2860201034	-14.7633280341
-10.170707363	-14.862522318
-9.99919134948	-14.9756539993
-9.80688477496	-15.0349661334
-9.7337501304	-15.0794962278
-9.65023750276	-15.1184839914
-9.34918500811	-15.2721818017
-9.01090765441	-15.3757191201
-8.73946851437	-15.3770498661
-8.43506802424	-15.2617333347
-4.9859102031	1.90616404436
-4.82906646692	1.91430865517
-4.76334007845	1.90452124911
-4.58974285774	1.84118666258
-4.43620522578	1.7799022471
-4.25803887805	1.71016803907
-4.11400593043	1.66326687444
-3.96743671005	1.61562170934
-3.81508552274	1.56561806622
-3.67769113095	1.51567663747
-3.42470926861	1.43206306827
-3.28758212079	1.39271683594
-3.10492606547	1.33828859108
-2.87564638226	1.26254330586
-2.69777593092	1.2107149168
-2.54350553539	1.15091561625
-2.29266985119	1.0380732858
-2.15802630052	0.975495591102
-1.92866670365	0.863637035832
-1.88132299868	0.845185421236
-1.71011287419	0.753982870734
-1.51762740124	0.642661948998
-1.46986056189	0.59997767986
-1.26099253045	0.467095600559
-1.10974092518	0.364351427881
-0.995309338725	0.282060886808
-0.818628032575	0.149635267449
-0.638499206564	0.00763297508715
-0.314444103689	-0.270892353528
-0.0181129755754	-0.553790790747
0.0595979972348	-0.633575132353
0.218480560441	-0.788989248816
0.366464316546	-0.949751341611
0.553925013051	-1.15767062213
0.645216421139	-1.26098452616
0.682632547959	-1.30339648191
0.821681918283	-1.47435076064
0.997075849297	-1.71510155559
1.0902312156	-1.84855602244
1.16897866415	-2.00688181761
1.28187841593	-2.13535814603
1.4016274688	-2.25000898051
1.4515938982	-2.32576464258
1.49664284046	-2.41870068924
1.54709736878	-2.5203855277
1.63886997122	-2.60303012262
-15.5053523207	-1.17386513046
-15.5012229533	-1.16760353838
-15.4452956627	-1.13087053977
-15.3446862286	-1.04630697676
-15.211102818	-0.879957473085
-15.1268392099	-0.846513711475
-15.0057268065	-0.824277293412
-1.45312390671	12.2163382537
-1.28723358616	12.1068358068
-1.19799356766	11.9677362296
-1.10974114277	11.8459581172
-1.09475644623	11.7419847513
-1.01334540524	11.5483798565
-0.979008252887	11.4466540787
-0.89160893424	11.258240044
-12.4289504611	3.62017786285
-12.2716716829	3.66973278476
-11.9894217667	3.88303371137
-11.9254164536	3.97098242306
-11.8421160499	4.17711011178
-11.7444222558	4.37264679945
-11.6753069214	4.51934945305
-11.6380687074	4.62620917089
-11.6079015689	4.74301271626
-11.5775558947	4.91085916218
-11.6641549491	5.22564578266
-11.9771634933	6.22128594115
-11.9291166402	6.34710325707
-11.8915484971	6.39837476703
-11.857870047	6.4250056123
-11.7207220736	6.46390220493
-11.6080922463	6.37707054844
-11.5319945049	6.34497239999
-11.4688922812	6.30801340742
-11.3659295167	6.16760598674
-11.2373846515	5.98523747252
-11.1288780747	5.78474802854
-10.3184843184	5.87974456364
-10.3096877847	6.07254439553
-10.3431404525	6.19994346353
-10.3495908419	6.33773836937
-10.3667792338	6.45617044516
-10.3713618217	6.6154338724
-10.3741996405	6.81629314154
-10.367502625	6.91621618572
-10.3672184142	7.06489586918
-10.2808384768	7.19654721075
-10.2084515197	7.30580375789
-10.1219699606	7.37547810368
-10.0207412658	7.49772118086
-9.88518534296	7.64529063983
-9.81196692237	7.72419161447
-9.75191786438	7.79727136524
-9.66073650466	7.87037978253
-9.53291871004	7.97560288818
-9.39673038371	8.08909619803
-9.12863779312	8.29480932021
-8.84491993274	8.53076679116
-8.72017778384	8.62028356382
-8.61653897112	8.69196862155
-8.54837587659	8.7376474546
-8.43246421061	8.81533410908
-8.34407357137	8.87315424555
-8.22445276182	8.95022287698
-8.00816946938	9.08337353199
-7.81723457532	9.1967086717
-7.59666826543	9.32148353386
-3.62567119941	11.4096663971
-3.35718894658	11.5147430062
-3.15494224236	11.599196764
-2.92250001173	11.699545371
-2.71884500985	11.8082696696
-2.5150719001	11.8445274954
-2.35309157314	11.9474390538
-2.21977507465	12.0063700712
-2.08776106088	12.069560987
-1.99034868979	12.1089078686
-1.86533731409	12.1455390163
-1.60649096499	12.1994636994
-1.45312804925	12.2132881085
-12.3175533772	5.16182041356
-12.4496631559	4.79811032253
-12.4731078228	4.70732739245
-12.494232428	4.60829254476
-12.521231932	4.50057422296
-12.5564470047	4.39848611964
-12.5380525631	4.1829726392
-12.5371488851	4.09540485868
-12.5446772922	3.78101423943
-12.4291437587	3.62023310849
-13.1850494699	6.98415497782
-13.1510941842	6.89414002436
-13.1320815469	6.7937064795
-13.0972134593	6.64326409308
-13.0388011201	6.53611066508
-12.958214024	6.23320206956
-12.8954641123	5.96869401239
-12.8812360019	5.92738324347
-12.8329342143	5.78702671699
-12.7559938429	5.61356479392
-12.7162873637	5.47448121422
-12.6382091526	5.37859672018
-12.5606511451	5.32822886167
-12.4835980196	5.3095115585
-12.3796943801	5.27152329082
-12.3175087149	5.16179812292
-11.7041065748	-8.58203002106
-11.6856127383	-8.57765215844
-11.6410689476	-8.57964585248
-11.5760653723	-8.56972768338
-11.4446328514	-8.51286712938
-11.252267561	-8.4802396459
-11.0702436612	-8.39853659552
-13.8883036595	7.12325245815
-13.8543020118	7.06856973441
-13.8391148745	6.98622818777
-13.8217917009	6.89983963904
-13.7996327939	6.78419967421
-13.7701654891	6.64606936449
-13.7299996182	6.51572682976
-13.705177357	6.432581895
-13.6652104209	6.30438188282
-13.6396095064	6.16433533851
-13.6123987676	5.88979396279
-13.5892346496	5.70348815473
-13.6031781872	5.42241948996
-13.6111213899	5.28764987586
5.25566460734	-4.25616632145
5.2786046201	-4.26930028572
5.33837434551	-4.29293506028
5.44429966886	-4.3415190894
5.49930570232	-4.34713580716
5.62323582943	-4.37976925022
5.73484338944	-4.40832090348
5.83416056072	-4.42547888424
5.93528796266	-4.45396652672
6.10071175155	-4.4684796523
6.27306925869	-4.4688188994
6.58478843273	-4.3774068412
6.65158179541	-4.3508647114
6.82174261718	-4.2310377651
6.99811051468	-4.11508245596
7.33687660026	-3.95988048539
-12.448348126	0.0530893044056
-12.5021264609	0.191412230049
-12.5606909059	0.313741739019
-12.6249001286	0.468524262364
-12.674439754	0.622058415821
-12.723182369	0.77021202454
-12.7504063715	0.85375420845
-12.7804552206	0.958798460512
-12.8521781842	1.16980739175
-12.8661119916	1.26684497925
-12.8858891938	1.3953175466
-12.9087660613	1.5806248293
-12.9163093197	1.74909020673
-12.8847985681	1.88402708091
-12.8680740774	2.02699534978
-12.8662690629	2.14617739677
-12.8482895743	2.27855443511
-12.8349177493	2.3686054
-12.808940697	2.50701492111
-12.7881543543	2.64795003875
-12.7448063893	2.80189074988
-12.7243285937	2.95422548458
-12.7307185483	2.96064622243
-12.7330148382	3.11864834571
-12.7090076983	3.27352272575
-12.6631398721	3.40316878365
-12.6039510269	3.4549103916
-12.4291122672	3.62022476255
-15.4649124355	0.265826981839
-15.4269927071	0.258402113833
-15.2993962503	0.229724847031
-15.1384205177	0.212572580036
-14.9997873915	0.283804092886
-14.8579740436	0.376732649229
-0.381374230313	-8.97348358011
-0.62699055146	-8.84456545341
-0.710168564197	-8.83073229537
-0.783001826854	-8.81958453821
-0.89836633567	-8.81325962587
-0.989580939575	-8.80650466601
-1.07495742835	-8.79676961927
-1.19667601063	-8.80122946433
-1.37337376822	-8.78076850463
-1.68541889635	-8.70824168472
-1.95956646509	-8.7045004123
-2.14707032034	-8.69703802991
-2.23452532476	-8.69287846174
-2.36358531434	-8.67122977812
-2.5722369953	-8.67109073521
-2.68046583189	-8.66660565794
-2.8817837876	-8.66970421114
-3.04996202816	-8.67057313448
-3.20198554748	-8.67217315538
-3.33643768483	-8.64525291897
-3.48987930443	-8.65440147159
-3.5874854683	-8.65837689096
-3.73011588014	-8.66846711789
-3.8581407899	-8.67476082233
-4.03708819494	-8.69244074768
-4.27254044464	-8.70914169253
-4.43090914749	-8.73046992203
-4.57663288544	-8.74579537976
-4.73866613588	-8.76698807866
-5.02736006304	-8.8066985884
-5.25914079236	-8.82842127763
-5.44955764776	-8.84527413863
-5.6085320001	-8.85989202863
-5.75971259805	-8.86814065428
-5.9990287501	-8.87251313125
-6.09796863157	-8.87688983434
-6.25250952869	-8.88282465077
-6.43366413194	-8.8963766129
-6.64097727786	-8.8957521955
-6.8785797166	-8.89839208787
-7.00979575154	-8.90608069931
-7.22494722538	-8.91616691527
-7.23618329863	-8.91671934406
-7.35844916313	-8.93248111023
-7.48991990705	-8.89950987808
-7.6161842422	-8.9041026332
-7.85608910723	-8.91785141294
-7.99267599033	-8.93325467011
-8.106077004	-8.97933017994
-8.29174807244	-9.01538799026
-8.39934999962	-9.04214583689
-8.54142968415	-9.07819673527
-8.69687849445	-9.12420965606
-8.90689464861	-9.20053491441
-9.07349345329	-9.25831803129
-9.21153491307	-9.32809847585
-9.37259597417	-9.39948600542
-9.597456203	-9.51070655975
-9.68195532995	-9.55567506971
-9.83647415008	-9.63424272393
-9.98365257904	-9.70941728983
-10.0907902103	-9.80062584846
-10.2388921921	-9.88603636212
-10.3921284957	-9.9797122899
-10.5192936606	-10.0200543619
-10.6763735783	-10.0562535746
-10.8178746278	-10.0814716288
-11.0390354276	-10.1014356914
-11.070245493	-8.39853040852
-11.0229792228	-8.66724080189
-11.0390097123	-8.88458012218
-11.0533372895	-8.98600613354
-11.1483701363	-9.08990749553
-11.2067844725	-9.16382962896
-11.2752648539	-9.29304277852
-11.2690704281	-9.38429787956
-11.2471266462	-9.49315953495
-11.2383336111	-9.57263246729
-11.2169295704	-9.73578032429
-11.1466090694	-9.98470660862
-11.0390353217	-10.101435704
-14.1790527621	3.30595155286
-14.1607230942	3.00844010574
-14.2020112471	2.67336303446
-14.2060147272	2.62655833322
-14.2329775823	2.39822286668
-14.2220045535	2.16927165862
-14.2713446176	1.98934597364
-14.3034128733	1.86498374794
-14.3494454855	1.72749763001
-14.3746038067	1.61762741566
-14.4127282934	1.43334767709
-14.480303387	1.2840495826
-14.5547438144	1.10841534248
-14.581845874	1.03914339553
-14.660815319	0.83478296006
-14.6996076738	0.732675253882
-14.8579740436	0.37673264923
5.22318204306	4.87565975975
5.24820694503	4.63742363119
5.34452963383	4.3500497278
5.36559487645	4.17300941213
5.38209405024	4.0378027977
5.34933508596	3.73110136824
5.25646855217	3.4765904755
5.20985021266	3.32737616067
5.11233744438	2.95806372968
5.01128922549	2.69699859353
4.96365820539	2.5388863549
4.87222726301	2.27720130581
4.80631805981	2.03396837122
4.74772459741	1.82261402492
4.68049981726	1.62981648772
4.63184775693	1.39528939628
4.60109035702	1.15979635253
4.4514691585	0.848090782345
4.34375518051	0.740023470963
4.28029352626	0.618626093698
0.0102785391683	14.0554539618
-0.0957815467398	14.0037460564
-0.184178335027	13.9405727038
-0.353412648655	13.7938691595
-15.0057220564	-0.824272776443
-14.6851931056	-1.12894852213
-14.6335192625	-1.20168746055
-14.5858718771	-1.27361010039
-14.4886358997	-1.3637040256
-14.4127022903	-1.46810449031
-14.3543941468	-1.52074159895
-14.2418339236	-1.60007383256
-14.1412029952	-1.72815588245
-13.9821322655	-1.77692406604
-13.9033053485	-1.77845661844
-13.7247425619	-1.7610913017
-13.6305605512	-1.75715206489
-13.5507219433	-1.73737923288
-13.4767522965	-1.72858883378
-13.3834696879	-1.7151437478
-13.2247169216	-1.67269564734
-12.9006540849	-1.50487609303
-12.7913677443	-1.44473137171
-12.7093778771	-1.38477148329
-12.5846729795	-1.32216650014
-12.518680926	-1.30877487116
-12.4303530906	-1.26143456055
-12.3555005809	-1.21442715225
-12.3038294574	-1.18330085452
-12.1856696956	-1.1147280186
-12.145643743	-1.05602060246
-12.0823790911	-0.995583223427
-12.0202392851	-0.864422114489
-11.9917970178	-0.7832754286
-11.9561829292	-0.59685657173
-11.9730252571	-0.523954157784
-11.9999119049	-0.423774710565
-12.0294761727	-0.313025777085
-12.0857699737	-0.234230002136
-12.1662099055	-0.141691403492
-12.2010060803	-0.108289790134
-12.311005278	-0.0148156982336
-12.4472557679	0.0532460919649
-0.353528931107	13.7945042039
-0.409890626928	13.7109340901
-0.502129851359	13.540762457
-0.679609769732	13.4059674246
-0.787206303746	13.285813925
-0.841638414691	13.2229991664
-0.988095570883	13.0642372015
-1.0510122695	13.0095253447
-1.13301497387	12.921860648
-1.26018220342	12.8842576939
-1.28961845761	12.8262104265
-1.33544771175	12.7371939535
-1.41544733762	12.5049711795
-1.43154148679	12.3593632106
-1.45312804926	12.2132881094
7.29121698888	-4.16123590784
7.33630953697	-4.11095130158
7.33691353535	-3.95985622652
-14.6311427472	5.78087981215
-14.389218515	5.64963982351
-14.3341607389	5.66664900858
-14.2705783172	5.67522425051
-14.107375392	5.57920184889
-13.935002256	5.46627857374
-13.8163168073	5.41863741609
-13.7593811363	5.40704751643
-13.6111528599	5.28764181567
-10.4110549988	-13.0789569037
-10.3937264657	-13.4064260695
-10.3123106556	-13.578852227
-10.2028801656	-13.7651066778
-10.0417547675	-13.9220588635
-9.85940953946	-14.0985756141
-9.68328678029	-14.1904758544
-9.61596524316	-14.2726286762
-9.47777518465	-14.3697537597
-9.42784638988	-14.4019610249
-9.31076143318	-14.4593078903
-9.24665715911	-14.5400520465
-9.20616811296	-14.5769326288
-9.05225426868	-14.7300115416
-8.90335819302	-14.8143623723
-8.81008860522	-14.8726493291
-8.60184887272	-14.8659503601
-15.5306213326	5.91205844319
-15.1996967498	5.99242669768
-15.1248796707	5.97711917297
-15.0665178045	5.96428475752
-14.6311370351	5.78082892553
-6.51805629041	-6.38463759692
-6.75777563069	-6.44167795844
-7.0144807514	-6.46342479341
-7.07652384111	-6.46534787618
-7.22230998987	-6.47331134477
-7.45830891908	-6.51463812126
-7.6220172463	-6.53835370817
-7.81302184801	-6.56710938266
-7.99860112162	-6.59866635233
-8.20865373476	-6.6272791037
-8.4355763548	-6.71135507587
-8.50866383908	-6.73636747043
-8.64822965998	-6.7779000152
-8.84050361476	-6.82769043418
-9.03204823458	-6.89094358539
-9.1962460846	-6.91984949222
-9.28787735778	-6.94826901324
-9.38663562619	-6.98458760292
-9.5353519554	-7.02408695396
-9.58071189491	-7.03825114029
-9.66290195586	-7.07395809822
-9.79918080667	-7.08646438579
-9.91637672784	-7.09533042662
-10.296455652	-7.10095463019
2.34360098313	1.90440069268
2.19634723383	2.03132745944
2.12082934103	2.14879380125
1.99169434578	2.27723518621
1.83854140247	2.42566322285
1.72719013036	2.53606533499
1.62197580951	2.63864498158
1.50258635722	2.78858631818
1.47689848061	2.91723247088
1.42595697863	2.98673772029
1.36924353971	3.06727991691
1.22492164019	3.29700607123
4.28142213787	18.3692330598
4.40318057638	18.294364484
4.49094470617	18.2794597542
4.57027056951	18.2705229552
4.63366532725	18.2897211388
4.75252242002	18.2172651359
4.86578064418	18.1298018588
4.95303996619	18.0586169986
5.03250673337	17.8750437584
5.07554522109	17.771804076
5.14899968536	17.7123945388
5.23981291424	17.633176891
5.32875999301	17.5604462624
5.40286243992	17.5058728204
5.50220830078	17.4216836016
5.58971152453	17.3195369951
5.63607977435	17.2607371731
5.68552729988	17.2069278597
5.78935645565	17.0840493693
5.83417878881	17.0315516677
5.8973269635	16.9778367082
5.97808530164	16.8985607606
6.0237157777	16.835449678
6.13050166232	16.721984509
6.25350754777	16.5701403958
6.29323478717	16.51531936
6.36158879331	16.4099829784
6.39920851821	16.2841285427
6.56297326973	16.0015267149
6.5956211442	15.8274145226
6.643843173	15.7025643738
-8.30502168778	-13.2947649314
-8.3124326933	-13.4468676289
-8.31385200211	-13.6597462946
-8.3184576937	-13.7806219895
-8.30942864906	-13.868246857
-8.20712342587	-13.9962334628
-8.21742313425	-14.0891579623
-8.30832106484	-14.2011794937
-8.28519187278	-14.3288076276
-8.33400602282	-14.4433404354
-8.35951947226	-14.5596462039
-8.36915099677	-14.7098373691
-8.60184026461	-14.8659360393
-11.1278040016	5.78060202549
-11.2358480265	5.61688257638
-11.4261307301	5.6329749832
-11.6120774885	5.5862174168
-11.7690261965	5.56307739982
-11.9387782667	5.50391253598
-12.0970533261	5.40427681599
-12.3175572781	5.16182275994
-14.6399871011	-0.244936445796
-14.7419651783	-0.52562793874
-15.0057268064	-0.824277293418
1.78005144801	-13.6737520002
2.00652281081	-13.7235617557
2.0983730652	-13.7352183275
2.2278753333	-13.7113334885
2.35199291973	-13.6812596353
2.73687909504	-13.6081844403
2.87978532868	-13.5281275008
3.06683018963	-13.4976988372
3.29393549571	-13.4619810735
3.51524201112	-13.4291015941
3.73647197386	-13.392815078
3.83868554154	-13.3594217778
3.99790742381	-13.3327951565
4.15778343483	-13.3065060013
4.26484692041	-13.2876544958
4.48300713358	-13.2471770296
4.60746745764	-13.222139945
4.67811338983	-13.2051229458
4.82258619689	-13.1736099087
5.06451859158	-13.112534279
5.22248998281	-13.0724193612
5.45166393723	-13.0066427358
5.61953159006	-12.9464742608
5.79997720754	-12.8878598202
6.02263531563	-12.7946906927
6.28177412402	-12.6953921198
6.51558660738	-12.6175036252
6.68073698957	-12.5477138079
7.00682853148	-12.3852943952
7.14070132754	-12.3207050719
7.3138801193	-12.2304861548
7.42445331253	-12.1768687746
7.52291512159	-12.1113936342
7.66991105012	-12.0175540829
7.7218698284	-11.8705288674
1.6386275564	-2.60294695746
1.76518048458	-2.60020474442
2.0341961345	-2.47699012463
2.14710055825	-2.42515875448
2.32086102509	-2.35547317162
2.6104363405	-2.27984932927
2.66937835294	-2.26612788797
2.90224882568	-2.21314787606
3.06529306769	-2.17989304384
3.23313685525	-2.14350437792
3.39769151962	-2.10303941686
3.60447309846	-2.04589998971
3.80159889685	-2.01881014309
3.86908253139	-2.01509629779
3.95263402061	-2.01143667276
4.0759697724	-2.01106267879
4.13354091413	-2.01373466048
4.31922311743	-2.06054645877
4.61090642736	-2.1213805959
4.76149161056	-2.15791008864
4.90689649226	-2.16158839086
5.1372193295	-2.22142256265
5.36789983838	-2.30243984832
5.56157549602	-2.37582076781
5.75550290868	-2.48049686669
5.89563718777	-2.53316464071
6.05977998883	-2.60548120621
6.21269341353	-2.6807556521
6.53134377089	-2.8520528266
6.82606653814	-3.01930771958
8.16399003436	-3.92731334471
8.411000904	-4.30866717957
1.56033183344	5.26436559028
1.4015885262	5.32183513978
1.30373997478	5.34933371777
1.24740227595	5.38295902866
1.16366000683	5.43374372895
0.946118973782	5.45552352999
0.695777316128	5.49996380163
0.480747761489	5.49284985705
0.239987863197	5.53569139073
-0.0341438545467	5.5489120524
-0.222387528292	5.54880461399
-0.377244436039	5.50453397502
-0.506361725707	5.47368665887
-0.723583490643	5.36122630308
-0.84754091279	5.18784229458
-0.968949123371	5.06938255426
6.94712165506	5.37802949007
7.05111200569	5.17953538477
7.12334332322	5.04596109718
7.23650527355	4.95252290596
7.29187640621	4.87316526673
7.37171972291	4.78021407094
7.50701644085	4.67609634215
7.74048206071	4.61497403167
7.90800226428	4.54476898753
8.03447651581	4.50735726974
8.32941352972	4.40878375465
8.35406841192	4.39652733016
8.49455829263	4.34825696416
8.89661195694	4.19367560125
9.28367861513	4.08233811272
9.44531348124	4.0177138806
9.64828907425	3.92676814703
9.79723589112	3.87771913884
9.94989545653	3.83252498428
10.1345492454	3.79150996515
10.3132403298	3.74977810659
8.41103614844	-4.30717744488
8.5274091805	-4.47014985864
8.65019512861	-4.58608020796
8.82572439598	-4.86208137284
8.89189715187	-4.97623387944
8.97108660862	-5.12891958552
9.04240868556	-5.23076439273
9.04614033918	-5.30157353754
9.08711398853	-5.43329616753
9.15612070545	-5.63591334512
9.20992524043	-5.9144233711
9.28665974157	-6.05376266804
9.33981003214	-6.26269770585
9.35788061483	-6.36774671963
9.37591637024	-6.52411214339
9.35568921926	-6.62819388357
9.35406576011	-6.68206723936
9.32765614123	-6.79948899223
9.28651274944	-7.03527833322
9.24776728553	-7.17326279996
9.17160943864	-7.39814536368
-8.4393140231	-15.2632368234
-8.53951595716	-15.1088431102
-8.60188312813	-14.8660266416
10.3989360716	4.55409608672
10.5951198156	4.76647440767
10.6794284816	4.84498605967
10.8253329754	4.96580269709
10.8989150398	5.01609830912
10.9876433286	5.06188876594
11.1951523437	5.18060298347
11.310241322	5.1961909853
11.4677842396	5.23414596313
11.7271989996	5.28144899667
11.8703596882	5.26917465743
12.0265845723	5.29791339293
12.1987582751	5.32905256862
12.2924495452	5.34015754186
12.5956626061	5.40653073604
12.970716492	5.41640429565
13.0603870349	5.42250627216
13.1573695683	5.37784791484
13.361318759	5.38873357194
13.630002481	5.45117440684
7.72195742906	-11.8700475614
7.7854575467	-11.7025540455
7.79877546218	-11.5577217742
7.75029822839	-11.4008378517
7.72585773308	-11.3562852496
7.69691017535	-11.2009400618
7.69750835808	-11.0234630705
7.68280081418	-10.9346884943
7.65287528695	-10.8268351163
7.6242735835	-10.6091823306
7.62428947791	-10.6092282462
7.32112019069	-10.6262508927
7.1859002778	-10.5978394527
7.05879975503	-10.5606677533
6.97539603303	-10.5555178495
6.74815886453	-10.5683652691
6.6696753748	-10.5758607316
6.40479846587	-10.6046191803
6.31530344411	-10.6329445295
6.02600036234	-10.6405273436
5.77429555152	-10.6371191107
5.6394767373	-10.628928994
5.41711262532	-10.6117818952
5.26715667059	-10.6056807187
5.105013712	-10.5684138164
5.02109142541	-10.5598109949
4.86077880177	-10.5413950327
4.72586910388	-10.5240990404
4.56847022775	-10.4972205816
4.342263666	-10.4440024087
4.19396543066	-10.4016593263
3.84674442828	-10.3098297571
3.69034925378	-10.2635804084
3.5721085238	-10.225954972
3.4844078897	-10.1920699329
3.21393094335	-10.0834794417
2.99088190682	-9.9946904858
2.80286064869	-9.90858934942
2.60254776219	-9.81162782566
2.46542611947	-9.74176743681
2.22640411177	-9.61219347325
1.95553592886	-9.45644066378
1.41488558288	-9.16377415617
1.20526411143	-9.05945000799
1.15441944723	-9.03304851816
1.02090029651	-8.98334941055
0.977384148768	-8.96683237241
0.859451228184	-8.93059436429
0.796759149949	-8.91354540094
0.565820325933	-8.83348041613
0.413987167786	-8.7959610938
0.34139288963	-8.79062598785
0.281374815606	-8.78283145797
0.0932020318251	-8.77411650881
-0.00951896997781	-8.84305539988
-0.0685314501121	-8.89064968864
-0.148664116498	-8.94431857082
-0.278552964722	-8.92782719713
-0.381571644324	-8.97365107644
12.1886880282	1.33191210022
12.6002708632	1.23713625451
12.7934325363	1.20715837605
12.893707614	1.20621027973
13.0050397968	1.2076189302
13.1559130243	1.20638351736
13.3421456132	1.20724494761
13.4712735858	1.20478764631
13.5679563725	1.27133990842
13.7095765519	1.29491030583
13.7837962897	1.30576537953
13.8604228981	1.31808110404
13.9741968042	1.31122524313
14.045330041	1.31860440811
14.1536646078	1.33886653429
14.2530497212	1.35594101136
14.3529397337	1.3845297731
14.4539030493	1.39062910044
14.6574516972	1.47118153724
14.8384366406	1.54032072044
13.8946061961	5.47272724963
13.989412425	5.65764800922
13.9870000006	5.7541236206
13.9829212587	5.89413787795
13.9160885024	6.29455982388
13.8783576364	6.42495023317
13.7947972577	6.6437679871
13.8027918047	6.78262402717
13.7540253375	6.90045647038
13.6881794585	7.03397629011
13.5679736449	7.16731182105
13.5102194117	7.20935430135
13.4748358024	7.23519172278
13.2949379801	7.358819724
13.1488595473	7.46148269413
13.068926908	7.51087234081
12.8287213547	7.67519713419
13.8949703351	5.47243439972
13.6300025167	5.45117441069
7.80506292812	-2.93349518786
7.6304255134	-2.79324439895
7.41293688885	-2.65630913556
7.12399462263	-2.41082251618
6.95103298285	-2.28228448993
6.62066167922	-1.99841326765
6.37518157969	-1.78862013361
6.2431551372	-1.67222500818
6.07380937135	-1.52941050401
5.76382028512	-1.28555935134
5.60548838966	-1.12107500807
5.4428959542	-0.942563306427
5.26357135832	-0.717814785959
5.05300053815	-0.462826971971
4.84645656361	-0.186676915874
4.73690194348	-0.0487830571356
4.64078323019	0.0865344221848
4.56719284616	0.192336244491
4.43042822468	0.344770205712
4.28760790117	0.488324690821
4.28028929711	0.618652531131
6.69839571254	-5.21965529193
7.00234821413	-4.95434743711
7.1173022815	-4.89298219539
7.27034844072	-4.77667290132
7.34875552903	-4.70032159912
7.46792347241	-4.62700585781
7.56066914378	-4.57412197923
7.64106889029	-4.53004115948
7.79934962604	-4.41297822125
8.0002788047	-4.35434566802
8.16836784029	-4.35682733954
8.23489306001	-4.36162683057
8.41109458424	-4.30722275901
6.69835961903	-5.21965531653
6.55172847266	-5.10543735634
6.20833911696	-5.17217919418
6.03863939224	-5.23342032097
5.93684235457	-5.25534206523
5.81813703442	-5.29206964071
5.74246781114	-5.30486139506
5.68310585217	-5.3293720447
5.47986802532	-5.4165004161
5.24377772787	-5.50826083705
5.17787426442	-5.5733436232
5.09497394371	-5.64395692093
5.02962139713	-5.6952725574
4.96949669797	-5.74562692989
4.7223494099	-5.91220858291
4.66837856661	-6.03049177056
4.65704316732	-6.07383688995
4.61262642839	-6.20876283577
4.54361375911	-6.40175690422
4.52556937937	-6.58381935675
9.48150385157	5.96197221367
9.60767295455	6.23211738334
9.54952437804	6.36068410293
9.46959903065	6.55905954625
9.38760851793	6.70952915965
9.28512380309	6.88949946518
9.24348441496	6.98187301334
9.20186545498	7.08065443813
9.17158944257	7.1439418004
9.11381920528	7.227565091
9.09528263974	7.36341143007
9.08985765315	7.53263524856
9.09625408468	7.65910961524
9.12822331055	7.83771894763
9.16069920869	7.94333125548
9.21763732194	8.15445730551
9.26707466605	8.25376143702
9.30826889557	8.35802640669
9.35250706409	8.50502174685
9.40341066356	8.61965270033
9.47368441609	8.78963924745
9.61272338694	9.06353305333
9.69085894131	9.21527669767
9.755477318	9.35324114968
9.88069621688	9.56725427412
9.95380758777	9.71779419415
9.99304053713	9.81786570697
10.0515661601	10.0244027837
10.119491616	10.3307689019
10.1302522453	10.4094937462
10.1537299186	10.4859842457
10.2690607107	10.6553705698
9.48157641404	5.96165048115
9.62149921226	5.65722234707
9.82308203628	5.48558058645
9.90475904737	5.42056795435
9.92862116977	5.26061509517
9.9776280747	5.20342393652
10.1572010416	4.97882024906
10.2042213095	4.91196064424
10.241499089	4.85451755834
10.3003116888	4.78569614123
10.3989504826	4.55415852477
-1.95608088158	-13.4063571284
-1.89379778588	-13.1797549426
-1.84093123694	-13.0360577962
-1.80999094646	-12.9595088999
-1.75865035635	-12.9012295604
-1.69173949592	-12.7667302074
-1.62015833257	-12.6637862243
-1.57159864671	-12.5979736176
-1.51246252888	-12.5103646001
-1.41365457053	-12.3892431963
-1.3260915084	-12.2666699134
-1.18442384644	-12.1337493205
-1.06633600321	-12.0265049407
3.22322670533	-8.03545602348
3.37255502282	-7.95024326235
3.50755852938	-7.94781230843
3.52871149736	-7.94712292842
3.65955796221	-7.91083115146
3.81146019819	-7.96702764147
3.89652262597	-7.94307394123
3.99015541676	-7.92888172917
4.07985848414	-7.91609408819
4.22539244028	-7.8998195126
4.33472397958	-7.89257175774
4.44831662542	-7.8947300505
4.58576139188	-7.89634337809
4.71100106947	-7.89759770328
4.80674807578	-7.90539231667
4.8575998294	-7.9051984589
4.97652930128	-7.91844833302
5.07059563418	-7.92303865193
5.25225601749	-7.93725524639
5.36514443465	-7.96114582634
5.58658106846	-8.01783697205
5.78574249371	-8.08110531206
5.98076649697	-8.1545296351
6.21678349659	-8.24841153664
6.30606079565	-8.29987209811
6.42227491468	-8.3512204343
6.5728605877	-8.41950065209
6.75828889215	-8.50305475176
6.85913656807	-8.55082948076
6.9352231204	-8.5898109753
7.05262153332	-8.63294098124
7.10140068736	-8.6542411877
7.21916418229	-8.70134921883
7.31406266315	-8.70075642107
7.41019280856	-8.73391407959
7.56039269453	-8.78498266069
7.82108928716	-8.87200544879
8.01178608209	-8.93931419023
8.238986189	-9.02355040266
8.39930118468	-9.07829166112
8.67802438885	-9.16774118891
8.80481317748	-9.19875732512
8.98353614493	-9.24517681522
9.08252879381	-9.26358441156
9.17425111438	-9.28453287263
9.32234483983	-9.29692865399
9.44678762896	-9.31540183479
9.52790219609	-9.36072925259
9.65134440481	-9.39721821562
9.79350611882	-9.440747416
9.89807423178	-9.48454606614
9.93399769662	-9.53710229716
10.1013007643	-9.63609843131
10.2312783462	-9.8354292144
10.2522962705	-9.89651895416
10.2893727383	-9.96370751289
10.3085159955	-10.067334216
10.3241371592	-10.1450533059
10.3057420241	-10.1970613815
10.2948668104	-10.2517057375
10.2511663239	-10.4369173995
10.1925509933	-10.5855167917
10.1100373817	-10.6830520613
10.0120626328	-10.7029415564
9.91499079707	-10.7507719402
9.8417195143	-10.7981481433
9.70151281951	-10.9408486149
9.58164836494	-11.0629395608
9.49240308478	-11.1405843942
9.41764629089	-11.2003012117
9.33082606314	-11.3042521924
9.29801752591	-11.3259099942
9.04152530977	-11.4332414886
8.74914117488	-11.5894474156
8.65558464601	-11.6353289164
8.46156677544	-11.7194642896
8.26843287781	-11.7930884649
8.0936973044	-11.8340048948
7.93010890812	-11.8691731434
7.72196685486	-11.8700256214
6.53302322858	5.44764097585
6.36991483277	5.29161531
6.09655598923	5.22912112265
5.97342057385	5.16598066081
5.8016544584	5.09169379203
5.59666614763	5.05505303133
5.22325125096	4.8755263915
6.53303885768	5.44761043865
6.75105973952	5.47412091805
6.94715978298	5.37810627589
3.39474695072	5.6489604879
3.44076156277	5.9038590258
3.58882694764	6.19795104185
3.73928655984	6.52794770979
3.76609686161	6.60695694225
3.78897250942	6.78832568282
3.84914274212	7.16609849305
3.85559762664	7.22469017878
3.84697210552	7.33994893932
3.82376474255	7.51739867913
3.76822346468	7.77693605998
3.72416501452	8.09320213984
3.57708955773	8.45880485592
3.45782770846	8.59692281436
3.36730245725	8.72853537633
3.30764494622	8.81933822643
3.25136474011	8.9019864756
3.21500304846	8.95741319928
3.06486797157	9.11438995443
2.9058716417	9.27490497821
2.76787022281	9.40895384881
2.65660036303	9.53342646845
2.52341324355	9.60335401234
2.34099425525	9.80478135528
2.24700164068	9.89950735104
2.05829953122	10.042607238
1.96431162988	10.1064878195
1.87122091457	10.1758525141
1.78901283036	10.2331740345
1.65098991771	10.3345052017
1.48604879218	10.4601335197
1.21606655383	10.6508032338
1.13524311391	10.703923481
1.02895283584	10.7668576478
0.965387178839	10.7993522222
0.863812194733	10.847848622
0.729116882894	10.904660194
0.616311967735	10.9429385132
0.463521473064	10.993178573
0.212844999191	11.0847016755
0.122272817426	11.1081296709
0.0777958698579	11.1227757155
-0.0422432835019	11.1559327324
-0.138366257845	11.1900107882
-0.289160918362	11.2143128115
-0.517137546014	11.2424307169
-0.697074223453	11.2866319984
-0.891227789098	11.2586808585
3.39474723378	5.64893926593
3.15428833208	5.50275710549
3.04843304861	5.45366930911
2.98704922756	5.42252090892
2.8692172946	5.37269258005
2.77982592617	5.34992450278
2.61290388061	5.34638319308
2.49873497861	5.33739892441
2.17779237955	5.21427495132
1.8823519312	5.1771256762
1.56035190424	5.26441408254
-5.27639418922	-15.1367838611
-5.4584920141	-15.134275154
-5.65008642852	-15.1673919782
-5.76204265887	-15.1741586464
-5.87318476102	-15.1931942043
-6.10304910297	-15.2113255894
-6.31724773682	-15.2079026357
-6.50859869234	-15.2096317724
-6.82117500438	-15.2304209795
-7.09390270263	-15.2305848884
-7.50607701408	-15.2541962428
-7.63021316843	-15.2583972963
-7.7500632246	-15.2616317384
-7.8817078139	-15.2839116862
-8.15581246766	-15.2837038245
-8.19032371335	-15.2863780484
-8.43580844344	-15.2627993398
-5.27639419513	-15.136783911
-5.21714297009	-15.1676924777
-5.11233710411	-15.257635892
-4.91938388614	-15.3031524796
-4.72388520251	-15.3638210338
-4.54836694085	-15.4079607077
-4.31649059326	-15.482553758
-4.20420298263	-15.5210166674
-4.0296851706	-15.5545369669
-3.81749686468	-15.6010008719
-3.72017660514	-15.6109771371
-3.53327622735	-15.6242649716
-3.19868344028	-15.6361631758
-2.83270673867	-15.6276424107
-2.57012373825	-15.6181991513
-2.02508850509	-15.5672098928
-1.87038781414	-15.5429159933
-1.5754743961	-15.4912351954
-1.32152406275	-15.4402999752
-1.06269130518	-15.378791221
-0.894730439216	-15.3308948705
-0.729390447259	-15.2848320515
-0.550613354363	-15.2269997775
-0.384901792897	-15.1879386143
-0.2117388535	-15.124210898
-0.0515832758242	-15.056001903
0.183726868291	-14.9334997305
0.448015424028	-14.7745575501
0.565643422331	-14.703348792
0.710719678419	-14.5810007485
0.83127516101	-14.4669970184
0.879969476736	-14.3708696312
0.904160812802	-14.3228341359
1.07971625243	-14.1620451157
1.22021014675	-14.0520725866
1.31233192313	-13.9890423111
1.34592294807	-13.9871632244
6.64384317304	15.7025643757
6.44215421398	15.5701125063
6.30787790465	15.4818555732
6.23671226551	15.4423474332
6.11492035879	15.4006025713
6.05638631015	15.3160392181
5.99618176619	15.251251881
5.89407252305	15.0833586518
5.89409450797	15.0833192683
5.6943073575	15.1675382377
5.53516043253	15.2334595845
5.47460041715	15.2459191449
5.39818583045	15.2629403564
5.20245828657	15.3071786276
5.12367624687	15.308270696
5.00872606947	15.3459026598
4.8281222262	15.4008909458
4.66547644046	15.4545632917
4.37899256049	15.5074836983
4.17298979718	15.5474365222
4.04241758507	15.5187479133
4.00742446446	15.5205314561
3.84142165984	15.5908012404
3.68683981491	15.6086444339
3.54360284809	15.612643068
3.41507534711	15.655934221
3.20023466222	15.6281510009
-0.969071565215	5.06914425908
-1.1549596067	5.07766351525
-1.22966346119	5.14023959943
-1.32116885009	5.248487654
-1.48130513588	5.26690093773
-1.48130513591	5.26690093763
-1.646764577	5.25826615119
-1.77576122821	5.27457654896
-1.95691581183	5.20955927244
-2.08799033533	5.27397732415
-2.19564575772	5.30641952464
-2.33324685758	5.34207076038
-2.67297331241	5.38510595861
-2.76030937537	5.36198161337
-2.85066329716	5.36821465573
-3.08356376717	5.37332745122
-3.24773213991	5.36986704258
-3.56376357784	5.3564588234
-3.75302256746	5.3417503146
-3.86288769334	5.34158520917
-4.11129106369	5.33908659185
-4.28041190598	5.33751082878
-4.49531353003	5.3361760773
-4.57276317767	5.33575933704
-4.95846590743	5.33774236584
-5.44281073418	5.32223991891
-5.82488368135	5.32303208428
-6.15259523974	5.31530660016
-6.73603978357	5.31653585327
-6.92938796467	5.33043622543
-7.14023040282	5.34498879307
-7.28629360714	5.34802279964
-7.56760923177	5.36133418225
-7.68638400315	5.37527827845
-7.84873665617	5.41981086353
-8.0161253806	5.50594191044
-8.1294396	5.52709595649
-8.2594670951	5.548632691
-8.34150303656	5.56187224067
-8.47072041662	5.58560566256
-8.62467834837	5.61287552622
-8.77820458711	5.63753925559
-8.87252018057	5.64100281234
-9.01724916619	5.66170538549
-9.19997255688	5.69667209449
-9.25362577936	5.71073697513
-9.45955657522	5.73843854512
-9.49408633284	5.7166296194
-9.75478128016	5.80076858851
-9.87440600101	5.80730549
-9.98138440249	5.82581221887
-10.0839976277	5.8739765095
-10.3184843184	5.87974456363
3.20089824929	15.6285210515
2.97044043665	15.5800611273
2.73133259342	15.5129636713
2.5711776921	15.4396120536
2.37259334857	15.3157926975
2.1392865419	15.1669213112
1.97868289354	15.0735731134
1.73464027576	14.9261020674
1.56895717261	14.8231791003
1.472452835	14.7520847563
1.25267984294	14.5920422804
-9.26435141531	-12.6458104727
-9.21097361385	-12.4559986938
-9.0647164981	-12.230189261
-8.9198286745	-12.0859180373
-8.78235106294	-11.9257560856
-8.73894548187	-11.8681741695
-8.67893309246	-11.8174967787
-8.66307088279	-11.8050259026
-8.62054877619	-11.7619125489
-8.56409784654	-11.6812481588
-8.48191184366	-11.6206688517
-8.26484277315	-11.5545104361
-8.19312439471	-11.5394825264
-8.05155401502	-11.5348078986
-7.91152518577	-11.5856902948
-7.84253367514	-11.6486290424
-7.74066341803	-11.6727124734
-7.67024544627	-11.7062455437
-7.59219619236	-11.7764170291
-7.57469512067	-11.7907099035
-7.48253966691	-11.875486031
-7.44801884323	-11.9438911633
-7.40108469054	-11.9995836425
-7.40789671957	-12.0097043935
-7.45192264746	-12.1314806402
-7.4860463985	-12.2497252951
-7.48076694456	-12.4680696702
-7.51579015364	-12.5594163401
-7.55373101604	-12.6270948308
-7.63201147561	-12.768541554
-7.62953763189	-12.8387276405
-7.71215593926	-12.9567552577
-7.80504378503	-13.0302695256
-7.90553776135	-13.1013421955
-7.96161794663	-13.1309711128
-8.11767119189	-13.2594342947
-8.30098888526	-13.2956866164
-9.26435115007	-12.6458119321
-9.07515848828	-12.8446865229
-8.9271699962	-13.0286564676
-8.8515744444	-13.0906751428
-8.76411761449	-13.1745773423
-8.70041211641	-13.1698125806
-8.60346736896	-13.1851371854
-8.5153742805	-13.2392541865
-8.30349129232	-13.2974385672
-11.2608703681	-12.3375447684
-11.0884706106	-12.4680597293
-11.0079329011	-12.5340556902
-10.7462930107	-12.7931271547
-10.6761109105	-12.8905669897
-10.6286131848	-12.9510626651
-10.4110449507	-13.0789658882
-11.2608703681	-12.3375447684
-11.306746148	-11.9863668029
-11.3054666305	-11.8597627104
-11.3030276292	-11.5882981338
-11.2459972102	-11.3047247904
-11.2375241297	-11.1875711733
-11.2187084485	-11.1051911095
-11.1898216613	-10.8865063749
-11.1767502963	-10.7774743465
-11.1842388057	-10.5679579801
-11.1740840569	-10.4588570266
-11.1384086799	-10.256988473
-11.0390358275	-10.1014340006
-4.98587414136	1.90627842948
-4.99707716092	1.71917889941
-5.05789310199	1.64680346549
-5.09370807281	1.50762774499
-5.18589495443	1.17926428789
-5.19746628499	1.1453221697
-5.21576808024	1.07955166862
-5.2555683804	0.954142631306
-5.33866952785	0.693213300624
-5.38210721278	0.535699168936
-5.39579024022	0.483900329991
-5.42018019761	0.398360338149
-5.46402597397	0.260939347396
-5.54097159217	-0.045207678915
-5.59136734186	-0.23413978532
-5.72880399819	-0.759858795768
-6.44742187343	-4.28087785138
-6.44257579242	-4.4080892572
-6.4541652239	-4.5560942467
-6.45560177166	-4.69308752471
-6.44960520006	-5.16646986806
-6.48109159412	-5.30156097057
-6.46193376911	-5.52286913451
-6.46284529598	-5.73094724613
-6.44481598015	-6.07425363616
-6.45999251542	-6.25082663647
-6.51808128493	-6.3846685184
-4.98586830514	1.90620937508
-5.15858802076	2.08147300934
-5.20779819474	2.12815763113
-5.29963258989	2.21004513625
-5.48252775157	2.38075315851
-5.58346615713	2.4591580405
-5.66136764028	2.51391453306
-5.75438169867	2.58756054797
-5.82733193612	2.64488136135
-5.9098415934	2.70545827983
-6.13521554882	2.87318032494
-6.32241526813	3.01323443392
-6.40145441146	3.06954958264
-6.60619224211	3.20254397921
-6.74181193145	3.30927786413
-6.78869143363	3.33808903514
-6.90958263397	3.40456374432
-7.09916875149	3.50486584658
-7.20145743246	3.55808287342
-7.26278652662	3.5869449484
-7.44766085886	3.67837279619
-7.65744815711	3.76886978228
-7.79016359322	3.81987397554
-7.97418749211	3.88743798351
-8.11584612231	3.93965619638
-8.32225658816	4.00588382601
-8.46742639475	4.04757145336
-8.60792863571	4.03236671924
-8.76291005329	4.06567736013
-8.87743775303	4.08969284041
-9.16739228917	4.14844641715
-9.38356026869	4.18355565722
-9.483325859	4.19799744225
-9.86572995874	4.25902308126
-10.0700138809	4.19694266242
-15.4304135399	6.45428298798
-15.4971120934	6.2568163235
-15.500313944	6.07443970105
-15.5306213326	5.91205844319
-10.3184843184	5.87974456363
-10.6252900075	5.80134995786
-10.7729138548	5.79794378793
-10.9199411973	5.78464446495
-11.1292398854	5.78487058924
-2.8707052135	-4.17635434379
-2.93055528003	-4.10032293166
-2.94767235625	-4.0813855622
-2.97335261461	-4.04158630046
-3.00167985194	-3.91310443904
-3.0400669912	-3.73499072232
-3.06468195351	-3.56958940369
-3.06113287746	-3.35497938396
-3.02020926816	-3.21331666101
-2.98037683319	-3.14464537716
-2.9123668829	-3.02734832519
-2.87046608153	-2.9563538759
-2.85820981739	-2.94046043183
-2.79165802314	-2.8745226759
-2.72878140781	-2.83630596702
-2.63339010653	-2.81543167853
-2.57605464244	-2.85486818117
-2.51545046982	-2.86522278222
-2.47164466662	-2.87345451074
-2.39441302801	-2.89688516892
-2.3614992298	-2.98828112178
-2.33020161966	-3.09330940066
-2.3192315032	-3.17572765737
-2.31379151601	-3.41291219729
-2.31378709801	-3.56285962362
-2.32151031766	-3.61001210155
-2.34194170962	-3.68257066089
-2.42308328378	-3.82227185173
-2.52272559811	-4.00520327004
-2.56697208779	-4.06203148511
-2.62451998225	-4.11158751045
-2.76746275878	-4.13826498757
-2.87033506008	-4.17647664206
-12.4486276964	0.053099905799
-12.5552363045	-0.0102356899499
-12.7425820491	-0.0991689312771
-12.9310358406	-0.194744873151
-13.1485316163	-0.291887099661
-13.3940284976	-0.250074572649
-13.5137281098	-0.414159498184
-13.5513871615	-0.426236067124
-13.600066673	-0.439820389781
-13.6903318987	-0.44948386766
-13.7955060735	-0.466870618838
-13.9031365717	-0.473404663773
-14.0682632374	-0.450432817273
-14.2473570119	-0.369682239117
-14.3255844749	-0.355220647938
-14.3910656913	-0.338981792691
-14.6399569614	-0.24490610221
-0.381558688352	-8.97358629491
-0.324006119204	-9.19119825722
-0.284603929004	-9.33080169352
-0.212880288437	-9.46447471406
-0.0194143719717	-9.77888888656
0.178909707322	-10.0158308777
0.28364632392	-10.1392617718
0.415934610349	-10.2850076055
0.519482591634	-10.4012519413
0.643507001536	-10.5646964344
0.738531787749	-10.6927360069
0.800318516087	-10.7866391301
0.939195267827	-11.0057454513
1.03650804816	-11.1685001769
1.0533710066	-11.2350860757
1.13235111776	-11.3928574789
1.31390989696	-11.7796940291
1.50470030777	-12.1374538651
1.58353889052	-12.3142231354
1.66395696256	-12.4966355758
1.75449190112	-12.882139652
1.77172924246	-12.9706957236
1.7976962238	-13.0900868349
1.81833089104	-13.2093916604
1.82614414198	-13.3535433394
1.82954233073	-13.4577720476
1.7799608027	-13.6736015217
-11.0712664439	-8.39827619914
-10.9474744833	-8.24204846602
-10.9011496608	-8.12603348788
-10.8151209155	-7.97764931417
-10.7860926531	-7.89190792153
-10.7413808175	-7.75759669913
-10.5859018493	-7.60090071985
-10.5308594805	-7.4956004994
-10.4224941255	-7.41092760614
-10.388923898	-7.3263177913
-10.3586089188	-7.24807386541
-10.2964562098	-7.10095465034
-14.1790726717	3.30598906553
-14.3192161973	3.44194855173
-14.4469118446	3.67046469921
-14.5313310221	3.81999653208
-14.5917432242	3.91712601003
-14.6479325771	4.0182374325
-14.6926707842	4.20897277291
-14.6205995466	4.35412938793
-14.657075186	4.49645259571
-14.6982239586	4.58737230675
-14.7576143694	4.65967005628
-14.7837103277	4.73725719974
-14.8083183225	4.80092207952
-14.8959565154	4.89891867462
-14.8927645343	4.97320756728
-14.8995593119	5.05963251292
-14.8898010915	5.19650224622
-14.8764925567	5.24677952975
-14.7081690678	5.50236567052
-14.6046837805	5.64320955455
-14.6311422337	5.78087133466
-14.1790883476	3.30598085169
-14.0579991364	3.40417228629
-13.9740124102	3.50473476886
-13.8614913585	3.57798535424
-13.7706063612	3.70197675161
-13.6975368325	3.89211791848
-13.6455773823	4.05118126233
-13.5995145733	4.15425114821
-13.5508764434	4.31011452594
-13.5229965475	4.44044261382
-13.47688094	4.83617975221
-13.5258532504	4.97850561307
-13.5481534329	5.16304241385
-13.6110885592	5.28757889707
0.0116525945269	14.0541004405
-0.128311334256	13.9483816064
-0.353537127754	13.794480985
0.0122573250542	14.0523776318
0.247662596925	14.1627723985
0.344737034022	14.2178608002
0.427894681339	14.2682637281
0.512178178189	14.3455972313
0.658856395354	14.4139328696
0.891642300017	14.504804534
1.00657118544	14.5439609363
1.08863601319	14.5495864119
1.25149848022	14.5939479066
-14.8587575467	0.377914031563
-14.8105644132	0.00373143313757
-14.6399566426	-0.244953644638
4.28028939309	0.618648764291
4.05534332881	0.67569649631
3.9207774332	0.74653212238
3.87333297546	0.725998100208
3.78316260795	0.799437370333
3.70519245946	0.863676117115
3.52301120105	1.00122945095
3.30762105652	1.19524115678
3.02082703651	1.41445501139
2.8641256367	1.51602740408
2.76679215938	1.59321650524
2.60717525305	1.72295119227
2.34356961876	1.90438788661
-15.5306213326	5.91205844319
-15.7368262063	5.75425860119
-15.9198702926	5.59357088606
-15.9936236589	5.51918721037
-16.0491071583	5.45559788234
-16.1389714463	5.34672836521
-16.2133587771	5.24711699413
-16.2236753096	5.1323208177
-16.3270834304	4.98662487991
-16.3980453473	4.90941407249
-16.479431843	4.81603506051
-16.498037419	4.79451897193
-16.5809892416	4.69137491833
-16.6734949578	4.5608438374
-16.8173042308	4.33546441111
-16.8825232956	4.22401975407
-17.0090797671	4.0401016947
-17.066575471	3.9164323828
-17.1021228863	3.83426514027
-17.134749571	3.74264192069
-17.1535520898	3.67652915855
-17.1708020806	3.61268868043
-17.1992787101	3.46469277621
-11.4775822266	-5.57405587626
-11.4030985217	-5.71701921855
-11.2801374933	-5.93417228638
-11.2029060045	-6.09053691128
-11.1453091291	-6.18699731637
-11.0777265816	-6.30445185839
-10.9594761837	-6.50730407717
-10.8964169396	-6.51727213971
-10.7844566887	-6.55262547115
-10.6954311811	-6.63127625585
-10.6030278326	-6.71436163477
-10.4914684348	-6.8307001597
-10.4450064756	-6.8835631108
-10.4173148932	-6.97011490233
-10.2964399013	-7.10091686077
-6.51852947104	-6.38460140027
-6.32933345181	-6.48271550052
-6.11738808556	-6.53743697766
-6.04112186432	-6.55376833155
-5.92975239307	-6.57377020401
-5.80946161881	-6.60729448214
-5.63648908765	-6.63716340628
-5.45505400921	-6.71933532237
-5.2908927876	-6.77562696636
-5.23205672709	-6.79281621333
-5.10101663915	-6.83125854114
-5.00921509546	-6.86322742367
-4.85779566828	-6.88754613756
-4.67408223068	-6.9373311098
-4.59788562981	-6.95752516723
-4.43585804647	-6.99962568579
-4.26947595625	-7.03917695669
-3.95698931084	-7.10041833191
-3.72642705878	-7.14745108006
-3.4611158914	-7.1985552299
-3.24293301064	-7.24172084892
-3.00173559156	-7.26056985487
-2.7469208409	-7.29809429607
-2.59851842666	-7.3044347972
-2.45390057424	-7.31211445206
-2.23881210208	-7.31717820087
-2.10091300731	-7.3159710756
-1.87100511704	-7.30227906616
-1.74346900326	-7.29099534372
-1.57821517196	-7.25294048251
-1.32378356689	-7.18529382677
-1.19007889383	-7.13572180634
-1.10245820645	-7.09381868915
-1.0031148038	-7.01271847599
-0.890823172176	-6.95581529247
-0.773453202002	-6.88659564066
-0.647002395201	-6.79500043135
-0.47178683102	-6.63109305953
-0.292263171417	-6.42950440229
-0.20530840629	-6.2541382846
-0.0263634324128	-5.97769224968
0.486094051747	-5.01116901965
0.900230533824	-4.08451403343
1.06541652942	-3.67730050744
1.27740795192	-3.20828952432
1.41117776258	-3.00743455845
1.48072091779	-2.8905618746
1.56565859588	-2.74462268016
1.63858127783	-2.60297275058
10.3131126741	3.75412134449
10.311466806	3.99060654769
10.3278650061	4.11015206474
10.3989891953	4.55407893597
1.77997923539	-13.6736723745
1.59709147937	-13.8326832669
1.34608917167	-13.9873295542
