2167 0 0
-4.95786356929	-10.410520006
-5.1768570195	-10.1519147499
-5.244337835	-10.055793811
-5.3134294099	-9.90928981676
-5.52122138247	-9.56145717504
-5.59635007571	-9.48732242537
-5.66385714888	-9.37510225153
-5.72943990792	-9.18648569665
-5.8262324912	-9.01624133874
-5.87493830191	-8.93942179419
-6.00181151898	-8.84988000165
-6.06802300991	-8.70732767506
-8.6413631477	-3.66972176002
-8.54027600383	-3.47316863019
-8.50125313815	-3.34985351608
-8.45842818489	-3.1892900986
-8.43232825466	-3.10598256334
-8.40771220757	-3.0081049892
-8.38498975073	-2.82835582458
-8.34075075178	-2.62111067901
-8.29861520819	-2.41977340999
-8.2719219312	-2.09898670379
-8.25174961473	-1.96604912128
-8.19621280136	-1.59583592594
-8.174875231	-1.48071329004
-8.16040572301	-1.39383572761
-8.15630491492	-1.36133134628
-8.12008176397	-1.09556218027
-8.06506400418	-0.726954737812
-10.6081583735	-1.61646207649
-10.6521351583	-1.78181775209
-10.6927463367	-1.93268068147
-10.7048126804	-1.97959572438
-10.7040680249	-2.09344122404
-10.7436321379	-2.23103984425
-10.7852811737	-2.4122240183
-10.7489407295	-2.47946137837
-10.7884769235	-2.65102465736
-10.7352816114	-2.77060623014
-10.742958341	-2.89417048806
-10.7369126026	-2.96591505432
-10.7681405879	-3.10486187151
-10.803508306	-3.1684632258
-10.8176580555	-3.40198795682
-10.8220192584	-3.49937915608
-10.8269315752	-3.62748156292
-10.8241302522	-3.71970620623
-10.8197684365	-3.80742594657
-10.8108463157	-3.91661537208
-10.7684598627	-4.04268401867
-10.7408818766	-4.13095933935
-10.6410886394	-4.21891854944
-10.5895362518	-4.32366176122
-6.95936913782	-8.90528169734
-6.92403011747	-8.72555978662
-6.86630826083	-8.6440881909
-6.78648148456	-8.59546355177
-6.71042935858	-8.57773523224
-6.65121395068	-8.57550151881
-6.58548353131	-8.57748445905
-6.39475281083	-8.6492546829
-6.27718866458	-8.68374079895
-6.1950407141	-8.71761429964
-6.13310435599	-8.7316410887
-6.06802760992	-8.70732643945
-5.71806572019	-5.12069799542
-5.81343167437	-5.13199792017
-5.95575942705	-5.13812432652
-6.1325752749	-5.14569528877
-6.19009325627	-5.14776172111
-6.35320826639	-5.12050126901
-6.4187450447	-5.09187635075
-6.49919526693	-5.08367219758
-6.6028926543	-5.01731473393
-6.69716422592	-4.92631136875
-6.76656741349	-4.85863704841
-6.92024565956	-4.66196362812
-7.05448066582	-4.54844241009
-7.12164213742	-4.49405146027
-7.20340935416	-4.42350011392
-7.28690510283	-4.38758515641
-7.34419740539	-4.34771829029
-7.44907135202	-4.26936554872
-7.56180935403	-4.20092290444
-7.68052579803	-4.15927738724
-7.77827363364	-4.11291737707
-7.87837870566	-4.06162500182
-7.98721054767	-4.00870976895
-8.19509425445	-3.93152687987
-8.30768760042	-3.88445780932
-8.39172986237	-3.85218469259
-8.46583247817	-3.81832904234
-8.55445518162	-3.7620726717
-8.64148051495	-3.66977449709
-10.4586308262	-0.0245037136529
-10.4657867428	-0.141716028587
-10.4408890871	-0.239025944106
-10.3904571034	-0.48103257354
-10.3603134677	-0.675635061802
-10.3541690442	-0.74824969314
-10.3157752397	-0.837986172389
-10.3194593295	-0.918144354225
-10.3396417974	-0.998340822334
-10.3557726272	-1.18938395741
-10.3713726731	-1.28401740032
-10.4532171567	-1.47949825184
-10.4218363534	-1.55739219224
-4.5513009167	-6.79780797262
-4.46826502938	-7.00287526275
-4.42122818197	-7.08281888962
-4.35207918985	-7.15410517947
-4.22102478442	-7.21167324213
-4.14999898611	-7.28243375157
-4.09610049958	-7.34991987919
-3.99379899417	-7.41413007802
-3.87826366839	-7.48911815274
-3.65776932609	-7.59824421305
-3.483920456	-7.64279018471
-3.27509864968	-7.64841646557
-3.1557917343	-7.62942378834
-3.04655432877	-7.61995982372
-2.93642001318	-7.57955801104
-2.88486974399	-7.55829596317
-2.82083035845	-7.52073486719
-2.69318563568	-7.35411481299
-8.0836621783	1.21635888085
-8.00795784033	1.43570170195
-7.99296104181	1.61324435542
-7.95663706681	1.74102481117
-7.93328603474	1.84915950474
-7.90042322946	1.95634680643
-7.89225440001	2.02081210774
-7.89177759631	2.09412255543
-7.89705923053	2.23058752436
-7.88528457086	2.380340295
-7.90282487452	2.47522284718
-7.91180207142	2.5294437083
-8.01013401785	2.72450150064
-8.05957559351	2.91089126235
-8.08952766508	3.02556983685
-8.18412484537	3.10902886193
-5.30121214144	-5.93493548007
-5.44847413685	-5.73808531528
-5.53457882678	-5.65795232551
-5.60613712049	-5.56153444447
-5.67260156967	-5.44757809866
-5.6958808127	-5.28306934551
-5.71738217686	-5.11861459449
-2.53190949912	-7.40325286162
-2.58861880799	-7.37839664772
-2.69311144142	-7.35390949755
4.64052645008	-9.34141395709
4.60421877368	-9.41320149016
4.55877023543	-9.46792672724
4.49999997849	-9.52746680135
4.35913126245	-9.6430570808
4.03939425145	-9.80992850821
3.93573459203	-9.85232783008
3.82515125339	-9.88874244846
3.78268563025	-9.90699183068
3.64328983905	-9.92271244791
3.51453600268	-9.96223800581
3.40796825843	-9.99663784736
3.32481843444	-10.0265672276
3.23243816365	-10.0629173433
3.14338724063	-10.1050269205
2.94213770645	-10.1985347024
2.82214129859	-10.2634866179
2.7357496693	-10.3178137208
2.42937317994	-10.458494196
2.28560967143	-10.6094655812
2.16411026579	-10.7485317776
2.06641319689	-10.8047366373
1.79391142385	-10.8228922051
-7.99694877418	3.42818753727
-7.87200726629	3.42168599665
-7.70420602954	3.51821530552
-7.586672565	3.58930808214
-7.50065608735	3.69697697468
-7.4047210236	3.76235386593
-7.33762097374	3.82589009462
-7.15379416885	3.95072818965
-7.0509776878	4.00756510765
-6.92121474945	4.07958549675
-6.89102543293	4.09434571863
-6.80867100373	4.13765814861
-6.63599149234	4.22473327949
-6.53014379842	4.24277995155
-6.38810885898	4.26831814493
-6.28436598086	4.29736559791
-6.11390791714	4.32893197478
-5.92881526935	4.37722038828
-5.85910916977	4.39245626701
-5.76416651619	4.41310877902
-5.65858630726	4.42548529044
-5.59746898828	4.44008552999
-5.5299437499	4.45693617007
-5.42801378473	4.48295773557
-5.25124030181	4.53104359361
-5.11972605978	4.55492867557
-4.87605959417	4.61584908473
-4.7385486596	4.63312924513
-4.59006115773	4.66154073104
-4.48268632754	4.680790366
-4.3554167864	4.7026504792
-4.26068411781	4.74241731091
-4.13325681997	4.76428676814
-3.96582460876	4.80088818068
-3.75290569858	4.86088217818
-3.55468401059	4.89628283963
-3.4308206757	4.92831111026
-3.32333449115	4.95264927562
-3.21954718139	4.98303757054
-3.12369224865	5.01020007503
-3.04906931792	5.03038096329
-2.97408211188	5.052712596
-2.83584507484	5.10716001772
-2.68596419261	5.16023543383
-2.58662253457	5.18632295848
-2.45028416178	5.20308850933
-2.35879279943	5.22789610862
-2.24554650889	5.24790844255
-2.18698368424	5.26874069006
-2.06177709195	5.31976064803
-1.96705939496	5.34706890502
-1.83333294554	5.38761807377
-1.72518282111	5.41473780471
-1.61601591431	5.43744083783
-1.55444310846	5.46479154148
-1.41579010275	5.49038394133
-1.29757876545	5.50871526105
-1.18557702247	5.5175810011
-1.15240188484	5.47915826502
-1.02387335744	5.45822829331
-0.883105592397	5.41805252232
-0.776933026647	5.40649448867
-0.603420852288	5.37742908772
-0.550911016013	5.36058135242
-0.5039739215	5.3494501535
-0.440416278479	5.33855849392
-0.3068783359	5.29604460844
-0.233859250386	5.27123924952
-0.00486658296406	5.20399172199
0.128022257573	5.14167983095
-4.37617251208	2.16589071911
-4.51891509475	2.02784415804
-4.61787664269	1.92021826997
-4.69550163143	1.83225142872
-4.76857864048	1.75608990086
-4.82795771584	1.69474716036
-4.87259239813	1.63068855657
-4.90474702591	1.59864480156
-5.01144837109	1.5139806141
-5.07044969732	1.44256499503
-5.13656937016	1.38118927455
-5.20930636304	1.32015245362
-5.26450636909	1.19697709652
-5.39223125781	1.14443155622
-5.52083487376	1.06634366521
-5.66084409315	0.983555018951
-5.75218276968	0.931705478265
-5.9206248948	0.824660460283
-5.97655872633	0.783581330184
-10.1511887737	0.499733969288
-10.2068670955	0.424672668308
-10.2831154723	0.297449949039
-10.3847975592	0.146034258979
-10.4323298409	0.0559708097046
-10.4585552541	-0.0245042496397
-7.69502822049	7.74460949145
-7.68773971372	7.75543454845
2.97776019513	-1.99684278199
2.92675751331	-1.95385674729
-6.9064290565	6.10388525479
-7.05342073627	5.97465115206
-7.20628899425	5.78716210533
-7.26310211064	5.56901911473
-7.32201222094	5.49078045112
-7.43137512848	5.30831425084
-7.5604282264	5.10161202891
-7.67971468661	4.8982031367
-7.90113515775	4.66832773283
7.41273468055	-6.6761576769
7.29783575851	-6.71765781712
7.19751973814	-6.78064081072
6.83569290216	-7.05849923826
6.4942380297	-7.43640214974
6.28450643864	-7.68446660269
6.07559463078	-7.95754551628
5.97536592594	-8.10301565647
5.88719578926	-8.24917436045
5.79125868799	-8.38315019472
5.66607246185	-8.530209758
5.58832038395	-8.63061486598
5.53999299683	-8.68918366063
5.48535157158	-8.74925409887
5.40091384243	-8.84629455614
5.30660163799	-8.95495682165
5.10738671628	-9.05759163608
5.05342615548	-9.0970040433
5.00231569532	-9.12969229866
4.96049771125	-9.15539699306
4.90798367383	-9.18646435971
4.87288940549	-9.23262755456
4.73004336243	-9.31040212741
4.64052645009	-9.3414139571
-6.59459633941	8.55796964351
-6.55501947588	8.47342228444
-6.5616634193	8.43281438525
-6.55681608175	8.40076391946
-6.51370319406	8.27363487658
-6.48598788774	8.12258626082
-6.43481108695	8.01591030066
-6.42367122815	7.90502248678
-6.41782415421	7.80276342828
-6.39634222648	7.60020405613
-6.3311728757	7.52107662688
-6.28585159039	7.41944668129
-6.24790159503	7.34839754544
-6.17666935247	7.34026677448
-5.88578073927	7.46255181469
-0.430349968495	1.9350994818
-0.447618777778	1.81288918797
-0.486382711409	1.72269529413
-0.500624106825	1.62115535121
-0.485455771514	1.56066018384
-0.54385814856	1.4805710555
-0.610490805819	1.3761263018
-0.661387298417	1.31045332198
-0.789024567604	1.19033434735
-0.926073728488	1.05844155383
-0.978740228281	1.00092336054
-1.0291022194	0.942262187198
-1.06196087596	0.90231846458
-1.07647325317	0.80372805673
-1.15329508286	0.700514738134
-1.25115293152	0.59835682324
-1.30244175007	0.550566489143
-1.35335104612	0.486916481635
-1.4093789463	0.428838134622
-1.45806620608	0.37906071791
-1.5086649774	0.333977613473
-1.54492957318	0.295132146213
-1.62660065692	0.201531622713
-1.70718481966	0.110399844562
-1.74157352938	0.0715796897576
-1.78467800601	0.0218045833727
-1.83113261217	-0.0335363158604
-1.88250558265	-0.0938272753517
-1.93549043644	-0.156956729396
-1.987579372	-0.222472279943
-2.03839522574	-0.285535512428
-2.07652630807	-0.335261079608
-2.11384093008	-0.393509220965
-2.15922966642	-0.454890094249
-2.21425106633	-0.535365698563
-2.26790680398	-0.586492309021
-2.30755067488	-0.647230073688
-2.38097981143	-0.756298005185
-2.4158504743	-0.811611366604
-2.44372047944	-0.858540097229
-2.47680276282	-0.915628972419
-2.50562584869	-1.01854968126
-2.55617157717	-1.08659003057
-2.59034144833	-1.14570686955
-2.62207000884	-1.19868883696
-2.67214932997	-1.2804993815
-2.76211281909	-1.42801722274
-2.82170645869	-1.50564041611
-2.88050964741	-1.58436035015
-2.92165117895	-1.63506236724
-2.99456226421	-1.72957603704
-3.04776046909	-1.79628680146
-3.12520334675	-1.89772324386
-3.21621591384	-1.99138345046
-3.26945487124	-2.04737967391
-3.35085729473	-2.11229238753
-3.37986582292	-2.14016922952
-3.49087852076	-2.24677157053
-3.5582452406	-2.31206236365
-3.61839367375	-2.35458894921
-3.6980727895	-2.44930313153
-7.63811488346	-5.34097383891
-7.70444391689	-5.36729509147
-7.82940650444	-5.43647090034
-7.90725420381	-5.45944290819
-7.9944073921	-5.48484527771
-8.04690294098	-5.50222363485
-8.0851925845	-5.53872530062
-8.15584762984	-5.56269565554
-8.22382014511	-5.58746219888
-8.31948301899	-5.62554198879
-8.3565416604	-5.65481391397
-8.38486278428	-5.67184401206
-8.42923027133	-5.7200856495
-8.45735395423	-5.7525736457
-8.49745180255	-5.8017985414
-8.52733377485	-5.85801335411
-8.58840241347	-5.98039749123
-8.60590565011	-6.02745255086
-8.66553566256	-6.1071859128
-8.69419038925	-6.18813849634
-8.72957223146	-6.31127993539
-8.74780480927	-6.37676722971
-8.7832704024	-6.49829522738
-8.85746537224	-6.59219128645
-8.89557025703	-6.6338574882
-8.9308182947	-6.66886737706
-8.99249587985	-6.71347363652
-9.06788025077	-6.75756998933
-9.15070004241	-6.78690760304
-9.28820719897	-6.83214742719
-9.3326298995	-6.84145349435
-9.39814416627	-6.83710233189
-9.47804366191	-6.8074987687
-9.51532333891	-6.79111548376
-9.74670976174	-6.65549168986
-9.86334884249	-6.5863396862
-9.93534585907	-6.58588227425
-10.0408181675	-6.47625040138
-10.1085455005	-6.40122351526
-10.1865509705	-6.3105272567
-10.2271773614	-6.25980041362
-10.2892713211	-6.1804825712
-10.3471391452	-6.09158120298
-10.3811065645	-6.03877867655
-10.4090249026	-5.99241908889
-10.4467562559	-5.91119034516
-10.48744335	-5.81372104927
-10.5288552855	-5.70170495675
-10.5514608636	-5.63578032894
-10.6167326842	-5.39902268637
-10.619307191	-5.22189071266
-10.6723988128	-5.03105258826
-10.6824879098	-4.97582710347
-10.7117050269	-4.73909372644
-10.7146027687	-4.63734488768
-10.7093673087	-4.56124284235
-10.6606925552	-4.47878140863
-10.6339495346	-4.39357181229
-10.5895489404	-4.32365270839
-0.739904881864	2.53488123746
-0.847643218286	2.58241604403
-1.04011940255	2.62865134851
-1.11853012282	2.62930642771
-1.19046575584	2.62967656233
-1.25359433557	2.62716761104
-1.31147180652	2.62156718197
-1.4507897221	2.53785819082
-1.51752598029	2.5391094287
-1.71626055737	2.53852551216
-1.78630804568	2.51580580973
-1.86965402286	2.51197206376
-1.99959082288	2.50700486161
-2.09143709523	2.50093758485
-2.19119575504	2.49491308084
-2.27970160202	2.52300071948
-2.42811232903	2.50080865475
-2.57325271308	2.47613903065
-2.65690523675	2.46333961671
-2.72443808477	2.45235675084
-2.90755364826	2.41968867978
-3.11893028544	2.4194882317
-3.19914996404	2.41247445919
-3.29724880436	2.40836185083
-3.39108505309	2.38643310078
-3.50727822363	2.36159406403
-3.63860110263	2.31791373707
-3.81827015943	2.26661662047
-3.86406257594	2.27928210604
-3.93978514242	2.26189438899
-3.99125800787	2.24796891241
-4.05743807579	2.23891971165
-4.14586300145	2.22179527127
-4.26857130137	2.21054926923
-4.37617251185	2.16589071603
-4.62851919958	9.47722982143
-4.70399781749	9.54505920033
-4.85315344345	9.56715805499
-4.9545372526	9.55739736513
-5.04717158562	9.49863001108
-5.11587979918	9.47697944006
-5.15919487985	9.45784898712
-5.22880303433	9.42254579116
-5.40691283567	9.32515781897
-5.51703125641	9.28046907314
-5.62064917882	9.22894888108
-5.82059498681	9.1264245989
-5.9068222477	9.07451955606
-6.06175319895	9.0154246853
-6.13717936253	8.94375016099
-6.19290219411	8.89347022106
-6.31290913866	8.80754973935
-6.36453771105	8.76021775305
-6.48136744513	8.63319729552
-6.59455859193	8.5578198441
6.39182093552	0.83620741939
6.3936560201	0.838065892441
6.39559907203	0.838596923369
3.3749832212	2.1292251971
3.23125252853	2.17986885985
3.16216774852	2.19584840854
3.05381256491	2.22163203043
2.96793673075	2.24206163073
2.88271712644	2.22831616684
2.80020710391	2.24343766759
2.73424130035	2.26360853484
2.64358136009	2.27661250764
2.51346478267	2.28496078289
2.35571112305	2.29467823273
-4.24666222282	9.80028335946
-4.14936492611	9.74621572949
-4.06786916895	9.69829710105
-4.03014555586	9.64906404328
-3.94946791909	9.54749573808
-3.91271789477	9.50174068762
-3.79227179138	9.36630292182
-3.74211323471	9.30933363142
-3.627229335	9.19681436211
-3.56633020363	9.14788238828
-3.48989831698	9.08042465819
-3.42827803833	9.03350066687
-3.35967416014	8.98084332788
-3.24164813798	8.89679814605
-3.07611574507	8.79220401815
-2.98677497526	8.73907730925
-2.85982284343	8.67745963025
-2.74157688649	8.6038764469
-2.62587156435	8.53903557052
-2.5233730659	8.50366591395
-2.4602972373	8.46554954245
-2.29831399686	8.37898375555
-2.18328654049	8.32930886018
-2.08190379701	8.27573414203
-2.02100082932	8.25535345282
-1.96825172557	8.26304016274
-1.88743370523	8.22342489978
-1.72294649459	8.14130139453
-1.61546261409	8.08775213168
-1.5503726885	8.03381955118
-1.47806315643	7.98859739793
-1.19137974228	7.83234336744
-1.12148041428	7.78010848206
-1.04823822209	7.72223290015
-0.890153071411	7.57849609476
-0.752873440065	7.46047367979
0.474264069777	3.92796916947
0.611822213878	3.89753658097
0.693017041652	3.89801764414
0.777963466097	3.87912480524
0.827822071739	3.86790295007
0.936640583251	3.82855410349
1.05722534786	3.76560032929
1.09854700127	3.72193898591
1.16386087731	3.69553475991
1.28852051122	3.68488196695
1.35699505529	3.64914851547
1.49629338832	3.55833288353
1.62721776277	3.42738148621
1.66814993489	3.36632506587
1.75206568623	3.30979318464
1.84226666552	3.26115913963
1.89263307058	3.21859348471
1.94492378068	3.17393925067
2.00979511103	3.11429830378
2.09734103198	3.03312869619
2.10832073392	2.94606003447
2.14892763417	2.88668953736
2.18867885926	2.8171918361
2.27039146335	2.64957107744
2.28248679178	2.54762987039
2.28519781413	2.52556640079
2.30882853524	2.42646291601
2.33496569137	2.3572457202
2.35571112305	2.29467823273
8.16346706092	-2.17076129316
8.27624817953	-2.15717406788
8.3529643375	-2.16712718306
8.41247849695	-2.19874948754
8.53811495596	-2.26912142727
8.6198864922	-2.35574061941
8.66638665837	-2.41402367592
8.72578868387	-2.50519274511
8.80180031021	-2.596897381
8.91647393507	-2.80953516483
9.70121616868	-3.05848537636
9.72391580768	-3.30024474758
9.70811404264	-3.44001459262
9.70256594792	-3.48093173773
9.6965317729	-3.54170968151
9.68486159673	-3.60993604075
9.66315383173	-3.67060293306
9.61545883124	-3.73240904112
9.55077898661	-3.78169800103
9.53353325962	-3.81256480621
9.49597087064	-3.88308542952
9.43456704563	-3.93575974954
9.31324594168	-4.0881923726
9.27883933313	-4.10185343484
9.11449989001	-4.28816452724
9.05330899398	-4.36740824553
8.93775376869	-4.47063548389
8.85804217005	-4.5285479207
8.83088964463	-4.54877257888
8.77664790486	-4.57618988142
8.64594967163	-4.66138142531
8.45539162228	-4.742604062
8.29474542917	-4.77486979407
8.10907545717	-4.7457337055
1.66578592138	12.6856502145
1.50923208866	12.7017484145
1.4804583286	12.7066164257
1.33344755684	12.6991977659
1.1864500631	12.6812695917
1.00865770865	12.6430278959
0.873719569669	12.6253812333
0.768145573627	12.6009981839
0.660025022985	12.5762277748
0.54762575202	12.5487188375
0.381725754294	12.5139562953
0.278467018147	12.4910100621
0.161428067551	12.459599357
0.0322930332325	12.4275418416
-0.0668301076507	12.4024721704
-0.184294227648	12.3712396735
-0.326101101906	12.3344054691
-0.408658041904	12.3131725213
-0.528739406154	12.2795968549
-0.556874083808	12.271134733
-0.645038403028	12.2425754552
-0.74243996898	12.2106143253
-0.758692064509	12.2060880453
-0.848535402977	12.1735431517
-0.914206271459	12.1480141023
-0.972141936562	12.1234493984
-1.04020571234	12.0927349128
-1.12099981746	12.050571262
-0.651340260812	-3.70349094714
-0.678263132955	-3.86581631184
-0.681717862981	-3.90308975966
-0.70929657149	-3.98154291813
-0.734971542483	-4.06305397359
-0.770354264766	-4.17095382325
-0.788622108376	-4.23337538743
-0.797515653312	-4.25902255311
-0.837332762889	-4.37637820214
-0.883330886218	-4.52051297715
-0.909196212661	-4.61241164041
-0.924024407127	-4.72742112202
-0.976915899986	-4.82584733461
-1.03047118266	-4.90543601783
-1.050120609	-4.96467410949
-1.05606338384	-5.01866245597
-1.05928631792	-5.08714575295
-1.10015200436	-5.12962570975
8.55836630961	3.00132651909
8.55232389004	3.00103726451
8.52600676216	3.03472004796
8.5143702139	3.16339005383
8.40948280445	3.32890081492
8.35278627432	3.37292725321
8.20489236225	3.40536772387
0.144520074115	7.49061080727
0.0224061328429	7.49948328162
-0.100527551605	7.51470495262
-0.244183272404	7.53351557986
-0.335865273291	7.53053635499
-0.520450313863	7.49701125901
-0.606366706356	7.50160037229
-0.764309839629	7.44396677737
6.51686563471	6.98481752049
6.39195924338	7.01773932577
6.17394947099	7.14944580562
6.11743497799	7.21155309045
6.02111488562	7.35607295667
5.94159425595	7.42749561873
5.92495294414	7.51990272273
5.90027303168	7.60713062659
5.85825301621	7.6785827789
5.79860871885	7.78497121343
5.75792628489	7.86907634206
5.70814582908	7.98014346303
5.67552467931	8.08316602846
5.66370660008	8.14887173665
5.67334385878	8.20037042484
5.69335881997	8.32425045483
5.73794332614	8.47718659118
5.7831996797	8.57036263547
5.81780219204	8.63781222045
5.88796195275	8.74732256475
5.9679384312	8.90896523899
6.08416163291	9.07103583051
5.56808454876	9.42004260873
5.48283830509	9.37026305353
5.41176756775	9.28672681772
5.31916431354	9.23181306781
5.22237133531	9.15846503465
5.08750675426	9.12788864276
4.96116507406	9.01483385492
4.90334798606	8.97584044175
4.81488840038	8.91018604714
4.72415475395	8.84984608513
4.64586124053	8.80589916096
4.56554465184	8.76105331912
4.4315551525	8.68134085212
4.30769357745	8.64057714055
4.22269551801	8.61282804742
4.149271294	8.59132696667
4.12392730989	8.57307618731
4.0157044079	8.57038143376
3.90194513134	8.5353044518
3.63832778466	8.45562044636
3.35181604552	8.38778226292
3.2274035115	8.35999086181
3.12577641541	8.33592233202
3.06489678172	8.32316949004
2.9498300516	8.29383347334
2.85789008116	8.27346657079
2.72996484011	8.24498791577
2.53715023352	8.20081713235
2.37232789751	8.1660230356
2.20033893138	8.13014569945
2.00322738956	8.09348466858
1.85451137741	8.03023106875
1.67571324804	7.98461460118
1.46112599122	7.93333286325
1.23439838504	7.88160492811
1.05177436557	7.81284403142
0.897945784919	7.76691406051
0.774205412423	7.76177892203
0.646039823586	7.74762356919
0.574329063856	7.71706667523
0.456861583641	7.66705545439
0.258411053229	7.56951115247
0.144520065591	7.49061147223
6.53636012002	8.32184193743
6.51437155504	7.8708133932
6.5281238486	7.75731377286
6.53980858788	7.6940187582
6.55782864608	7.61564459309
6.57550682164	7.50518011178
6.65856855261	7.28781976721
6.68531985433	7.19483293592
6.56510650707	7.07401497516
6.51686563469	6.98481752146
7.63291977196	7.807763649
7.56331407385	7.82114696184
7.49814622431	7.83471720254
7.4166256844	7.84581463554
7.30294519693	7.84623262271
7.15328736866	7.90804461139
7.01950201485	7.96224954739
6.99872914155	7.9723933326
6.90950398469	8.07493452225
6.82056922451	8.17061109087
6.77125196254	8.18216548758
6.70063061664	8.20738051131
6.65565782892	8.25894309376
6.62498657143	8.3007199534
6.57901326456	8.34311770995
6.53639649367	8.32174325229
10.8226577577	-1.15957144115
10.8463113893	-1.17749749254
10.879303153	-1.19928355915
10.9408172686	-1.22768319015
11.0173130423	-1.25773922649
11.1367955343	-1.30186660199
11.2979908662	-1.35130308901
8.68250316129	7.91576759507
8.54557040639	7.89589029147
8.49600872238	7.90076002216
8.45338858706	7.90407081063
8.37448151267	7.91794688717
8.20478768178	7.94894601676
8.09624358341	7.98684184577
8.04706012491	8.00366329055
7.97483326388	8.03302428193
7.90074610254	8.07390410459
7.77945127397	8.19784072784
7.71588613165	8.26823771943
7.63799583382	8.38332645167
7.53326528327	8.37998862597
-3.53786423755	-5.85868783239
-3.58486608077	-5.88197854555
-3.64596972371	-5.91519238001
-3.73283805721	-5.97836152217
-3.77932507172	-6.00350220348
-3.88246553723	-6.05517217456
-4.00437307595	-6.10335993073
-4.07602348909	-6.1113949725
-4.15483851899	-6.14067272651
-4.26862422535	-6.16319643507
-4.39027878827	-6.1915284361
-4.62936018154	-6.15674131722
-4.69642018935	-6.13819887478
-4.82710721016	-6.06631193866
-5.04263201989	-5.968414022
-5.30100997734	-5.93836222498
6.10887258699	4.20757233569
6.14059921575	4.31834972129
6.19780579818	4.42937691084
6.27726672502	4.57806557293
6.35518243204	4.71521058287
6.4231000706	4.84113692282
6.45452022997	4.887877679
6.50891486876	4.98379724243
6.56929440167	5.16500353342
6.59890176486	5.24168760151
6.63132220401	5.33180053222
6.63383739918	5.48469814752
6.67461236453	5.62375340991
6.79247997425	5.70450314983
6.85065621293	5.80336405055
6.88403158554	5.88983937229
6.90359492798	5.97407305925
6.87093677608	6.05211146243
6.87215982938	6.15775668148
6.8756364916	6.25985079018
6.86448204453	6.3647107912
6.84391150552	6.47261355788
6.84546363848	6.47663612571
6.80952971975	6.59143940068
6.77100222198	6.70525663973
6.72106373523	6.78746241372
6.68335005532	6.83696370865
6.51686563471	6.98481752049
8.53328581833	4.30459851469
8.49830254027	4.29904840308
8.46311424499	4.29538250247
8.34125469284	4.28325383197
8.2614749194	4.32389262528
8.15111777811	4.41417808132
1.09777646505	-7.6896727401
1.26171341526	-7.55400571086
1.31267264957	-7.49873020151
1.36400657459	-7.47399284181
1.43124355839	-7.43963595092
1.49197468915	-7.41875371858
1.54925986911	-7.39919583077
1.63384065201	-7.35798965205
1.73789957926	-7.33008075154
1.96513596371	-7.24123724913
2.14036060492	-7.19634621495
2.24555312234	-7.17103678485
2.29719539348	-7.15986612059
2.3732740191	-7.14340648559
2.45863429612	-7.13529598914
2.52646874808	-7.11942638679
2.66831327448	-7.08917095588
2.7913941119	-7.06199094902
2.89318873124	-7.04299970112
2.99016695944	-7.02592038545
3.09154305202	-7.00894600532
3.15530781603	-6.99889396498
3.24846455667	-6.98364019604
3.33086223246	-6.97161213652
3.46782533706	-6.95286122307
3.68509861772	-6.90824292376
3.7947225694	-6.88705810407
3.89495904827	-6.86679197182
4.02014788811	-6.83742370638
4.23939450395	-6.78105953644
4.38499210298	-6.73350313653
4.56716898817	-6.69308187388
4.75602411831	-6.63690210351
10.2174103202	-5.83993879629
10.4054903455	-5.65563468038
10.4694780484	-5.58953864509
10.558329424	-5.49195826748
10.6521892008	-5.37988098011
10.7433125832	-5.24548643034
10.8289163615	-5.11819405602
10.881092103	-5.03081890355
10.9495775521	-4.89925718719
10.9525827141	-4.89355564188
10.9782275371	-4.81993871155
11.0721995647	-4.79860861272
11.1092323274	-4.72317580265
11.1786308496	-4.57806296421
11.1962938696	-4.4560832309
11.2117840952	-4.38992733075
11.265870498	-4.26281948533
11.282062711	-4.19818669774
11.302637631	-4.11146358324
11.2864436651	-3.99565350754
11.2952541201	-3.87902026834
11.2929083497	-3.78280931479
11.300202256	-3.69234330976
11.3218542437	-3.58530871758
11.3257955531	-3.44097513503
11.319617541	-3.38969752823
11.3079827712	-3.29066745547
11.2345163968	-3.1946680949
11.2097254847	-3.13229732362
11.1633606396	-3.04087650284
11.1057180427	-2.95082919722
11.0660081488	-2.8736490125
11.0278988064	-2.74346190019
10.9863340962	-2.64321550721
10.9126282718	-2.49542502082
11.2980190037	-1.35133042442
11.2601440454	-1.5250104528
11.2501175087	-1.65149150461
11.2365027322	-1.72440303792
11.2258449845	-1.83533331399
11.2115807103	-1.90391572728
11.1629583648	-1.99532572407
11.1509121449	-2.06589505999
11.131707299	-2.13529436998
11.0540618119	-2.18362043294
11.0021839962	-2.24051661316
10.929767808	-2.38414718269
10.9102902051	-2.4978595197
8.07194541025	6.68363185847
7.99541528771	6.44545867448
7.94821078672	6.17034053155
7.95749059006	6.14315755424
7.97456522423	6.00830093619
8.00175322245	5.80281425909
7.98845263446	5.69061536848
7.98071446331	5.62438952907
7.95585044231	5.53659358778
7.93803160097	5.46821663915
7.91814746459	5.28930086959
7.9329861558	5.16951097225
7.98709129759	5.01872680369
7.99856929243	4.96131724017
8.04713485753	4.79313073231
8.0675440524	4.71825935551
8.15111545187	4.41417851729
-7.90118913467	4.6683601624
-7.9889969329	4.63647538654
-8.13354788346	4.55771654568
-8.24782628973	4.49668040961
-8.33838388669	4.44501873362
-8.5001383535	4.34527194098
-8.61681365948	4.29468702429
-8.68702382891	4.25669630005
-6.13888438408	-1.00743204727
-6.07234403845	-1.18178455744
-6.02694519121	-1.30782104857
-5.95631626729	-1.50868688745
-5.89323237169	-1.68008680651
-5.81728920662	-1.86816731118
-5.74715317573	-2.01631475783
-5.68180900909	-2.19510528467
-5.58961274836	-2.35172205895
-5.39928566416	-2.61996522953
-5.30502780321	-2.72258775821
-5.22911803774	-2.79770596134
0.536541522681	5.96694768779
0.5759957833	6.02716624789
0.587913677583	6.09995411097
0.588681651488	6.20369839738
8.20489318415	3.40537367544
7.94618350578	3.12320874018
7.92286022615	3.03242240936
7.87169029266	2.91910055451
7.79203350701	2.84866040817
7.7124417233	2.76466851912
7.64822729557	2.73206792092
7.53376654034	2.66914056303
7.4625452625	2.60972731324
7.3327800733	2.5604010625
7.26499234322	2.54386389572
7.1289665028	2.53480106894
7.06129603763	2.53994626615
6.98312608977	2.54783531355
6.9095323136	2.56654115177
6.80545438942	2.58001090299
6.67447001001	2.67310158052
6.38930023791	2.8119816617
6.28514222267	2.8635131601
6.20926439163	2.90237662625
6.11169479119	2.97898082061
6.04349086575	3.02240543833
5.97908225445	3.06685306216
5.91251650066	3.12426533388
5.87104935591	3.15966685749
5.78627959594	3.22291993635
5.74360141346	3.27868801479
5.70300916431	3.34043984491
5.65531488809	3.44652928525
5.63223814951	3.52210200207
5.62814877885	3.70108146084
5.6508410409	3.74448364272
5.70512877095	3.84520541503
5.76323070546	3.94066394731
5.8207933123	3.99986928302
5.89334897669	4.07627995316
5.92275910469	4.10621739706
6.01197103622	4.16289086097
6.10891149839	4.20758659275
0.588490303756	6.203726868
0.578830547221	6.28666314469
0.566597843946	6.45046670055
0.55222225469	6.62994140895
0.56429389479	6.75776380052
0.558152307715	6.80521262128
0.51059310648	6.93639909905
0.494034574348	6.98353477087
0.46594779282	7.05701945575
0.423991667059	7.13378308861
0.406687106763	7.17049236851
0.374529806385	7.23246606144
0.290986300872	7.34953323996
0.210795902724	7.42053710846
0.144520091768	7.49061152153
-5.27378397076	-6.1198857361
-5.29056013861	-6.07097484346
-5.30121214144	-5.93493548007
7.4710971921	9.31587649383
7.51967432173	9.11798829563
7.52209485867	9.0801602991
7.50598350695	9.02394679357
7.5279169782	8.91015449892
7.52067057738	8.78316876686
7.46315205654	8.72933211345
7.48396212584	8.66517236225
7.53326567562	8.37999293894
8.91647393507	-2.80953516483
8.90376990021	-3.04899806047
8.86605820631	-3.12390079074
8.77490862036	-3.25485834966
8.70492338222	-3.41513895212
8.6464232	-3.52841567461
8.54631413369	-3.6226323261
8.50755540493	-3.6638362627
8.42189925209	-3.785637568
8.38558417461	-3.83943637311
8.32816297447	-3.9252471063
8.2885956902	-3.99325774644
8.26174281451	-4.03007429052
8.19152984321	-4.16931293141
8.10768888099	-4.27474959202
8.04658044036	-4.32781060491
7.92923757016	-4.37658968558
7.56808651065	9.99535603824
7.47635227246	9.75842303035
7.47714800242	9.69691382513
7.46984945945	9.64316306074
7.4710971921	9.31587649383
4.41368013972	-5.20192780204
4.57032935989	-5.15520969923
4.72185667575	-5.10197370502
4.77029584548	-5.07536822854
4.86450082143	-5.01742106663
5.01786237038	-4.90831378881
5.14969454463	-4.81397179039
12.6961849266	-1.80288562029
12.6921436908	-1.65897686881
12.6782585827	-1.50636009562
12.6557070967	-1.38423163153
12.6458060058	-1.34297600764
12.6193317307	-1.24667898128
12.5768039455	-1.13821465307
12.4989625879	-0.966511158473
12.4822982662	-0.843643827245
12.4390933764	-0.78578754514
12.4027298763	-0.815809228948
12.3644088265	-0.79611964777
12.3531161393	-0.76211397333
12.2994712528	-0.709394467649
12.2253704606	-0.650601312895
12.1384567569	-0.564619434432
11.9495622415	-0.377031330842
-7.68774578782	7.75545870695
-7.61119408485	7.86685225145
-7.54524533784	7.96200820196
-7.46446599137	8.07377849454
-7.3354631415	8.18343621979
-7.25015666541	8.27304621171
-7.15483237037	8.35843112915
-7.01362280967	8.47211172179
-6.89583736186	8.49117602465
-6.83900053794	8.51316414162
-6.76965035986	8.53291287037
-6.59458487823	8.55791821605
2.35646537373	2.29261837392
2.31794129451	2.27472862016
2.26009764148	2.26413800059
2.20124115898	2.22481791975
2.14643364976	2.18870844751
2.06182240082	2.14606336625
1.96788187359	2.09772170713
1.88440419952	2.01632555061
1.73782350009	1.98606586926
1.62709229899	1.96279328446
1.54711261732	1.943720289
1.46313872942	1.92166721581
1.35653213258	1.88120506434
1.29262485154	1.86255820035
1.18975167503	1.84185441546
1.09526104365	1.8206149505
1.02913520748	1.8163748226
0.957265308722	1.80323427908
0.842070781753	1.78774330688
0.789201078442	1.78100718838
0.741139250545	1.8134796589
0.674471622452	1.80862562464
0.612290134084	1.80432390863
0.515172624273	1.80259564737
0.352078158664	1.7916733819
0.288551741383	1.79291575899
0.210898442045	1.80417753942
0.112537904548	1.84727258253
-0.117317591275	1.90105016756
-0.272757860948	1.93864398911
-0.430343149331	1.93508882227
7.43003851747	-2.87699409984
7.48212987061	-3.00171022628
7.51838889934	-3.19654811054
7.55179631359	-3.32655870428
7.56703204838	-3.41862931688
7.57986683217	-3.5420860038
7.58206127819	-3.63300081421
7.55854793376	-3.79284695765
7.58135390474	-3.90453598405
7.6616223431	-4.04092008968
7.7211008556	-4.16546272317
7.78599097591	-4.30396828326
7.92923757017	-4.37658968558
6.08208101627	9.06899575891
6.2055895154	9.05800529665
6.21551759915	8.93195890757
6.30543988443	8.86689570409
6.3703130974	8.81183439752
6.41889726893	8.65093022017
6.50089271324	8.53665715636
6.53639798862	8.32174152922
7.8984973805	3.90321134962
8.00068740062	3.69005428905
8.20488875975	3.40536342869
1.37661453186	-10.8331346233
1.20644603273	-10.9272072107
1.14035336976	-10.9670414633
1.00960352067	-10.9731205987
0.874458321394	-10.9895587505
0.581003943703	-11.0662570017
0.41654664958	-11.1186489258
0.255263828635	-11.1556368428
0.0676644004276	-11.2047011802
-0.105828364295	-11.2542268355
-0.311459868807	-11.3356978293
-0.415696730695	-11.3588763403
-0.565722933626	-11.3966845598
-0.714323794205	-11.4371451237
-0.80217160731	-11.4594547977
-1.01971514173	-11.5183170411
-1.14924269185	-11.5508060401
-1.23849527176	-11.57311616
-1.33640382374	-11.5864532749
-1.66272011087	-11.658950358
-1.83738524854	-11.6967513111
-2.16905926709	-11.7402009274
-2.40903766539	-11.7586422132
-2.71101155047	-11.7682294993
-3.04715272598	-11.7636356997
-3.37678064071	-11.7491306955
-3.67449019772	-11.7180382982
-3.85574466111	-11.6873593751
-4.09668677727	-11.643990738
-4.23062332519	-11.6124519319
-4.38114231061	-11.6027185892
-4.46758257761	-11.6030959572
-4.59206367327	-11.5699073193
-4.71008266024	-11.5199106251
-4.83798334703	-11.4221295206
-1.10021672932	-5.1295323707
-1.19452838657	-5.10737486278
-1.43101831304	-5.03753662421
-1.55016589603	-4.99379748443
-1.7040504486	-4.93270220663
-1.94238092943	-4.84358595034
-1.99863806049	-4.82847731513
-2.17944220824	-4.79151693614
-2.31855066927	-4.75757872437
-2.44703118495	-4.71611251531
-2.58277465457	-4.68141719848
-2.76651948341	-4.64048623706
-2.95784257147	-4.61143068298
-3.02427228623	-4.59819503551
-3.11624951077	-4.60802603015
-3.20957347423	-4.59904469733
-3.24914186026	-4.58980222217
-3.42023398985	-4.58234760868
-3.67343177241	-4.57531211941
-3.79115847935	-4.58988581786
-3.89659746658	-4.61046452493
-4.05275129399	-4.65616334855
-4.19246155003	-4.71005468476
-4.33185981945	-4.75744329104
-4.46477949796	-4.83949000755
-4.52542005687	-4.88836128657
-4.63142293084	-4.94776761306
-4.71665137838	-5.00595038866
-4.89607753169	-5.14948614278
-5.0563316024	-5.31562109844
-5.51667452528	-5.69771118673
-5.8891992268	-6.24806708073
-5.88577770648	7.46256106224
-5.74833865177	7.57552926206
-5.68171416827	7.64120824889
-5.61853224414	7.71013401889
-5.55170544332	7.78447314383
-5.40529819781	7.96845533611
-5.2687769996	8.14591108858
-5.12518349221	8.31779646858
-4.99308761443	8.47094722494
-4.88409859974	8.67263127688
-4.79783314505	8.80815239392
-4.73024761306	8.93249046222
-4.67405804742	9.03259683755
-4.60185957637	9.25419798786
-4.62521508308	9.38348178314
-4.62848171693	9.47717703419
-8.18412844022	3.10903659054
-8.29331445283	3.04031155263
-8.3824094616	2.97265456074
-8.44944720989	2.89903099391
-8.50324840567	2.83053553696
-8.5632475526	2.75590441735
-8.64118165209	2.63262287203
-8.6757822711	2.43715925221
-8.73333894987	2.27033090726
-8.79132997733	2.13736153054
-8.86645684815	1.90418622546
-8.87057251768	1.88018564858
-8.8813205386	1.74076172739
-8.82047040192	1.3261458106
-7.83231039796	0.0915682087712
-7.84043365163	-0.074262322028
-7.88189932395	-0.273007558432
-7.92676512706	-0.40395621977
-7.96884371152	-0.499272810811
-8.01903913929	-0.595879804947
-8.06506259214	-0.727024230987
-5.88919922495	-6.24806708983
-5.93974043128	-6.40085199863
-6.00975902739	-6.53971266976
-6.07811169026	-6.75937398853
-6.10433588584	-6.86205057125
-6.13713100406	-6.98884567653
-6.15938287157	-7.06958841224
-6.17214093265	-7.13034385091
-6.1599077253	-7.21811907658
-6.18128942916	-7.32227664019
-6.20633970367	-7.51169000792
-6.21238205592	-7.67223402264
-6.20048969875	-7.82419427358
-6.19032230276	-7.911162447
-6.18649985319	-8.01834874465
-6.17043833518	-8.11334361016
-6.15924982862	-8.15473152349
-6.13854953343	-8.23276650973
-6.0625653729	-8.44655782131
-6.06088637923	-8.53631838186
-6.06802724284	-8.70732656883
8.10907251575	-4.74572638961
8.02390276362	-4.58861940799
7.92923735587	-4.37658968569
-8.35918605445	0.0389982677461
-8.50561734208	0.102788218848
-8.57122158836	0.0876968429922
-8.6810709915	0.0430850453469
-8.73496695317	0.0175485792293
-8.78725512051	-0.0172236448874
-8.92179778312	-0.173863403873
-8.97178069283	-0.248788018487
-9.06071168254	-0.386989372527
-9.17949030039	-0.547034738765
-9.2529634546	-0.64372462772
-9.30177344562	-0.730352728258
-9.40594138108	-0.847722743805
-9.46401469397	-0.914863809122
-9.63541109751	-1.09788448939
-9.89579736706	-1.33921357333
-9.97683808486	-1.39836461291
-10.0727013073	-1.43586917159
-10.2074477112	-1.50649608748
-10.4218455556	-1.55740062507
-4.83798334703	-11.4221295206
-4.91940593872	-11.3090436348
-4.95110173565	-11.214249504
-4.96745152611	-11.0825481123
-4.96963823358	-11.0050559505
-4.95206393537	-10.9128960133
-4.9566440804	-10.757184176
-4.9621176098	-10.6845915761
-4.95320988577	-10.5835337793
-4.95786356929	-10.410520006
-4.95786356929	-10.410520006
-4.78950143461	-10.4024566921
-4.70231522472	-10.3847352157
-4.55954655158	-10.3952705839
-4.49129522697	-10.3898925684
-4.30362878836	-10.4105242488
-4.23847432071	-10.4194929612
-4.02302847689	-10.4490146968
-3.95123605282	-10.4544722991
-3.72411113525	-10.4805615512
-3.54984134992	-10.4951907261
-3.44893904448	-10.4778429753
-3.26762577483	-10.4388311516
-3.15304793342	-10.4145228179
-3.00880824078	-10.382345791
-2.95970040895	-10.3568915143
-2.84921760704	-10.3015880983
-2.75130360804	-10.2662965433
-2.63305102778	-10.2307812735
-2.45631645913	-10.178032426
-2.3319575836	-10.1259994129
-2.02184821411	-10.0147120695
-1.86939548175	-9.95154915425
-1.77811271831	-9.8919235846
-1.70556392153	-9.85397528769
-1.43708643963	-9.69981134446
-1.27017621493	-9.57188499277
-1.09575588524	-9.41815376464
-0.926412857122	-9.26202499603
-0.824726557701	-9.15243681179
-0.599968279243	-8.89714166932
-0.403690727341	-8.59797611144
-0.0812406486836	-8.12489778828
0.0138570947315	-7.98211469664
0.0376293627808	-7.95083439919
0.115449583758	-7.85922249895
0.139428594828	-7.83458633045
0.203217401562	-7.77907469402
0.240460844576	-7.75032015694
0.402576229003	-7.64066777269
0.511358612527	-7.57910933364
0.552996419301	-7.56461958444
0.601481727867	-7.55016806131
0.753899064091	-7.5349357415
0.844651331077	-7.5582288931
0.89550352805	-7.57523769884
0.951491076056	-7.61619429764
1.02620553427	-7.68860610173
1.09779131932	-7.68968945859
-8.64144788345	-3.66977826109
-8.89584758661	-3.8675077732
-9.02266555999	-3.92410357362
-9.09637171713	-3.96269585805
-9.18471052127	-4.00458219257
-9.30041372047	-4.07209836482
-9.43705874009	-4.12593561288
-9.53610295819	-4.16284990904
-9.62344315191	-4.19917283867
-9.73646304571	-4.24091836554
-9.79276961139	-4.25978334988
-9.85207581985	-4.27760806718
-9.92981921238	-4.31786749742
-9.98546289331	-4.32870189965
-10.0592956986	-4.34726088256
-10.140261776	-4.3547836575
-10.2001877848	-4.34482912953
-10.2866545465	-4.33997251011
-10.4493723112	-4.32079926628
-10.5895362824	-4.32366404766
-10.6081492466	-1.61646249022
-10.7234317639	-1.56785206657
-10.7733766889	-1.54441767442
-10.8306077751	-1.47158586923
-10.9422459634	-1.23159144444
-10.9710552303	-1.14470147507
-10.9453461607	-0.930780817727
-10.9444935911	-0.798957617622
-10.9296618591	-0.754434499271
-10.9161258957	-0.656031273198
-10.9059085021	-0.490879732384
-10.8691188149	-0.45296524335
-10.8462703906	-0.429119364575
-10.717335434	-0.317127452926
-10.6085388857	-0.225311016788
-10.6057547612	-0.164019888401
-10.4586262845	-0.0244838525312
-10.6081939278	-1.61644576291
-10.4218753891	-1.55739365773
-5.71785264955	-5.11854438273
-5.62806313672	-5.0285595774
-5.5160133994	-4.96730759534
-5.38653677569	-4.7827604037
-5.3185595252	-4.6880400877
-5.16605615201	-4.52965396952
-5.10139611079	-4.42426726702
-5.06611221396	-4.34439932795
-5.03947858842	-4.25575410693
-5.02556557127	-4.0906184444
-5.00659559021	-4.01499811434
-4.99022227968	-3.93749154994
-4.99596585614	-3.81865017518
-5.01073575341	-3.63088948645
-5.03271640194	-3.42810494184
-5.06043190233	-3.30783844661
-5.08950334591	-3.20051606207
-5.11487853917	-3.11589972512
-5.15174212157	-2.98998240865
-5.17310918383	-2.87138359467
-5.22911820715	-2.79771021869
-4.55137550219	-6.79768296313
-4.81418317032	-6.66289941537
-4.9186686266	-6.58000803666
-5.01550075951	-6.50523825077
-5.14551324353	-6.42226404684
-5.23995849309	-6.3563998235
-5.29375463867	-6.326929986
-5.34844203227	-6.30039393157
-5.47496573736	-6.25501315243
-5.62244962581	-6.24759082508
-5.74643594609	-6.2626345072
-5.78036142103	-6.26936793666
-5.8891992268	-6.24806708073
-4.55138321288	-6.79770892437
-4.45625587355	-6.67493429938
-4.26174149018	-6.64566267384
-4.12949455329	-6.66559460649
-4.07033706756	-6.66506434089
-3.96720015202	-6.67606935143
-3.89371167437	-6.68344933074
-3.81961725533	-6.69742464168
-3.64624148007	-6.71999928543
-3.44978314699	-6.74600958016
-3.38284234677	-6.76512507883
-3.31441904474	-6.79423591484
-3.24638087353	-6.83191879303
-3.18980395649	-6.85892319873
-3.00561989093	-6.94005631361
-2.93591063183	-7.01799274865
-2.90134327855	-7.05705175564
-2.84093806715	-7.13862122852
-2.74804080819	-7.23869466821
-2.69313199591	-7.35393208006
-8.08402001436	1.21645389445
-7.85851002632	1.22396980255
-7.74938941933	1.28850769917
-7.59853126071	1.37959525869
-7.46768972022	1.46109791423
-7.31743454713	1.6053384943
-7.25265473727	1.70277366057
-7.18770268413	1.76120888427
-7.14774943294	1.79342743172
-7.07764464204	1.85525959398
-6.98338808782	1.91357057095
-6.84967970136	1.99269802112
-6.74329829243	2.01122711085
-6.62464734883	2.09402662475
-6.54135762263	2.15335030372
-6.38929909943	2.24096772261
-6.32397375912	2.26588400075
-6.2478896657	2.29297643107
-6.10117928276	2.29836858948
-6.02388349883	2.31599193563
-5.90019530531	2.3604042097
-5.69532767259	2.30726851412
-5.58505241679	2.32814388951
-5.47930688769	2.33612508262
-5.28605944326	2.32151938024
-5.12988983843	2.31483532261
-5.04686767449	2.31676453539
-4.89270395464	2.30706962885
-4.62432063618	2.26880874647
-4.55724706717	2.26222119171
-4.49443187663	2.25079014565
-4.37617251224	2.16589072109
-8.08414367666	1.21647952471
-8.27146448462	1.06642173253
-8.33521076185	0.866134759411
-8.38392301795	0.820819999596
-8.40766361806	0.708850790396
-8.41239690161	0.6549381488
-8.40990124414	0.41514662779
-8.42352179789	0.349700410544
-8.4281987808	0.306379579212
-8.42051892783	0.23692211087
-8.35922276729	0.0390068863648
4.64052645008	-9.3414139571
4.52708572629	-9.26623660585
4.42915083756	-9.21942814075
4.35725565198	-9.18248845452
4.28019467071	-9.16751918465
4.16385840999	-9.12383803737
4.0637087443	-9.08365218171
4.00256594495	-9.06048786664
3.91908310477	-9.02928101786
3.80847565541	-9.01467665518
3.6050239164	-8.95878973754
-1.08690159623	-8.10596572668
-1.20887387689	-8.08232874053
-1.41844946538	-8.06330123888
-1.5314245183	-8.05067925402
-1.63480878102	-8.04837673601
-1.65381338832	-8.04861811261
-1.73857685753	-8.07710245601
-1.87179448176	-8.10959085228
-1.93354873412	-8.11996211455
-2.00286777947	-8.137285765
-2.06869828186	-8.1538677185
-2.18330173625	-8.18616569978
-2.2715117825	-8.21386505916
-2.36482800256	-8.24439053754
-2.4531197221	-8.27382756718
-2.53864152776	-8.28796252943
-2.59844070011	-8.31147070088
-2.63742840705	-8.32621034424
-2.74891269505	-8.36338788159
-2.81638591718	-8.38603830965
-2.9518063367	-8.42464833155
-3.04260771694	-8.46171920069
-3.21497752182	-8.53532382376
-3.35906042873	-8.60081958553
-3.51832674735	-8.67448459863
-3.69913156609	-8.76518998123
-3.76723946857	-8.80005158316
-3.84208548324	-8.83590493254
-3.9659875948	-8.90250088097
-4.11400640417	-8.96695924775
-4.20010004425	-9.0028487388
-4.27485248644	-9.03286523545
-4.36462944192	-9.04944866228
-4.40258924077	-9.06496534018
-4.4804643656	-9.10107393008
-4.55957871191	-9.12602116003
-4.64234931997	-9.14859424019
-4.77313280736	-9.18160464371
-5.01348326788	-9.25660428844
-5.2574994051	-9.30972061357
-5.78140933016	-9.52263344759
-5.91708414369	-9.64531415337
-6.20799266095	-9.70350098018
-6.31499409584	-9.69272495592
-6.45985289069	-9.70626884191
-6.55897190831	-9.70029043619
-6.64550218055	-9.69237685213
-6.75706350044	-9.66732583127
-6.84156665652	-9.66904529293
-6.92086549614	-9.67434637972
-7.02553535358	-9.68397172787
-7.15976405883	-9.70995803961
-7.25401269397	-9.74432572801
-7.31500363547	-9.79379816244
-7.33896983675	-9.85997036259
-7.32913349714	-10.0044639749
-7.33104621488	-10.0719743462
-7.32973795495	-10.1265943228
-7.32719702162	-10.2063312904
-7.27000802706	-10.2992346505
-7.25609617674	-10.3361916227
-7.23362451517	-10.3772434625
-7.11251224864	-10.5077487429
-7.05040015438	-10.6158927068
-6.97367751671	-10.7331702561
-6.92112242923	-10.7934808492
-6.86686330632	-10.8207429745
-6.80752001712	-10.8756374537
-6.58773617556	-10.9761162012
-6.45354247	-11.0512439517
-6.36681901716	-11.093680158
-6.29322810988	-11.1316774589
-6.17472418641	-11.1781332672
-6.14998025112	-11.1843220955
-5.91530782253	-11.2717470848
-5.7118058257	-11.3539246041
-5.6271091558	-11.3639109947
-5.45855473901	-11.3886334251
-5.28308905351	-11.4124163102
-5.10559189293	-11.4238654519
-4.98911769439	-11.4276365447
-4.83798334703	-11.4221295206
-7.99687561969	3.42817008266
-8.059854425	3.55320499065
-8.00835599219	3.79700177064
-7.97676725776	3.95026929253
-7.95829140902	4.10101636076
-7.90421491578	4.31511709592
-7.90118913467	4.6683601624
-7.99688086044	3.42816077278
-8.06168969682	3.26442975907
-8.18413341031	3.10904601705
-6.90641793856	6.10389522687
-6.79072110135	6.01622534514
-6.63709833435	5.8450863222
-6.42065208221	5.73408593618
-6.37702571496	5.71173520626
-6.27683838774	5.67162820012
-6.05918221444	5.52926697004
-6.02709220838	5.51135844274
-5.95590767761	5.49339191904
-5.82165771448	5.47761793502
-5.63662004288	5.47199703233
-5.3908288067	5.47104754465
-5.00187887278	5.49939314692
-4.85728141822	5.53486853765
-4.73909963685	5.55975451647
-4.66215310124	5.57760204931
-4.57443954087	5.59940198868
-4.50698978294	5.60780977307
-4.3477590842	5.67628814397
-4.14828758341	5.75014933813
-4.0020995361	5.78613077432
-3.86354963917	5.83386798094
-3.73868498725	5.89021327872
-3.51004380435	6.00182464139
-3.39378096251	6.05122405711
-3.19594557712	6.14302087869
-3.08789186024	6.1747803668
-2.97416904889	6.22706052294
-2.8893107491	6.26470461246
-2.75577470937	6.32296598666
-2.56968037794	6.41946144874
-2.28462210287	6.52908773638
-2.21964537669	6.54882397212
-2.10637398891	6.59339954058
-2.04295746539	6.62006628363
-2.00126777764	6.64554804943
-1.91937486644	6.68133910071
-1.84472300104	6.72473197106
-1.67043760224	6.84437902043
-1.51314685204	6.96648038019
-1.44108253478	7.00261744389
-1.4166639245	7.02625669124
-1.30836202876	7.08050277203
-1.24654055888	7.12796434661
-1.13746213547	7.19129674422
-0.966540074712	7.3063328365
-0.836966603002	7.38286850578
-0.753875982108	7.45206042483
-6.9064270524	6.1038935283
-6.81486669192	6.30868095772
-6.77076872967	6.39796256794
-6.74415635195	6.4461976003
-6.68389211662	6.53786621833
-6.62993421235	6.62252786522
-6.56010918831	6.73141852174
-6.53342865261	6.83603154934
-6.28918733624	7.09174478018
-6.10885877516	7.27365946442
-5.88577567001	7.46256144092
7.41303845645	-6.67602162854
7.4831720739	-6.51952691596
7.54326853455	-6.39646355051
7.57693950878	-6.32008188951
7.61018639827	-6.23787884581
7.67461516744	-6.08056801143
7.73736822628	-5.93985735595
7.79338598791	-5.79474154807
7.83470479748	-5.61673027669
7.89650918372	-5.51251454882
7.98354809518	-5.29551859098
7.9890822264	-5.19201460482
8.00793075972	-5.10612981329
8.03013916875	-5.03605963765
8.05904433157	-4.89634411485
8.069014536	-4.87676692319
8.10907491862	-4.74573316024
7.4127388648	-6.67615740705
7.40943880829	-6.72070845901
7.36652962656	-6.81633344781
7.29262487982	-6.95416902522
7.2320890514	-7.10656442276
7.17353533913	-7.23554538153
7.09641718962	-7.39749074629
7.09596593693	-7.4150042036
7.02424485761	-7.52949899842
6.95241903486	-7.65128594366
6.91756649083	-7.70756755955
6.86051328872	-7.79631725081
6.79519418154	-7.96848595134
6.69925171125	-8.16960039358
6.62050943326	-8.33874366608
6.47296982253	-8.53215237173
6.38488529726	-8.68828232398
4.29846701639	-10.6353821165
4.03947459047	-10.7259784529
3.81716825308	-10.8176153281
3.68555809046	-10.8442298861
3.56544009974	-10.8631321995
3.41587572222	-10.8640195665
3.24203017388	-10.8648394353
3.13554304451	-10.86076187
3.01886424866	-10.8519470243
2.86339867598	-10.8354127866
2.6387485754	-10.8035651063
2.52920855042	-10.7813366774
2.42270223908	-10.7304892257
2.30313396205	-10.716005274
2.24190142794	-10.7174426671
2.20297584214	-10.7181137139
2.04697978203	-10.7636462489
1.89206812505	-10.7527256914
1.81751128158	-10.7794251783
1.793925719	-10.8228558867
-0.430360481849	1.93508680124
-0.464955068151	2.10961260096
-0.498609423436	2.21796263901
-0.529705655161	2.27539382457
-0.624017791086	2.32955186553
-0.645669778924	2.38662410949
-0.645685713514	2.41141708547
-0.739904881845	2.53488123752
-0.739900716703	2.53490977117
-0.672639100125	2.64425584147
-0.578647883267	2.74078519483
-0.56596608912	2.80097760656
-0.520044048792	2.83121862452
-0.416971611213	2.92841312096
-0.382435798911	2.97112175007
-0.327411385612	3.02373100678
-0.247514731999	3.10790529401
-0.149079240506	3.19382792052
-0.0151685577334	3.34631886107
0.0654013484659	3.43813573021
0.117398355582	3.49893265176
0.128982091978	3.5127836006
0.20237367423	3.60104797489
0.285631010446	3.67287853744
0.332977062018	3.75201235096
0.403195188487	3.79991373822
0.474264074927	3.92796916809
-4.62848171693	9.47717703419
-4.53426383489	9.59972722223
-4.45756911375	9.62657110458
-4.36631041916	9.67379949673
-4.24666126676	9.80027751121
-4.24662692578	9.8002085225
-4.17875708528	9.87366249075
-4.1370438412	9.95122139671
-3.99744953099	10.0301330829
-3.8770098829	10.0844856915
-3.79444320346	10.1184332206
-3.69105757125	10.1590871601
-3.42541805207	10.2612230989
-3.36690583302	10.2833244099
-3.29676247242	10.3109568205
-3.16931108685	10.3818501714
-3.06045896663	10.4413772698
-2.83700773342	10.5305845923
-2.72631292107	10.5687134946
-2.66153745892	10.5872307128
-2.58103103133	10.5692345552
-2.48037784433	10.5990341618
-2.34421191587	10.6306653963
-2.29598143217	10.6404284674
-2.03145973848	10.6728766085
3.20880294391	10.7824009088
3.40325860424	10.8263083488
3.54681546212	10.8456624536
3.83637136243	10.8449894962
3.92869385897	10.8462897439
4.03319666899	10.8263334708
4.11028856731	10.8153677242
4.26929917382	10.7743152621
4.36772203883	10.7389281074
4.47078111939	10.7109150897
4.61647341124	10.6403119009
4.69864757448	10.6154547989
4.77534121876	10.5776256066
4.8077373763	10.5446551828
4.87122089759	10.4908134779
4.96054505538	10.4310950416
5.04303404602	10.3710307122
5.12629775908	10.3453855943
5.2041557383	10.2806120237
5.30637928339	10.1855083783
5.29739347072	10.1559541514
5.36773245124	10.0494362079
5.39225455228	10.011224467
5.43137711263	9.84125210912
5.50758617497	9.77202546495
5.52498589972	9.70094624269
5.56136417451	9.61999511225
5.5680467731	9.42002014877
0.474261674938	3.92796535988
0.481417547065	4.06303071224
0.52236747853	4.19595735916
0.47686587501	4.28637066011
0.427536303839	4.40332516102
0.450108440499	4.59589473312
0.369169606619	4.6707527287
0.269570318153	4.81395410834
0.215615252853	4.9280424087
0.180168142539	4.99786691574
0.127996570879	5.1417070624
8.16338489134	-2.1708840848
8.11106103521	-2.01046509754
7.98374697478	-1.78378668199
7.91537423257	-1.60911713685
7.82529273242	-1.41917836093
7.80245352031	-1.3526016151
7.77013287318	-1.27704161134
7.75899874888	-1.2463932636
7.73489003373	-1.19450638102
7.68111818197	-1.17948111899
7.62444979174	-1.08228987093
7.48304917929	-0.901757916182
7.42724645663	-0.854167178831
7.30899718683	-0.815141364919
7.18378860099	-0.824537757654
7.11517598839	-0.848850537008
7.057824348	-0.87985327038
7.00966434826	-0.913850193333
6.97671766024	-0.958768182494
6.96073230907	-0.971862866354
6.89197929287	-1.07968183001
6.84816244537	-1.16946296159
6.8277896034	-1.24579018006
6.82989721131	-1.26499227031
6.79065806535	-1.3942473117
6.81755301521	-1.57696183906
6.84933153836	-1.80863943525
6.88635476947	-1.89239174863
6.90024527868	-1.97235216921
6.95717243106	-2.10636445642
7.01466838474	-2.16162970082
7.05358037837	-2.32188620276
7.08711097374	-2.4310489333
7.14916571388	-2.54478570839
7.20660097181	-2.62634598992
7.31714137591	-2.81839379783
7.43003995029	-2.87699316122
8.16341205968	-2.17084308522
8.00835451833	-2.33857209427
7.86681993185	-2.50731673686
7.82192582641	-2.56738228254
7.77435674947	-2.6472387178
7.73519354661	-2.69080917704
7.65609064172	-2.77498922108
7.5921397094	-2.82023907084
7.43005454496	-2.87698070566
9.70121332263	-3.0584743213
9.53987619754	-2.92338777601
9.46906681297	-2.88804171642
9.22671938467	-2.82387325307
9.15165071553	-2.81201411641
9.09109782832	-2.83568762787
8.91647393508	-2.80953516484
9.70121706051	-3.0584867489
9.88448736777	-2.90621831506
9.93718491144	-2.86253656058
10.0806373302	-2.81994548081
10.2327989836	-2.7982605154
10.2840776205	-2.77188474893
10.3310941132	-2.74703250922
10.4445069029	-2.68232405019
10.5088809539	-2.65118127007
10.6484529853	-2.59836050603
10.7071794335	-2.55786279693
10.8162034246	-2.50423850829
10.9118575472	-2.49683634841
1.66582731646	12.6857436956
1.60489060767	12.6447889986
1.63695561155	12.6140071732
1.62758564077	12.5635790836
1.6331704151	12.378468733
1.63360778254	12.3575552624
1.63130250938	12.3079191415
1.63241974543	12.2211970421
1.66295046249	12.0306033763
1.67849153947	11.9402275832
1.67724526126	11.912570147
1.66671077176	11.8707554785
1.6442968802	11.7859528226
1.60526673334	11.6085520481
1.60137398406	11.5428099004
1.60188597459	11.3993038622
1.59742203794	11.2504656919
1.61824076533	11.1922863048
1.61709850217	11.1413347625
1.61699201304	11.085373403
4.13170082253	-4.45268130234
4.14493440364	-4.52638790325
4.17571981805	-4.66990168762
4.2212797093	-4.80945540834
4.30701397967	-5.03376836308
4.35592111905	-5.14412764288
4.41368013972	-5.20192780204
1.66579699999	12.6856922539
1.90477162292	12.6843856838
1.98049927445	12.6630683208
2.03228713374	12.6560248394
2.3235664371	12.5802550413
2.39183561577	12.5599370425
2.46029760871	12.5353965744
2.58972070001	12.5217183687
2.65858072383	12.4871549798
2.73685553885	12.4482897137
2.96430609788	12.3441849583
3.13848560422	12.273173723
3.21644200286	12.2443089801
3.46792706964	12.166849917
3.58948536658	12.182650516
3.63326168988	12.1637011057
3.75284592237	12.1135851843
3.96013557868	12.0316745785
4.06944005376	11.9932158256
4.20133486003	11.9405672586
4.43232038215	11.8644473679
4.70855646012	11.7627191005
4.88660185552	11.6821566493
5.15358425942	11.5612731889
5.31520066612	11.4765409411
5.54204519622	11.3391232797
5.69381105365	11.2503128325
5.85756454638	11.1530184324
6.0102204469	11.0575119864
6.09952606563	10.9947715861
6.33453790997	10.8218728496
6.50946349467	10.728934432
6.5838193025	10.6781740321
6.84145916693	10.5062981949
7.00708905066	10.4224646437
7.14958432636	10.3027330153
7.2835245436	10.2006322024
7.38100792396	10.0776274483
7.56808379375	9.99537085181
5.56809201009	9.42005648108
5.69017428135	9.23860043706
5.87444701504	9.25572374251
5.93406574444	9.17412225523
6.08246362551	9.07017270762
2.92675751331	-1.95385674729
2.9139469406	-1.8891961654
2.91219656599	-1.8723967924
2.90175515655	-1.84234844047
2.837179952	-1.76188637231
2.74317682431	-1.64998887028
2.61888154356	-1.56047981493
2.46572631982	-1.43706569553
2.34118531442	-1.36451363411
2.2837935962	-1.33817679997
2.14700216286	-1.29627896293
2.07646117713	-1.26701191975
2.06590899541	-1.25994910139
1.9886761403	-1.24113721929
1.91823574184	-1.23074195016
1.87795075836	-1.25696319819
1.84226157848	-1.28920198082
1.82001749388	-1.31295448107
1.80360313954	-1.33541939237
1.77540513206	-1.37388719345
1.82662388671	-1.43907034816
1.88562167203	-1.51212830757
1.94245208348	-1.56772271309
2.09804593588	-1.72820550878
2.21506522916	-1.80614640358
2.25678648531	-1.82906859138
2.3153295663	-1.86658813638
2.43089858276	-1.91968503445
2.62046511491	-1.97288922303
2.68685520924	-1.99085754574
2.74914882423	-2.00196867933
2.84249352947	-1.96568768921
2.92675751331	-1.95385674729
6.10887258699	4.20757233569
6.18083927693	4.16908796809
6.29125533233	4.06343464296
6.46478124853	3.98872038822
6.63722353923	3.88880951278
6.84050363182	3.82884823246
6.95870619498	3.7967023933
6.99037146427	3.77125574102
7.03270022799	3.76340236256
7.10437301049	3.75522653786
7.18344937236	3.74814347326
7.26961333434	3.7453715132
7.41834819855	3.76777329235
7.58309305059	3.80605433877
7.63794611919	3.81657520406
7.70797599284	3.83184633599
7.89849738026	3.90321134974
1.09779131932	-7.68968945859
1.09959335041	-7.82726624602
1.10433377005	-7.92809679106
1.12451887526	-8.01905015637
1.09466493254	-8.28218239555
1.02100318549	-8.49289251142
0.993208054873	-8.60154945637
0.957661583555	-8.71920131141
0.93133253231	-8.8111882689
0.913067306935	-8.93222690188
0.904121651208	-9.03768117038
0.899457921803	-9.09796895283
0.874464767623	-9.2620079342
0.874760642132	-9.35502102691
0.875714133515	-9.40747610321
0.882494860314	-9.49899730961
0.903779574262	-9.73730761775
0.913863217488	-9.94969372361
0.949103898678	-10.050920945
0.974926972513	-10.1654471242
1.05935608412	-10.3734205794
1.08504924316	-10.4386561243
1.12604820494	-10.5258297376
1.15541866026	-10.6095673989
1.2060628784	-10.6952979738
1.25902848041	-10.7370953368
1.37661453189	-10.8331346233
11.2980190037	-1.35133042442
11.3994575426	-1.25905945128
11.4313302514	-1.17196737201
11.4618084127	-1.04050671601
11.5033956229	-0.944631708611
11.5471612534	-0.846063005536
11.6267911816	-0.720908054647
11.6891031892	-0.646517380615
11.762003065	-0.565477139958
11.8293559549	-0.493218558475
11.878175944	-0.448414040684
11.9495437428	-0.377022674684
8.07194540732	6.6836318581
8.23237281383	6.78631714394
8.36844558518	7.02027495659
8.44914349108	7.13577140307
8.50526936885	7.22084122029
8.56728230738	7.31065610211
8.61566956303	7.64395710892
8.60918822229	7.81058439086
8.58434926184	8.09833761095
8.54495974934	8.29182420708
8.50872144929	8.42356882722
8.49792206842	8.53142456479
8.46709273053	8.6100177807
8.42678208833	8.72586770942
8.37671594078	8.79392747331
8.34429196384	8.85711048165
8.24061508599	8.95143088018
8.18910162283	8.99636648216
7.90419115779	9.15898268404
7.667609807	9.21143068983
7.47109058052	9.3158863114
8.07194541818	6.68363188348
7.95982425228	6.74599282355
7.94331686111	6.79280225196
7.86560478704	6.85364203281
7.79407289058	6.9108262048
7.72756473858	7.02783281582
7.68853053457	7.13005268733
7.65089232532	7.21905696173
7.60976790415	7.3234076657
7.57870462657	7.43460772456
7.55356015686	7.75498982362
7.53875407109	7.89179989254
7.52953526671	8.14783335833
7.5332839569	8.38004472735
0.53661596537	5.96694480348
0.554675896909	6.07158410819
0.58877095958	6.20313023996
0.536627063112	5.96694335958
0.469335780521	5.81176031278
0.438417566244	5.76173101061
0.4014293828	5.68978597496
0.362472572111	5.61557683644
0.315230087007	5.51897871592
0.267508463732	5.39506215741
0.228458449258	5.29456971315
0.165902174978	5.22894581935
0.128002460496	5.14168974628
8.1510928962	4.4141819372
8.05831430608	4.11165562406
7.89849872526	3.90321541142
-5.22909845368	-2.79768015757
-5.1754638436	-2.69572914088
-5.16399427064	-2.63174793207
-5.15514928552	-2.58708177432
-5.1552862579	-2.52187367108
-5.14465848811	-2.4672302014
-5.11918765874	-2.3676967456
-5.1022288291	-2.1531666281
-5.08609244261	-1.92375901786
-5.08495897153	-1.75139524655
-7.93621011852	7.48938108178
-7.84500229737	7.6384656308
-7.68773613838	7.75542533546
7.56810252736	9.99535511351
7.75213293082	10.0362017651
7.91254391914	10.0146013437
8.00049705053	10.01524022
8.08283516547	10.0172241122
8.20059121841	10.0114684502
8.34081775588	9.98680436988
8.42673728595	9.97944613323
8.59030060708	9.95544189264
8.68954775683	9.93694677205
8.80624758867	9.90553066501
8.83073974018	9.89123923358
8.94521835179	9.8482311747
9.07568869557	9.80092007016
9.29125090085	9.71200260286
9.39924389783	9.65698171425
9.5983465415	9.52633727373
9.70820458875	9.44485127768
9.76522301562	9.38072151136
9.84081097159	9.31541316888
9.9161708244	9.24347870907
9.96626031431	9.19095702631
10.0650339056	9.08120273028
11.651908093	1.38698879308
11.6937294692	1.20105464713
11.744519847	0.955295280076
11.7745164997	0.795890319495
11.7646025082	0.699175014363
11.7744366896	0.564482092865
11.7925604431	0.37782076072
11.8354444669	0.295865236246
11.8686386365	0.171446083558
11.8878852008	0.0798356839599
11.9028569643	-0.0180252214613
11.9208895273	-0.131203074943
11.9320509116	-0.199129019271
11.9295404104	-0.259102105805
11.9495647483	-0.377032064881
4.41368013972	-5.20192780204
4.31054862963	-5.28130406446
4.1870068199	-5.30278034269
4.12573332655	-5.31941904035
4.05419087769	-5.36442760045
3.97041177806	-5.40780438553
3.8502675044	-5.47269747102
3.74832332443	-5.52065566177
3.65126468458	-5.58259471434
3.60792638454	-5.61060401549
3.55585788338	-5.58040188005
3.50517388304	-5.60442160493
3.41786601378	-5.63814105998
3.32464513346	-5.68189471059
3.27872848657	-5.70007483692
3.18141077541	-5.72868146056
3.079742885	-5.75459393287
2.9039529654	-5.82478807936
2.79335631123	-5.87989026583
2.68549610272	-5.95217327419
2.59459564848	-6.01938634711
2.49943068827	-6.03986687543
2.30935678922	-6.0696685319
2.2411392489	-6.10252790755
2.14502740252	-6.120515939
2.00290149131	-6.14562931931
1.90520547755	-6.15728255658
1.7546114645	-6.16365691239
1.66726680109	-6.16725238245
1.53952337153	-6.17664948627
1.32492504662	-6.17760959764
1.21955732837	-6.17096425458
1.12799884564	-6.17871388669
1.01712464376	-6.16420766481
0.925178699569	-6.15174646333
0.827000695466	-6.13534419202
0.741326361265	-6.12033903262
0.578831444731	-6.05052597552
0.444250986978	-6.0086079747
0.355050132215	-5.98073576388
0.203767982005	-5.91312542176
-0.0269410379024	-5.77085419734
-0.175095502756	-5.67472670896
-0.334191814723	-5.56740413784
-0.612127685944	-5.41330967752
-0.775924435844	-5.32522285141
-0.867299976455	-5.258382377
-0.98461071734	-5.18287696694
-1.10013779129	-5.12959952838
-8.06506297979	-0.727020553183
-8.11355156422	-0.489128812802
-8.15347412234	-0.37060136237
-8.35914043042	0.0390333732821
1.37661452862	-10.8331346236
1.56228951632	-10.8553448637
1.79391245933	-10.8228859009
