1216 0 0
1.68900534273	-9.22276910118
1.95011914231	-9.41805550961
2.04071757756	-9.55688074074
2.14233273606	-9.66470635449
2.27839963363	-9.76276707727
2.43636663536	-9.90380540201
2.56619025226	-9.94552071656
2.76076583134	-10.0544303796
3.0922414833	-10.2604143938
8.88442276287	-14.2525642068
9.02569940177	-14.3768463871
9.14012317899	-14.481104239
9.33808783217	-14.6669670736
9.53338884713	-14.813312417
9.61623572728	-14.8947731169
9.77142658069	-15.0106138092
9.85223441982	-15.0889559144
9.99898023218	-15.2603661008
10.1246610632	-15.3782268507
10.1942545869	-15.5233258233
10.2557231818	-15.5922626876
10.336063773	-15.670039144
10.6131531936	-15.7510710466
-6.61242907749	-11.1787714724
-6.73349480784	-11.4857501534
-6.71512316975	-11.6754679011
-6.76924774367	-12.0162530175
-6.77759595415	-12.053868849
-6.69476057951	-12.373044873
-6.63197173935	-12.5742057972
-6.52998305802	-12.7687868147
-6.45579980936	-12.9478417151
-6.36607158957	-13.1559991033
-6.3001557042	-13.2605417796
-6.19164584741	-13.362250183
-6.07792057775	-13.4575993227
-5.97388482785	-13.529818619
-5.73030836627	-13.7336157165
-5.23318248911	-13.968376943
-4.98172302279	-14.1077577387
-4.85105793282	-14.1780904163
-4.68812450986	-14.2279057928
-4.36440335032	-14.417899433
-4.12105519003	-14.3717806092
-0.439558555515	-7.11363110268
-0.403165651176	-6.82438434943
-0.40950665005	-6.71592596801
-0.39756325189	-6.48559080283
-0.323899432038	-6.30248881674
-0.225905806716	-6.05280248935
0.0285708916163	-5.724065495
0.193086159093	-5.51382257763
0.255878525815	-5.4397733017
0.282375857694	-5.39092965917
0.54306715919	-5.16686152526
0.709827477289	-5.04817504521
1.04495789354	-4.79843165991
1.19955671469	-4.72458951047
1.30778775015	-4.6691006732
1.57626643968	-4.49948110081
1.76937566978	-4.45810380323
1.87675149128	-4.44301647309
2.21166856578	-4.39852814665
6.33310739876	-12.1159563251
6.34328625891	-12.1145704235
6.4798355309	-12.0685326106
6.62880593633	-12.0275321939
6.79404214541	-11.9614817948
7.01948893973	-11.8615273886
7.16470024613	-11.7882894578
7.18552150165	-11.7746957603
7.38160979413	-11.6548587029
7.49134197357	-11.5815609394
7.64417644779	-11.4795422392
7.85857915513	-11.3417023383
7.92142932253	-11.2718278225
8.12300029673	-11.158941195
8.30131118499	-11.0591613558
8.34182832764	-11.037685834
8.56853932256	-10.9076591402
8.74835442438	-10.8071998324
8.93901022933	-10.7013631058
9.31241362282	-10.504188808
9.58393334731	-10.3135396524
9.81607651365	-10.1667308597
10.0704943324	-10.1794788085
10.2748571131	-10.0927079163
10.3797893769	-10.0461820955
10.7250916696	-9.99477052373
2.21180347535	-4.39858544485
2.50835183419	-4.10353559328
2.66237692494	-3.9064404091
2.61377237335	-3.79369046431
2.56333946455	-3.62350296151
2.54078242059	-3.34983565669
2.51661809529	-3.18204572533
2.49731180824	-3.03328272098
2.40790200327	-2.83698199573
2.36150788031	-2.73804975278
2.29952033783	-2.53618974733
2.19929463654	-2.3226131952
2.09978448962	-2.1307673651
1.99463169548	-1.92121478671
1.80817575307	-1.66203380741
1.67472547859	-1.42360634199
1.66533101234	-1.40965412523
1.56117700236	-1.26196793121
1.45868219054	-1.11371796209
1.33678921995	-0.985504440031
1.18275470598	-0.803859389261
1.0302643897	-0.642662712285
0.938185721484	-0.539266886401
0.787725318708	-0.410853491659
0.647440760642	-0.281431267441
0.484845063648	-0.13336988441
0.367495070304	-0.0370160758276
0.210695297484	0.0953537155045
0.0954381643273	0.19155639522
-0.00941276327043	0.279880279462
-0.150819107522	0.408193302713
-0.257409974476	0.50272327434
-0.347368789512	0.587181525949
-0.526359225531	0.760227516933
-0.629520592318	0.874860524873
-0.739609131016	0.99657011572
-0.828536937788	1.09264336263
-0.993325994306	1.26450975961
-1.09334764635	1.36618716817
-1.28075170394	1.565270133
-1.39640696755	1.66176390854
-1.57864955825	1.86183484242
-1.66889147542	1.92145455734
-1.75990861794	2.01171600711
-1.91742371924	2.17382878691
-2.0584719851	2.34659184623
-2.1767200805	2.46445440791
-2.28803338983	2.59633952378
-2.36215239374	2.67733913989
-2.45253914247	2.79369204661
-2.57459469246	2.92128610842
-2.67892679149	3.05042417302
-2.81597405734	3.20205313516
-2.92590869462	3.33134927274
-3.06043352031	3.4745488494
-3.17642555425	3.54077142038
-3.27663698776	3.6591273436
-3.38894930047	3.78045298151
-3.52649509314	3.93104046152
-3.72691784982	4.14469886037
-3.91363210529	4.32449828947
-4.09633761304	4.51530135913
-4.2575469813	4.66782809943
-4.30848509561	4.71419231879
-4.46753685746	4.85741846586
-4.61417363235	4.9901063578
-4.72319630098	5.08488992738
-4.90290617428	5.23348400999
-5.15911427373	5.43051904437
-5.37227163434	5.6024601315
-5.45370687994	5.6731754416
-5.59625245796	5.76328730329
-5.68715112011	5.82157668725
-5.87804750329	6.0030541049
-5.96465574323	6.06891491156
-6.08475148706	6.15233078574
-6.29980121236	6.29470667325
-6.44962160699	6.37097064
-6.55875352974	6.47435250278
-6.73019434918	6.57070082915
-6.99983173306	6.77742503379
-7.20976107057	6.91594568294
-7.35043515565	7.00582841755
-7.4991331979	7.06883036975
-7.64393571348	7.13061255937
-7.78060331054	7.13748623572
-7.98276802551	7.31583727386
-8.1485737098	7.35668803161
-8.28995114135	7.40187791497
-8.39673870749	7.47553540885
-8.56143855888	7.69810705555
5.78269390902	0.43015841323
5.76560641124	-0.0332393133003
5.6450070075	-0.361094047401
5.61050958289	-0.488060995169
5.55686331472	-0.645814634778
5.48634806345	-1.07630139103
5.45224568752	-1.24737609755
5.44974840446	-1.39327533385
5.45413947396	-1.6262258654
5.46454534845	-1.79980065642
5.46922220243	-1.87133181576
5.48837710655	-2.06233439055
5.59501509987	-2.57344389189
5.78228533239	-2.9318494376
5.92195544871	-3.18472435667
6.06461865116	-3.387068143
6.1740399106	-3.51117903971
6.39911019145	-3.73273223741
6.69945234251	-3.97343551416
7.01282727508	-4.14941872106
7.52135978253	-4.41754889615
7.8257581361	-4.54283815714
8.05803879165	-4.63812165864
8.20969335172	-4.69772981148
8.49692990703	-4.81777880789
8.71504803678	-4.89838743027
9.08148034259	-5.03559440029
9.26914730948	-5.10539016401
9.49144750981	-5.14196117563
9.63792630249	-5.18787041898
9.89212220779	-5.26856933392
10.0478488168	-5.32682120799
10.206557908	-5.35262360512
10.4557163757	-5.38388786617
10.8250731705	-5.31846035047
7.50285741034	1.38005619406
7.29054462069	1.76426771736
7.33042779269	1.97294229047
7.41163668016	2.13668194867
7.55574361455	2.3590456226
7.66439406366	2.56374031159
7.87669263013	2.98855912324
7.95158998781	3.12329638935
8.0403013694	3.31217591704
8.07596581875	3.40904759131
8.14241364473	3.57281104694
8.22941613619	3.73232422968
8.30303191905	3.91422174214
8.39132297254	4.14406090838
8.44718994607	4.30235826228
8.44759057984	4.41741929014
8.49734172964	4.57289685486
8.8248203665	5.02398759997
8.94286727233	5.25350078675
9.24064397237	5.41529642975
9.36996680011	5.52420922861
9.42812365027	5.72488777189
9.83561065833	5.91680658409
-12.487525263	3.91557404165
-12.4061013162	3.8224229736
-18.5638140862	7.51411836198
-18.5635772031	7.51497516423
-18.5635607607	7.51499823485
-12.1708212142	5.64980396877
-11.8699618121	5.78353562792
-11.6500221275	5.92909446759
-11.3937745676	6.14821024331
-11.208643537	6.22539058075
-11.1174356989	6.30717651792
-10.8065537407	6.4536845711
-10.7011232957	6.48914008026
-10.4431017933	6.62228687207
-10.1408541554	6.80701524083
-9.64105618348	7.0139231651
-9.25419219875	7.18621781089
-8.93782824232	7.34119547789
-8.88641254773	7.49183824735
-8.55880223845	7.68630361519
0.90745754189	23.2601165821
0.936831027372	23.25984571
1.00100564136	23.25402864
1.04989866254	23.2549622176
1.15391091157	23.2558380032
1.2297574569	23.2650083161
1.36126065352	23.259566832
1.51999004218	23.4150793524
1.7133041089	23.5026955136
1.77358992166	23.4320119981
1.90945096792	23.5089590078
2.06811856436	23.3248490525
2.13411439686	23.3409927746
2.24742413574	23.4050280542
2.34114575892	23.3167687013
2.40580551423	23.1124427077
2.37209367504	22.8163191053
2.45290712515	22.7511325277
2.591215424	22.7824107583
2.70697275616	22.8132649529
2.94129299326	22.9677163202
3.04946539888	22.8830070541
3.11156884513	22.7857635537
3.26426384929	22.7052134803
3.44814643969	22.4693916483
3.47563764835	22.3227210133
3.63653548564	22.2894181665
3.80562625265	22.2803161013
4.00711074855	22.1888351142
4.07148054505	22.0265734437
4.25448779555	21.927920901
4.32992012925	21.8142418517
4.36594712319	21.664205071
4.7129495685	21.6622542904
4.72706672505	21.5364382157
4.611247165	21.3060747069
4.86114583131	21.2197485594
5.24755515375	21.0618983476
9.20226791479	12.1639549533
8.74639913755	12.0138751059
-2.73338842996	10.381950004
-2.64063996049	10.6678192425
-2.64050117849	11.0256084212
-2.62268272992	11.1381185578
-2.52152105588	11.2942968418
-2.44205332335	11.384514845
-2.25080025368	11.5030602192
-2.0827719355	11.7994700917
-1.98147638821	11.8670499634
-1.94222149902	11.97195558
-1.83559678385	12.0576784627
-1.68973999663	12.1718886687
-1.48234929249	12.4417203461
-1.33400485353	12.5605838895
-1.26404860339	12.645914647
-1.09195787089	12.7651840592
-0.937392569132	12.8861994931
-0.701876985373	13.0787140142
-0.426702872332	13.312210719
-0.142161195866	13.5314756391
0.121295343733	13.7309681746
0.445841439367	13.9701939954
0.896564707053	14.2948715475
1.20778999115	14.5190783814
1.53845749379	14.7229865407
1.64927923812	14.7840392514
1.79124657493	14.8882723725
1.91182309062	14.9559667641
2.1125268928	15.0778567569
2.31098779224	15.2013975518
2.43403095309	15.2750409445
2.6104284598	15.37703933
2.84044267015	15.5109700586
3.09108342709	15.6611375944
3.27747686499	15.7621514923
3.48896287869	15.8403442956
3.58522379591	15.8844282916
3.87281862229	15.9632032972
3.96239868242	16.1374132372
4.06817683014	16.2315937871
4.33302629268	16.3900380911
4.45397150552	16.402179832
4.61904828491	16.2944906593
4.79128054629	16.2717956966
4.92237425915	16.2779680927
5.08502146516	16.3066441784
5.27939023829	16.345689289
5.32666636283	16.3334083976
5.39302287219	16.3802316311
5.54699058026	16.4173294491
5.94282704751	16.5567201678
6.04863632629	16.6613223926
6.20636290287	17.1216030937
5.94534574416	19.0826425526
5.92076434069	19.1997664119
5.9721211366	19.4580376206
6.19490010934	19.5713827555
6.37598126395	19.6486068152
6.5313670225	19.9746798085
6.60162044522	20.0624509519
6.71503985309	20.1090762193
6.88299646118	20.1238012356
7.16450719732	20.375170615
7.31893342763	20.3758547144
7.4232324894	20.3750502711
7.42256456226	20.3646471586
7.4436960798	20.4768880703
7.43767600157	20.5395074259
-16.4347353011	-5.28357831013
-16.4329539778	-5.28440086922
-18.1220726265	6.51732456021
-18.1173789566	6.4977319414
-18.1166686691	6.38449177709
-18.1248819242	6.22737253496
-18.1261109769	6.13514388894
-18.1370597598	6.0003397202
-18.135045604	5.88829910179
-18.0415950187	5.71438426588
-18.0028907915	5.45483418554
-17.8888535427	5.32102846985
-17.7509937716	5.29405174926
-17.4441719205	5.12330164645
-5.97118794013	10.0557376859
-5.4871100788	9.97044587211
-5.26234374361	10.0584317723
-5.11640170875	10.0966153226
-4.97545874217	10.2039796677
-4.77783237286	10.2811955809
-4.56529869912	10.311881612
-4.19165106914	10.4793522171
-4.0198900165	10.5320273213
-3.853315057	10.5641579012
-3.53147719848	10.6294202348
-3.36197395651	10.584633263
-3.15578724268	10.5333394015
-3.06886455086	10.499245616
-2.65827724433	10.4304467467
-6.97344837869	9.21497721854
-6.31521673495	9.27485191558
-6.16733855839	9.5668913668
-5.92401958088	9.74997523042
-5.73266589718	9.60418565268
-1.55911580756	9.30293394338
-1.82130874517	9.44135484882
-2.09199434623	9.60750652567
-2.219080396	9.78537372335
-2.20301856887	9.98302277616
-2.35454511227	10.0571157403
-2.51284994257	10.1539494075
-2.65827724433	10.4304467467
-17.4441719205	5.12330164645
-17.5396300642	4.96393765904
-17.3115395528	4.79273097097
-17.602869815	4.50001558965
-17.54424198	4.39782250857
-17.4643680605	4.33668610536
-17.2559530977	4.12439530041
-17.2458086636	3.97062930438
-17.3841817545	3.76751355026
-17.3079006973	3.68948967146
-17.2126725506	3.63656771303
-17.1578303399	3.42856443305
-17.1212161165	3.33003930558
-17.0624157374	3.19453836559
-16.9666489117	2.96611652053
-16.8713984342	2.77810732475
-16.8261102816	2.68032962186
-16.7629242182	2.5466808453
-16.7203677862	2.47366309414
-16.533870894	2.15647303123
-16.4296644105	1.96946248633
-16.379586096	1.88329887784
-16.2413627884	1.66859571901
-16.0244388445	1.33032356034
-15.9766352132	1.24051816855
-15.831895768	1.11862330214
-15.7584381833	1.0288757167
-15.6514184101	0.966783121175
-15.46896081	0.854209459365
-15.2438917804	0.6996597089
-15.02334006	0.661108159153
-14.8009997301	0.590689132772
-14.6509464327	0.394086005899
-7.77481926165	-5.89583477167
-8.15089985269	-5.62934845715
-8.30587120679	-5.51951234079
-8.34031761446	-5.29409327207
-8.42868131806	-5.21479591384
-8.52090796292	-5.14770482285
-8.65672039099	-4.94913697575
-8.88026537907	-4.67228403501
-9.12671969117	-4.40506473695
-9.35818041648	-4.08782141062
-9.60446187921	-3.77311303905
-9.68620757314	-3.6771709733
-9.803501868	-3.53392030815
-9.97098674361	-3.30747508926
-10.1151826894	-3.11366405755
-10.2735180226	-2.91310988326
-10.4511836811	-2.68600705485
-10.5519778624	-2.54022002616
-10.6508152273	-2.43404895606
-10.8171240166	-2.20654568203
-10.9746720295	-2.00993918324
-11.1488528199	-1.78164867774
-11.2137009444	-1.69956142164
-11.2701877375	-1.63942145549
-11.3623282495	-1.53216879814
-11.494015874	-1.3530581881
-11.5826747514	-1.2390457322
-11.7188173623	-1.08460955607
-11.8366781238	-0.948446652085
-11.9279038059	-0.851636196939
-12.0290501692	-0.736321968023
-12.0998629559	-0.510011992497
-12.2215829631	-0.344747451403
-12.3762842163	-0.205181566899
-12.5467904182	0.0150069341891
-12.68664888	0.151562366019
-12.7038690452	0.379353400895
-12.7823121382	0.545677450969
-13.1488289652	0.755625321799
0.0566405703588	-9.0699162633
-0.0666427022001	-9.36795301472
-0.276579282635	-9.4430888632
-0.458478428249	-9.52108939112
-0.73004445004	-9.76069937342
-1.00116552935	-9.9756754171
-1.17258459978	-10.1900178209
-1.32468833488	-10.3645033311
-1.39917325271	-10.4448133099
-1.50490897094	-10.5478044956
-1.76219021039	-10.8316512382
-2.06289555363	-11.1742775223
-2.19016057056	-11.3210860746
-2.29828422667	-11.4411709653
-2.32994322053	-11.4757320974
-2.46964141107	-11.6294057703
-2.68211852883	-11.8580162206
-2.85557063296	-12.0481961673
-3.13780695383	-12.3768939767
-3.32989176621	-12.5606615715
-3.38303256615	-12.7471476323
-3.42312522351	-12.9102941449
-3.50411526323	-13.1540390846
-3.94334392009	-13.1751751978
10.8250732839	-5.31846139116
10.8578428904	-5.66825071222
10.7696474912	-6.07540526583
10.7338850644	-6.25431972373
10.7311567394	-6.49069476599
10.7284410972	-6.73546669531
10.7465424459	-6.94190299174
10.692112966	-7.13466578144
10.7116355785	-7.33032961401
10.7238081485	-7.53449507099
10.7132037926	-7.81206920728
10.7240794841	-7.9516511922
10.7359049855	-8.09429587275
10.7396508849	-8.25847438106
10.7475491949	-8.50754696449
10.749387397	-8.7029596723
10.7574306739	-8.90500947541
10.7508620148	-9.12869758606
10.791857084	-9.40732126345
10.8015816196	-9.51026288463
10.7483734059	-9.68185253484
10.7249711125	-9.99475063458
-14.6510135832	0.394011108146
-14.7824085841	0.0582242495998
-14.8716536621	-0.03975815284
-14.9916799204	-0.1518555872
-15.0434917093	-0.364701564022
-15.1432763218	-0.652702925008
-15.1603115873	-0.845020697288
-15.1307810496	-0.91158893901
-15.1432221034	-1.07410385736
-15.1414862174	-1.23839501508
-15.138752043	-1.34089048338
-15.145861543	-1.83837388704
-15.1347700194	-2.0792135661
-15.112110464	-2.20301299835
-15.0967052222	-2.30644630767
-15.0687820526	-2.4256328556
-15.0339040744	-2.54567578076
-15.0207892382	-2.61966832978
-15.0070343063	-2.75477561506
-14.9885517265	-3.06788290325
-14.9494876196	-3.41070773057
-14.9415014868	-3.48283851914
-14.9013674589	-3.80319365458
-14.8722704241	-3.98034576136
-14.8384626654	-4.13456273763
-14.7907851947	-4.40446213789
-14.7406883657	-4.55924434489
-14.7022183271	-4.71975806541
-14.675676436	-4.84790907097
-14.649958847	-4.94915638029
-14.6288984137	-5.02198428957
-14.6010101832	-5.16372225897
-14.5542870843	-5.32541617465
-14.5165727735	-5.50556564094
-14.4422592247	-5.67577579877
-14.4165214049	-5.75368588314
-14.3678950382	-5.89161004328
-14.2838737678	-6.11965391975
-14.2195596402	-6.29060353246
-14.1399080493	-6.47433670542
-14.0533051397	-6.58309688984
-13.9496305794	-6.71767684199
-13.8865970252	-6.79073186513
-13.7633348335	-6.99256336578
-13.6549631332	-7.06572493032
-13.5011325196	-7.1621850408
3.66900965585	-12.926610111
3.84845494641	-12.8518380891
3.94884021514	-12.8084928036
4.06516480343	-12.7635944689
4.16076164572	-12.7348477323
4.4635778054	-12.7128130575
4.66373480912	-12.6836230998
4.82134642506	-12.6940232628
4.93158403036	-12.7273669751
4.97853234576	-12.7389950614
5.0192229641	-12.7639755874
5.16142396522	-12.9106211278
5.24374096971	-13.091763849
5.46733310886	-13.3158796577
5.51788343208	-13.4592112654
5.55006338116	-13.6427004952
5.56010918133	-13.6962002151
5.62064291181	-13.9371897252
5.68127728156	-14.1200574173
5.6995012913	-14.2158023413
5.71957570894	-14.3652145893
5.73050971023	-14.5113828209
5.74291138098	-14.5830201392
5.76038020964	-14.6756190653
5.80029237789	-14.7939884281
5.79947450685	-14.9147639098
5.78287845621	-15.0633278178
5.82977147435	-15.1642038464
5.86289936093	-15.2692504668
5.92547221978	-15.4265500253
5.99583331747	-15.6209311757
6.08834976075	-15.8646864794
6.15638008227	-16.0140769125
6.13227058028	-16.1233639461
6.15782979455	-16.2155410127
6.20262244188	-16.3291440457
6.30954681808	-16.5880108565
6.33427282835	-16.6514418614
6.38220141441	-16.8134337638
6.37421210883	-16.8677842593
6.38427772452	-16.9687976304
6.44204722903	-17.1331446465
6.47557124759	-17.4032520797
6.50395823726	-17.5430749726
6.51381725094	-17.6446500801
6.51531084957	-17.7350074872
6.52446233137	-17.8536404131
6.55587038991	-17.9344134326
6.54346112263	-18.05815847
6.55527582654	-18.2245141966
6.53880776025	-18.292332021
6.5170229484	-18.50924015
6.49527284201	-18.732586617
6.4080892489	-18.8399684769
6.31548073043	-18.9260223061
6.27721041767	-18.9538733146
6.14516204317	-19.0678790414
6.11825646212	-19.2222646442
6.07076669117	-19.3756772947
5.94958765522	-19.5106875473
5.8434966173	-19.6096596353
5.78833138893	-19.6530633408
5.6509532423	-19.7272294994
5.53554034034	-19.7499820693
5.38486208368	-19.8537861598
5.1178259131	-19.8956048366
5.0117786943	-19.8952400981
4.76304116453	-19.8600401735
4.6492824945	-19.829822167
4.57616008001	-19.7871968271
4.28430784306	-19.4936628367
4.20210081759	-19.4552181182
4.10669839057	-19.5252159131
3.96839968867	-19.4472806801
3.7772479274	-19.3316125002
3.70694861771	-19.2797274454
3.37889799525	-19.0301945745
3.23825164653	-19.0089363966
3.05696686352	-18.9722443748
2.79325061102	-18.8489060161
2.67151873745	-18.8340693339
2.44231173048	-18.9272040861
2.34315624072	-19.0047381578
2.14322782049	-19.3087444741
-13.1488361854	0.756853700792
-13.5621373953	0.710019071817
-13.6758809727	0.737871008776
-13.7880988741	0.45857354892
-13.9902972426	0.384782915135
-14.1544633957	0.4537495439
-14.4009761691	0.443167255152
-14.6509559179	0.394056938482
-4.12089881076	-14.371643487
-3.94302751378	-14.1608633968
-3.91360382986	-14.0332410487
-3.94470061288	-13.7939449038
-3.94674726412	-13.6750869671
-4.02185954661	-13.4523020792
-3.89214828379	-13.2206494173
10.6909865842	-10.0042147155
10.8813215483	-10.1604859948
10.9777068324	-10.284825825
11.0111568728	-10.3443231952
11.0770900911	-10.4773004452
11.0593103583	-10.6980015476
11.1390227478	-10.8870038763
11.1689838811	-11.1167469617
11.2472487765	-11.4179117916
11.3033798455	-11.6183814437
11.3370444472	-11.72251537
11.3845664448	-11.9662715884
11.4191857558	-12.2287996775
11.4242172972	-12.384477769
11.4212120929	-12.5532935058
11.4195332896	-12.6454759177
11.4125506281	-12.9303327183
11.4056479858	-13.0903496153
11.4084603957	-13.1757730909
11.3954502611	-13.3856732217
11.3306453231	-13.9212876923
11.2101636887	-14.2891974019
11.1977165175	-14.4414571414
11.1065057904	-14.5698859157
11.0894062342	-14.6610812691
11.0691200908	-14.8098703559
11.0060869081	-15.0456751619
10.9514268244	-15.288137978
10.9040132211	-15.4143272578
10.7824870321	-15.6639212193
10.6131531911	-15.7510710454
11.0370967822	1.34607950977
11.0997221286	1.0344574956
11.1185750421	0.802668454214
11.1098983539	0.646465045419
11.1325281149	0.402174503165
11.1283359191	0.174148340907
11.1335047323	-0.188496114288
11.1648939586	-0.583183484958
11.1625094393	-0.82412746888
11.1588902534	-1.07164196736
11.1504073836	-1.58611454434
11.1258967484	-2.10204916551
11.0983470006	-2.66167268353
11.0742335977	-3.06079322668
11.0635262947	-3.16882498196
11.0388159138	-3.57704494515
11.0094040699	-3.7410666323
10.9929568747	-3.95236563154
10.9788519971	-4.14407909298
10.9621174056	-4.31799652947
10.9600391166	-4.43883804017
10.9523216258	-4.64007139943
10.9389467954	-4.85603454987
10.825058015	-5.31845051211
9.63196128426	6.48863613378
9.81498897821	6.56266981672
9.80187261039	6.67328781703
9.80353128752	6.90264660044
9.7109375742	7.20467771252
9.66275112371	7.39192014802
9.69066181171	7.71465630458
9.65687518373	7.98430354244
9.64114441341	8.15160681227
9.62045863215	8.32151357484
9.61524506621	8.58140876708
9.59539437903	8.80339204907
9.57444182891	9.0319616132
9.54834827601	9.19373983767
9.54301541012	9.41178739002
9.5201612583	9.5520447583
9.52080509942	9.72751438922
9.49377195284	9.86124416324
9.4802368779	9.96053005318
9.44396195466	10.1881417736
9.3997841614	10.43869221
9.36279809762	10.6188799538
9.32607038924	10.7812635966
9.29807774018	10.8917034967
9.29079988269	11.1244241886
9.28934943067	11.2364088383
9.2098751412	11.4494639444
9.16098665305	11.650858915
9.07964811888	11.8172976524
9.35558274478	12.2122542638
6.20638637512	17.1215450653
6.63173322896	17.0139148336
6.82625429358	16.8470513484
6.90383473222	16.785063491
6.96571465229	16.7379516212
7.03345119672	16.436588223
7.00596787932	16.2140467623
7.05125335566	15.901670567
7.18687377214	15.7166805115
7.27508832181	15.6117080885
7.31368434973	15.4906425422
7.45571907368	15.2307629647
7.56509317684	15.0729167579
7.62722685398	14.9454716925
7.80013277152	14.6825981166
7.99130001172	14.3779529188
8.05240798582	14.235532968
8.16286811203	14.0402944983
8.25816861683	13.8619506127
8.29768356865	13.7676947774
8.42124451414	13.5577155423
8.47389484634	13.4324068495
8.58956015838	13.190634571
8.63667620163	13.0974728811
8.70015907139	12.9073602529
8.68595455375	12.8784161579
8.75014900224	12.6659698332
8.88594920871	12.6908400308
8.98308664247	12.3928728234
8.94441369518	12.208979452
8.74652846159	12.013913485
2.14322781073	-19.3087444711
2.04910819406	-19.111366174
1.91148182853	-18.9674149997
1.78337262571	-18.80179758
1.76230070429	-18.69074779
1.67351448747	-18.6591904201
1.49946289398	-18.5972999966
1.21091418092	-18.472253363
1.08150062534	-18.3760521702
0.216768843864	-17.8243536695
-0.100060340495	-17.5968234226
-0.522692855466	-17.2985016512
-1.88469516405	-16.3146072599
-2.48002279769	-15.8445734886
-2.92098375861	-15.5286365787
-3.1046406558	-15.4194393854
-3.33847547015	-15.3115385685
-3.43496939073	-15.1050051578
-3.57130258991	-14.9738278277
-3.49919869476	-14.7116569261
-3.7629345957	-14.6299907079
-3.8869553121	-14.5021491688
-4.11862000914	-14.3617580305
1.68900534263	-9.22276910393
1.47919287345	-9.23654054316
1.09618412362	-9.24330181059
0.764114046033	-9.14784697051
0.708701919626	-9.12746485629
0.60282833263	-9.10382470861
0.455476429632	-8.9810906361
0.0566192247643	-9.07009228778
1.68647058917	-9.22198469095
1.93258037976	-9.08547514888
2.0117508193	-8.79577119969
2.10324574463	-8.62142731786
2.20556949108	-8.38685201671
2.31402746469	-8.16127963664
2.36861907026	-8.05603107603
2.4666494181	-7.82847710118
2.69430745239	-7.36343036816
2.79618578532	-7.08694352412
2.90862120674	-6.83800650889
2.95653508053	-6.72429189925
2.97999429045	-6.58034231654
3.05535778313	-6.31906436769
3.0723931912	-6.14599000687
3.10359321849	-5.84338423273
3.11713266867	-5.49120547873
3.10052016428	-5.33181620847
3.08799827982	-5.24757147563
3.00761615661	-5.08918016843
2.95957176783	-4.93291162083
2.84981112108	-4.81840403216
2.63088064765	-4.59900202256
2.2118635135	-4.39851466204
-6.60441789588	-11.1748956336
-6.33123752005	-11.387452963
-5.96419258539	-11.6457806282
-5.80545017727	-11.7549693535
-5.66180025364	-11.8769855052
-5.42561225168	-12.0733200824
-5.29251727593	-12.1563301651
-5.25840236198	-12.1893590686
-5.00431355614	-12.1862908132
-4.90549998477	-12.2997815815
-4.8598235365	-12.3611350179
-4.76133139643	-12.4774170606
-4.66977494522	-12.7492092946
-4.41505510412	-13.0531031041
-4.31140623299	-13.1373864147
-3.88779069514	-13.2210677939
-6.92981971488	-11.3126054395
-6.8959009018	-10.9674994604
-6.93712920492	-10.8760477434
-7.04982747988	-10.5198223605
-7.22875477919	-10.1976594107
-7.26787883785	-10.1000237915
-7.30998928967	-10.0143368539
-7.39408291028	-9.88274552706
-7.4193433166	-9.70623958277
-7.46897203557	-9.52066998243
-7.51287442419	-9.35795413957
-7.52881271178	-9.28282599571
-7.56761629749	-9.17893999218
-7.63844642811	-8.87214217006
-7.67252258982	-8.69278068102
-7.71419170456	-8.48086223999
-7.74922852458	-8.25855806929
-7.81882324974	-8.0334772284
-7.82617604331	-7.86523627624
-7.85881378466	-7.59853979412
-7.94463443566	-7.26997346432
-8.05353080497	-6.95362264553
-7.94999113445	-6.77475987371
-8.02753869801	-6.55592950183
-8.08644969841	-6.4148373708
-8.10210388569	-6.35812227489
-8.09390620696	-6.24602006185
-7.77487182187	-5.89583240602
-0.441189209408	-7.1138331658
-0.515400418969	-7.6178624149
-0.46037943717	-7.85435627749
-0.354898046749	-7.94720756051
-0.313369847073	-8.19752809129
-0.254659427094	-8.31010827626
-0.146027107473	-8.40437174958
-0.0501296490009	-8.53802594176
-0.00690806608574	-8.61132747418
0.0564661028048	-9.06968506469
-0.438837729901	-7.1123948779
-0.866174579237	-7.4087044093
-1.1903742731	-7.02076454733
-1.23702904019	-6.89922903142
-1.40476973633	-6.56063560606
-1.58907526125	-6.26402101413
-1.69682691726	-6.14508040228
-1.91983465256	-5.94506351399
-2.05533413443	-5.86343780656
-2.19598119155	-5.78344071666
-2.50664240366	-5.65644127417
-2.83056761317	-5.54496832867
-2.97919808926	-5.51528277205
-3.15816539728	-5.51746355234
-3.36000100386	-5.47132494251
-3.5193186535	-5.45030956128
-3.69328675408	-5.4408720726
-3.82609742993	-5.45151917786
-3.94277075838	-5.45335294555
-4.0996912493	-5.45535180291
-4.37685894199	-5.47073861314
-4.63009915259	-5.48039684967
-5.02907403509	-5.51394340626
-5.3033097757	-5.53064591503
-5.7396055494	-5.58559068939
-6.21002575854	-5.62943684037
-6.57248724891	-5.66420856582
-6.79860182277	-5.72078776055
-7.11327830045	-5.73715254799
-7.27359280522	-5.65517907581
-7.37051444838	-5.8108895813
-7.77484286973	-5.89591113083
5.81148771326	0.383235926332
5.49365737163	0.494623400514
5.25720102614	0.443573136562
5.06660568991	0.402077309358
4.92467680569	0.365188858971
4.72581572968	0.351884721709
4.65637318678	0.434236532148
4.4121118734	0.462170772023
4.04662889422	0.509500464123
3.60268763659	0.568210866081
3.42982373093	0.612659952477
3.25213777113	0.682140710902
2.92710607486	0.787273436542
2.60398496456	0.907444835969
2.08203014356	1.13418061648
1.83118811448	1.25783287105
1.63680321587	1.4423839351
1.44643778571	1.6018037165
1.32478104633	1.69398628353
1.23026025531	1.77654673715
0.899685732838	2.03468604064
0.579809891374	2.35644504616
0.483938956488	2.42044751207
0.358931088832	2.55465570192
0.292323769304	2.63861881327
0.130081111091	2.83283592639
0.0153835773058	2.96957235202
-0.207963791474	3.24197902048
-0.403728385005	3.50183643309
-0.605625789837	3.77013764109
-0.696640564268	3.95610158641
-0.973800522508	4.36169065737
-1.08775462735	4.57236426193
-1.16793786165	4.71781879307
-1.23237771267	4.86534426687
-1.28567244423	5.00628507533
-1.33582915318	5.13916747016
-1.41941634991	5.43328042182
-1.47780002338	5.65257032784
-1.52109417679	5.87035481741
-1.55944710199	6.25395112591
-1.5752883764	6.4147999981
-1.62147969749	6.78550147045
-1.63035540405	6.96884219282
-1.63863570717	7.1501337045
-1.64648933354	7.44090553187
-1.63649602378	7.62531964044
-1.61759638483	7.88986251065
-1.71825821443	8.0375494364
-1.74720663371	8.19159052866
-1.80907203688	8.38702060417
-1.8446388745	8.53808525661
-1.86105611417	8.69285815164
-1.80381226931	8.79622079881
-1.71710203658	9.02797940069
-1.62107486746	9.25930622342
5.81148773581	0.383235898543
5.91767331494	0.56611462337
6.04009478741	0.638415133412
6.19570405073	0.60168592707
6.37729025044	0.819657453009
6.52508821522	0.949673146125
6.70208969539	0.977637651799
6.96334832952	1.21245720409
7.09920276726	1.31576989047
7.19413992162	1.38952641523
7.50315887619	1.37954484213
7.50276930921	1.3795959637
7.73528452621	1.2831522543
8.05768772597	1.29934872745
8.17534945825	1.30234003211
8.33386172571	1.33098026744
8.48281714823	1.3525685733
8.78010438548	1.38480311026
9.1366269625	1.38865881629
9.28705385577	1.42902153851
9.62566854234	1.349879176
9.79531896782	1.34187448603
9.99234983929	1.40760555411
10.1787670506	1.43472667367
10.4464018246	1.41280558296
10.8385842807	1.41883468642
11.0370876467	1.34618806736
-12.1707588713	5.64962587614
-12.1547584925	5.28606338109
-12.1666912382	5.16841197452
-12.2487340784	4.88236722843
-12.3103047511	4.67242456879
-12.346326354	4.52373255664
-12.4139108628	4.31880868201
-12.460580717	4.12975505835
-12.5299730703	3.84029763099
-12.1708825542	5.64992771439
-12.4017798257	5.81483550181
-12.5306870457	5.85625249569
-12.6965258316	5.88765474573
-12.889588915	5.95905144811
-13.206234924	5.99349877416
-13.4352433115	6.02080964318
-13.7948771479	6.12056174212
-14.0722389802	6.15232734796
-14.2717938233	6.14755027298
-14.5169900278	6.1756002661
-14.7368486115	6.18640458786
-14.9122247229	6.19303968582
-14.9508771142	6.23270754492
-15.1861454693	6.2482919361
-15.3621783735	6.26755545089
-15.5708702883	6.29994276406
-15.6787633665	6.24425159441
-15.7497381374	6.07966156826
-15.8350057589	5.92097232395
-15.9045807033	5.88600108557
-16.1824971576	6.19129546623
-16.3280217741	6.15346710184
-16.4239337851	6.13285062421
-16.5291555499	6.07870512938
-16.6512127823	5.77512415403
-16.7478845786	5.71888157504
-16.7644716331	5.4495296986
-16.8465131851	5.39695344043
-16.9519794055	5.39640297946
-17.1134165888	5.41012465646
-17.2377613227	5.22169930613
-17.8350141313	5.00340951374
5.94534574416	19.0826425526
5.8065452863	19.2364112508
5.65631633045	19.6569649108
5.5675689788	19.9121868024
5.50138363503	20.1856179126
5.49643195504	20.4490653288
5.44141751143	20.5991340693
5.3054145351	20.7251478192
5.09109782205	20.9141031616
5.94534574416	19.0826425526
6.25329632007	18.7511921726
6.35062758359	18.3632619098
6.46293686142	18.1646559392
6.38788214142	18.0606466687
6.53826615743	17.8643865346
6.55409504908	17.5980615928
6.5905854841	17.4698073105
6.20861113558	17.1224262275
-5.73019965608	9.6006998551
-6.21577470117	9.74100943114
-6.40580335771	9.53090049127
-6.67139185304	9.32212120871
-6.74703142549	9.17048877786
-6.97327665189	9.21593811303
5.09109782205	20.9141031616
5.03133255063	20.6796307366
4.85934968628	20.6259682692
4.52338186414	20.4737370622
4.33520089204	20.359787083
4.27271572107	20.3021840007
4.22087383815	20.212505837
4.15734703217	20.0943644526
4.17688408661	19.7974875739
4.24744171339	19.6542982037
4.36651721407	19.625742965
4.40689078962	19.4579997323
4.4561688095	19.3698451561
4.5470383138	19.1770777869
4.56755845302	19.0847845656
4.60621772189	18.9171339448
4.63379438534	18.7342474988
4.69655199524	18.6560387468
4.76382499206	18.4010070415
4.85013902723	18.2188382845
5.01796882326	18.1250447627
5.03227470887	17.8668679433
5.27561626967	17.8143630773
5.46041536625	17.7364540024
5.61461622733	17.6395388527
5.71726537358	17.5558227889
5.78348525516	17.454645619
5.89616812892	17.314657206
6.20636290287	17.1216030937
-6.64559445525	8.87959342426
-7.12373551726	8.88257976785
-7.47700129943	8.64705444022
-7.51331845818	8.58478569383
-7.63108028146	8.43833786183
-8.03342726065	8.16856276734
-8.14768250017	8.12036680915
-8.34046028008	7.99972468027
-8.56128255031	7.6980169349
-1.55915827056	9.30292596649
-1.36604388919	9.24359748801
-1.01995411612	9.15886487564
-0.83319850358	9.08335644894
-0.736216723078	9.04649793452
-0.497520900029	9.03570517183
-0.17289760392	8.86619831836
0.140170276521	8.78020261317
0.631456487911	8.64922941838
0.84824930687	8.59630998629
1.11034961954	8.54474670116
1.29281818779	8.49220033259
1.42507331848	8.45546832342
1.8340481392	8.36038441406
1.96906192969	8.32734949273
2.11079001282	8.29817975984
2.34546499579	8.237682934
2.61641534917	8.17292097919
2.83626461059	8.11682444088
3.16736595255	8.03559327577
3.69303965655	7.8985300424
4.21321641516	7.77335474862
4.77547921792	7.62853715079
5.104997031	7.54197777755
5.46195500158	7.44327780678
5.69590097876	7.37719747437
6.3754375447	7.19267791376
6.73275131018	7.08148452732
7.24102268285	6.92773854291
7.46428960548	6.86127075867
7.83155461971	6.76695732188
8.17102328092	6.66425432982
8.38411369198	6.59521285888
8.51976309583	6.60013689502
8.62681811071	6.57377808671
8.72417564107	6.55542557776
8.83149884561	6.52739978618
8.90289448133	6.52217871869
9.07111353603	6.46417730325
9.54813861645	6.43059250239
-13.1489722418	0.756120169386
-13.0087119973	1.0558455891
-13.0060420088	1.12870470391
-12.9589554867	1.42894387854
-12.9538292187	1.69746397369
-12.9198810134	1.89132497865
-12.9050643222	2.00444431424
-12.8751737984	2.18268253593
-12.8378348894	2.31724867934
-12.7439557167	2.72751564586
-12.6770851863	3.04748631291
-12.6208927998	3.32057119784
-12.5570538884	3.58977412158
-12.5300291157	3.84029460682
11.0370840181	1.34616190543
11.0896741764	1.67868592635
11.1082236724	1.87173949747
11.091638149	2.11080603542
11.0761792476	2.29523496084
11.017640272	2.60944529663
10.9508604358	2.85740230255
10.91732434	3.11766996931
10.8864869944	3.35329552603
10.8663963197	3.49302453929
10.8221340087	3.7382837419
10.7631297296	4.06150758132
10.7018889078	4.23806848456
10.643981224	4.48375991224
10.5217826166	4.86824876235
10.4309268277	5.13601321927
10.357323817	5.32927787017
10.2925339682	5.47529715366
10.1953139362	5.62241479867
10.1561176702	5.88385971948
9.83560970603	5.91683808852
9.54813860423	6.43059247832
9.64909894305	6.15780189501
10.0629399471	6.09294138663
10.613153191	-15.7510710453
10.4630503199	-16.0915510917
10.3556803117	-16.217307012
10.2322783038	-16.3559302888
10.1605688724	-16.4601310628
10.0902603305	-16.7351711538
9.92720020234	-16.88718615
9.76669028131	-17.0620045728
9.61642180549	-17.2053125001
9.50270411682	-17.3197677667
9.28492686903	-17.5075502046
8.95796559014	-17.7685596476
8.81061291263	-17.9212573002
3.04613543136	-20.5801382591
2.87458295756	-20.4944477313
2.72965416895	-20.3961985076
2.53617044027	-20.2222955541
2.46150391967	-20.1540899575
2.3632085489	-20.0432558243
2.29513808909	-19.9407422529
2.23635480521	-19.8335597841
2.10027042589	-19.6612528669
2.16338522471	-19.3044194974
