1216 0 0
4.6578145523	5.15334881453
4.75507070238	5.30900907281
4.84854003918	5.37065490604
4.93031879382	5.436629419
5.02756584103	5.47954814845
5.15185375642	5.59284056122
5.22245550528	5.67378364226
5.36080702562	5.78842416271
5.57796714829	6.006653051
5.71105333688	6.13970155122
5.84492142767	6.27255482035
5.96346947683	6.362498242
6.14383090671	6.52806371441
6.2789557797	6.64924328555
6.3532800421	6.71361774283
6.44198025925	6.83102413974
6.50493062253	6.88202046364
6.67530752943	7.01426023889
6.78635608313	7.0983523316
6.89535539649	7.172840591
6.96912193851	7.2098066594
7.01635241026	7.26145565031
7.0709351412	7.37478659309
5.87583773714	0.0632261757248
6.01190400539	0.0863607623649
6.11431144214	0.118193472786
6.31522676336	0.145397873466
6.33382378669	0.152446690821
6.4927367021	0.253012181084
6.59573261958	0.33702427344
6.67755546561	0.410441475349
6.78471816015	0.474412960981
6.89182466683	0.552720878397
6.92404625016	0.602868872924
6.92515732789	0.641683264763
6.96276694863	0.718786681228
6.99697384753	0.791516279443
7.11344115025	0.982794250343
7.2399028005	1.34470951851
7.26270394168	1.50964273752
7.31584480956	1.63421970925
7.32855860954	1.81173045756
7.34020065772	2.02876918789
7.30817505834	2.15418202372
3.56659156472	3.21623449501
3.42037265232	3.15649335232
3.3619005696	3.12768040926
3.23803324636	3.11013168947
3.11776570866	3.08888270756
2.95408583552	3.05630715962
2.76864195954	2.98508600745
2.62546725714	3.01029029544
2.5879290486	3.01523584647
2.5738810831	3.01552289397
2.37491299864	3.04736122794
2.26342462116	3.10954233303
2.04510037721	3.24389186493
1.97783127402	3.32557898805
1.91803172461	3.37701193477
1.79693369222	3.51274731272
1.69910340092	3.62356007334
1.65689258965	3.68047080756
1.49283295115	3.81813817542
10.3581608794	0.569056752371
10.3624588743	0.574984053605
10.4129268268	0.670250453484
10.4684251943	0.762996165681
10.530127608	0.874719670849
10.6057436736	1.02752063321
10.6512516294	1.12203291564
10.6565624021	1.13640735021
10.69438468	1.22354697692
10.6992001786	1.28256103446
10.7061304961	1.34734658711
10.7112568391	1.47553872688
6.97689971937	4.89727299043
6.78148615406	5.17365564471
4.34865786327	7.51003182622
4.32938762628	7.52859848694
4.23629365811	7.64167534784
4.17084516604	7.72978997125
4.09428603975	7.828123595
3.95547054641	8.02213327105
3.88159956785	8.17401733918
3.84085846071	8.31057382144
3.78322820414	8.47562010041
3.74452290372	8.6189463687
3.71479615415	8.67599106794
3.69739910293	8.78645653014
1.49276083176	3.81806792554
1.27938721816	3.84311774608
1.14202850119	3.81897211646
1.06745510042	3.75153310636
0.985806174094	3.66760004371
0.858407259297	3.53177788373
0.805108210408	3.4280952647
0.783487847691	3.30640949784
0.718464467495	3.19871591039
0.684636683995	3.13750799228
0.620196345864	3.00822446773
0.542811323815	2.85752865904
0.486531746076	2.70857027983
0.403265779706	2.5424808378
0.322073457355	2.33973579902
0.265270312298	2.16434203088
0.257409070488	2.15620949883
0.173290219404	2.09787773402
0.127198448808	1.97046550089
0.095819840324	1.86966358282
0.0476844930622	1.69049631938
0.0182655083615	1.52644677365
-0.0031138433806	1.41696157378
-0.0310766447671	1.30565985212
-0.0514699375569	1.17718515288
-0.0977357968136	0.977362159924
-0.0946433279526	0.869005215505
-0.12597648043	0.75781230077
-0.153310625235	0.65355995817
-0.184573765202	0.554928613752
-0.23790016825	0.425394648699
-0.273447178357	0.317274946035
-0.305348172746	0.221199372939
-0.361686542926	0.0628829115752
-0.404263901027	-0.036193573049
-0.449218102784	-0.175140458727
-0.48831666126	-0.289342581556
-0.538853890281	-0.457782700548
-0.575672949637	-0.559054359699
-0.661913317609	-0.725979936839
-0.651143874307	-0.857439927904
-0.733212477447	-1.02882186571
-0.789886817983	-1.15614717479
-0.824642659348	-1.23406448866
-0.883305174038	-1.3658601453
-0.947346490765	-1.50105304256
-0.991003931296	-1.60866190178
-1.03506512981	-1.69824716541
-1.06667084547	-1.76312897433
-1.1079305788	-1.86213272471
-1.15831138938	-1.9905190035
-1.21740660333	-2.09164317723
-1.28022451412	-2.20509562475
-1.32293928358	-2.2945759945
-1.3985387366	-2.41602206596
-1.46147907897	-2.53696136363
-1.5062517163	-2.62032129662
-1.55158570011	-2.70225413151
-1.61479056784	-2.82008229981
-1.71584856349	-2.99931213993
-1.7720533009	-3.15443456975
-1.84540376678	-3.29271480779
-1.8940871838	-3.43656001611
-1.90874826294	-3.47878428085
-1.95987460099	-3.59604710284
-1.99595028868	-3.68328965117
-2.00287132988	-3.76250668665
-2.04971625349	-3.90076356934
-2.1198679857	-4.12943314103
-2.16814860224	-4.29883382154
-2.18190138222	-4.3654040205
-2.20806575011	-4.47008830344
-2.22104248998	-4.54039175408
-2.25712569243	-4.71274612663
-2.26660282949	-4.77474981825
-2.28703241254	-4.85261012949
-2.30579260685	-5.00395615648
-2.31621317058	-5.11416557879
-2.32535591765	-5.21081664039
-2.33723456576	-5.32953400762
-2.36386148862	-5.5370932866
-2.35888883987	-5.68162952912
-2.35946485442	-5.77894148476
-2.31432365514	-5.89911016264
-2.34946377648	-5.99759060118
-2.34959399037	-6.09201217309
-2.32642672032	-6.25807643285
-2.32231689749	-6.36694919425
-2.32325922852	-6.45651093726
-2.32533778129	-6.49924652637
-2.35798456274	-6.58907418445
-1.827767318	3.7004599919
-1.64542808708	3.79418399996
-1.44137735165	3.88402609585
-1.36610999842	3.92035975368
-1.26594204751	3.94444657279
-1.03149849399	4.07090290616
-0.941172886437	4.12179592347
-0.87253703073	4.17461460829
-0.744728314984	4.1969980433
-0.660413002354	4.23723397222
-0.627286587303	4.2805356294
-0.539041895691	4.35038780378
-0.290168568621	4.60442535872
-0.137787063947	4.83064170546
-0.0430207365323	4.97287325895
0.0698440399093	5.11215950415
0.13746906283	5.21353202573
0.234117038055	5.37948004846
0.347385319939	5.59441939032
0.400254082478	5.79058483313
0.458011050914	6.11768182008
0.48238999671	6.27857947792
0.520491585013	6.41377744178
0.531739742397	6.51350622454
0.516343861791	6.69586517517
0.540562815425	6.83338144502
0.548156716086	7.05132803497
0.559934075726	7.17537608968
0.565762847548	7.31309059927
0.567219596454	7.40510169219
0.564975468762	7.57183683051
0.552918087866	7.68027527363
0.53802439941	7.79773153624
0.513938801243	7.92789168758
0.417889163985	8.06254298358
-2.88846683071	4.24479828485
-2.99349145371	4.0456154494
-3.08679760173	3.97917513526
-3.19967273916	3.92800584522
-3.37499953865	3.87557497814
-3.50714257978	3.85500720661
-3.80722805881	3.89146709567
-3.88938162951	3.89284229327
-3.98205555869	3.94479083858
-4.03120585926	3.9401364268
-4.155701804	3.91733606318
-4.27191134096	3.89008989541
-4.39359247461	3.81908193587
-4.54808400127	3.78501980288
-4.65439706588	3.77922148984
-4.72705084823	3.77117430616
-4.82466410093	3.74743210396
-5.12863823916	3.76899212587
-5.28877628469	3.7826958515
-5.49936537843	3.80081167188
-5.63194842412	3.81698190335
-5.75508867638	3.84752750728
-5.99738957483	3.97263554277
0.68321634612	-7.2538154832
0.731400044381	-7.2442036481
-0.222804389265	-11.3237489078
-0.223837481139	-11.3239381644
-0.223934101037	-11.3239551862
-0.419069311119	-7.53982536386
-0.557818308741	-7.43159161628
-0.713889149332	-7.35918550796
-0.894424703433	-7.29016068247
-1.00301558767	-7.26306070031
-1.05548346168	-7.24148841911
-1.14566626429	-7.14844855042
-1.17030854173	-7.11432686544
-1.30578035768	-7.08039006785
-1.49912545889	-7.02121124048
-1.74249953688	-6.93175967065
-1.9547640528	-6.85219085647
-2.05419037905	-6.72684855293
-2.14455075977	-6.69510686317
-2.35803175698	-6.58915436977
-10.0156395326	-6.63413822641
-10.0246988136	-6.62135369995
-10.0520163135	-6.5884042051
-10.0774567283	-6.56648063625
-10.1224922522	-6.51476035905
-10.1576323516	-6.47822602335
-10.2172666246	-6.42262862636
-10.3044150632	-6.32845737656
-10.3881377382	-6.24778178536
-10.4252526845	-6.21168004138
-10.4808867669	-6.15282940154
-10.5706924446	-6.0537442757
-10.5958450918	-6.02981513768
-10.6278574449	-6.00378654015
-10.6878485329	-5.92048369572
-10.7519682997	-5.85363575175
-10.8012275607	-5.79204955282
-10.84586284	-5.73838794244
-10.8919826849	-5.66593439813
-10.929897451	-5.61536944277
-10.9887325354	-5.54736041533
-11.0450917372	-5.46185630694
-11.0815710302	-5.42162777237
-11.1361128906	-5.33834230563
-11.2624128186	-5.16190203209
-11.3220326921	-5.07750547363
-11.3387946249	-4.99920462465
-11.3793139286	-4.94650167355
-11.4323112969	-4.86789580394
-11.5027901701	-4.7703345453
-11.6249045601	-4.66201557236
-11.7027979414	-4.58402743301
-11.736715124	-4.49703387521
-11.8666083195	-4.37110389306
-11.9173926633	-4.29291111
-11.9617267023	-4.20082593102
-12.0385249492	-4.07385718312
-12.0286914503	-3.80859082206
-9.33266225334	0.990963516351
-9.3201176564	0.979971773414
-5.3869178563	-4.29528801599
-5.53257754912	-4.35326983131
-5.70461743192	-4.41408571373
-5.80089632145	-4.4137126763
-5.92037591435	-4.41279262945
-5.98932794555	-4.39405956213
-6.10138149021	-4.36522174962
-6.30982630182	-4.26395553986
-6.37870489548	-4.23030193194
-6.45089680579	-4.20422355802
-6.51415804	-4.17828558171
-6.6118902579	-4.13985411417
-6.82315931546	-4.13251819063
-6.89876938214	-4.08931021137
-6.94148650155	-4.06130434987
-7.04427042614	-3.99725739179
-7.12459647546	-3.95381500474
-7.27239721656	-3.85940963148
-7.45067404093	-3.75328022094
-7.60555667306	-3.66222369932
-7.74561744305	-3.5783940326
-7.88916908447	-3.49287356893
-8.10614782518	-3.35358913255
-8.29671720497	-3.23899532611
-8.46779558934	-3.12870716928
-8.53071678921	-3.08742897681
-8.60900091298	-3.02892220808
-8.64113093387	-3.01245266478
-8.75279242721	-2.93147929162
-8.85694651072	-2.85616154674
-8.91985869733	-2.80254651182
-9.00551949934	-2.716647938
-9.11947519714	-2.61908713953
-9.27908345882	-2.60282948644
-9.3760247092	-2.53141561099
-9.46745239845	-2.46420780793
-9.51584649657	-2.42380697089
-9.63220879526	-2.34703441084
-9.69842661356	-2.28439738766
-9.75871429588	-2.21237582966
-9.88013482472	-2.0904851545
-9.90163156255	-1.9670434224
-9.96915859266	-1.91672600411
-10.0383088562	-1.84999154419
-10.0875562645	-1.80598747566
-10.1642093652	-1.74760831755
-10.2841963231	-1.72082234278
-10.3003946968	-1.71505283753
-10.3540065708	-1.71474701591
-10.4255029402	-1.72350668375
-10.603404848	-1.62654939803
-10.744399373	-1.60223139255
-11.0632396794	-1.70925459388
-11.7982955966	-2.54749423884
-11.8369567509	-2.60913793789
-11.8969902873	-2.68195915984
-12.0378974062	-2.6888368158
-12.1119287289	-2.67749162807
-12.3350437357	-2.67405046249
-12.414236686	-2.66413481302
-12.5042340672	-2.57827509078
-12.5932114364	-2.62763400831
-12.7821426485	-2.80053668854
-12.8479188316	-2.83037591437
-12.8937940606	-2.86011370495
-12.8966468467	-2.86042997237
-12.9436238628	-2.86989221657
-12.9883174842	-2.86347180009
7.87478911655	-4.30876536061
7.87566299019	-4.31065601676
0.496812125226	-10.8419674624
0.509882094479	-10.8315221095
0.575043629478	-10.7827027136
0.639282431123	-10.7380758415
0.684636462983	-10.7058740417
0.73926379717	-10.6631499476
0.788905103675	-10.6218054587
0.930101467767	-10.5221421614
1.04024930459	-10.3910156698
1.04061628487	-10.3094194561
1.06630063234	-10.2471106663
1.13486192099	-10.1063200639
-4.3066321833	-5.84735026385
-4.51666701175	-5.72940645485
-4.52303405144	-5.60546528513
-4.60908587222	-5.5449292263
-4.70188585367	-5.47365119531
-4.76409885979	-5.4080861919
-4.86060208937	-5.32722725037
-5.03879480941	-5.13946078131
-5.09513561276	-5.05170315151
-5.14373581159	-4.98162220045
-5.24417365122	-4.84521641378
-5.29407762948	-4.72345245887
-5.33049556886	-4.59674360422
-5.35596696461	-4.54008974943
-5.3869178563	-4.29528801599
-3.630358206	-6.22294536414
-3.9239086089	-6.01393905137
-4.06077930871	-5.94600386041
-4.19579271648	-5.84747002255
-4.30345849902	-5.85197451407
-4.97323598027	-3.36748907983
-5.03436765919	-3.52362226415
-5.10465898075	-3.72077541813
-5.1408699072	-3.86458734392
-5.17010108594	-3.95564647605
-5.18684612344	-4.067293985
-5.24885929431	-4.14394586189
-5.3869192504	-4.29532350083
1.13490758566	-10.1059396552
1.20072690736	-10.065397484
1.28180728345	-9.99779381945
1.4114946335	-9.87561722797
1.47113800476	-9.83632204415
1.50790409834	-9.80422752835
1.62281109872	-9.69666393388
1.66743537486	-9.59253945894
1.73625585418	-9.51982462035
1.78175208274	-9.47893147569
1.82729439704	-9.4371751441
1.89922131843	-9.36418542788
1.97876602694	-9.3545255604
2.03805108432	-9.28691448161
2.16478544225	-9.22953949009
2.2590628246	-9.15084276142
2.28236762308	-9.10015657388
2.32141348411	-9.02566537029
2.35422626767	-8.97434453059
2.52202819386	-8.78933264457
2.59651698435	-8.6809471846
2.65493959914	-8.6039769193
2.73565267002	-8.50506491344
2.85989793464	-8.32697259587
2.91834208674	-8.25166632357
2.9862718439	-8.15479669446
3.01049447955	-8.09724648272
3.04232205773	-8.0349630517
3.09564219849	-7.90363189716
3.13965207714	-7.79047886816
3.1428747222	-7.6474823541
3.14629057954	-7.49823824536
3.19273589565	-7.35108037454
3.44152284057	-1.77432922106
3.41312261366	-2.02479703404
3.40881267291	-2.14278550591
3.39736075144	-2.27012764788
3.3784591821	-2.33328350992
3.36162875451	-2.39872953654
3.31929097604	-2.5713337377
3.27303748363	-2.77888731067
3.22963576251	-3.00628379584
3.18008669619	-3.23559090559
3.13518994434	-3.44233601138
3.10614524428	-3.47605400151
3.08568460562	-3.58161484738
3.06049176491	-3.72768470778
3.03088592104	-3.91333281042
2.99726884645	-4.06014460384
2.96881593021	-4.21947231265
2.95299381096	-4.30513513616
2.92837773801	-4.37944248235
2.89950131849	-4.56486832358
2.87629424155	-4.72358735367
2.84881375892	-4.89396310515
2.84025987885	-4.95579225251
2.83281908007	-4.99590426403
2.81320926075	-5.04765046783
2.79032724734	-5.17641728998
2.77136623561	-5.25587068988
2.75909007095	-5.37964093157
2.74103485344	-5.48552761286
2.72364615554	-5.58789401605
2.71066000955	-5.67179192041
2.68895207494	-5.80325636192
2.66806081482	-5.91274849428
2.64707798569	-6.01822811372
2.56868471948	-6.18118863873
2.49973301599	-6.30155783153
2.46134393701	-6.39941746133
2.42730156627	-6.50698876067
2.42008842485	-6.73468580534
4.53700837086	4.07388166682
4.70885655958	4.03330187835
4.77465822097	3.93031502133
4.84903578645	3.85300588318
4.96296965891	3.63440173891
5.04246258253	3.48803657333
5.1753791507	3.39505274154
5.22707751608	3.30962552585
5.25379122269	3.26980216418
5.29729440084	3.20803603906
5.3997509004	3.07376036813
5.60756881527	2.91379263867
5.6922157767	2.84795370505
5.73616506985	2.78107829809
5.75072858288	2.76265910261
5.81636005291	2.68398049124
5.91285419323	2.57145130521
5.99959314546	2.45520932357
6.18267307767	2.35209383728
6.30112660032	2.27025462937
6.41130524715	2.22499873391
6.49793779766	2.19859266738
6.60790924023	2.16285743262
6.72914549325	1.94702549484
0.417917862866	8.06257217133
0.671036478685	8.14254691781
0.957446709188	8.20625183649
1.10114358997	8.22224103864
1.26133588822	8.25323957474
1.46714816739	8.29879137592
1.57594013022	8.32791546116
1.7171733633	8.35837578903
1.86745079433	8.39032877337
2.03127750575	8.4239027717
2.22592212568	8.47227488324
2.24899790455	8.51945016105
2.3208635788	8.53757388911
2.45510689212	8.56514093578
2.61738072797	8.58832292581
2.73303426203	8.6100280302
2.87977588406	8.63827638956
3.05532663502	8.67785874103
3.24182907195	8.71498670176
3.34107516771	8.7417239206
3.49310654444	8.76918219279
3.69738112701	8.78642805636
3.1927358951	-7.35108037478
3.37900524359	-7.33563973556
3.44259659229	-7.38511976798
3.56130207289	-7.37043124287
3.69392145912	-7.32975910383
3.86858619685	-7.17886765937
4.0001878894	-7.09625940915
4.03231821221	-7.06245005696
4.11652952162	-6.97135187812
4.1964180005	-6.88059044694
4.24807087297	-6.83174417698
4.52201773154	-6.52126336357
4.67517003692	-6.37521661502
4.75893417761	-6.29045765251
4.82312495434	-6.22762473217
4.9307411884	-6.11088566414
5.00497558606	-6.03351625005
5.05712984765	-5.98005580985
5.14028357121	-5.89019428053
5.38126266974	-5.62503132651
5.71046080493	-5.25675664766
5.79513773225	-5.16071934087
6.2077176803	-4.71278338633
6.3935797689	-4.49187426942
6.55750612974	-4.29489891951
6.83177750533	-3.94339381384
6.94036332896	-3.80260515953
7.08204418076	-3.62947174543
7.17462083025	-3.51919133788
7.27340209478	-3.41939182684
7.34271904434	-3.33923799281
7.46308992262	-3.20138957119
7.62357104043	-3.01432988449
7.76467617693	-2.84723082054
7.91113936995	-2.67332315119
7.97610195007	-2.59394365795
8.0966278499	-2.44578340102
8.29305903679	-2.19992822873
8.40303607108	-2.05644511753
8.52179307065	-1.90322587657
8.63708242579	-1.75636416155
8.7455435802	-1.61558827269
8.8017932174	-1.54272375034
8.91276323223	-1.39712241527
8.94457674439	-1.30422217607
9.02876208414	-1.18148904579
9.10231155284	-1.07331346699
9.17852619616	-0.947746429564
9.22080042925	-0.879815673799
9.26133554555	-0.801650800826
9.29903281115	-0.729707693785
9.40824391565	-0.515391702592
9.46955980602	-0.370145087138
9.51068837531	-0.246639349319
9.54459956529	-0.128213875393
9.55237572327	-0.0917390456503
9.56236228082	-0.0419647333179
9.58605380777	0.10801710426
9.59729774398	0.291857883537
9.59137779695	0.728030808836
9.60486073141	0.900623667082
9.627061003	1.17257003199
9.64699589491	1.24773407809
9.71128583528	1.54924485277
9.77017283412	1.78993634935
9.79168129564	1.88566700182
9.81596390976	2.00517284275
9.84147145636	2.12808287334
9.8521826317	2.1903679451
9.86265953886	2.26685968683
9.87833020186	2.3569192326
9.88849201004	2.45924889703
9.90629165248	2.56402621764
9.9184195231	2.63100830225
9.92776022402	2.72753736578
9.9432977053	2.86062577969
9.96037414589	3.05712775498
9.97480921112	3.25897561066
9.97852844145	3.36877882778
9.99447832338	3.46291115777
10.0209413908	3.53276248279
10.0261717829	3.61551370382
10.0350614689	3.78492803341
10.0275246424	3.83220803405
10.053017731	3.94578121599
10.0597574236	4.00917675154
10.0709353683	4.09251516117
10.0907407288	4.19896989391
10.1292346024	4.36928172182
10.158115948	4.45105280552
10.2102854845	4.48261922383
10.2443532801	4.51981973717
10.2790239885	4.56515358864
10.3082015564	4.60151467904
10.3524030823	4.65123625442
10.401927462	4.72802444724
10.4413983773	4.75632901768
10.5283566116	4.86136561331
10.6035854193	4.96638798879
10.649980217	5.03211471432
10.6930497908	5.0940511467
10.686287684	5.11063749021
10.7616138253	5.21573670945
10.7957593617	5.30753439039
10.8174753156	5.37932102447
10.8566243193	5.48826959319
10.8638143434	5.56120371755
10.8495635363	5.62246074387
10.8204351494	5.7309573775
10.8019919331	5.78564153927
10.7222273757	5.86870483295
10.6336758741	6.00796679595
10.5840794851	6.05740269848
10.4990701101	6.21371419489
10.4346267216	6.24583289313
10.386205951	6.2669009401
10.1660102173	6.3090648687
10.1142035338	6.31619642225
10.054051021	6.31659018137
9.94300701361	6.29658431771
9.82228345239	6.24221459919
9.7787326823	6.21725194647
9.5552006763	6.05948249932
9.47931976908	5.99833784629
9.36767947764	5.91024065394
9.23764887721	5.8130544236
9.15866395647	5.77329406055
8.98708586637	5.73719075555
8.91506242468	5.72793386582
8.82109355556	5.81128415213
2.42387074925	-6.73684568533
2.59047485027	-6.91506748842
2.63168045176	-6.96759962621
2.72720514203	-7.02917706455
2.92890485546	-7.06099163972
2.97993203052	-7.11651053009
3.09090433692	-7.23358751368
3.19277614207	-7.3511077583
7.30832865944	2.15391948696
7.24021754659	2.15741525759
7.1777431502	2.13278054231
7.0233063471	2.06651427549
6.95136118064	2.05166087429
6.86684229296	1.97927524285
6.72914575754	1.94702677247
3.69742276803	8.78651944639
3.81569785572	8.82969666693
3.91203579435	8.86037954559
3.9755566729	8.86758220075
4.09391669555	8.87423385736
4.24598509826	8.87076036146
4.40174545084	8.86047917305
4.60393235276	8.83146105135
4.83208306402	8.77600492667
4.97281986635	8.73610053077
5.04711175358	8.71181449875
5.2148558424	8.65822006552
5.31916643895	8.65043948509
5.42312789558	8.60957497384
5.52565328675	8.57269009701
5.58119969937	8.55210514568
5.7437297309	8.4667410134
5.83848743204	8.42725010531
5.87400535045	8.41897135459
5.99133717888	8.34984881694
6.26107625969	8.18619907604
6.47029815718	8.04208618689
6.52773380481	7.96614369832
6.58295973082	7.91482105833
6.61695500189	7.88055098852
6.71235055397	7.82159768782
6.78490006378	7.71942627231
6.8511049527	7.61207705411
6.91129771553	7.5580355712
7.01575744204	7.46651837407
7.0709351412	7.37478659309
-3.73024340328	6.14915784713
-3.5748330266	6.26933209606
-3.41672149338	6.34726400589
-3.28449463091	6.40822624964
-3.15319084451	6.47246393028
-3.03977855541	6.53483858916
-2.8429366808	6.54421990866
-2.59249067854	6.68327879169
-2.45265245408	6.75951942232
-2.34185031521	6.81902605583
-2.13154081445	6.93985215185
-1.83221720316	7.0874805538
-1.51052879026	7.28803207819
-1.24731313695	7.41749428595
-1.16539962161	7.45242096489
-0.887679374241	7.57794268602
-0.749024710263	7.66135363476
-0.602343505183	7.73190797638
-0.486599522999	7.78434444392
-0.365425546525	7.83689085319
-0.27888836777	7.87402114671
-0.111597473696	7.94826687126
0.0219936830868	7.99063029573
0.417919168669	8.06262815237
-6.23314556746	3.68694730126
-6.31993435883	3.70920217658
-6.38240398054	3.72491721594
-6.51313734123	3.66466913126
-6.6792673949	3.61085463119
-6.83944624491	3.43172496882
-6.99576577636	3.2723798313
-7.1227202546	3.13155291544
-7.20500020621	3.05102418468
-7.29175138438	2.97036598237
-7.41327575237	2.83059840601
-7.52814019695	2.7243271035
-7.65663894874	2.61122459707
-7.73879696429	2.53600862603
-7.84460955453	2.44285483872
-7.8495251087	2.41789018795
-7.96720041645	2.31674388629
-8.05324796289	2.2377826402
-8.13966296079	2.15630740831
-8.260078458	2.0506682689
-8.41035775662	1.90989533534
-8.50675719959	1.81690042356
-8.59060960541	1.73446443992
-8.64944516913	1.67833786895
-8.79690829699	1.52579697194
-8.86388721964	1.4549008287
-8.98095697774	1.34539839437
-9.10177759193	1.21816720199
-9.2008641043	1.11514113478
-9.3211412447	0.979308824855
-11.0655628279	-1.70897050853
-11.2627708416	-1.44721091806
-11.2300324558	-1.31762371532
-11.2600919503	-1.22734683073
-11.2419839135	-1.17283548161
-11.1809241126	-1.0287357462
-11.1043440402	-0.990793729653
-10.9380406993	-0.888457082629
-10.8941176804	-0.834705724645
-10.8185703767	-0.767679268372
-10.7652309666	-0.714945356405
-10.6353774713	-0.604962176708
-10.5644647161	-0.525757142011
-10.5201188476	-0.471165232013
-10.3969462088	-0.331680492376
-10.2744369514	-0.206786203449
-10.2251235269	-0.1421639173
-10.1295988316	-0.0282845598169
-10.0575604187	0.0628083825639
-10.0038695767	0.13058312742
-9.92827164555	0.224727506742
-9.87496473342	0.28973980149
-9.78489708185	0.410645903996
-9.70418084891	0.499812827278
-9.6455010186	0.554167657714
-9.62733018968	0.578814418506
-9.55177199086	0.679231059239
-9.52919659203	0.706876655879
-9.38917470381	0.861469406068
-9.32946101009	0.952170773256
-9.3200825827	0.979254436109
8.8198197762	5.81138116998
8.78382757264	5.69376882857
8.74053821858	5.58192470199
8.70017207562	5.4603787363
8.67885301687	5.40666699795
8.64492184998	5.34692527546
8.61449219625	5.24105767111
8.54062492786	5.0355220995
8.49041015041	4.93935583481
8.25442027986	4.38147577757
8.17876795519	4.22016467488
8.08077268071	4.04174475358
7.96505233537	3.73820545757
7.86811346981	3.4799885909
7.74887169276	3.21695765049
7.69688328512	3.0919365357
7.64190521119	2.94907429065
7.59082260636	2.79773171371
7.57581410544	2.67851693279
7.48270393977	2.56137127578
7.41810993389	2.38542358456
7.37722216006	2.27997661314
7.30824653885	2.15413801867
4.64360579591	5.15446735067
4.63971842643	5.02459800889
4.64587094709	4.77556608123
4.50896610661	4.52487104609
4.48818469942	4.46709241657
4.48266542942	4.38769900077
4.44315360592	4.26746245021
4.53701210732	4.07384803179
4.65850442048	5.1487492933
4.58952241057	5.24980634263
4.34484573716	5.25782227045
4.17030274993	5.26474206358
3.95590039138	5.24774716251
3.78905602708	5.22419987071
3.69054880003	5.20996737883
3.50981774492	5.17694826258
3.12766347819	5.10415899186
2.88945013003	5.05380016516
2.72484354886	5.03934634493
2.62955564013	5.00158044626
2.50732905242	4.96238592146
2.30375213772	4.88738930167
2.19326206558	4.87500955089
2.00840552976	4.7995461519
1.84563197336	4.65503419561
1.76280073477	4.59560657067
1.72449076126	4.55797397379
1.63595258679	4.46635393
1.54917655627	4.393794416
1.51417979127	4.29568958166
1.46990367362	4.09481014271
1.49286108398	3.81806710767
5.87587831788	0.0631665045598
5.88737225299	0.291039775133
5.91311173058	0.579047209059
5.9400723341	0.709464079022
5.95930764914	0.831331738974
5.9981549504	0.999160791394
6.03742644505	1.10032673658
6.05005126457	1.1252920427
6.09229206388	1.24177057811
6.13516863257	1.30677552494
6.15927013002	1.31674098201
6.231612488	1.34913142594
6.35852026548	1.4930824509
6.58923526283	1.70721393797
6.66401508355	1.77808225414
6.72914951878	1.94703910007
5.87587800527	0.0631885679718
5.7603662012	-0.0657599033059
5.7206188233	-0.124436763283
5.59853930396	-0.302275088413
5.47083880143	-0.478410971117
5.43759650557	-0.520296974996
5.40482117222	-0.557225710908
5.32119784731	-0.64530165209
5.25822597953	-0.704170965428
5.23390955717	-0.788402823061
5.18324224485	-0.829632170469
5.14411898865	-0.860717698166
5.09705543626	-0.897175772511
4.95873299067	-1.0093133407
4.89487210268	-1.0816695569
4.79679978519	-1.1616789482
4.7052163857	-1.2299219887
4.59972613006	-1.31465673591
4.50578419033	-1.38746694348
4.40267437151	-1.47377175476
4.22321533062	-1.53672566408
4.05732660937	-1.64253705502
4.00349090555	-1.6876531759
3.90221516592	-1.75445886429
3.80677206935	-1.82859473083
3.77302184037	-1.8433868324
3.72099089708	-1.85167843567
3.44161254584	-1.77429355894
3.56661396277	3.21622753932
3.80040462468	3.39650274369
3.90927583682	3.51599547045
3.96410258422	3.54514997882
4.06072717666	3.69460901617
4.10670787274	3.75743576981
4.16732686406	3.80638841304
4.24836943123	3.89228829807
4.28726451996	3.93336593974
4.53761408705	4.07388863579
3.56659360561	3.21623300495
3.81722644331	3.06413893177
3.70022268967	2.71653190177
3.65198657196	2.63201567498
3.48146602127	2.38879160152
3.30935058344	2.20624544373
3.21169915776	2.14187448633
3.10607218738	1.97654185335
3.04065846656	1.88491440376
2.97931741564	1.79094498429
2.89112672505	1.58129892574
2.79871142442	1.31948272003
2.7632120856	1.20871171815
2.72181258713	1.05056710504
2.70300961239	0.899440935337
2.68887545612	0.831495211855
2.67193831907	0.729851586377
2.67495068904	0.643516457935
2.64904325897	0.563461054897
2.60865497128	0.471841519117
2.61422697212	0.289598092793
2.63639580036	0.114369234594
2.69469929089	-0.118876762381
2.74504950884	-0.294119565047
2.81522275285	-0.571601478721
2.9165025269	-0.834662753053
2.9971269074	-1.04492879339
3.10077457315	-1.18595739938
3.19662229349	-1.36740235549
3.2647175998	-1.46140188027
3.28753756522	-1.52774741504
3.44150135649	-1.77431260999
-1.8279552546	3.70027459291
-1.77641192353	3.55677662539
-1.68041425785	3.41704950811
-1.62830138109	3.30798392933
-1.57469503833	3.23630254992
-1.5219081172	3.11903644108
-1.46488044441	3.07242012109
-1.40481544955	2.93921163397
-1.32560719974	2.74087078234
-1.27411824897	2.53434456066
-1.2986342161	2.43406746552
-1.33443976716	2.30731853476
-1.31872142759	2.11804971606
-1.32139563643	1.89986078411
-1.33050369513	1.5216178614
-1.33976311526	1.33636446886
-1.3784124664	1.15276909787
-1.40323513515	1.00262145895
-1.41819734423	0.92324843249
-1.44881066543	0.834808162415
-1.55027219677	0.563703866879
-1.666960808	0.235541542902
-1.7053007023	0.136448474228
-1.74731964572	0.0235980442307
-1.77850392435	-0.0549533949991
-1.8445802329	-0.212235105693
-1.93807648745	-0.310455862593
-2.02508095901	-0.527888659274
-2.13041338417	-0.739628440649
-2.25981703394	-0.988753816747
-2.33563352535	-1.10308759978
-2.52587042689	-1.40929404738
-2.62789217869	-1.56159683362
-2.68086149945	-1.6410615313
-2.75611399543	-1.74632577292
-2.78329799511	-1.81152894451
-2.87495826071	-1.92118692192
-2.97557048227	-2.07273296097
-3.06077665869	-2.17956691663
-3.16391107422	-2.30246676285
-3.33594051973	-2.4868304576
-3.41948613247	-2.55698501844
-3.61959041979	-2.72779264965
-3.71669783621	-2.79228561398
-3.79354568304	-2.86820003433
-3.91617569068	-2.99502903214
-4.00609155648	-3.06863514402
-4.13096507767	-3.17605917068
-4.2107028965	-3.22591978802
-4.29605236454	-3.24063109949
-4.40151384527	-3.30651233904
-4.47662922964	-3.31735616038
-4.56716532992	-3.37607626875
-4.65198939357	-3.36931538353
-4.82634214639	-3.37566238589
-4.97388352926	-3.36730868386
-1.8281058415	3.70063339192
-1.92701251511	3.69455451511
-1.99731949433	3.74963352224
-2.0679575227	3.79862024565
-2.22442626221	3.86008864997
-2.36066590395	3.90630682003
-2.42901838999	3.94326568053
-2.56675155001	4.10623747125
-2.68671870223	4.13501201986
-2.75547199572	4.14052217805
-2.88837309583	4.24477771805
-2.88845110245	4.2448002393
-2.90250324169	4.39374782918
-2.87769451947	4.62679241439
-2.8867822895	4.68790494702
-2.94047780425	4.78309711475
-2.98549363836	4.85376166252
-3.11451643916	5.00128868193
-3.28290910673	5.13343723182
-3.35234533362	5.15605333336
-3.38204156869	5.36557762226
-3.42847481514	5.45406473772
-3.47971137421	5.56422318424
-3.54624054997	5.66557662773
-3.64479546869	5.81629004307
-3.7453663321	6.04268536079
-3.73024340328	6.14915784713
-0.419069311074	-7.5398253639
-0.214025897714	-7.45919523215
-0.13101289803	-7.43142480709
0.0437205268717	-7.35431946474
0.165915053652	-7.33256406181
0.275656479186	-7.31462648379
0.411633946579	-7.3004215985
0.518210127172	-7.27991269921
0.731133399293	-7.24436992433
-0.419069310739	-7.5398253636
-0.44581823855	-7.69271665029
-0.446728333988	-7.77267843545
-0.454188621738	-7.86727290475
-0.459761161852	-7.98299785505
-0.457904978392	-8.17390321097
-0.448177953772	-8.2996851782
-0.413407959118	-8.47260241593
-0.398095537624	-8.61616895076
-0.382315893793	-8.73162236833
-0.378476801693	-8.86713081855
-0.358804395839	-8.98605718821
-0.329875735573	-9.08600159537
-0.316573059487	-9.12850693921
-0.112099020844	-9.1244828538
-0.0788408810365	-9.23336546764
-0.0134821889511	-9.33848227377
0.00792548840102	-9.40388668017
0.0407993467426	-9.47023520813
0.0754198271379	-9.53351744232
0.109482617176	-9.57031312678
0.176710651196	-9.65381366805
0.309000415603	-9.61849784738
0.384818899411	-9.57014890581
0.442620620401	-9.59336385763
0.585017644228	-9.64329155262
0.612968450278	-9.68159207856
0.699819075554	-9.73957847043
0.745075304821	-9.78259111275
0.793692164091	-9.82454143195
0.847437680327	-9.87409988527
0.968087471915	-10.0009183926
1.13491280145	-10.1063792222
-11.7981701513	-2.54760203936
-11.7919466352	-2.66750588086
-11.807561076	-2.85263236921
-11.8363273379	-2.99040891357
-11.8901603806	-3.21225912077
-11.9536301235	-3.40491941264
-11.9971270313	-3.52593847682
-11.9799412071	-3.62378624642
-12.0304158437	-3.80990547355
-11.7972456843	-2.56637816025
-11.8242241653	-2.21733034736
-11.7801227473	-1.96486303443
-11.7512779872	-1.82867238133
-11.7346509868	-1.77079543674
-11.6856305839	-1.68869036048
-11.5599599564	-1.59972691055
-11.4336151789	-1.58283232604
-11.0706869989	-1.70857052017
-4.30345850944	-5.85197457634
-4.12405769571	-6.00032767041
-3.99332571054	-6.06471739071
-3.8101258967	-6.18516831152
-3.72841136792	-6.23048328728
-3.63035105263	-6.22288831515
-12.0304265682	-3.80991236529
-11.9769393483	-3.7075779193
-11.9510551132	-3.71307219911
-11.6730087452	-3.76902465537
-11.5627414936	-3.73732335394
-11.4685854705	-3.73965403489
-11.4082426117	-3.70674010998
-11.279564811	-3.72053124464
-11.1890714935	-3.61317813604
-11.1753207246	-3.51012235674
-10.9681345097	-3.56239062404
-10.9646700071	-3.47689628702
-10.943428424	-3.42109988462
-10.9042150928	-3.32448930201
-10.9241641683	-3.22970338809
-10.9072857783	-3.13175773961
-10.8752453903	-3.05529706346
-10.861023382	-3.0079076766
-10.8341369675	-2.81468837922
-10.8077759299	-2.71382482917
-10.8229865517	-2.6343630774
-10.891622918	-2.47202992048
-10.9848223498	-2.33701846277
-10.9689957417	-2.23780746604
-11.0234215388	-2.12288042228
-11.0339728461	-2.06026404122
-11.0828669326	-1.97811318469
-11.0901003961	-1.89305039065
-11.0578512992	-1.7103829663
-3.63040009465	-6.22302708352
-3.43984208758	-6.30403093421
-3.21297038433	-6.38784288065
-3.1623523743	-6.40501779224
-3.04325446257	-6.44858939238
-2.77464446127	-6.56109019262
-2.69656393971	-6.59045721774
-2.53601196382	-6.62358961739
-2.35796957671	-6.5890567542
-4.97324752804	-3.36750833703
-4.99852307293	-3.23775612003
-5.05168422734	-2.99354270571
-5.06802557432	-2.86719153736
-5.10113200895	-2.80293705191
-5.11124726313	-2.63606514652
-5.12333719366	-2.39546367925
-5.14904550304	-2.21811123911
-5.15737366438	-1.92045192161
-5.19233853687	-1.75556958148
-5.21529314315	-1.61402242571
-5.23721219331	-1.48509564298
-5.25111968115	-1.37144964255
-5.30608219668	-1.07539597515
-5.32631467665	-0.982562991382
-5.34852485021	-0.868878896183
-5.36104523493	-0.731147574585
-5.39469216481	-0.54115798149
-5.41879360063	-0.393901343176
-5.46039959095	-0.148044768321
-5.51534932033	0.194399495273
-5.57084407735	0.534215302292
-5.62911962856	0.836789659596
-5.63829380004	1.01003023452
-5.66942397996	1.23475522009
-5.68882418013	1.38755330995
-5.74882155149	1.76299277286
-5.77215390608	1.98346226347
-5.77931565353	2.25549424797
-5.79298110596	2.39938220197
-5.8233012536	2.62229376849
-5.86997060054	2.82860149995
-5.91921808922	2.96991921679
-5.94990652454	3.03279095426
-5.95801412516	3.13127635616
-5.98685096297	3.18485279078
-6.02062050859	3.24487563015
-6.04648012766	3.2871198351
-6.10075423833	3.37885707321
-6.23315353965	3.68694831513
2.42006985085	-6.73468176331
2.23070208953	-6.76297536261
2.19587288913	-6.78075988331
2.01041947209	-6.82978317838
1.87116492489	-6.90956365631
1.74172556612	-6.9635797008
1.68591033059	-6.99505788003
1.62087915537	-6.96899914518
1.53063617103	-6.98881485903
1.31685902422	-7.09019193738
1.13673717343	-7.13163924015
1.00395562932	-7.18148876381
0.869358915466	-7.22372484487
0.731390653265	-7.24419286071
-3.73024340328	6.14915784713
-3.93326343121	6.06782625929
-4.10047891152	5.98116143072
-4.25821007983	5.88961515909
-4.35747797613	5.83082064384
-4.50861572847	5.70102690618
-4.64256893749	5.57303017532
-4.77016649184	5.462594902
-4.85947424349	5.33515171455
-4.89291448108	5.26065511307
-4.99993648172	5.15516825602
-5.13910880926	5.05675036753
-5.25804418354	4.96934634084
-5.4078265949	4.85748868999
-5.58714077032	4.71208017474
-5.69818627949	4.56833840252
-5.80987497853	4.45681096769
-5.86404305521	4.37840025779
-5.93970634376	4.26736507645
-5.98176210288	4.15304367851
-5.99742688333	3.97259878166
-6.23310441174	3.68695835798
-6.12873039309	3.8068748619
-5.99738957487	3.97263554272
7.0709351412	7.37478659309
7.24094667374	7.31076815173
7.33564482205	7.33694744405
7.46782786552	7.36047659594
7.55809534072	7.35595503231
7.75054918699	7.33064358134
7.85973541824	7.28754393776
7.9827955493	7.25583818731
8.07902680279	7.1973504991
8.16509985405	7.15744766069
8.30801355704	7.08894148943
8.44858192595	6.98103653889
8.54906313264	6.89288481582
8.63268847572	6.79501937634
8.66782159441	6.71086863073
8.71071082539	6.62703186048
8.75572701582	6.48741540378
8.74895946476	6.42206161221
8.76328096701	6.33120713471
8.76528230762	6.2564913982
8.77112919549	6.17720935765
8.76673577303	6.0287814933
8.82109355556	5.81128415213
