67 0 93
-2.03754228583308 1.3173904411279034 0
-2.5253070466879035 0.4420492016721302 0
-1.7315153183050829 1.2211917549681888 0
-2.3424011929517623 0.4123426151009443 0
1.9696088979368311 1.3492162053164176 0
1.6842892284818645 1.3326924420641946 0
2.4448961913037404 0.6584586252564621 0
2.2596524165763774 0.4914915659028816 0
-2.1429859254910606 -0.30599799914238557 0
-1.7720125351090543 -0.6012837993998251 0
-1.7607965837372799 -0.9740423268291586 0
-1.3488124746481032 -0.21745002198270316 0
-1.712538053629925 1.2338442709629622 0
1.2746030854929777 1.3758932214466624 0
0.8974864525636677 1.5469419300939018 0
1.3622213051741106 0.9680282486184465 0
-0.10800090750761136 1.9803970014683567 0
0.08364486842101769 1.8385545668863144 0
1.6380315430424277 1.3034931802977963 0
-1.4976486557576014 -0.729323080756087 0
0.33823701212600926 1.7360262757577547 0
0.3727105459471101 1.6039539658437911 0
-1.0312865249048175 1.4606928088668547 0
-0.5150291314622166 1.3254979360280863 0
-1.373517342490984 1.294150924542003 0
-0.4443483297834881 1.7118221230534467 0
1.2795889476544169 0.3234793466260681 0
0.7819391773511223 0.8319684516586984 0
-1.435753236058255 0.7917943421846153 0
-0.5396439293846749 0.276461477707266 0
-1.329555752655171 0.1416314217763168 0
-0.5665005215468922 -1.2258018525880283 0
1.5444307416549206 -0.5227343962392194 0
1.7889581869777134 -0.5215482041554761 0
0.9701892776757481 -0.5264410062586363 0
1.2071698439545622 -0.9276433912539267 0
0.8384119118737321 -1.3360888099519381 0
0.7052914318937675 -1.5187098159288608 0
0.6414509840166115 -1.0867387606662895 0
1.2553336411083682 -1.172703969248794 0
0.4356528029486232 -1.449600275800478 0
0.1274741353171108 -0.8611618277818712 0
0.18040094055464306 -0.8678906383720697 0
0.5174179893966795 -1.1107739734319932 0
0.558066167219033 1.379218732079504 0
0.44643804916559493 1.2821734151536919 0
-0.29574611603434287 -0.976392933305213 0
-0.10033274395192342 0.7119478652262111 0
1.2937671988445463 0.014427699818249061 0
0.608572608965715 -0.055227413415327845 0
0.4408092788810646 1.2689758441066559 0
0.4795146446069861 1.0061022265698087 0
0.3650781914277559 0.9748056845833998 0
0.37368171777583553 0.482062604625763 0
-0.5638534104973582 -0.267766571078867 0
0.4375930401196279 -0.10951386522111098 0
0.4321800675171808 -0.18587728961813993 0
-0.14291623330940037 1.9910065214108825 0
2.0803773047864977 -0.2360916133617881 0
1.7716640641974322 -0.7726308768208734 0
-0.08947158400769413 1.5529302949030612 0
-0.42503745876051885 1.6918786301230608 0
-0.5096034477656411 -1.1993186948782615 0
-1.7085769825008035 1.175964746421899 0
0.6740325831072054 -1.5239220010956522 0
-1.304777048843713 -0.9578655842123152 0
-1.227852018477978 -1.3011740847728743 0
0 1
0 2
0 3
1 3
1 66
2 11
2 12
3 8
4 5
4 6
4 7
5 13
5 18
5 48
6 7
6 37
7 58
8 9
8 10
9 10
9 19
10 66
11 19
11 30
12 24
12 63
13 14
13 15
14 20
14 44
15 26
15 27
16 17
17 20
17 41
19 65
20 21
21 44
21 45
22 23
22 24
22 25
23 29
23 61
24 28
25 57
25 61
26 48
26 49
27 51
27 53
28 29
28 30
29 54
30 54
31 46
31 62
31 65
32 33
32 34
32 35
33 58
33 59
34 43
34 48
35 38
35 39
36 37
36 38
36 39
37 64
38 43
39 59
40 41
40 42
40 43
41 42
42 56
44 45
45 50
46 47
46 54
49 55
49 56
50 51
50 52
51 52
52 53
53 55
55 56
58 59
60 61
65 66