1964 0 0
0.655804689785	12.9737215653
0.721343113882	12.9932772058
0.693734148363	12.8919237995
0.763584788718	12.8278619702
0.860087254872	12.7378120269
0.924007562863	12.6762533953
0.996558307985	12.6307423593
1.04019106698	12.5836084521
1.08610584695	12.5209781089
1.18053689191	12.4389547117
1.34687552753	12.3953531002
1.41762824163	12.3247078845
1.48429694027	12.2516068318
1.62364148112	12.0895645113
1.66640485057	12.0111016134
0.0712509324564	10.2266991341
0.198776596812	10.1078245768
0.379730095581	9.97636177547
0.501933585774	9.87332365665
0.607022282771	9.74255927384
-3.48733261545	10.3470268151
-3.30925123598	10.5164271365
-3.25185140961	10.5616620992
-3.06201391881	10.7060609328
-2.96375497006	10.77424962
-2.79742962596	10.8919513222
-2.65622275377	11.003020894
-2.40995079156	11.1756601724
-2.30978689073	11.238066481
-2.18882962623	11.2985326189
-2.08541887132	11.3763759899
-1.89761656127	11.5011897156
-1.77620458816	11.5783740183
-1.5332693608	11.7325328704
-1.32652987462	11.8794303389
-1.04051049539	12.0947728166
-0.91234355104	12.1696281247
-0.728202885951	12.2477182171
-0.524860057605	12.3506543312
-0.354507196162	12.3954615611
-0.300281601771	12.4181554574
-0.209636423134	12.4720407499
-0.0743715932311	12.5403928688
0.0500254252582	12.6085854894
0.188603279505	12.6922514827
0.305722074334	12.7452326712
0.378582060036	12.7844188969
0.655807926195	12.9737250094
-3.15083061883	7.13077438152
-3.11776565894	7.13851404002
-3.04331621748	7.14588670632
-2.94314744495	7.15806975707
-2.80332249415	7.18659798584
-2.64783800045	7.18069290605
-2.55557533958	7.19618632214
-2.3521905099	7.18470967498
-2.1235802433	7.20769920011
-2.17354849403	6.27277371973
-2.33115845699	6.34358924373
-2.5324600824	6.45271354214
-2.77203644255	6.55962574811
-2.82675256138	6.58400966806
-2.87371837048	6.64471225308
-3.04918378618	6.67481176996
4.28488630314	7.307294186
4.32922221806	7.1744886187
4.40379989769	7.00533966198
4.46201383306	6.91645763553
4.54591660815	6.7951313812
4.66510557094	6.6504013344
4.84512498113	6.49111546282
4.96981280917	6.3866864244
5.07478179881	6.27861261164
5.24172892919	6.1564575465
5.53522897737	5.98441897371
5.80444017024	5.81674383038
6.0749107	5.66122150193
6.24680772206	5.5816771452
6.3678173091	5.52652534614
6.53545908676	5.31731530222
6.68577103686	5.10410394541
6.78920649975	4.94537931329
6.91370510558	4.70089055483
6.98005064556	4.4094315327
7.00573563568	4.18278777231
7.03143335783	4.0580240196
7.05745816203	3.83325671854
-4.52208939506	5.51299320421
-4.60371213677	5.54818568538
-4.67570136452	5.66590037118
-4.73915729755	5.72908456951
-4.75535003594	5.73831574467
-4.88603337689	5.85694363096
-5.0235157455	5.975638798
-5.03376238784	5.98436070903
-5.15671035883	6.0776555659
-5.28434986462	6.1440646447
-5.42185085966	6.17130429636
-5.58020725934	6.24209757552
-5.59190919056	6.24589033141
-5.68900029668	6.27421459303
-5.82223411736	6.29447485232
-5.90966291518	6.30410843091
-5.99599303329	6.30205714567
-6.03522762813	6.30824129213
-6.25174609829	6.23551304522
-6.37623824403	6.19660454041
-6.44628119458	6.16739361923
-6.58981354273	6.09420706101
-6.77822929468	5.98614266496
-6.86554816789	5.87981788462
-6.94200964923	5.82478509302
-7.09034526872	5.65490048115
-7.16755471285	5.53576418697
-7.23711123374	5.43646735128
-7.32659922651	5.28497238792
-7.38224283962	5.18882052377
-7.47995395308	5.01628011183
-7.56032255533	4.88025226429
-7.66188675449	4.73144019242
-7.72453164514	4.63438909974
-7.76631435329	4.53506722428
-7.78506964285	4.495026301
-7.84254103172	4.40562814903
-7.91096158899	4.31472614548
-7.98391954231	4.22046209348
-8.02042316317	4.17629085369
-8.129671553	4.04991218236
-8.1858615888	3.92774998067
-8.30773305814	3.77931277709
-8.44524112873	3.62209952648
-8.58097353562	3.47159629991
-8.65195607525	3.38174642489
-8.79438975621	3.23724764972
-8.90357332146	3.14869325377
-8.96043052863	3.09648707846
-9.03039392563	3.03571729326
-9.12830250452	2.95453656102
-9.25841767345	2.81955244628
-9.34103119956	2.75235767786
-9.43442641908	2.67561573653
-9.73414869461	2.60526317822
5.67450414377	5.81334561336
5.67397812922	5.81330485283
5.6792831574	5.81340834221
-11.4043391824	-0.571048502344
-11.2413515764	-0.644125210045
-11.1453699073	-0.674350919326
-11.0828190796	-0.701525661484
-11.019703439	-0.723087677544
-10.909889163	-0.765714893381
-10.8579017402	-0.790240573361
-10.8053704296	-0.791130592731
-10.7491686786	-0.791565749784
8.08429693739	0.337572694026
8.07681153462	0.488497617221
8.03870745744	0.602584915321
8.00875084131	0.691334064495
7.95520595343	0.847151870645
7.92106276121	0.937554259493
7.8732686541	1.1004843953
7.83018870576	1.24336025005
7.78826056571	1.37814926324
7.70031798411	1.71191564514
7.66549478153	1.80713162048
7.61109554825	1.91024521376
-0.720254770509	2.94320266905
-0.777357092791	3.06984363636
-0.820398585719	3.11295486218
-0.851927049704	3.14898452439
-0.913081339103	3.22506141793
-1.05777456092	3.35756420591
-1.11349670493	3.41713783146
-1.14999969395	3.491812486
-1.19968148379	3.57072244914
-1.31394976453	3.68303244453
-1.38161064141	3.81172227738
-1.45634804652	3.95874262917
-1.53299730958	4.11743913402
-1.58343027744	4.23821800193
-1.59088926171	4.25698573379
-1.63844705729	4.38924686703
-1.67515440514	4.4618307721
-1.71127774741	4.57998470649
-1.76936256349	4.69529332257
-1.76784798784	4.79266595536
-1.84508466673	4.92991735984
-1.89537569895	5.00747710627
-1.9421605644	5.15811683037
-2.04380849176	5.31404269137
-2.1352189393	5.47673416182
-2.29246298039	5.65256104144
4.82823895355	-0.305726576973
4.8323002941	-0.0794006268754
4.8449108148	0.0803302710383
4.86332573757	0.190445567052
4.86109794778	0.356286847835
4.84459473305	0.473101863344
4.82932040392	0.642918377579
4.79768780538	0.852875259742
4.78983109319	0.980692569028
4.80205148015	1.03580672253
4.72459797455	1.17383795507
4.66260136041	1.47674376403
4.62771328754	1.63373772407
4.611840334	1.71322783662
4.59929992448	1.76861275163
4.56715165273	1.92282492621
4.53759180004	2.07052179972
4.51038368323	2.21156592198
4.48916958742	2.30538633075
4.46624275899	2.36734241753
4.45127495768	2.45290680526
4.42906936083	2.57552398846
4.40694752866	2.7189755719
4.38773136954	2.86838107238
4.36694740998	3.02003954945
4.36461676021	3.12784200336
4.36154068772	3.15890056664
4.35201795637	3.24271024743
4.35129518795	3.28011788976
4.34834819023	3.37988051238
4.34792360713	3.52205725954
4.35688913884	3.71266074739
4.36266364506	3.80225893495
4.36461119388	3.87549596286
4.37130551149	3.94604981977
4.38496774222	4.07958760989
4.39755550972	4.20277013536
4.41785629385	4.38887078682
4.44207470185	4.57861035277
5.92795858239	10.0213693537
5.87669360603	10.1032018835
5.83491082129	10.2076513394
5.78735581009	10.3646820071
5.6983989544	10.5227221251
5.6483554844	10.5920786105
5.59183751396	10.6709557471
5.54538236415	10.7154382205
5.48884027437	10.7730134455
5.42437645087	10.8419918332
5.37988869488	10.881880035
5.32299335234	10.9224832977
5.20091891559	10.9950519379
5.07356777441	11.0577014603
5.00691240766	11.0775108382
4.92789558638	11.0864718769
4.87558304772	11.0911861436
4.79839470447	11.0910584654
4.68669489691	11.0865844421
4.62155370543	11.0775758637
4.5320247677	11.0689212449
4.42187635843	11.0442739834
4.31544056288	11.026381886
4.22521637657	11.0147929417
4.14605835945	10.9972520852
4.07432860185	10.9849460729
3.98283212088	10.9723152202
3.91374565173	10.9626015625
3.81685235425	10.9523760273
3.7077918277	10.9470862362
3.5915308521	10.9236061292
3.41343946404	10.9266397475
3.30489165224	10.9407842895
3.07554143345	10.9976537288
2.93775044232	11.0388384863
2.86545987183	11.0800294301
2.73847302716	11.1519079384
2.55196101995	11.3173721735
2.47253604292	11.386392497
2.40082221889	11.4506296176
2.32879395244	11.5126396046
2.2080339331	11.5923896172
2.15999492831	11.6255150333
2.07715055556	11.6657046241
1.91678600093	11.7681193332
1.85632071511	11.8169998129
1.80104100114	11.8784616552
1.71645175865	11.9666707319
1.66640480057	12.0111015688
5.33640044226	-0.768389512422
5.27209314427	-0.730889463164
5.16874287617	-0.686951955662
5.11850307106	-0.651196155447
5.05964481192	-0.576903416779
5.0110099536	-0.502591540221
4.82823895355	-0.305726576973
9.71827942877	0.987955144833
9.75010776987	0.953573953499
9.7857547798	0.909806655823
9.83158606672	0.889049027526
9.87189238413	0.816431049431
9.91934427779	0.731966344216
9.96572965554	0.556816296111
9.99985005161	0.458687892959
10.0391426327	0.344610593957
10.0790988287	0.231645199452
10.1089593986	0.125922418399
10.1540073766	-0.0582349547074
10.1634927275	-0.127230380718
10.1869539201	-0.282340731498
10.2003724499	-0.44269651316
10.2138334125	-0.586049067121
10.1927917713	-0.701998597176
10.1832433031	-0.827616907202
10.1630231366	-1.02152921633
10.1469880183	-1.12600930235
10.0875366655	-1.21812209336
10.044922511	-1.3152204337
10.0120633334	-1.40804565971
9.85436031599	-1.54795094015
10.0337753836	1.5857265958
10.0088484182	1.61890852705
9.95226033629	1.69324370428
9.9224154281	1.72815615897
9.88120174896	1.78367609702
9.84319462987	1.83209793012
9.81197507641	1.87431093054
9.78183929226	1.91405557763
9.75267754217	1.95445986397
9.69173199683	2.02834072012
9.61792090469	2.12696122978
9.58206866155	2.18454690656
9.50197810841	2.36320617076
9.36377099083	2.55362486337
9.30714239733	2.61531882744
9.20604055294	2.76836627423
9.08842323703	2.94093280912
9.00815635444	3.04583232239
8.98577893541	3.07734583677
8.90538666412	3.18186729066
8.80830356264	3.30509458048
8.70458121642	3.45588074304
8.62202224473	3.5648675841
8.54551191235	3.67705348799
8.48390424459	3.77232582847
8.4130460223	3.93959940159
8.33348979254	4.10151768171
8.27921925181	4.21938649134
8.17668269377	4.38002243174
8.11182982793	4.49384547421
8.07389620556	4.57403165543
8.01967584723	4.67424879793
7.9751688992	4.74921916687
7.90172736822	4.87349090882
7.82174975072	4.99357820765
7.74932807742	5.10216303438
7.62344097197	5.22834039946
7.54155837715	5.33303240143
7.48192870403	5.41522710786
7.4192695996	5.49479170585
1.97597870694	-3.87201384767
1.94370145968	-3.76338011594
1.85639579256	-3.65102755999
1.69931825712	-3.46214858735
1.50302426701	-3.33484580681
1.43067943515	-3.30152158686
1.3647051856	-3.27569361903
1.21226823684	-3.22194084507
1.08990391767	-3.17706381622
0.932409055765	-3.1365595968
-8.14685461309	-2.00706551672
-8.26569539699	-1.65552607561
-8.26644317372	-1.54586778467
-8.24896204862	-1.43684750479
-8.19628842097	-1.36454735388
-8.13615094891	-1.3352518978
-8.08003500175	-1.27829281186
-8.0104212011	-1.12528746943
-7.94778398096	-1.0636767304
-7.83592273412	-0.966906311998
-7.68408579322	-0.882826931547
-7.58131631279	-0.833601831693
-7.42637617902	-0.758338571093
-7.30705404107	-0.67806539641
-7.25427593253	-0.653484286841
-7.22618129523	-0.633789504808
-7.14149603823	-0.607807266204
1.23935910936	-5.53169288929
1.13994575165	-5.40739920214
1.13142497446	-5.33551679653
1.13818186722	-5.24233321697
1.14639518258	-5.11030904179
1.1368267328	-4.80911260475
1.14974142757	-4.71709551493
1.16391454519	-4.65603419144
1.19759274005	-4.537659025
1.26384574485	-4.43231404302
1.3470436145	-4.29805763402
1.42223941866	-4.19902921236
1.49221850427	-4.13169024174
1.62124006333	-4.07936469915
1.78953743146	-3.96339262315
1.9759634808	-3.87205016594
4.7480335799	-10.2107604542
4.74803701895	-10.2107621509
4.74802202951	-10.2107672721
3.05487968922	-12.4397858752
3.0377681156	-12.4503643276
2.98055708475	-12.4875791545
2.96246270717	-12.5008321662
2.87320114851	-12.5650631121
2.8427581915	-12.5860364986
2.73258925614	-12.6655358255
2.65799063564	-12.7039473663
2.56991592624	-12.763550533
2.50718198883	-12.8075943797
2.40915081284	-12.9332644207
2.24238502311	-13.0489813983
2.17837676165	-13.0789854992
2.10909154108	-13.1201064477
2.0122369565	-13.1629845508
1.95976293964	-13.1860145314
1.54374972828	-13.3055685038
-0.110245814909	-14.0364780999
-0.135690503057	-13.9738532447
-0.13692099815	-13.9741266428
-0.147159612823	-13.8259742698
-0.153268497087	-13.7987933861
-0.203093251272	-13.6809960563
-2.71626791374	-9.40848546319
-2.8260402522	-9.31451746891
-2.96245344214	-9.21570669638
-3.06250510109	-9.09788805848
-3.12467861616	-8.97695930784
-3.24150599699	-8.7514228655
-3.32705267532	-8.59225595273
-3.36499130162	-8.51243143281
-3.39844213476	-8.44480476174
-3.44597732922	-8.3408156099
-3.48219601378	-8.2380022792
-3.53451832279	-8.13032267671
-3.57480761813	-8.0372698751
-3.62443285199	-7.91935982124
-3.67365506171	-7.80337581802
-3.71487834211	-7.70624575606
-3.76474801128	-7.56741132732
-3.81739254396	-7.42528759923
-3.87425920481	-7.23311645014
-3.94112147719	-6.99054510952
-3.99011858501	-6.76378728539
-4.03199898057	-6.58999124264
-4.08713478244	-6.43365274584
-4.14572364319	-6.22262394035
-4.17207732472	-6.10878065393
-4.18808905398	-5.94121157456
-4.21575658513	-5.7253926801
-4.22800398001	-5.52506582888
-4.23989767945	-5.2741324441
-2.72603328666	-2.81980328926
-2.67477871128	-2.62677065247
-2.65080995778	-2.50808792237
-2.65733042323	-2.4179039147
-2.63290668228	-2.22121980443
-2.65158213478	-2.10371672994
-2.66782277808	-1.97238744645
2.11268180786	-8.88796693539
2.24343672872	-8.7956926919
2.29279393167	-8.7582987781
2.36329239128	-8.7120561821
2.40713460995	-8.6919789364
2.52806721552	-8.64786754237
2.60692841268	-8.61501525802
2.74107919923	-8.54048414802
2.85617544116	-8.54901925739
2.9505472394	-8.54890444726
3.07951246523	-8.50750925837
3.19396425512	-8.449513959
3.23073862884	-8.43114671922
3.31949325092	-8.39756976772
3.44209380087	-8.3083611392
3.56897734561	-8.23314182788
3.63301345237	-8.20028567487
3.70182823452	-8.13536317604
3.81611031634	-8.08231580813
3.9097792232	-8.01806831153
3.98073491122	-7.93570461101
4.00282116793	-7.90160761048
4.0659935382	-7.82414375222
4.17592589969	-7.63970879155
-0.713193602189	-11.543661279
-0.883203212677	-11.6030098856
-0.986983024134	-11.5978999518
-1.06715442615	-11.565295385
-1.17775549167	-11.5217283801
-1.2768065893	-11.4625857882
-1.3478529727	-11.40840686
-1.40368756389	-11.3723464154
-1.54952761741	-11.2949081018
-1.62641998072	-11.2009749301
-1.70270486277	-11.102128198
-1.7719537966	-11.0159844025
-1.85175323168	-10.9251963755
-1.91357509086	-10.8721144392
-2.01033713119	-10.7522884262
-2.09562705292	-10.5749845542
-2.18013154095	-10.4536292571
-2.22266992811	-10.3886312449
-2.25738150113	-10.3368802519
-2.34188501449	-10.1666780939
-2.44391759643	-10.0109684001
-2.485064997	-9.95853603361
-2.53653895872	-9.82314988241
-2.56744558354	-9.73043122654
-2.64831148393	-9.54165868607
-2.71626791374	-9.40848546319
0.666711292265	-13.7098533266
0.588196909403	-13.8125168999
0.528231174497	-13.8818717762
0.472950303878	-13.9722881163
0.424111953996	-13.9986531879
0.354146894673	-14.0137341756
0.26190553016	-14.0587958333
0.105390025526	-14.1061440425
-0.0651347529875	-13.7289649452
-0.177307866127	-13.629676577
-3.72540901504	5.65703467482
-3.76445016089	5.63992811788
-3.83478707633	5.6204405252
-3.90306579387	5.64007330724
-3.95471050898	5.64128097736
-4.11959962798	5.63134028375
-4.25604546557	5.593756551
-4.3730668759	5.56790954971
-4.52208939506	5.51299320421
-10.1453312603	0.57061342654
-10.0317175043	0.443198051095
-9.97539520202	0.355090571878
-9.86048242929	0.215374446674
-9.72202187259	0.0525046022309
-9.58963515041	-0.213904912489
3.13147812693	-3.88199559043
3.20031189942	-3.93968954878
3.28771620882	-4.05198429108
3.36900028714	-4.12792176771
3.45749751987	-4.18340901075
3.5170320383	-4.24140284694
3.59403788839	-4.32159294818
3.64932114291	-4.37481698136
3.69277346084	-4.42219247495
3.74518737165	-4.48019120854
3.82837212327	-4.56833338263
3.91322861098	-4.62138945578
3.99625457406	-4.69406639584
-0.414734343394	11.3663866388
-0.402025266554	11.3398528427
-0.382518246354	11.3075647941
-0.325434448857	11.2164251076
-0.216368986878	11.0757581896
-0.171052908007	10.9890606213
-0.1385357999	10.91405127
-0.0821771999029	10.7500097062
-0.044091523206	10.6617081286
-0.0279749332836	10.5706420611
0.01137016137	10.3734494463
0.0712509324564	10.2266991341
-10.8059114703	5.06552969258
-10.8938972894	5.26706530701
-10.9103629545	5.32575627688
-10.9143103563	5.33419303141
-10.9446908917	5.43101056884
-10.9600940109	5.50628546747
-10.9705584715	5.64136443673
-10.9826100877	5.75392084724
-10.9774277457	5.84314346348
-10.9730654592	5.88048549798
-10.9540654339	5.97802834065
-10.9333102367	6.12591296357
-10.9034819805	6.25902526229
-10.8836357987	6.32870472101
-10.8113975207	6.53469177217
-10.7702831756	6.60920766033
-10.7263771999	6.7127643197
-10.6968815384	6.78587093156
-10.6733807737	6.86045011847
-10.632648106	6.92063838146
5.12666087411	12.4786294332
5.06061467461	12.468103788
4.96768086873	12.4788479936
4.88126845941	12.4971101091
4.77805501488	12.5352038321
4.58622645973	12.6255698646
4.41555624882	12.7002987815
4.33238241895	12.7430064681
4.24914444986	12.781351622
4.0905370791	12.8449259809
3.97896588851	12.8777279765
3.88803748512	12.9199620913
3.85137784975	12.9262210243
3.78696036875	12.9424620156
3.69423459301	12.9812608439
3.50202979943	13.0949002752
3.25137349462	13.1478569083
3.10254004531	13.1946017987
2.93489175466	13.1997618134
2.81533738842	13.2202862565
2.46925471629	13.2578216978
2.28092100612	13.2827972821
2.18010298026	13.2896565479
2.04413864462	13.3022073475
1.91355568771	13.3090920632
1.88546259177	13.3069794079
1.73628097091	13.3027365951
1.52373023334	13.2825490441
1.15860857313	13.2140159211
1.01048721829	13.1705006914
0.655822015606	12.9737452849
-9.73414672579	2.60528062564
-9.89234527953	2.71104728991
-10.0103055901	2.82709968759
-10.0729120859	2.87612188037
-10.2006769527	2.98890324726
-10.2478452424	3.06010117503
-10.277131075	3.15039474651
-10.3144082607	3.19102832271
-10.4118333828	3.29371973049
-10.4565476802	3.33727100837
-10.488446018	3.38296283021
-10.5433260737	3.47705712505
-10.5960787148	3.54866058316
-10.6336081772	3.63708050755
-10.6819035027	3.79094996688
-10.6953793797	3.82180609299
-10.7449593958	3.94293019562
-10.8183121848	4.08044683935
-10.8481496801	4.19400263071
-10.8520942246	4.32084335203
-10.8665140766	4.46885301339
-10.8810720026	4.56869227016
-10.8760311367	4.69491488115
-10.8836923366	4.87395286768
-10.8580784724	4.97907411464
-10.8069382723	5.06563244564
7.59716918268	1.93138558779
7.61109554825	1.91024521376
-2.11936316629	-5.1575929282
-2.29272911093	-5.07389507538
-2.40959426697	-4.99747641611
-2.47550157835	-4.96359917992
-2.5305703683	-4.92309058019
-2.63521712598	-4.82728775967
-2.71655709226	-4.77577420851
-2.82949573321	-4.67023156362
-2.94967333549	-4.57282354946
-3.07657211147	-4.47287828978
-3.2199866064	-4.36601402711
-3.48577907342	-4.09464573671
-3.67427095188	-3.93625967775
-3.7965651988	-3.82802842566
-3.94469988382	-3.69152635004
-3.99312327446	-3.63534825964
-4.04105777518	-3.58171940287
-4.19893150861	-3.39389840447
-4.27756147363	-3.28234216588
-4.33465097011	-3.17975535071
-4.38363833824	-2.99268592194
-4.40117076638	-2.83227398791
-4.39588055475	-2.6904578367
-4.36971252585	-2.64309126455
-4.32760715619	-2.56663929016
-4.27043621286	-2.48624224937
-4.21795913899	-2.43950032823
-4.16569366103	-2.3969577595
-4.10128333568	-2.34546144702
-4.05402682881	-2.31035933382
-3.95206146988	-2.23228345833
-3.87657613594	-2.19851060569
-3.76481516469	-2.17662622718
-3.60099195253	-2.14600717631
-3.50563793748	-2.15868844416
-3.43411383114	-2.15855408015
-3.32840991867	-2.15445565521
-3.26384760924	-2.14211530293
-3.18374968138	-2.08957594277
-3.0839721824	-2.04769761664
-2.9695106009	-2.02403389726
-2.89643553669	-2.01241270486
-2.83532512921	-1.97843034678
-2.75414377494	-1.98082869055
-2.66780567141	-1.97228074986
1.06054253537	10.4924508675
1.19985142334	10.2861520431
1.28289119106	10.2168044576
1.40073091936	10.0966539895
1.48383510865	10.0176947749
1.61028968339	9.90960731888
1.71418049099	9.83651038468
1.82928164703	9.76604254785
1.99665567135	9.66714797939
2.11076769819	9.60356397003
2.19397779745	9.55381777237
2.25971375052	9.50514271064
2.36142087743	9.40154484923
2.475254437	9.3105930725
2.56477122128	9.24142842684
2.75536968941	9.14458136805
3.00556307613	9.0117805415
3.16855313237	8.95930540145
3.2297085231	8.93824641771
3.50670548044	8.9365184457
3.96186268595	8.91642149397
4.20075508147	8.81786603616
4.33972439025	8.69258129256
4.42404764526	8.59192539252
4.58796866004	8.50221936293
4.58797914002	8.50202790499
4.71472658142	8.53658342238
4.81966823603	8.50072288672
4.95101488561	8.42132210143
5.01817007741	8.38679368939
5.09363994577	8.35089331926
5.16976820859	8.29064040482
5.26613366261	8.22558744346
5.40965477972	8.12370139005
5.50518062956	8.06199547325
5.61640787793	7.89047275692
5.69456061554	7.7905878607
5.74689424938	7.70656831087
5.78611079659	7.63318411541
5.83951267299	7.52733551951
5.92872087408	7.35794881028
6.07833005196	7.06069265203
6.155177227	6.8879401258
6.24338844011	6.6892628961
6.37703941578	6.24851300765
6.42325855335	6.16546545664
6.4560072351	5.94448491467
6.3046828254	5.26201106027
6.29215785226	5.11894479025
6.30118347377	4.92740130824
6.40267393526	4.68476832754
6.57658099604	4.38717799418
6.66062142013	4.28467780349
6.78102815449	4.12685992725
6.85251549676	4.02662248284
6.96753859331	3.88567276868
7.05748469653	3.83327919858
-6.6869040612	2.6783297583
-6.603125931	2.74190678127
-6.45916800551	2.78463176398
-6.33245754457	2.8671975896
-6.23642944737	2.91704226643
-6.1811944246	2.95893143899
-6.1349639289	3.03283336647
-6.0752877102	3.05967557601
-6.03453932336	3.08191136563
-5.92664132281	3.12690493704
-5.85523973495	3.18157224448
-5.7043656038	3.29481958637
-5.63001457417	3.35010429563
-5.5652053481	3.43252121467
-5.45956025989	3.55807767012
-5.2698615752	3.79027100846
-5.17751588942	3.88321241157
-5.07702767364	4.00659056386
-5.05844345664	4.12675961045
-4.99753860457	4.23164731524
-4.91694708999	4.38008414585
-4.80365776694	4.5675533711
-4.7702074099	4.66578232139
-4.73733236908	4.75987353326
-4.71072583977	4.94903761277
-4.66148447845	5.08016085934
-4.59495934939	5.25304227005
-4.52208939506	5.51299320421
-2.18554083512	8.07131704616
-2.14666874866	7.90326052917
-2.11301662534	7.74920896645
-2.12803948841	7.62320533963
-2.11741694598	7.46600296191
-2.09459407193	7.3601691799
-2.09813103592	7.30786680454
-2.12352575912	7.2076932111
1.50556376367	-14.4489428333
1.50814764329	-14.2696184098
1.52215420938	-14.1598167225
1.53568775475	-14.0598650199
1.51500779129	-13.8931243837
1.46466410804	-13.7024162177
1.44704422363	-13.6337211713
1.36765516637	-13.3551116555
1.35249608648	-13.3064782336
1.34433901527	-13.2627789258
1.33544028845	-13.1985725565
1.33022470256	-13.0781096674
1.29622869759	-12.87130103
1.28267725831	-12.7756842482
1.27731159733	-12.7283099643
1.26508215168	-12.6629732496
1.25320511131	-12.5887680019
1.22304192545	-12.5710095925
1.20391167099	-12.4935378072
1.18211078034	-12.3434014184
1.26837781232	-12.1543385292
1.26934561274	-12.0366416949
1.27676057778	-11.9690061312
1.28149253502	-11.9151587064
1.2919422805	-11.8880974368
1.31961123077	-11.8079175584
1.32847421807	-11.7596734446
1.3514027513	-11.7010623198
1.37720630617	-11.653603279
1.38121070781	-11.6012490623
1.38006265551	-11.5563308546
1.3833083493	-11.5076205861
1.40626903447	-11.2578294942
1.42641310678	-11.1753136607
1.43132345681	-11.1104719225
1.44042773161	-10.9903994638
1.42342389818	-10.8253337883
1.43231954211	-10.7513036848
1.44470690678	-10.6803433594
1.45004768901	-10.6312134212
1.45293286558	-10.5770753789
1.45361234839	-10.5079776635
1.4655469024	-10.4637215217
1.49550205307	-10.3304005676
1.54104045347	-10.1303255174
1.57288481359	-10.0086641651
1.60520158552	-9.88267258598
1.65065029038	-9.79489382338
1.67680327987	-9.70665327159
1.69089603314	-9.65134099946
1.73105606014	-9.5901271312
1.71314181776	-9.48484958171
1.73980673968	-9.43512407807
1.796699184	-9.34529310349
1.85546894958	-9.27593379621
1.93340747378	-9.16801385528
2.01119411355	-9.055141033
2.11268180785	-8.88796693539
-9.58943745657	-0.213559670243
-9.54855843999	-0.147073757672
-9.40698120907	-0.0645867566155
-9.33921828359	0.00500431188164
-9.24649115844	0.11296175383
-9.14931163736	0.22115424192
-9.10455901417	0.293595798432
-9.07730411591	0.394551956732
-9.03467708854	0.449572793406
-8.9568327855	0.534417992617
-8.86953238353	0.664746001097
-8.80871135289	0.738641330745
-8.75533397606	0.80040852138
-8.66774827522	0.903842357478
-8.62102672825	0.981591842095
-8.57472538061	1.09340094953
-8.52802652359	1.18561723817
-8.49206074967	1.2614011549
-8.44741087758	1.39042606265
-8.41598049064	1.53072021627
-8.38621412587	1.64792025641
-8.35945791651	1.74787453027
-8.34046290246	1.81819164297
-8.31674271562	1.89906820032
-8.27666840306	2.02263734014
-8.22767595282	2.18322766462
-8.20791207704	2.33709754991
-8.17264411048	2.45049340824
-8.13119107123	2.55468253042
-8.10271635781	2.64019620052
-8.04133642777	2.7723605253
-7.99322804617	2.83389250669
-7.94655451011	2.9309065606
-7.90487782254	2.98067574286
-7.79892275556	3.09398511196
-7.750212165	3.12912526626
-7.73983520935	3.15316548683
-7.51069503421	3.27487396447
-7.38221063314	3.31788243353
-7.24701073473	3.3102688636
-7.11499857222	3.20474573449
-6.9909189737	3.08703526948
-6.89373021733	2.99936743081
-6.77680817238	2.81386607375
-6.68784875815	2.67787010451
2.8276875926	-5.55594245873
2.80175400613	-5.4164379468
2.78413068937	-5.30276784948
2.74704211037	-5.16719149178
2.6763733401	-4.9578399533
2.66081065074	-4.89488239956
2.60052654528	-4.74601796698
2.57250753603	-4.64845542797
2.53750409337	-4.51638800715
2.47720028531	-4.36026709469
2.38440912492	-4.18794125126
2.24679027495	-4.06442785015
2.19012653834	-4.00478438826
2.11435397942	-3.93787301388
1.9759612491	-3.87205429726
-1.91619196645	6.83304860188
-1.79885131736	6.78916417321
-1.65436651499	6.87138445686
-1.51519110851	6.90184802757
-1.30421571372	6.98075136117
-1.26154920248	7.00252238989
-1.14558018147	7.04418559083
-0.925976142102	7.13382316114
-0.716140086038	7.19505151101
-0.568334886923	7.24197129762
-0.412841911353	7.28733916436
-0.172345672691	7.36017919891
-0.0594249742573	7.38290326906
0.0855574227163	7.39131077461
0.205271955037	7.50918210619
0.335899518436	7.61385997818
0.407634643571	7.6875388602
0.522942530959	7.84802508327
0.630069982694	8.02289421278
0.651488434932	8.08404629978
0.674022730339	8.15823114282
0.693493345177	8.31017818341
0.675007714527	8.50854032756
0.679248313099	8.59840671958
0.653666360118	8.70507264327
0.629918559357	8.85585357051
0.594012507643	8.98030968201
0.599633726976	9.06698917634
0.632332584865	9.3257444991
0.614978788585	9.57386921616
0.607022206188	9.74255932306
-3.42034063072	3.2942663708
-3.43986286768	3.50872386002
-3.38996410728	3.61491407328
-3.34643466716	3.82964617766
-3.32207287181	4.1130249186
-3.31304075167	4.23119335318
-3.29134535537	4.30025021323
-3.26372716994	4.40180411482
-3.18191534198	4.48309614108
-3.07209640716	4.6684257296
-3.01839748392	4.78656509882
-3.02626549709	4.85491278158
-2.99665135817	4.92193168558
-2.93338894238	5.04291143135
-2.86120399206	5.16076167331
-2.80383918373	5.29198173101
-2.71937476825	5.39711758059
-2.62845050747	5.45730601241
-2.46249635361	5.50732731096
-2.29239413496	5.65255500844
-2.66780342563	-1.9723023576
-2.63573834369	-1.80600087509
-2.63626280092	-1.70219728958
-2.64676143592	-1.50831656477
-2.64359119594	-1.39279896279
-2.61728223342	-1.26645599594
-2.59700856802	-1.01778300276
-2.56062248682	-0.791414833303
-2.53013960671	-0.61699775815
-2.50565627378	-0.468552073915
-2.47657338437	-0.309494978895
-2.42496408912	0.0347933365256
-2.38070882705	0.205813437699
-2.33526664335	0.480762700999
-2.3080378761	0.754836822384
-2.29831717495	0.860653814048
-2.28775798271	1.00069685998
-2.27172224166	1.26002995996
-2.26617917671	1.44518800422
-2.28378567195	1.52325730643
-2.31120127756	1.62421648291
-2.37079527195	1.76551656725
-2.42094636769	1.90760775577
-2.52084512869	2.21127144074
-2.55238637477	2.28039658448
-2.59601802824	2.40569070037
-2.64972092912	2.42294290837
-2.68622517116	2.44398732382
-2.70170152718	2.47382758334
-2.74035855045	2.51829885283
-2.79462187216	2.61147318802
-2.8514275424	2.71340180925
-2.92872499146	2.84240686126
-2.98351998843	2.93533120153
-3.0419195893	3.00072344823
-3.18025253994	3.17423012388
-3.34071954966	3.2741853423
-3.42034420329	3.29426106085
9.00206931086	-3.79937694623
9.14392470907	-3.64408466297
9.22910248031	-3.5215803244
9.30874672753	-3.42602341498
9.3392217208	-3.37665332316
9.38662621538	-3.27814605903
9.46582313335	-3.1379848412
9.50887879837	-3.03404813621
9.55254900243	-2.93039992943
9.58886973779	-2.85302622603
9.56001707842	-2.7797473846
9.62325355183	-2.66720074849
9.64946966956	-2.56558978583
9.6938788108	-2.48981049146
9.70918028067	-2.39467862055
9.72283737725	-2.25340357063
9.74423851998	-2.16415186955
9.77094369039	-2.06842926375
9.8002293282	-1.9516292633
9.81276785216	-1.90918649102
9.82368342843	-1.83194160893
9.83788146734	-1.76027724361
9.85436031584	-1.54795094015
4.17474333786	-7.63973668258
4.31608117507	-7.73433484301
4.44440242805	-7.76763636306
4.53553635235	-7.76885138117
4.61684658626	-7.7762381665
4.74911245267	-7.78512615428
4.83134832787	-7.80819710791
4.94454912346	-7.79335499776
5.16123947671	-7.80268544719
5.32004570973	-7.85233305283
5.42558395487	-7.93525269253
5.48067637557	-7.96601688309
5.60322658738	-8.03458637528
5.7006697408	-8.12753926241
5.7674326476	-8.20133619658
5.81922845108	-8.27827853024
5.86994269016	-8.36483357533
5.90079706683	-8.50558095209
5.94185722705	-8.67130145156
5.9710304017	-8.84096479077
5.97811172129	-8.9253450002
5.98262271227	-9.02682109393
5.98429108933	-9.15514454065
5.98261523464	-9.22510487377
5.97896005124	-9.3048507324
5.96821770096	-9.42718310748
5.97915725623	-9.47939420258
5.99969313673	-9.50386868118
5.98533802578	-9.58678894283
5.96968512647	-9.70218408047
5.94645080343	-9.81781922833
5.93407382435	-9.88040689381
5.90816852429	-9.9952903411
5.89411689938	-10.0474978315
5.87300126208	-10.1327102591
5.78064455618	-10.4402841098
5.71378004179	-10.6145746994
5.55482870641	-10.9411591707
5.49974863166	-11.0461035893
5.49137990178	-11.0603324206
5.42661787278	-11.1661285145
5.33078915806	-11.3047131551
5.27076868367	-11.3812834748
5.16598658332	-11.5082867183
5.07185583194	-11.5967041541
4.98241378343	-11.6915538122
4.90498116127	-11.771389036
4.83969219079	-11.8219890798
4.72357257303	-11.9437801964
4.6264691395	-12.053274337
4.565615728	-12.1038306413
4.42893648434	-12.2456770104
4.3267070498	-12.3468644428
4.25633434089	-12.421633511
4.20710578738	-12.4707363323
4.20165258725	-12.4785705782
4.08150646336	-12.6210159322
4.00665736253	-12.7131956317
3.92447205379	-12.8223244452
3.84092223037	-12.9272633568
3.78219102172	-12.9927774069
3.73800951928	-13.0831868788
3.65061634765	-13.2409949319
3.58453328204	-13.3302769372
3.51282186425	-13.419164134
3.4371842485	-13.5268642502
3.3547729297	-13.6191181562
3.34013469469	-13.6353117121
3.24587031102	-13.7282319415
3.22197018309	-13.7583287363
3.14716366803	-13.8308354213
3.09792006867	-13.8756038721
3.03313010662	-13.9352769041
2.98784072253	-13.9807636811
2.93696270812	-14.0314157478
2.8730743186	-14.0913508723
2.83801934402	-14.1238492137
2.74455541518	-14.2114303418
2.67776557556	-14.2868037014
2.54650699437	-14.2716672563
2.44975400356	-14.3167415936
2.3231354827	-14.3504383335
2.20923885561	-14.4155963557
2.14212425391	-14.4541495467
1.99951658784	-14.4909450718
1.91475566409	-14.5241889902
1.8100671143	-14.483062239
1.74080399878	-14.4499068018
1.65321497892	-14.44815994
1.50556376364	-14.4489428333
-7.14149603827	-0.607807266219
-7.17272712351	-0.575289108811
-7.1575902968	-0.405897579497
-7.18371575714	-0.288806979024
-7.22047581494	-0.176861692217
-7.26100609986	-0.0179110930948
-7.2878009965	0.147838126815
-7.28299663085	0.221705085555
-7.26071198926	0.353702598531
-7.2691700439	0.451337028444
-7.26081866487	0.577805838365
-7.21813643667	0.868918593989
-7.18045822508	1.03520746761
-7.17415138653	1.06411212873
-7.14393229967	1.20308735458
-7.11380754783	1.28212159758
-7.07772004033	1.47782267367
-7.05202261682	1.60088830708
-6.98549922137	1.79572856185
-6.96667225448	1.895410473
-6.92214508655	2.04286789455
-6.89090722921	2.09880777222
-6.85861613722	2.18522184339
-6.83032787439	2.27377298488
-6.78548360985	2.31459206636
-6.72487905481	2.51129044302
-6.68650519075	2.67824845113
0.0712509324564	10.2266991341
-0.0773622025156	10.2221478535
-0.227335958889	10.196406971
-0.27756762508	10.1885064215
-0.358708621244	10.1810947685
-0.538618580337	10.0583246731
-0.668498931097	9.9598658236
-0.72536961823	9.8923340577
-0.798488714056	9.79014001745
-0.874147895912	9.66004787693
-0.92333726205	9.55590521158
-0.991667029241	9.48667612159
-1.02952651447	9.43474610521
-1.06696289228	9.38103162326
-1.13230659892	9.2522884649
-1.17872091082	9.20126899586
-1.25220544823	9.10120166048
-1.33120124423	8.97345250948
-1.39047057322	8.88928681255
-1.45282428703	8.80328162034
-1.54228031217	8.67349337054
-1.59944948015	8.60972312029
-1.75893744143	8.47593436619
-1.82693746348	8.39122129268
-1.91134357736	8.3325136246
-2.07348028973	8.24090222376
-2.18553763677	8.07131773279
0.607022259243	9.7425592641
0.838536931888	9.67292980966
1.07947881877	9.58154870205
1.23413104387	9.53866268787
1.32876328397	9.47411128282
1.55559016078	9.2875724972
1.6831713598	9.16318189813
1.83880538724	9.0208264326
1.96861177448	8.88896414051
2.05807833688	8.70069049074
2.15437402121	8.59608537487
2.19782065239	8.53878089239
2.27875882678	8.42923434314
2.38771570236	8.3138241822
2.5065476974	8.1289309282
2.64824365217	7.90948785617
2.69289803854	7.79115255355
2.75151800135	7.63377360046
2.83321258726	7.43218285669
2.87400352352	7.3190570731
2.91393971543	7.2293303035
2.95087831172	7.14490382849
2.99900967325	6.99789611284
3.0327956385	6.90102790878
3.07438254824	6.80032839534
3.09030092541	6.63696556101
3.11381628393	6.56252417782
3.1177272302	6.53242336823
3.08981608111	6.43413518732
3.03216864024	6.29778688852
2.97016182876	6.19530942307
2.90622776934	6.12275270812
2.77306795562	6.01623003171
2.71609136936	5.93020857005
2.59353226619	5.82682006939
2.49423108715	5.77691178214
2.39805505736	5.72646335195
2.30818499899	5.67826255553
2.22640478755	5.64760627775
2.06633186387	5.54713677792
1.96581911411	5.48372723011
1.91992153953	5.45542801926
1.77957849159	5.35777770471
1.63882064293	5.24873552297
1.5864040407	5.21182847223
1.39021194022	5.07801404113
1.25793018756	4.97042115832
1.1396074042	4.87599359808
1.02009521264	4.78079127561
0.930590958107	4.69620965574
0.802881100386	4.57843139858
0.590498088241	4.37949192492
0.543703487644	4.32252540306
0.413252788374	4.17098762837
0.362329135098	4.11542650045
0.290585668127	4.02934029184
0.197964237541	3.92885191232
0.104485868791	3.82001158424
0.0169668645462	3.6977778587
-0.0439166778086	3.61784170486
-0.130622621512	3.53677520864
-0.180821328968	3.47762558652
-0.273992548373	3.35809819286
-0.334586932793	3.29096011886
-0.408191844224	3.21277949207
-0.545204782778	3.10379985234
-0.600354350112	3.07180572659
-0.645209557286	3.06423399702
-0.720184061025	2.9432185343
-3.48733261119	10.3470269868
-3.65525628671	10.3249440422
-3.83056036436	10.2303779123
-4.1005891389	10.038995309
-4.28661703553	9.86907944076
-4.46559388977	9.71780694555
-4.72326314364	9.46295544871
-4.85742917443	9.33101279392
-5.03365109778	9.15386227188
-5.12667666215	9.04201280672
-5.25173210205	8.9186680995
-5.46444423662	8.74674849675
-5.60615516617	8.60537528801
-5.75581755417	8.47896227522
-5.97421420099	8.26839157733
-6.26750877211	8.00400840344
-6.50098379244	7.7891481938
-6.82612362048	7.50694360326
-6.89486745152	7.44132698089
-7.07896098633	7.27349679046
-7.22578217736	7.14550397005
-7.41522112198	6.97014360222
-7.52582901619	6.88219001673
-7.59874605642	6.79825285891
-7.70618687171	6.71257854503
-7.77664303249	6.65174540195
-7.89739321463	6.55712160482
-8.04887738821	6.44164017135
-8.28536541964	6.27470470441
-8.37584319672	6.19174124274
-8.50564961912	6.09969736711
-8.6417044079	5.9991020052
-8.72705150133	5.93615598354
-8.83025840962	5.8577061237
-9.01614617412	5.72226031265
-9.11671707565	5.62753210754
-9.211866865	5.56359927826
-9.27247488372	5.5214329136
-9.43274388363	5.42850919547
-9.51776118581	5.37705612591
-9.59355286864	5.37866952234
-9.6750601209	5.3355865863
-9.83118587835	5.24782696019
-9.92692632894	5.20486474918
-10.0299896028	5.15429637447
-10.0883104025	5.13284305461
-10.2448297258	5.08625636449
-10.3220121018	5.07312512093
-10.3649381527	5.06728526153
-10.4282202072	5.0565058235
-10.5568817443	5.06351819403
-10.6869833917	5.08994701392
-10.8068457666	5.06565987397
-3.48733261545	10.3470268151
-3.51809808556	10.2670004598
-3.52646966538	10.1794140048
-3.53919572633	10.0922638227
-3.53500439979	10.0373979727
-3.5243232443	9.79266809633
-3.51586384242	9.61274772937
-3.49259965206	9.53337372826
-3.5000474768	9.40927094978
-3.43349420359	9.208725184
-3.37370616323	9.04427319541
-3.3541075502	8.97004672265
-3.30890700787	8.8930231769
-3.2574574015	8.80394391571
-3.20593173018	8.70789978581
-3.18123803903	8.67091325581
-3.12969399008	8.57412731694
-2.99479611254	8.44378076638
-2.9289321938	8.36282964637
-2.85435919792	8.30403728108
-2.76708395898	8.26693817262
-2.67843017	8.24138791279
-2.60429516817	8.22009135337
-2.52491804849	8.23520192144
-2.40643778095	8.16692932351
-2.18556909936	8.07131022375
-2.17435733613	6.272803314
-2.18759679542	6.07990901179
-2.17019872151	5.9842611191
-2.18076420169	5.87166733553
-2.20817126347	5.778621072
-2.29245416647	5.65255987913
-2.17258130793	6.27271582164
-2.06469619233	6.35444013328
-1.96000767755	6.45776379849
-1.9357396572	6.62264580533
-1.91615926559	6.83305516677
4.28494419217	7.30731768386
4.34943873588	7.44550405496
4.36526985464	7.483541503
4.38019305914	7.53308973931
4.41315052723	7.70320852607
4.43826140568	7.81028990019
4.44780970351	7.83437863166
4.49860308636	8.07308834593
4.49379307972	8.21119803799
4.58798944745	8.50205594422
4.28495195515	7.30731927572
4.16471992094	7.41777619894
4.0276806296	7.56798996538
3.90528832365	7.75336484073
3.87322842658	7.82839882054
3.81597709274	7.97665966568
3.80014784989	8.03340011577
3.77591682568	8.11128533292
3.754719883	8.18449043508
3.73934669614	8.24460428076
3.71237050123	8.3495826682
3.66726436699	8.59226369819
3.65412938311	8.67679045121
3.63899789832	8.90424512118
3.64039733376	9.05463558945
3.61468986722	9.15237764864
3.57767799042	9.25546003611
3.48393405237	9.42393132374
3.35073629377	9.5803394276
3.21521086137	9.71045315337
3.105270227	9.8023919468
2.99080762344	9.89560932993
2.95321389047	9.89702110576
2.73887558388	10.0562549504
2.58253954395	10.1164176282
2.45602120124	10.1732959717
2.21731587969	10.2947629806
2.01903727239	10.3781503689
1.89237243695	10.4619425974
1.85381367057	10.5024927544
1.77536944661	10.5504221651
1.56526296238	10.6000169159
1.32453366567	10.660216051
1.07034768627	10.6913608714
0.96310110912	10.7147848878
0.961776202366	10.7351149306
0.864565129547	10.7384478154
0.891479919989	10.6895505057
1.0605553256	10.4924696304
7.05746013484	3.83327836747
7.10705321398	3.63476355491
7.16482310968	3.50405305758
7.20913325793	3.41574951901
7.24734012936	3.33212419029
7.25511475155	3.31281060677
7.3139018836	3.19356669741
7.36644423016	3.01995440301
7.3920787389	2.90699800938
7.45335299509	2.79434682177
7.48110657557	2.67217282854
7.49788904671	2.60706428946
7.5470594871	2.409328398
7.5595873426	2.32741094547
7.59831030964	2.16182512668
7.6252216619	2.02010651176
7.61109554825	1.91024521376
-11.4043276421	-0.571049404969
-11.4288841839	-0.631814524173
-11.4727798679	-0.754115223309
-11.5218073751	-0.822562721312
-11.5109964971	-0.965071669206
-11.4635695823	-1.18386552716
-11.4338808274	-1.28944714566
3.6872860532	-0.233604513847
3.84354248779	-0.317156231528
4.03869981291	-0.336039402763
4.1687138978	-0.359150396237
4.24971537661	-0.374040791833
4.40035583835	-0.334446956121
4.50732697829	-0.330240352927
4.60000591544	-0.297942486407
4.82831470375	-0.305634065616
-11.404254172	-0.571050663035
-11.4036043879	-0.380723262399
-11.4062817916	-0.322894077405
-11.4148569264	-0.208143130342
-11.4022100903	-0.130355428992
-11.3954379361	-0.0525989168322
-11.3882877281	0.0112532269026
-11.375117855	0.108089851011
-11.3595045467	0.224963411384
-11.374512271	0.419644318842
-11.298981805	0.66028176353
-11.2683187727	0.712658951674
-11.2235259158	0.777587969725
-11.1624942025	0.856102229137
-11.0311248834	1.00743713186
-10.9394805849	1.08051688191
-10.8847822307	1.12676255863
-10.8529578823	1.1465727212
-10.7982925786	1.20055931493
-10.7307939124	1.26043805817
-10.6349130173	1.28846345293
-10.492120084	1.35468373317
-10.2246127654	1.45721296109
-10.1492719206	1.52134149481
-10.082578796	1.60894990919
-9.95749944728	1.7073892465
-9.8532236836	1.90659277985
-9.83366161211	1.97464447393
-9.77734038335	2.0921462663
-9.74752043695	2.20779611484
-9.7521094634	2.34476218792
-9.7306743748	2.44042807924
-9.73563507722	2.60655339031
8.08426776488	0.337511708899
8.13934876782	0.332448725845
8.25447818099	0.209890301225
8.31565325988	0.137381120677
8.33541677452	0.116235717865
8.45305466672	-0.0266260866655
8.51834958019	-0.127685676262
8.59256833452	-0.211823282986
8.64799616536	-0.285189451709
8.69707719346	-0.363731246958
8.74427454961	-0.410123424172
8.78024432968	-0.449815434113
8.84617997417	-0.531120807926
8.89370548577	-0.599401918384
8.94976135625	-0.668344622667
8.99651352573	-0.721427044179
9.06069665173	-0.796653701994
9.10694156706	-0.873524086699
9.17594891734	-0.947881010906
9.19724153069	-1.01503997278
9.24709181045	-1.06575769558
9.30234367808	-1.11576666042
9.42845964613	-1.19696962703
9.55560353689	-1.30711288528
9.66343590235	-1.4217342815
9.71395352825	-1.46085243048
9.8543200695	-1.54796601604
8.08427848099	0.337549435577
7.94765425462	0.229239900092
7.87597662609	0.149971145453
7.76223423266	0.0953626112656
7.73422162841	0.0804249292548
7.67066367995	0.0622292715603
7.55605974954	0.0113900713586
7.44288369003	-0.0350372046581
7.38073901544	-0.0582776110405
7.22121106406	-0.129549142931
7.07085245238	-0.178116777994
7.00321763372	-0.208911036652
6.86581611402	-0.225200254061
6.67834635477	-0.289072643297
6.54536266637	-0.342266950896
6.40568108883	-0.381685809418
6.31478661097	-0.453885668123
6.22837720527	-0.470949059296
6.09397631723	-0.499372786393
6.02693199995	-0.526187097626
5.93641518086	-0.552340017002
5.82562503744	-0.585536202792
5.75191416651	-0.599994915872
5.67986091762	-0.612846541417
5.57112018252	-0.661785911109
5.45656664923	-0.723160945079
5.33620877706	-0.768468354783
-0.720196415408	2.94321097201
-0.708075190835	2.75152934318
-0.737270292522	2.58055176866
-0.77508384656	2.50971669936
-0.766990873322	2.40374893874
-0.821453448879	2.29882827475
-0.82575938433	2.14217077458
-0.838861328574	1.86161112053
-0.857939010017	1.7159199616
-0.866487376882	1.65725033946
-0.875168566344	1.61308406322
-0.939429635791	1.23520811835
-0.963620648254	1.09702089727
-0.998677269084	0.932972190425
-1.04112686499	0.727443573885
-1.08426594813	0.525490844335
-1.121644826	0.354286796134
-1.1615068262	0.182853021021
-1.20796112842	0.0118768120244
-1.27037834007	-0.163897468
-1.31489832396	-0.336302281267
-1.35527306113	-0.499743064962
-1.41145228431	-0.660140053295
-1.44412321224	-0.829060332938
-1.46094245182	-0.970787066366
-5.11438415087	-6.48852962435
-5.09685386313	-6.638083993
-5.07812411383	-6.78380985548
-5.05585201746	-6.93790029595
-5.04114299782	-7.01561595447
-5.03356154365	-7.18812216895
-4.98086112932	-7.3496518422
-4.93049935551	-7.57291764721
-4.91408226975	-7.64788825307
-4.89418058578	-7.72118134337
-4.83417333914	-7.92500528331
-4.76899675865	-8.09337006503
-4.742106663	-8.24740481101
-4.70049094567	-8.36482511735
-4.64625136446	-8.50604418073
-4.5889290019	-8.65805828468
-4.54266823106	-8.76812790965
-4.50557507173	-8.84748640496
-4.45536036823	-8.94986214686
-4.41638624965	-9.03985053227
-4.3530298807	-9.16992952622
-4.26341027663	-9.34180103157
-4.20196353746	-9.49662117821
-4.14830285095	-9.59597783667
-4.08174161143	-9.71485485722
-4.05289996547	-9.76206127347
-3.97378397067	-9.89035901337
-3.90149363884	-9.96550557367
-3.84887715247	-10.0579535986
-3.78473842936	-10.1819363488
-3.72028549777	-10.2748188509
-3.63889340179	-10.3935831298
-3.57362076964	-10.4871171858
-3.46349658285	-10.6377685725
-3.4159043972	-10.7005687036
-3.36204084864	-10.7707647682
-3.27905351098	-10.8753269359
-3.18421213759	-10.9756031748
-3.05708352168	-11.1367231173
-2.98349408983	-11.2250491322
-2.88257421568	-11.3487044843
-2.79126572812	-11.4603840105
-2.69205557831	-11.5872653853
-2.4009543385	-11.8874963845
-2.18268406527	-12.1231252232
-1.97972518161	-12.3341578441
-1.77412614648	-12.5281643129
-1.60282123072	-12.662500687
-1.49163952631	-12.7413328737
-1.38773804799	-12.8122870637
-1.30125563277	-12.8693254834
-1.15780432456	-12.9477119561
-1.06873257387	-12.993396051
-0.976574785935	-13.0336034093
-0.915375609753	-13.1329518868
-0.830166608862	-13.2006511232
-0.750814622191	-13.2529728878
-0.634160886466	-13.3394557178
-0.55578953655	-13.3901144696
-0.483737142587	-13.453113004
-0.396028889389	-13.5000316753
-0.204413461421	-13.6803306273
5.33658201278	-0.768834438528
5.35429992019	-0.918397501623
5.4615080055	-1.11230573941
5.54808374173	-1.26947821326
5.60660962913	-1.37453854941
5.64085937613	-1.43232716582
5.74416509139	-1.5690683456
5.82182568961	-1.67819814134
5.88950943923	-1.79073403826
5.9588129295	-1.87926708027
6.01967416306	-1.97810089572
6.06115449376	-2.02313407419
6.12038624589	-2.07718410707
6.19665847505	-2.14177543741
6.25802006862	-2.189685344
6.30801868115	-2.22106891201
6.3814390686	-2.28174687385
6.44430271828	-2.32686113278
6.50189492955	-2.37313174866
6.55019463184	-2.44741714506
6.62237060017	-2.49352751078
6.7199324886	-2.55743047592
6.81709293663	-2.64394965145
6.91371196479	-2.71484915416
7.00979140709	-2.7771539528
7.11337061345	-2.81272655917
7.25239552094	-2.84215147204
7.32589885993	-2.86448173414
7.40906625643	-2.88030822461
7.48656825863	-2.90942036007
7.56503821257	-2.92881952223
7.58475728047	-2.9275698063
7.75287570942	-2.90459787509
7.85174307741	-2.93421566554
7.86824295509	-2.95546377328
7.99509113826	-3.02752948322
8.11067266818	-3.08968636112
8.167688396	-3.15661175255
8.26378828153	-3.18703968838
8.35572528317	-3.25949574238
8.45494237119	-3.31668151426
8.50665704166	-3.35430414416
8.57732415206	-3.3989910064
8.69255385158	-3.50451625953
8.795886635	-3.60057318383
8.87543929417	-3.67949259091
8.93482935395	-3.71940435404
9.00207076421	-3.79937638094
1.2393736755	-5.5316746535
1.04919776116	-5.5161148181
0.93394682084	-5.53094952052
0.781335950281	-5.57315092837
0.656584881534	-5.57080311637
0.573310199008	-5.57884209616
0.455483495531	-5.56760981952
0.384934773574	-5.60703339292
0.135805021719	-5.60887363543
-0.114366021661	-5.62734545936
-0.131840313657	-5.62469546233
-0.240829253592	-5.60772188736
-0.460737623021	-5.57767487695
-0.609381934036	-5.56100518285
-0.713242213256	-5.53537014584
-0.789543206752	-5.52272810961
-0.945198042713	-5.47918363784
-1.06357411852	-5.44728764249
-1.16206726368	-5.41623990323
-1.36383388395	-5.35705541098
-1.49835763714	-5.31786670071
-1.62996820758	-5.27844776027
-1.78309843525	-5.23598856549
-1.94917482029	-5.17672056887
-2.11936316629	-5.1575929282
1.23935910936	-5.53169288929
1.45893705169	-5.57599858616
1.63269022994	-5.6172477327
1.78303422095	-5.62143772091
1.84778836242	-5.64370746631
2.06065504766	-5.64842151006
2.13417095497	-5.66368360816
2.26472250584	-5.67273028052
2.44801697298	-5.65624088891
2.58434861446	-5.64076077807
2.6838175831	-5.62231595579
2.82751535723	-5.55653996888
-2.71626791374	-9.40848546319
-2.66140397876	-9.38134808416
-2.64003301082	-9.31384760673
-2.58036461503	-9.22053357296
-2.52901639888	-9.17901666528
-2.42095919437	-9.0223134101
-2.30826169277	-8.87978712263
-2.28253272982	-8.79476149527
-2.23794083029	-8.64655632731
-2.20752846194	-8.58217773052
-2.17517886713	-8.50410351541
-2.12297217299	-8.39801529583
-2.01912676791	-8.07756758749
-1.96840109025	-7.89556835223
-1.93112020494	-7.70892406254
-1.89000124354	-7.48168612401
-1.87088429571	-7.36973231815
-1.86777465505	-7.27969139043
-1.86688638876	-7.25215951946
-1.8666910642	-7.21948689361
-1.87271934541	-7.07409386057
-1.87616694352	-7.03591157939
-1.90703981515	-6.84291239887
-1.92583446383	-6.71098265394
-1.96895491087	-6.51725203388
-1.99424929528	-6.42275926578
-2.00351206646	-6.35701864294
-2.02785642577	-6.23891525368
-2.05071616141	-6.14270073252
-2.08373318159	-5.97870798592
-2.10035801741	-5.8481256044
-2.1810974436	-5.68685876839
-2.18753490654	-5.53439103535
-2.19552805658	-5.42882945712
-2.15950619932	-5.29443693812
-2.11936316629	-5.1575929282
2.11268180786	-8.88796693539
2.07232272613	-8.75059795082
1.93372299465	-8.58914525619
1.8408203233	-8.50192695016
1.76654737373	-8.43591154434
1.68337721799	-8.370667363
1.54100152321	-8.27162137366
1.39714575532	-8.17853463818
1.23415713968	-8.04990984369
1.12925363922	-7.99070331957
1.06436232917	-7.96301021
0.984876153421	-7.92889824923
0.892456263079	-7.89296316601
0.820365049118	-7.87012190489
0.773239700939	-7.85493298009
0.685505442191	-7.82506603573
0.604672599768	-7.80344131873
0.512258020352	-7.79429446594
0.422907097348	-7.77437852345
0.336372608943	-7.75930239064
0.235166280722	-7.74398766605
0.0930123783795	-7.7574997201
-0.0778438292773	-7.80927281157
-0.154406619601	-7.86145976327
-0.225362417817	-7.90087623262
-0.281919311817	-7.93233799138
-0.335781411761	-8.05437167463
-0.350027977325	-8.10925585098
-0.377163210523	-8.20869859272
-0.399060101542	-8.34112049922
-0.413021480333	-8.48569080794
-0.391596309949	-8.6315290942
-0.339338480534	-8.75417099513
-0.311919695187	-8.84037175023
-0.283624609251	-8.95588280821
-0.264125209655	-9.05499724873
-0.239163962584	-9.14807015217
-0.21515867455	-9.23800237599
-0.184193505379	-9.36801585683
-0.166800638436	-9.49079422971
-0.107975947358	-9.643046541
-0.105706144928	-9.71706474829
-0.0951051029739	-9.78029893402
-0.0864240351397	-9.86707640288
-0.11579012878	-9.9840030277
-0.115648727334	-10.1174400901
-0.131308399556	-10.2364058378
-0.135569989014	-10.2796453822
-0.205477059046	-10.4281007144
-0.227658210058	-10.5583383957
-0.280411164852	-10.711802485
-0.322943325116	-10.8021927127
-0.352461461872	-10.8387604261
-0.381167700809	-10.9267730256
-0.448732245913	-11.0161586525
-0.527548477807	-11.1392935324
-0.603094220306	-11.318302867
-0.648762465726	-11.4151156028
-0.713193602189	-11.543661279
-0.713255089074	-11.5437810174
-0.661126451174	-11.712909718
-0.566422519721	-11.7330035409
-0.514562397925	-11.7808317744
-0.426055281305	-11.8431543019
-0.269411230616	-12.0181120893
-0.197476199615	-12.1309968438
-0.0353480857039	-12.4020700591
0.0786390624981	-12.5844677848
0.147540672829	-12.6630251136
0.169849052481	-12.7003377191
0.196746161317	-12.7506931198
0.238674131961	-12.8297833689
0.298071629522	-12.9584627003
0.346969171677	-13.0468069443
0.449302342449	-13.1591110038
0.480961762186	-13.2217036477
0.512374440976	-13.2876260714
0.54964669862	-13.3435671299
0.610483130744	-13.492692597
0.666710111593	-13.7098609411
0.666712558282	-13.7099159796
0.707916651927	-13.8580123318
0.754141563311	-13.9442388341
0.773534405787	-14.1295051585
0.843847995159	-14.2833781861
0.920017939056	-14.3953405829
0.958349272922	-14.4187481279
1.02027977827	-14.4337104941
1.15022139545	-14.4426709182
1.26065566145	-14.420711763
1.34479577087	-14.4189015296
1.50556376364	-14.4489428335
1.06056911017	10.4924509656
0.892894756794	10.7232985765
0.833764236601	10.8391432327
0.819396079781	10.8728729459
0.718070402894	11.0582494001
0.748185514496	11.1443244166
0.768612509438	11.2301423482
0.822761271556	11.3122536701
0.855748793427	11.3480407602
0.984976230249	11.4094631365
1.08491917403	11.4528407138
1.13235505028	11.499771019
1.38933581971	11.635098231
1.50751206397	11.7475405966
1.60553274669	11.8318087703
1.6428680945	11.9148675026
1.6664210311	12.0110764982
-2.12358023849	7.20769927988
-2.0531158275	7.11579179415
-2.03862930532	7.00230309641
-1.91615926559	6.83305516677
-9.58942379746	-0.213538343325
-9.53224762624	-0.363369501216
-9.54080316575	-0.517924012867
-9.53546847259	-0.669615594438
-9.5128400416	-0.774297363567
-9.52783148399	-0.87631042192
-9.53926226107	-0.985926782159
-9.55415315736	-1.0611292396
-9.55456616377	-1.2011734889
-9.5525085836	-1.335156287
-9.55101822449	-1.45240178072
-9.54366086931	-1.53258742037
-9.53230373028	-1.61865219705
-9.51685178311	-1.73454509528
-9.49672606441	-1.84019169753
-9.48748603263	-1.88112554417
-9.43497450019	-2.02185161063
3.04707521523	-2.56040481275
3.20824217964	-2.60467743788
3.37323688917	-2.67175499302
3.38475803302	-2.67612135295
3.52325992119	-2.75535728788
3.65475002807	-2.83096750743
3.77614747408	-2.91309712787
3.89023754465	-2.98039070239
3.91252212529	-2.9974954854
4.05329816649	-3.11916858918
4.25722253042	-3.31679054437
4.3530232608	-3.43266937141
4.51344332346	-3.63936001192
4.61119129597	-3.74711623827
4.66383290912	-3.82005356926
4.7172652648	-3.89399548661
4.79401055484	-4.02513236002
4.87861613316	-4.14332599216
4.9454140643	-4.23327370998
4.98807402063	-4.301515675
5.04966425879	-4.40246009169
5.0756894996	-4.43955139587
5.14280527558	-4.53651839128
5.1800484298	-4.58894486928
5.24481152836	-4.66185432188
5.30559293248	-4.6943787192
5.3883755567	-4.74503509582
5.51267946077	-4.86902430887
5.61818877869	-4.98125225084
5.70393391014	-5.04989751105
5.80542230563	-5.13176547731
5.94840262124	-5.22784890041
6.00083196675	-5.26596465121
6.06464726432	-5.30994154171
6.14612398246	-5.36379735327
6.22896258687	-5.40185336844
6.27959226339	-5.41419474477
6.33671808407	-5.42275401739
6.40635019325	-5.44027441915
6.50740910888	-5.45418282605
6.60063037914	-5.47517498529
6.70076708585	-5.48826716474
6.7826806926	-5.52435164459
6.92022928639	-5.49568196617
7.03487127261	-5.48569765352
7.13224854889	-5.43666002989
7.30398411277	-5.33901202181
7.45614446553	-5.23690910468
7.60650195129	-5.13554725234
7.68789484614	-5.07957498993
7.81943976602	-4.9396633715
7.89418915024	-4.86088748379
7.99731612519	-4.77986875324
8.05107544891	-4.7341291849
8.18053693545	-4.61587764495
8.24043638631	-4.56078278235
8.36738798051	-4.44846049044
8.46912822264	-4.36136831243
8.53956735938	-4.28765831948
8.62960239189	-4.2263868756
8.71416404046	-4.15036803853
8.79422243366	-4.07186593411
8.89835337048	-3.94629837928
9.00205787051	-3.79938260176
2.82750229726	-5.55665378576
2.98923073659	-5.68625503449
3.17585709851	-5.81034356196
3.28830775734	-5.87013389588
3.37924145137	-5.94165341595
3.50571675845	-6.01024998409
3.57516950238	-6.07849642171
3.61151665122	-6.10430446617
3.70147348157	-6.17259890371
3.72474699051	-6.24120365349
3.7578204862	-6.30500056515
3.85646984805	-6.40354098817
3.96101159547	-6.48096766162
4.00434638207	-6.51166723947
4.06531005541	-6.58967405458
4.15883504146	-6.71828291946
4.21307852888	-6.80970968508
4.24111155803	-6.86871486108
4.21763720065	-6.94309135993
4.24150069692	-7.01751933023
4.25185675234	-7.12426014415
4.26690495347	-7.28464609409
4.23482335322	-7.39149427283
4.17541430373	-7.63957345096
-3.42033741434	3.29427253499
-3.54459574586	3.22437962006
-3.66229294806	3.13019211538
-3.73176040456	3.0782330208
-3.79007641264	2.99486017475
-3.85353245827	2.85870656599
-3.88618731304	2.81402834781
-3.96594573931	2.72975400386
-4.04144246376	2.65722581109
-4.10622540454	2.55056442901
-4.15576029129	2.48693645026
-4.18835836938	2.41520162612
-4.22533528193	2.33954189644
-4.27282313303	2.25467354048
-4.33365815051	2.09193885073
-4.37658210731	1.97097951881
-4.41097321626	1.86883440344
-4.43799468761	1.78631113604
-4.44821871428	1.75041726544
-4.46492591616	1.68195236787
-4.48508648801	1.60800355954
-4.51538039749	1.47722757284
-4.5640165915	1.36869045749
-4.58315385767	1.26139844336
-4.60411168917	1.15692205941
-4.61658608121	1.06761306635
-4.60148842201	1.00038276964
-4.63274274612	0.927250389522
-4.64051215486	0.831422484043
-4.66460729949	0.683089459255
-4.65677417177	0.548670179237
-4.69517131015	0.407492983427
-4.72062827171	0.277374529323
-4.75241472218	0.118638250783
-4.77842146422	-0.00825169530491
-4.80258807629	-0.110860818153
-4.82632592354	-0.220543109702
-4.8456411307	-0.297310916031
-4.8753889591	-0.423730618232
-4.95638029018	-0.557655939822
-4.97782413156	-0.617825252379
-5.05165929035	-0.778478221674
-5.12214397077	-0.894024167714
-5.16607566352	-0.965917435754
-5.22767212672	-1.07332283988
-5.28231058684	-1.17937262084
-5.32181117441	-1.21107833323
-5.36376128094	-1.21478356088
-5.45029329359	-1.33931953132
-5.63483433379	-1.45138144495
-5.79423851103	-1.52631927114
-5.95556041244	-1.54505828367
-6.11108975742	-1.57769123055
-6.19071821202	-1.55133507021
-6.24733349271	-1.53871723501
-6.39050382351	-1.43059779712
-6.56292003112	-1.28481841312
-6.61609636388	-1.22603437929
-6.69551516797	-1.12497647117
-6.76347651829	-1.0463828496
-6.86529121662	-0.88410476783
-7.02786623579	-0.707135291907
-7.14148908116	-0.607824631189
