2016 0 0
9.36395851189	5.1771995255
9.47175029413	5.07717382934
9.54082904748	5.01237862895
9.61028656856	4.93493939962
9.70376807759	4.8098576077
9.77930392217	4.5367268457
9.78572867241	4.38786757225
9.88535615437	4.0482969254
9.93777703406	3.85084912331
9.94358645189	3.73477154563
9.94711911075	3.42017617462
9.95689582484	3.3113428286
9.96455928295	3.09920035748
9.96605723556	2.92689984148
9.96517657659	2.76618832548
9.95969352531	2.48678193324
9.95906333923	2.4189463754
9.95315978105	2.33020649516
9.95498246067	2.25277094793
9.97059862549	2.140074222
9.96178073832	2.0599613035
9.95460282317	1.97418773616
9.95560143682	1.82651486288
9.93639344353	1.63812710646
9.88893472317	1.44510230384
9.79610550603	1.16522349755
9.74996434196	1.04153483535
9.69683010582	0.92845735612
9.67034190948	0.877102838892
9.62209329679	0.787451880017
9.59890107166	0.745357175086
9.50006761209	0.555818198
9.42132998962	0.426788063532
9.37598566866	0.359348997389
9.3041683156	0.23063339531
9.18876724305	0.101144026343
9.123346701	-0.0230043197422
9.00276965241	-0.188857773662
8.82255755534	-0.387929406419
8.67883091956	-0.469169406263
8.59244945196	-0.540455396541
8.46405234493	-0.621188574257
7.344241883	4.80095756525
7.2379248791	4.70278860822
7.1369920836	4.57176142768
7.02329172096	4.42613835977
6.96759936502	4.35220331113
6.87031573444	4.24939938255
6.75071835951	4.07293215699
6.70765541076	4.00554015238
6.67576170073	3.95920213408
6.59242045499	3.79344428108
6.50898616741	3.64367063639
6.46494902226	3.43600018692
6.42553176865	3.29931746354
6.39670804952	3.15984676931
6.38845449884	3.10406183804
6.37572481426	2.96575868893
6.36316404841	2.80462527522
6.38489588055	2.63410556373
6.39537114608	2.51368740522
6.40290897946	2.44107302403
6.40382166555	2.38805689275
6.42301655518	2.25315361731
6.48504796756	2.06837535244
6.53882684008	1.89892585948
6.59643509601	1.77291654465
6.65237549905	1.61708056473
6.68715927617	1.5264529299
6.75791632877	1.34800433518
6.80947019905	1.22085710145
6.87263157198	1.07182335786
6.9489297702	0.977091733467
7.01138419504	0.863397597558
7.1367830754	0.577483081895
7.24562532444	0.390963810372
7.31571101005	0.254819910495
7.35679411216	0.189420875553
7.44108155834	0.081379867879
7.4932883062	0.00525212930082
7.53739152699	-0.0540425676492
7.57168456426	-0.101087972496
7.65054456355	-0.222169371152
7.75278176634	-0.348025700168
7.78914236885	-0.398327640757
7.84753501257	-0.413882744428
7.89430544983	-0.491358940029
8.01071529321	-0.664015874577
8.81922973368	6.31006148121
8.85465412751	6.41706673982
8.86703840926	6.48381180142
8.87619903623	6.54928633987
8.88362693173	6.72048191054
8.87915466444	6.76931486786
8.87023237454	6.84099549842
8.83573500868	6.9280526424
8.81041916923	7.0148779428
8.73578954583	7.1086631053
8.71420821969	7.19650033316
8.61475816565	7.41640329757
8.42298103749	7.47827360179
8.39741401981	7.29957169792
8.29199479058	7.15132383424
8.15670823212	7.01339025404
8.08906161435	6.97755965891
7.96462683701	6.98657095562
7.8733113591	6.97792479557
7.75627417532	6.96693711463
7.6441413932	6.93316681452
7.54152922171	6.93909947239
7.42744415804	6.99738947966
7.32943974096	7.0390274161
7.23823645107	7.0772376074
7.13545864552	7.08954671549
7.06117565224	7.11216726541
6.96518735437	7.1387095564
6.83816458431	7.16601811351
6.72151576111	7.18144041635
6.5255138618	7.20657025922
6.41693941653	7.17737442633
6.3051929993	7.18005983012
6.10570937483	7.20033025506
4.60728753217	7.32365608283
4.65342253636	7.39245032771
4.77085657227	7.51502013095
4.83204342612	7.5830396362
4.9802323599	7.72920013047
5.11772706314	7.81781888866
5.21480520587	7.87094000621
5.29075675588	7.89687637261
5.39496118116	7.94128173762
5.4707138359	7.96175412278
5.5368464152	7.96372361289
5.63070014495	7.94656003581
5.69740249907	7.92561060665
5.78686192467	7.89116573116
5.89465256404	7.79570157072
5.96158469355	7.68240828633
6.0116283996	7.55848843767
6.0258390867	7.4391947424
6.0409002205	7.32349619582
6.03814730569	7.26734144928
6.10570810316	7.20032588525
7.91200640065	10.8414044241
7.77459431657	10.8358260494
7.5645159419	10.8562591142
7.45194777502	10.8600511473
7.33231259594	10.892227981
7.27693542556	10.8993860845
7.17079579485	10.9246231648
7.08499325897	10.9591858234
6.97675416184	11.0003386164
6.90131359713	11.0254617962
6.80163393343	11.093047356
6.72923003443	11.1528359938
6.67955179163	11.1997790261
6.61691172686	11.2612226641
6.56659801295	11.3273201498
6.53167722419	11.3783238041
6.47994858471	11.4254563129
6.42166321725	11.5274442178
6.37440161899	11.6221912806
6.3547786913	11.685774576
6.33508121531	11.7320891883
6.31090204817	11.7930150405
6.28454971525	11.8843990869
6.24533586422	11.9831219759
6.18178555078	12.1974950581
6.12615080379	12.3748497655
6.10460803611	12.4660789736
6.05539314357	12.6906276488
8.41198450384	-1.49176821377
8.40163296471	-1.4920856347
8.42358801257	-1.29647096943
8.47620346671	-1.16598624128
8.53244313394	-0.975233405647
8.53554216024	-0.840270950293
8.5068693168	-0.69570559547
8.46416247562	-0.621114468443
2.51822971659	7.30328166595
2.5284267303	7.21106779118
2.47378644629	7.0631569319
2.42140344874	6.93162978868
2.37061194144	6.84877418344
2.26016409117	6.70881455673
2.19505352318	6.60212274317
2.11537866351	6.51728616322
1.9979596022	6.42682181903
1.86067493112	6.31433559424
1.75853927833	6.23193510278
1.68425529127	6.18518896774
1.60168833944	6.13512704856
1.3861398106	6.02708705177
1.29895983697	5.98855253444
1.24152924615	5.88885962022
1.15527036447	5.818443549
1.01926612721	5.74888828988
0.82067188307	5.63841348848
0.755195317529	5.54391567259
0.611261565224	5.42637570187
7.97121962003	11.0730085526
7.98245632988	10.94452782
8.02138738577	10.8404506605
8.0430562698	10.6770289873
8.00601482145	10.6122025618
8.02189423636	10.4697965324
8.01817984316	10.2920949634
8.025147465	10.2009452678
8.03977085375	10.0977995202
8.05373016733	9.9915749885
8.05398740205	9.87429220164
8.05433261967	9.87009252654
8.06572653928	9.84230094629
8.08476729516	9.77466880683
8.13768146569	9.67837607419
8.24822472448	9.58313519122
8.28474560948	9.53094603307
8.33377956671	9.47444498431
8.44508789205	9.34794272701
8.54635043364	9.23187229298
8.6393338876	9.16509901328
8.84460459966	9.0381693988
9.37576363291	8.83612632121
9.6952097225	8.71981885593
9.8113509944	8.58880228714
9.85408233676	8.51085203279
9.8652013716	8.46168239345
9.86000145491	8.43244905965
9.86673878121	8.37140080704
9.82577332909	8.26249926959
9.6580990368	8.05938392587
9.58581181261	7.98949941956
9.50778700542	7.84990463857
9.47107749485	7.80283834456
9.46295822548	7.78520055766
4.55490856956	-3.97503451479
4.41348203898	-4.10871320167
4.27936059054	-4.16081052271
4.2056152953	-4.18620562448
4.14723197156	-4.19808779944
4.1019261069	-4.20826049515
3.98336356854	-4.21348635157
3.83064294229	-4.24114650027
3.72409737396	-4.21420237194
-0.657068983184	8.12713290683
-0.542261272245	8.10239060491
-0.419226624368	8.05613660599
-0.29808116047	7.99975503493
-0.197721897998	7.94240394148
-0.11259305756	7.88588225941
-0.0229344347494	7.82956707547
0.123988169335	7.77652912577
0.241130690079	7.74590556303
0.315996048689	7.73297559913
0.560380917787	7.69041118947
0.727039738783	7.66918416039
0.809671883231	7.66056880014
0.887940228805	7.65082083502
0.989920103937	7.64689024379
1.11574038862	7.63646082684
1.27746641222	7.61537624354
1.41193372821	7.58318662708
1.6825488643	7.56839424771
1.8592331535	7.52707365077
2.03102337509	7.49403862144
2.20872249889	7.44541717565
2.33550683011	7.40725463085
2.4384023611	7.3635315826
2.51824222208	7.30331432391
-1.44443724332	-5.9023245759
-1.34810327425	-5.91354914655
-1.22104416904	-5.926880566
-1.09508353278	-5.94119770265
-0.970084318519	-5.97607174768
-0.840285045076	-6.03038472943
-0.73282842608	-6.06136320707
-0.654287881928	-6.15698110842
-0.474004878957	-6.22986134855
-3.32239740957	-4.53243978299
-3.22965152173	-4.71288719285
-3.23418713071	-4.75338419562
-3.21719980108	-4.83513346736
-3.21362907122	-4.93602752191
-3.24547673325	-5.01979456943
-3.27689041861	-5.08951204969
-3.39807797718	-5.23498793117
-3.46137873466	-5.31179897169
-3.50002687476	-5.35277728222
-3.55955500637	-5.39670319274
-3.6287437336	-5.43572001232
-3.75446421614	-5.50611137358
-3.91328153707	-5.57138206805
-4.03561613808	-5.62461456633
-4.12805098526	-5.7142943194
-4.23834894202	-5.83448872952
-4.27613023214	-5.88967945088
-4.40527544218	-6.09090950995
-4.42211109474	-6.17151093164
-4.43396309713	-6.29143215213
-4.46567080141	-6.34959550721
-4.50578025705	-6.42291980393
-4.48434581486	-6.48222047206
-4.44671192069	-6.66728365389
-0.39116588936	-8.15951196675
-0.137476080682	-8.14314720817
0.0442697548049	-8.17704308128
0.111727976137	-8.17147736012
0.180573553886	-8.1632747683
0.290200162756	-8.14625134879
0.371769437314	-8.13172234759
0.406575961271	-8.12229249181
0.689867972353	-8.0644132183
0.816435883825	-8.03316196624
0.91662144343	-8.01135678764
1.00263895619	-7.98976662509
1.1355588745	-7.9485762261
1.36881091076	-7.87883162602
1.55146908099	-7.82750559289
1.66780448294	-7.7775155664
1.8084045397	-7.6909083183
1.83572885135	-7.67047047495
2.0183258552	-7.58835764885
2.24724486036	-7.49903629338
2.36361380003	-7.45120790098
2.46542110556	-7.40358493491
2.56558134986	-7.35986660451
2.71769357228	-7.31368448873
2.83404366863	-7.27398987302
2.91457591742	-7.24198625068
2.99624025483	-7.20550716672
3.18917232891	-7.11569183666
3.43512673871	-6.97443915269
3.49828367804	-6.94023231394
3.58656610134	-6.88961338603
3.77754620634	-6.76150640338
3.89134580354	-6.67797949732
4.04376730584	-6.54377972651
4.19178414277	-6.39396161264
4.31841902833	-6.29091093744
4.33668680853	-6.25444040361
4.48199715804	-6.09947128343
4.6236965922	-5.93536096625
4.70879209775	-5.80489294008
4.83287161622	-5.64322901434
5.0198954106	-5.42994035915
5.09889127328	-5.28659326657
5.20974189742	-5.15095629225
5.30125909846	-5.00979768468
-4.23077829719	-4.94650034254
-4.2079721041	-4.93021930063
-4.1919469688	-4.91956192647
-4.15848710649	-4.89625696026
-4.05394031813	-4.83000196911
-3.96912036881	-4.76396076908
-3.9481628075	-4.7512061347
-3.85016732464	-4.69070069417
-3.83683137479	-4.69140641982
-3.77678671094	-4.66550771516
-3.71130219342	-4.63743227666
-3.58374848737	-4.63030494161
-3.53055787996	-4.61499643504
-3.46845548697	-4.60569015864
-3.32246632136	-4.53182490166
-3.29217763049	4.92190157198
-3.13680598458	5.0036329869
-3.09217734918	5.06967780026
-3.02825186912	5.14563747155
-2.93517032884	5.21525742977
-2.87319669072	5.3033672548
-2.74653141627	5.39132664769
-2.50562274508	5.55486423698
-2.37993657954	5.62852273665
-2.27531925902	5.70827551311
-2.18069047803	5.76607173944
-2.10926228479	5.80684748839
-1.98827373288	5.85051259822
-1.92005147055	5.88684044531
-1.77168900397	5.98430693429
-1.67477597432	6.04825352924
-1.54647213495	6.08615948437
-1.42341273179	6.11084432517
-1.26900966472	6.09937904144
-1.16123298278	6.08798831079
-1.08434857729	6.07694555837
-1.03360014839	6.06853433739
-0.946721047431	6.04836685054
-0.933043151038	6.04504099943
-0.783635359813	6.04379944356
-0.625960415697	6.01482719463
-0.486207607563	5.99877114688
-0.377191030145	5.97831842062
-0.305275562768	5.95732641211
-0.247475209921	5.93854992434
-0.186949927683	5.92045038898
-0.103525532131	5.85878075063
0.0362147746296	5.80298474483
0.200252440989	5.72906454805
0.355146636645	5.65077511864
0.469862736636	5.58015786641
0.576262749685	5.5281293611
0.611487483404	5.42637644609
-0.536855422481	-10.801400562
-0.634466870367	-10.8068106167
-0.689666704789	-10.8253980364
-0.793858494266	-10.8521369332
-0.838299274395	-10.8641490005
-0.934958568031	-10.9027252276
-0.992464644621	-10.9328864896
-1.08208767808	-10.9548793458
-1.19959004867	-10.9864070271
-1.27281442097	-11.0046771079
-1.33903963197	-11.0173365861
-1.42756025662	-11.036759365
-1.47751437847	-11.0525330695
-1.4878435838	-11.0541907834
-7.74307233364	-7.7182926451
-7.76594054091	-7.72957428924
-7.83724338867	-7.76509175356
-7.88565564854	-7.81858381739
-7.93966861279	-7.84635115368
-8.05026981502	-7.86140898921
-8.18501761416	-7.9234632253
-8.26180278727	-7.9549435031
-8.34207546338	-7.99566390598
-8.37506810329	-8.03084776781
-8.43124609832	-8.07143119982
-8.55953033506	-8.10739634321
-4.11743786863	-8.61855740394
-4.1870843298	-8.53928893318
-4.30960760442	-8.37656077869
-4.39530904042	-8.31592482529
-4.50359607026	-8.18491253939
-4.62725743849	-8.1110425731
-4.65747879188	-7.97768218909
-4.68271478566	-7.88993898671
-4.63232554937	-7.69641892157
-7.58867802553	-9.66157072652
-7.58867802529	-9.66157072656
-7.58867802529	-9.66157072656
-12.1142775348	-4.81418695347
-12.12456949	-4.80991555303
-12.1324979244	-4.80693213762
-12.1607505219	-4.79709488909
-12.2165103794	-4.77913886287
-12.3357795185	-4.76201726886
-12.5753062882	-4.66025836364
-12.7545234683	-4.67127895517
-12.9396812727	-4.68929015603
-13.0921460128	-4.68874765274
-13.1827263437	-4.66116925576
4.49797363678	11.6221397793
4.53960136597	11.6793601254
4.56404776204	11.7413853746
4.60063685505	11.8235984235
4.67463905765	11.9071316101
4.68948312796	11.9704084415
4.70215366767	12.0615169916
4.70390019191	12.1991805268
4.69500911558	12.3051069086
4.67806809581	12.4048989904
4.66663264674	12.4637614012
4.64019763047	12.538561433
4.61419206485	12.5944908992
4.59673528246	12.6253099971
4.56630549308	12.6633707168
4.53547095835	12.7687333688
-2.52806913576	-3.09605806573
-2.64162963886	-3.27856169791
-2.74418962002	-3.39663724757
-2.75981000362	-3.43833771651
-2.76991309536	-3.46228655286
-2.83785415609	-3.56225107928
-2.88607293804	-3.63605714008
-2.92348715975	-3.73169213901
-2.96364966686	-3.79808339692
-3.02749120542	-3.90595297971
-3.06946116919	-3.97760057864
-3.09516368361	-4.02672075196
-3.12628681684	-4.0973690159
-3.20031048369	-4.19657021121
-3.23736690946	-4.29554306272
-3.26558424658	-4.36773230685
-3.32204959919	-4.53293299767
0.172298431498	-0.860192961243
0.184311479731	-0.8677690998
9.46295003011	7.78518725459
9.42768746692	7.55073008517
9.39712440562	7.43772238794
9.3918399377	7.37424587756
9.42333267711	7.23966590869
9.48277452048	7.17668036761
9.51817276104	7.14080495171
9.60012950833	7.11838688276
9.640574109	7.13586883384
9.78923098293	7.10229456003
9.92411649123	7.11425570541
10.0164650345	7.08938840142
10.2013806511	7.09994368249
10.3062455314	7.07319394117
10.3724857965	7.04522890003
10.4060717474	7.02242778466
10.4665072031	6.98376849133
10.4811582833	6.85030497357
10.5040884062	6.81290320613
10.5316706545	6.72498694274
10.6197506329	6.55780167071
10.6853753315	6.47896205749
8.0839494969	-4.03812537827
8.14021872856	-3.89354598144
8.19182098995	-3.81455697138
8.29997355532	-3.65554946308
8.4460069339	-3.44492545393
8.57609490357	-3.29088810073
8.64918610198	-3.18747194727
8.82511661059	-2.96991294489
8.97138908731	-2.81833848148
11.1153156516	1.34235447606
11.1779674143	1.61906258658
11.215642308	1.76488085057
11.2510049693	1.94131785014
11.2834483166	2.16686515699
11.295718267	2.26113554165
11.3102574432	2.3926967994
11.3111466913	2.41311193568
11.319444153	2.49170776484
11.3270910296	2.59164095115
11.3411016827	2.6923420441
11.3584587218	2.91890936341
11.3928888539	3.06213739114
11.4133385115	3.112507078
11.4458875695	3.20989980883
11.4518102965	3.25494404821
11.4542556222	3.30834843529
11.4381150317	3.51073418714
11.4648856593	3.71724241994
11.5045106384	3.87848441951
11.5317657745	3.98561532076
11.5799966908	4.16399660739
11.6105360026	4.30431721414
11.6608849408	4.48358433437
11.6320405449	4.68931427693
11.6585903417	4.85266493676
11.7016904717	5.11929513879
11.7517268652	5.41197563379
11.7852730177	5.61147211178
11.7889628369	5.96858844936
11.7639534289	6.18073452544
11.7562727075	6.41569753556
11.750538136	6.58369770328
11.7235018544	6.76929846903
11.6954426378	6.87998995256
11.6566680916	6.99273881172
11.6087809624	7.13575808022
11.5054039952	7.36612152078
11.4016637616	7.50132171855
11.3014009404	7.65680020288
11.1500824472	7.76294331877
11.0795265552	7.778804066
11.0364362698	7.76216513184
11.0224147256	7.7307279256
11.0000196263	7.53808873158
10.9822467679	7.43631629005
10.9628034286	7.35473641653
10.9445073148	7.24516232678
10.9102585922	7.08226694608
10.8732679149	6.87656837842
10.7962191885	6.64240082241
10.7526923773	6.56244953091
10.6854218819	6.47900837265
5.18786058115	-1.00426964972
5.06291744456	-1.10766300552
5.0327576612	-1.26140693842
5.02389593033	-1.36096574633
5.00869089706	-1.47003465332
4.99874479774	-1.6486137534
4.96549142208	-1.72511812875
4.94430150617	-1.81241837796
4.95266496766	-1.90634161449
4.96599091408	-2.05690587398
4.98314269824	-2.18826160907
5.000091936	-2.31199732049
5.05241725568	-2.47622488782
5.06631676534	-2.60092189672
5.08934950683	-2.77501810612
5.12754296457	-2.92232728459
5.16053507047	-3.05636384694
5.18921827682	-3.14714155211
5.24530369048	-3.34479198293
5.28094202927	-3.49748316303
5.35672466353	-3.59771286658
5.36578572814	-3.67778478922
5.36549782661	-3.83913066151
5.40138776909	-3.90556620472
5.40356853919	-4.02867270208
5.4031576798	-4.1577143196
5.39807564387	-4.34922549864
5.40819779916	-4.51770354771
5.38362626105	-4.70623948046
5.37724011574	-4.80581754001
5.30104489192	-5.00978960294
-3.3762031151	-6.82911071424
-3.2081611473	-6.73698676436
-3.15836056261	-6.71763183681
-3.06178769399	-6.68206545475
-2.93423827889	-6.62451132308
-2.8167052615	-6.58696133464
-2.73878693039	-6.53667944399
-2.69475187201	-6.51284944372
-2.58063575348	-6.46515721602
-2.44312605777	-6.43720412007
-2.33047167355	-6.37757720463
-2.16567881619	-6.26974468258
-2.01556180622	-6.21165975945
-1.90885960534	-6.14719563333
-1.81572681115	-6.09828197787
-1.74022721451	-6.05398552438
-1.685951166	-6.00448288696
-1.63587218508	-5.96892353703
-1.59774610754	-5.928159527
-1.44443950992	-5.90232748045
5.30125563165	-5.00977835825
5.48227471337	-4.8867714756
5.63267390815	-4.8221658511
5.77208662636	-4.78476643109
6.0584980157	-4.65731500551
6.19450260133	-4.6028827429
6.39209907343	-4.50980653357
6.47155355874	-4.47094018575
6.57109465456	-4.41197566943
6.71650802874	-4.34243018143
6.86142231012	-4.24814143335
6.97278525429	-4.20839920633
7.06177349771	-4.18099937346
7.17283369581	-4.13275691027
7.23173037739	-4.11281606388
7.37471659728	-4.09661628123
7.4884364887	-4.08632304374
7.56408233375	-4.05932835179
7.66031161762	-4.02640573036
7.81832223866	-3.9705876969
7.89761851679	-3.94796880167
7.93347209582	-3.9429783056
8.01332379512	-3.95517599021
8.08384900551	-4.03770942407
3.72410125991	-4.21418406493
3.67373566209	-4.09212903725
3.6428401309	-3.95659863965
3.71257218002	-3.8870806377
3.72801011146	-3.69027570625
3.73962404673	-3.58445462847
3.76446776356	-3.47796017257
3.7434582744	-3.35247120793
3.72513729084	-3.21920237241
3.71802044856	-3.18318632851
3.67829923447	-2.98958244577
3.62890248176	-2.8886579394
3.62139477882	-2.8759924678
3.58853789053	-2.79210415618
3.5500208788	-2.58815466134
3.55169375076	-2.35327447197
3.53122713774	-2.04776976602
3.53993864165	-1.94231098998
3.56143931737	-1.72378880701
3.57371389735	-1.53224239948
3.58840455631	-1.42602867491
3.61733972274	-1.36829667996
3.6473555899	-1.25289710396
3.69390523856	-1.06936617674
3.72927390427	-0.940415855821
3.75492647809	-0.847257002957
3.78157642813	-0.777496209201
3.80391406457	-0.627129468187
3.82999782726	-0.532924047716
3.86484564224	-0.355992806949
3.88646680332	-0.145559846103
3.89498515403	0.016703529738
3.89364542477	0.136052648531
3.89478336788	0.25898800257
3.89822966975	0.425960832207
3.89640384109	0.571097652904
3.89512714574	0.677776811994
3.89227299647	0.76479546917
3.8926716039	0.892128485791
3.87140889444	1.07218605414
3.85569753936	1.21999592893
3.86578220958	1.29597304433
3.84760545107	1.36936926496
3.82006216631	1.46235775661
3.68000458586	1.69065378337
3.49735377618	1.91146200121
3.34383353919	1.9986876437
3.2113002168	2.06303907573
3.1418245264	2.05510116922
3.01368002073	2.04527971898
2.91411733237	2.07769680229
2.79571767539	2.05995423341
2.65971058215	2.09077292321
2.58201672381	2.09294390438
2.45441403813	2.03241388764
0.184311479735	-0.867769099796
0.0355302153119	-0.756125264848
-0.0509647164373	-0.691272119543
-0.154202122908	-0.597414057801
-0.319368730441	-0.467930170145
-0.447381148358	-0.349934615698
-0.577570236117	-0.233326673125
-0.65857183708	-0.123525889442
-0.758084648738	0.0100147482947
-0.931389840042	0.257808479445
-0.984964394039	0.369527495581
-1.02877689357	0.461110813934
-1.03725627935	0.532204081185
-1.07677136085	0.630549382127
-1.09589384633	0.721995151614
-1.11100634315	0.841841182605
-1.13938295917	1.11858468407
-1.13368788297	1.25812888458
-1.12892437178	1.35949277536
-1.10988355987	1.48229993723
-1.07934466401	1.63661618403
-1.05484194411	1.73430811258
-0.999466084511	1.84559458652
-0.978038169559	1.92729568102
-0.949272755141	2.03105243859
-0.923424926698	2.07923353729
-0.89885232664	2.14849891978
-0.854725851321	2.27322083905
-0.803637775388	2.35028977825
-0.78160146146	2.42344228692
-0.734526214241	2.51537367061
-0.692640754238	2.59986593169
-0.651527438207	2.68689355121
-0.576496034977	2.82323083348
-0.504917990256	2.93124617795
-0.451780575288	3.0106279113
-0.378154187543	3.10255118799
-0.253632347722	3.30780210492
-0.116580165771	3.55695285161
-0.0352620774922	3.69698084912
0.0273595358299	3.80791538592
0.0462465369357	3.85429270795
0.135761330356	4.01984832533
0.208669565011	4.11020099033
0.239360811047	4.17866111052
0.294072285955	4.30087293072
0.35067164574	4.42493049067
0.377018309027	4.51109915222
0.403212125874	4.6243043377
0.423872682239	4.74670097113
0.460957875644	4.93892693788
0.473033056747	4.97485912465
0.500468359391	5.06166827547
0.558743026643	5.22588458859
0.576799151317	5.30127415872
0.611376343927	5.42637551821
2.45441403813	2.03241388764
2.45211891732	2.16154500622
2.41063012013	2.24483917974
2.33661341022	2.40073823728
2.2827082135	2.49496108409
2.21715062442	2.59963460459
2.23740573633	2.66320866703
2.22034499307	2.75274340218
2.18823862899	2.87347754967
2.16756938699	2.98357812851
2.14761072283	3.0739887843
2.12811006311	3.16404231947
2.08179861672	3.37295607649
2.04897578543	3.45975986097
2.01700695111	3.60220275452
2.03865041801	3.74275538237
2.0680293315	3.88713584922
2.06356310551	3.90473385658
2.10738024382	4.03128550914
2.19038460713	4.22220702668
2.21832454826	4.27870023073
2.31340685039	4.40474082501
2.39514049235	4.5303112665
2.46024654013	4.59704249578
2.51786660294	4.64844313433
2.62201906551	4.7430542251
2.77405430583	4.77641756205
2.91292503459	4.79921383816
2.98435609974	4.80542866541
3.10407544163	4.79475986477
3.17493073118	4.82822078503
3.3001171663	4.78917710496
3.48493911746	4.7034516324
3.55576733193	4.66739254003
3.65224845879	4.60497070227
3.73811428213	4.54267458502
3.85025695245	4.46410578781
3.9356635918	4.39102216455
4.07270887162	4.25977523715
4.19286828275	4.19400017309
4.31068040718	4.07473587342
4.35941525625	4.00252301305
4.45164227217	3.88814127046
4.51743567972	3.78804727625
4.55764004166	3.64750186661
4.62154011139	3.51884313409
4.6801236015	3.36798029878
4.70538864966	3.279475738
4.71657865844	3.1880226099
4.72961013693	3.08280386283
4.73471999552	2.94067033264
4.73095112125	2.83712058077
4.72262999799	2.60704432287
4.70852580054	2.50620155748
4.7141706277	2.46707896679
4.70308398793	2.38412539386
4.69099545438	2.3032969358
4.67417384312	2.20141887175
4.65963575175	2.07836792918
4.64935651677	1.85558637353
4.64923118021	1.76256525887
4.65569438241	1.64091687611
4.65908991229	1.50469510409
4.69829755794	1.26436989528
4.74278665915	1.08627755244
4.78362742495	0.915510851875
4.81746133216	0.773748739382
4.79586842574	0.613230614922
4.81226162091	0.475142320702
4.82628442791	0.362246379854
4.83885774462	0.257116672266
4.87267939604	0.0820244776936
4.90747086744	-0.0938158876472
4.92675385506	-0.195547644559
5.00066205968	-0.42302967271
5.02639787309	-0.553701774225
5.04363577464	-0.6210405394
5.11235698781	-0.813484800329
5.18785498018	-1.00424122686
-9.60412426868	-1.11226033578
-9.35952425398	-1.17194540908
-9.21483276494	-1.15388411582
-9.12442116764	-1.19634882877
-9.04270672728	-1.20578898394
-8.96000556851	-1.19273879789
-8.91676139792	-1.1828635903
-8.81997007706	-1.13486507955
-8.66115299763	-1.10690091682
-8.5564395292	-1.07509932601
-8.41155358565	-1.02605841719
-8.25406926981	-0.959735990429
-8.21996848504	-0.944860090772
-8.0631609934	-0.885319034899
-7.91677826217	-0.83040375358
-7.83125052179	-0.799063658946
-7.66118357492	-0.843699722599
-7.61693799756	-0.834142243187
-7.58950672029	-0.828904392454
-7.50686959857	-0.813865294122
-7.40012087165	-0.809123365045
-7.2533416677	-0.814321356294
-7.08966303288	-0.866802773054
-7.02889861357	-0.896138804234
-6.99061428671	-0.916475316314
-6.92668726784	-0.989822131779
-6.8381486535	-1.20938398545
-6.79851582371	-1.42781980957
-6.79923421525	-1.5344116041
-6.80841774868	-1.62378994842
-6.85790425603	-1.76623745565
-6.90130406161	-1.8774765771
-6.9488128274	-2.06088159351
-7.03960976858	-2.20200738457
-7.09395191273	-2.28437467998
-7.17762288259	-2.39858379926
-7.24019974563	-2.48737925
-7.34892313842	-2.63146600735
-7.44498145275	-2.78601120808
-7.55095192568	-2.89805025185
-7.63686118469	-2.9847976289
-7.70739032054	-3.07060606079
-7.7516429672	-3.11676336344
-7.85313637889	-3.214663212
-7.91971400742	-3.26173547717
-7.98323558705	-3.34202082108
-8.20639183444	-3.60963517846
-8.29822716627	-3.65814630741
-8.32969040458	-3.79525803733
-8.55951051921	-8.10735352828
-8.49426296936	-8.17986720956
-8.47338963479	-8.24636740048
-8.38407643255	-8.33813734225
-8.30632537691	-8.41585335844
-8.09496282724	-8.53898640874
-8.06071580568	-8.56395277653
-7.97791698727	-8.61872834353
-7.77582406158	-8.76526545235
-7.68968311738	-8.82079695177
-7.63172612543	-8.85728148371
-7.54589269084	-8.89099104703
-7.41694300298	-8.94425741711
-7.25453348338	-9.05648799303
-7.15104578806	-9.13819390955
-7.01668993349	-9.25180153044
-6.95082510565	-9.30901599728
-6.80347226661	-9.44512176564
-6.68250504118	-9.55867463789
-6.51671702112	-9.72148662842
-6.50060461691	-9.7351629137
-6.31366086825	-9.8984905764
-6.19022531193	-10.014845917
-6.10873921646	-10.0904083341
-6.06386227206	-10.1331423071
-5.99135601077	-10.2057101192
-5.92916186119	-10.2726569275
-5.85532699337	-10.3521026251
-5.77622585891	-10.4339389244
-5.62430637806	-10.561030492
-5.57401314045	-10.6156696836
-5.51444940197	-10.662211975
-5.43230590128	-10.7518336699
-5.37222132717	-10.8239124063
-5.31174481089	-10.8975602159
-5.12331203949	-11.1393292292
-5.05230042059	-11.226748883
-4.93835860937	-11.3517823579
-4.89781420799	-11.4291857736
-4.85512990031	-11.4993016536
-4.77586294454	-11.7055343401
-4.74484603807	-11.8231024296
-8.32969040454	-3.79525803729
-8.29218694686	-3.92567654064
-8.23269686141	-4.011564181
-8.18973081678	-4.15163473896
-8.15713728599	-4.2920764829
-8.1145058464	-4.44920954088
-6.11630454276	-11.6630022579
-5.97067230914	-11.7471295081
-5.84690195831	-11.7941345465
-5.68833932596	-11.8395696634
-5.5963290997	-11.8572191313
-5.47900335618	-11.8936048537
-5.3796463416	-11.9024673122
-5.26548163396	-11.9047855576
-5.19646317692	-11.9000285397
-5.10964494895	-11.8988422465
-4.99616020803	-11.8841537285
-4.86376633543	-11.8922263773
-4.74435250343	-11.8213281012
-3.8079104723	-10.3728293528
-3.78505587537	-10.3892214444
1.60468236977	-1.89005122193
1.81337387389	-1.76064530877
1.93351544983	-1.65028197576
2.04382733265	-1.53029254521
2.08328093749	-1.49578309591
2.14682082233	-1.39424160022
2.17928178642	-1.29094792623
2.24437448251	-1.16310868208
2.29359634576	-1.07062461915
2.33886751619	-0.955123037041
2.37526451186	-0.878959867036
2.3873800883	-0.805475731405
2.43875354616	-0.607481572955
2.40551218578	-0.460815152013
2.40594681786	-0.421394095881
2.42280039344	-0.363912407752
2.43437769244	-0.274011402275
2.4589594054	-0.179540985779
2.44108952229	0.0516437498197
2.43484676594	0.189786670932
2.4335967683	0.418460615551
2.41258082575	0.605637607038
2.40984257996	0.751720588023
2.41785051097	0.823291738287
2.42995198221	0.879833848025
2.44108489599	0.971429199011
2.43958600589	1.08119664139
2.43745789241	1.14706993812
2.42842230194	1.21375236125
2.45005802787	1.47091332162
2.45441933537	1.66020897447
2.45561492983	1.7201844678
2.44576790628	1.83319069299
2.44273067873	1.93896333178
2.45441403813	2.03241388764
-11.8465582703	-1.73215659175
-11.9019834353	-1.72491631099
-11.9815457999	-1.80910332451
-12.068665222	-1.86563911686
-12.1434474928	-1.93249805745
-12.2560890108	-2.02563465242
-12.3634089927	-2.07100727283
-12.4797538116	-2.13429842846
-12.714734101	-2.052659058
-3.78505587537	-10.3892214444
-3.70378597791	-10.4356468089
-3.66142598243	-10.4564054369
-3.59837922592	-10.5284532314
-3.54687079462	-10.5500363883
-3.47528662906	-10.5810367325
-3.30252835395	-10.6805671784
-3.1979162353	-10.7017370346
-3.09512675613	-10.742477867
-2.9525882537	-10.7671004021
-2.88568354982	-10.7771487895
-2.80330384326	-10.7844797399
-2.68631215365	-10.7827642253
-2.61265375568	-10.7541164623
-2.45927694276	-10.7214182314
-2.34612689413	-10.6853241743
-2.25136986818	-10.6202675663
-2.15396903084	-10.5838726883
-2.01814542212	-10.5223072006
-1.80822593756	-10.4153604754
-1.47997924891	-10.2535441219
-1.25494506733	-10.1721606118
-1.01395977606	-10.1171112499
-0.604061482416	-10.0378984147
-0.399626334618	-10.0020981868
-0.211150666957	-9.96283575284
-0.00548422473586	-9.91157360329
0.194053105705	-9.84375940627
0.341094133099	-9.78774096234
0.475745521111	-9.73373002191
0.503222667946	-9.69696261013
0.669061245864	-9.61834861736
0.901631382212	-9.49266483736
1.10990822756	-9.38055787695
1.26127940762	-9.31662718631
1.42464354043	-9.22502982123
1.76655013126	-8.98386789642
2.10431128808	-8.78088044877
2.376171897	-8.59065805519
2.69362915996	-8.28109417531
3.02998253505	-7.80909521297
2.99594378315	-6.32014735945
3.08729671233	-6.0923348594
3.15693655411	-5.93528184004
3.25354971704	-5.74337130353
3.27826000935	-5.67465050968
3.32235072614	-5.56927364231
3.36286870892	-5.47993132811
3.39627640937	-5.39698535089
3.45494595914	-5.22738672096
3.53686957675	-5.03887174444
3.56771648489	-4.91446422215
3.58794547782	-4.82061990363
3.61591972893	-4.71652886814
3.65275130916	-4.54604124066
3.67460318866	-4.44033545647
3.7240997018	-4.21423695039
-4.62883718567	-7.69623908006
-4.48820449836	-7.59886389758
-4.36532958649	-7.53705836178
-4.1948113343	-7.47518604822
-4.05850161144	-7.3769700084
-3.99670674747	-7.34593175317
-3.77214662085	-7.25351596264
-3.65461789953	-7.20153806922
-3.58703594659	-7.09906444784
-3.54252303553	-7.0423596481
-3.49424097828	-6.97368310284
-3.3762031151	-6.82911071424
-4.74475349516	-11.8243352984
-4.57119939898	-11.9354404677
-4.50320444348	-11.9515894776
-4.4035907926	-11.9742115808
-4.30687311479	-11.9999267139
-4.16697604052	-12.0282689876
-4.01511931042	-12.0615850079
-3.82744303733	-12.1427184964
-3.63864880649	-12.1633240875
-3.42898623535	-12.185562245
-3.17027850525	-12.2080693118
-2.86919361006	-12.2193920114
-2.74036124612	-12.2271584655
-2.57114831413	-12.2249060435
-2.35432315025	-12.2144193953
-2.07186027551	-12.1978151214
-1.77327256074	-12.1971332319
-1.57357619475	-12.1975938888
-1.42240691091	-12.2201336124
-1.31254514715	-12.214211174
-1.12922975479	-12.1818170007
-0.969741664703	-12.1558032974
-0.795634894261	-12.1147585736
-0.527683682497	-12.0462215652
-4.36873746623	0.608522757839
-4.26667352405	0.729846108516
-4.19714953056	0.813578318164
-4.08602341797	0.936568958439
-3.97899583383	1.00633888254
-3.84247860172	1.08563916597
-3.81912524956	1.14675107366
-3.68613715156	1.22788732203
-3.60428221747	1.2766408533
-3.48247459201	1.36694140142
-3.39211330006	1.44693726799
-3.29574220501	1.52411322933
-3.05831964154	1.8130202844
-2.97270377617	1.8788775833
-2.92912626474	1.95193846798
-2.83602174627	2.18369934685
-2.77305929074	2.40605911328
-2.76385139266	2.45307712445
-2.75264495382	2.53823657331
-2.73808607976	2.66250131127
-2.7349172075	2.76261353824
-2.72154315273	2.90311643382
-2.71784753418	3.04017325341
-2.738642023	3.19217895525
-2.79692466864	3.46244240604
-2.84785863826	3.52334183235
-2.86365011826	3.5846880476
-2.86472487214	3.68124335532
-2.8762015013	3.74048237133
-2.86894638523	3.86386964036
-2.9155310893	3.9810088167
-2.95200121008	4.07354798897
-2.96966693471	4.11976385958
-2.99198881118	4.17101945134
-3.07910640127	4.3807761451
-3.11683028809	4.45663935759
-3.13938903973	4.52837564858
-3.17183441588	4.71908193944
-3.26129469949	4.79281281137
-3.2865715427	4.83397806665
-3.29215543155	4.92191980714
-8.00744320605	1.94226576484
-7.94208695724	2.02093223524
-7.75580091547	2.17454640561
-7.66527361253	2.27098635397
-7.59535538347	2.32096051292
-7.4674107393	2.40719850754
-7.37834238754	2.47169023184
-7.25631604118	2.54551552991
-7.07996549897	2.66422507414
-6.91980425327	2.78091111821
-6.78439051207	2.83199221198
-6.62199168163	2.94071604166
-6.46251575467	3.05592971491
-6.37774761845	3.1119898266
-6.29885808462	3.17848932121
-6.14161053012	3.28214344534
-5.98943769231	3.38297648544
-5.73373418257	3.56437396472
-5.62042599637	3.63816997195
-5.45453929831	3.74510033396
-5.29634583649	3.8430929511
-5.18161424067	3.94964842601
-5.04817719502	4.03759687455
-4.85697206245	4.15251461808
-4.75260786269	4.21530194318
-4.63266231413	4.26133735514
-4.51039808458	4.32314866304
-4.40190817753	4.41247080239
-4.27933314217	4.45320844248
-4.07779246133	4.56962046133
-3.92882163239	4.62039549735
-3.76299706474	4.71339876934
-3.67862077144	4.74963842971
-3.61873312423	4.77010837029
-3.51189008487	4.82489092353
-3.39675659023	4.87066113398
-3.29218616759	4.92189332344
-13.3970885992	-4.10861926388
-13.4649061201	-3.8633919094
-13.480966019	-3.74580305021
-13.444793046	-3.69268211164
-13.4695716208	-3.5163416915
-13.4544713627	-3.39274446984
-13.415273818	-3.28320665088
-13.3550617426	-3.1370632605
-13.313392867	-3.05128745255
-13.3840862537	-2.86553070995
-13.2934464771	-2.73995642237
-13.2641476808	-2.67387348051
-13.1911598093	-2.5739517874
-13.1354607803	-2.51402311335
-13.1009047225	-2.48121095277
-12.9725194521	-2.43626023253
-12.903322499	-2.39690621086
-12.7297914137	-2.27672370398
-12.6780648834	-2.21451146349
-12.714734101	-2.052659058
-9.54431087878	0.994572670174
-9.4599558636	1.05565124161
-9.32738544653	1.13114287289
-9.23215276436	1.17259424119
-9.13987578047	1.26088354521
-8.99417257828	1.3596783061
-8.84931441596	1.43950302073
-8.7503894306	1.50109166063
-8.67662631788	1.55318912617
-8.61084311655	1.59488394287
-8.53946099904	1.63175202561
-8.46535638834	1.68848900216
-8.32081490031	1.7754942747
-8.25489959476	1.80240760364
-8.11310085656	1.88448799317
-8.00744320605	1.94226576484
-0.52766682007	-12.0462116046
-0.457225849874	-11.9467921117
-0.368832594234	-11.8545560315
-0.296041241128	-11.7880112662
-0.198455847007	-11.7036396552
-0.0769270539291	-11.5888039262
0.200487400715	-11.3501562236
0.342421813914	-11.2630480339
0.456392770836	-11.1768580701
0.532461504496	-11.1188992649
0.633632975576	-11.0435747825
0.880677516179	-10.8513257351
0.970936283249	-10.7749373406
1.15588763005	-10.6209385572
1.3104321199	-10.5360930018
1.43578946026	-10.4391793111
1.54260138713	-10.3531042521
1.7299853812	-10.1694813934
1.79798808688	-10.0969858879
1.85956042027	-10.0360098286
2.06319254403	-9.80895094197
2.16791634815	-9.6999320938
2.2730821395	-9.58645041923
2.31943408397	-4.2265147895
2.3302442188	-4.10567685487
2.3400072688	-3.9899942079
2.31962311294	-3.84290367363
2.31358134412	-3.64751374203
2.3081225771	-3.42937920504
2.28021439268	-3.207470062
2.25214209765	-3.04881078215
2.22914356943	-2.95522331017
2.20982168411	-2.8828216887
2.19005885271	-2.79967726787
2.13983959965	-2.66428626776
2.10082224181	-2.53162465294
2.01718151416	-2.42344739416
1.94709460494	-2.31036561891
1.89613757307	-2.24973285648
1.85688702228	-2.18168209582
1.79750797575	-2.08702044105
1.73407917191	-2.02072930275
1.60461742882	-1.8900995673
-12.714734101	-2.052659058
-12.8016569184	-1.95231674461
-12.8765023044	-1.90546619226
-12.9689499746	-1.87826432081
-13.0011082634	-1.82510565034
-12.9914362932	-1.71049662162
-12.939456273	-1.43798428804
-12.9289537698	-1.41403912325
-12.855982392	-1.25257309044
-12.8304838338	-1.19570533715
-12.8214161146	-1.14977563493
-12.7962105561	-1.09810211768
-12.6671189148	-0.899803414855
-12.526818034	-0.680238666738
-12.4705988431	-0.592338046202
-12.3641986636	-0.52656043763
-12.2935237572	-0.405209985611
-12.2174147007	-0.330675039052
-12.1246410433	-0.197768353133
-11.9662843932	-0.00111434529189
-11.838177983	0.154609737132
-11.786101308	0.211476855675
-11.6922332444	0.31972433861
-11.6550115106	0.423268703516
-11.4907019719	0.652642473853
-11.3181673838	0.870402762573
-11.1792789979	1.04538188936
-11.0646385385	1.19422850504
-10.9658087218	1.31648464504
-10.8134243504	1.46768269974
-10.663730587	1.61877899869
-10.6008568216	1.67145156639
-10.4742764857	1.79588236443
-10.3437731566	1.91032420015
-10.2816914937	1.96490504092
-10.1640429466	2.06295633882
-10.0698735779	2.14232303105
-9.92215793318	2.26715240661
-9.71187720149	2.42797312959
-9.57396731058	2.52674521795
-9.26973347621	2.72278130408
-9.17314349337	2.7868442857
-9.02879737186	2.88406098278
-8.95160721369	2.93757665232
-8.751491289	3.07194510357
-8.5780430842	3.18409196396
-8.39834083814	3.29188744548
-8.05169373925	3.44859821741
-7.87727330623	3.56302959543
-7.73317115443	3.6330580032
-7.70310633026	3.64941292792
-7.44749515412	3.75425234524
-7.21715413799	3.82680887839
-7.13920114256	3.8687503107
-7.05726619582	3.91489686394
-6.87601522622	4.03472303219
-6.79076073434	4.09448775687
-6.65960716802	4.19150816774
-6.59301157389	4.24586945185
-6.40978738321	4.36287265832
-6.10784455959	4.60963011338
-6.03859574796	4.65762850739
-5.83707993743	4.81713328223
-5.65080550856	4.98881352399
-5.48087727834	5.11760800948
-5.29566469766	5.29443631283
-5.18599535271	5.37541052119
-5.07871733885	5.45672408617
-4.90194808911	5.60061526577
-4.70434178218	5.74166668579
-4.46093716137	5.91805813291
-4.29269253514	6.04165680814
-4.16378394791	6.13807514674
-3.91415974715	6.28750229528
-3.77925757613	6.3668874283
-3.73961026539	6.3904521399
-3.67642268991	6.42673341844
-3.59499749115	6.47668782618
-3.52374279243	6.51845813041
-3.34095098457	6.62745360065
-3.09253450516	6.77184910925
-3.01663983028	6.81770242486
-2.82850345079	6.92688896416
-2.70740255725	6.99691923917
-2.46434978603	7.11729709508
-2.29018867551	7.21623869678
-2.20284077614	7.25339966989
-1.95272746258	7.42794886667
-1.703396028	7.61719333314
-1.60134267474	7.67707274669
-1.4516028145	7.76945245006
-1.16638449243	7.88646710466
-0.95667049918	7.97586131091
-0.834651717714	8.03004511817
-0.772353344655	8.07413740945
-0.657112865374	8.12711741298
9.36395851189	5.17719952556
9.20689755336	5.22455573528
9.09914349527	5.21992503702
8.97651807732	5.22046407249
8.83600729037	5.20184156778
8.7327482664	5.16132617913
8.65369453662	5.14453133904
8.58610758315	5.14122972433
8.48089858313	5.12426203253
8.41542483747	5.11654763048
8.31658903263	5.09856385303
8.24558224894	5.08498231044
8.13693365602	5.06547615245
7.95587049359	5.02694242817
7.72290437239	4.92855872686
7.59992037553	4.87425092111
7.34425611688	4.80097028118
9.36393170779	5.17724087293
9.53496435077	5.27768360384
9.71499298231	5.38006870018
9.79000043208	5.44825657141
9.85850230836	5.54849034577
9.99836282971	5.67059736318
10.0583236582	5.70904578896
10.1343350669	5.70882287051
10.233083406	5.77918015603
10.2730285617	5.81661287422
10.3251439187	5.85858105216
10.3617372833	5.89757551135
10.410055664	5.94951759666
10.4966481427	6.10975882106
10.536828618	6.16519923661
10.6152929403	6.31971642234
10.6854180951	6.4790047884
7.34426047253	4.80093883676
7.25617432058	4.86063609234
7.19973438088	4.9434908481
7.114150145	4.98677351656
6.87603908828	5.12181853827
6.81788310637	5.15924715295
6.64494204049	5.28694953326
6.27792987049	5.4354574542
6.11324266839	5.51220994685
5.99790452158	5.56085522071
5.8148680217	5.65028550027
5.56979197194	5.75918109561
5.47433387892	5.80802173344
5.42276336414	5.83844420635
5.36118898851	5.86908777855
5.34643807977	5.88017131363
5.28750787448	5.92182914642
5.24363969998	5.96769015311
5.18841473685	6.02356465089
5.07402995863	6.09445610863
5.01495170053	6.15418823488
4.92387185782	6.24943841697
4.90522395321	6.34771472097
4.89155661874	6.43939274398
4.89418375465	6.50494573073
4.97747067075	6.58974821824
5.05053897892	6.64923241932
5.24787025538	6.76387848517
5.35047437692	6.80236815758
5.49138436575	6.82863559118
5.57754045653	6.85920480553
5.64939225445	6.92433049945
5.84981641569	6.98845761415
5.95774833309	7.05771408509
6.02854610564	7.12485966074
6.10570776821	7.20035693449
8.42299554529	7.47830985865
8.61475816565	7.41640329757
8.42298554165	7.47824061212
8.25861504159	7.62331876842
8.19281302964	7.67156821521
7.98948888297	7.83965627738
7.91615303942	7.91367945459
7.78056631443	7.99181163309
7.66059058266	8.05655171424
7.57062002897	8.08515038693
7.48652027768	8.11504294781
7.33154197182	8.18508540173
7.13294843854	8.23184414799
6.92495421802	8.28101553314
6.67930313394	8.34203785977
6.54900948746	8.37355022774
6.44030308022	8.40731177175
6.37395556438	8.40864252856
6.2640588096	8.41514881857
6.16388007922	8.39104086282
5.98724482357	8.41437163563
5.65700388983	8.42529767561
5.30911339676	8.36524360189
5.12304258328	8.31261420249
5.01531061595	8.27778932426
4.94038215805	8.26779542619
4.81545709273	8.23366441574
4.6304459648	8.18436585426
4.40134815856	8.07136374309
4.26203650911	7.99508924729
4.13628887812	7.94817241659
4.01933910983	7.88015309329
3.93168992716	7.82838996787
3.80433478263	7.79573589929
3.71894459613	7.74575648824
3.58911136371	7.67338939781
3.4444078461	7.60441985719
3.26107082837	7.52888352813
3.00410854881	7.42591444126
2.84766128756	7.37195756062
2.75869729319	7.3483241173
2.64748428134	7.36489655218
2.51825441831	7.30328652552
8.61475816571	7.41640329689
8.66121532262	7.68992930665
8.68541529939	7.79362393122
8.69920187662	7.83636320569
8.72954312391	7.96703699092
8.73347860877	8.12529747529
8.81846999205	8.31669878145
8.87020557579	8.50047038232
8.88941958381	8.62516319394
8.95062882592	8.81050029711
9.09637322856	9.10199856461
9.14764945886	9.2458153974
9.16335396399	9.31050385908
9.17520027924	9.42729576797
9.16459254431	9.52376025563
9.1656954468	9.70379326884
9.15903431967	9.98843100771
9.18850418973	10.2124695893
9.15294247074	10.4283169555
9.09756278613	10.6054510442
9.05466413611	10.7907820268
9.03210195631	10.8890433071
8.97653625731	11.0611046936
8.90646657096	11.2572887025
8.8761499533	11.3434326079
8.80825286399	11.5663246366
8.71400694172	11.6610243745
8.62511109732	11.8369165806
8.53895182413	11.9644512882
8.46768334224	12.0679508913
8.41509776229	12.126393056
8.36921187827	12.1849763448
8.29871289041	12.2697354972
8.21128331848	12.3606491338
8.12805850231	12.4481045823
4.30223814205	10.8058758466
4.05167163326	10.7869947182
3.97146883679	10.7733853507
3.73836243331	10.7112349003
3.58800955669	10.6642304101
3.42515163862	10.5865024899
3.33340366915	10.547677086
3.28880155772	10.5278337488
3.19243025482	10.484858517
3.11896850296	10.4505480526
3.00565493798	10.3971650786
2.87236297029	10.3325570668
2.77984124032	10.2866435734
2.6595011618	10.2322675958
2.53776540129	10.1580907439
2.40060422221	10.085828031
2.14329637344	9.96851670245
1.84579326883	9.80441802884
1.6222030129	9.68060557332
1.36656413053	9.54359521538
1.24971861146	9.47784190039
1.05684325391	9.36984849949
0.84059838283	9.23052518653
0.65529927783	9.11300644343
0.516287384638	9.03940595711
0.408529231697	8.97927438989
0.264034460612	8.88867934963
0.105270259816	8.77802331885
-0.35211847062	8.43229798859
-0.466606373542	8.30800340175
-0.550400211218	8.19794986786
-0.657043201161	8.12733111308
8.00918351059	-0.665336906746
7.82841422839	-0.798620633712
7.54692183901	-0.971779983264
7.45478077258	-1.0069736672
7.36901635259	-1.03208793523
7.25104701083	-1.10656851823
7.15666768476	-1.15721499364
7.06996269097	-1.18950386895
7.03912799237	-1.20460792388
6.86456202682	-1.28228231122
6.77466415361	-1.31371747922
6.70573221076	-1.28492138314
6.56032451601	-1.22507956101
6.44628102178	-1.23873295656
6.30520525679	-1.25738487609
6.19271186437	-1.21108082599
6.17373080677	-1.21051284511
6.06813026961	-1.19358864238
5.99293872166	-1.20200796991
5.8550466073	-1.22178698918
5.75873569489	-1.19918030909
5.66609130686	-1.16886842224
5.5815573108	-1.14947699591
5.5113235691	-1.14347513946
5.40625570322	-1.12573914775
5.18832213598	-1.00383650968
8.01031709387	-0.664127822679
8.20556005513	-0.619216414695
8.32314396258	-0.614801496198
8.46405234493	-0.621188574257
7.91200945349	10.841406482
7.87575649369	10.9336549925
7.93811935179	11.0209768226
7.97121962002	11.0730085526
7.91198998908	10.8413880155
8.03911612663	10.7623565808
8.21009943317	10.7288869861
8.465466981	10.6253986502
8.66640292789	10.4782985052
8.91044913841	10.3847138868
9.08102323939	10.28713095
9.22909540753	10.2012593705
9.34658129343	10.0648170498
9.4419078472	9.91659619208
9.50893083194	9.84137540081
9.58383800771	9.73957870902
9.6878854451	9.56495352235
9.77962952445	9.33595803043
9.85637957493	9.16560322222
9.8734766574	9.05930654568
9.862489191	8.94358888506
9.82877639532	8.6735963765
9.58855154504	8.24822754054
9.50261052863	8.07591433827
9.52781599068	7.95998626824
9.46307934242	7.7850786743
7.97121962002	11.0730085526
7.81844113942	11.3425884076
7.73702876739	11.4698604784
7.72084657317	11.5800544031
7.6240021702	11.7620877577
7.48319530425	11.9332211165
7.39626279869	12.0465917364
7.31316855885	12.1444791869
7.12723231432	12.2481522297
7.08285342259	12.2921784022
6.90131172865	12.4192122879
6.79801735406	12.4864998198
6.70638339033	12.5378644811
6.56988372338	12.6031790741
6.39598746005	12.6672756981
6.34337104858	12.6817467067
6.23414111009	12.6774037312
6.13751872811	12.7034257243
6.07500023416	12.7404819444
6.07325504938	12.7387973012
6.05549668604	12.6903991806
-1.44444607384	-5.90232037306
-1.46531047284	-5.831877487
-1.45016858491	-5.71798690176
-1.43455524344	-5.60562604805
-1.3599034809	-5.45745552454
-1.33991883868	-5.35734428867
-1.30842460903	-5.21494549566
-1.28225609336	-5.12068973501
-1.26671359678	-5.03241077124
-1.2498100646	-4.950849012
-1.24061067088	-4.86862885563
-1.21372398649	-4.79867169119
-1.16281666987	-4.72899697651
-1.16220506045	-4.65108859837
-1.15313882221	-4.56531222914
-1.14586445776	-4.41658866825
-1.19863479839	-4.19750052807
-1.16464990601	-4.09741258889
-1.15175750326	-3.99378712478
-1.13939517441	-3.91482971902
-1.14730142521	-3.77872444315
-1.13610401569	-3.6711084209
-1.10374399111	-3.46392453139
5.88333975893	13.0229189231
5.91177621687	12.9825753241
5.93698443385	12.9444629796
5.96939493232	12.8893206271
6.05549668605	12.6903991806
-0.391180388469	-8.15884255867
-0.487384779748	-8.20600373358
-0.699055766107	-8.23709940484
-0.772854966989	-8.24981907354
-0.85340507865	-8.23134486574
-1.14968298643	-8.26629443225
-1.242348573	-8.27838502952
-1.41577291889	-8.29715996528
-1.53847023116	-8.31033925255
-1.66869393417	-8.32574451987
-1.73801691092	-8.33315728055
-1.77047250985	-8.3366394351
-1.86428298494	-8.37371834084
-2.10496179071	-8.39323280222
-2.30486213507	-8.42025534026
-2.38030244212	-8.43469511908
-2.42476807376	-8.43386985554
-2.52582954306	-8.44516536929
-2.55120186157	-8.47564441726
-2.60910861668	-8.49137567128
-2.67394565703	-8.48067423125
-2.78677204516	-8.50414583648
-2.85800025908	-8.52276323192
-2.99805211375	-8.55821272584
-3.22273656791	-8.61057632127
-3.28513571275	-8.6245515759
-3.38030015021	-8.57973488806
-3.46369519717	-8.58762255478
-3.53950740318	-8.62576096828
-3.6358478755	-8.62606306436
-3.69649221321	-8.62513014341
-3.79569871799	-8.6193473884
-3.99715943522	-8.61048208172
-4.1174329528	-8.61856085592
-0.391180218673	-8.15891898389
-0.334298658345	-8.08858228787
-0.34637174808	-8.02311258629
-0.347612369411	-7.92440312488
-0.34898690775	-7.86414712602
-0.353073023489	-7.7670048357
-0.352475083801	-7.68562817521
-0.312924592133	-7.61734594471
-0.27611684161	-7.48318995128
-0.338756648715	-7.37197706599
-0.34133589263	-7.27256732137
-0.350315829259	-7.21662679936
-0.365060592859	-7.11105886025
-0.389291044154	-7.01876595875
-0.411066547818	-6.94527197933
-0.441868427385	-6.76743549671
-0.466591414696	-6.57205131725
-0.506155740924	-6.40748611915
-0.52185215635	-6.35159489867
-0.473947194133	-6.22981235999
-4.11737509302	-8.61855641394
-4.1407278759	-8.68325719474
-4.16710587695	-8.74729495124
-4.43919407555	-8.89159503205
-4.45975236635	-8.94873805924
-4.4752986212	-9.03038369761
-4.47628995461	-9.0862041675
-4.46103282836	-9.20554034399
-4.49749085692	-9.31029355175
-4.47230014773	-9.39159488439
-4.44520876609	-9.44454691211
-4.42701606748	-9.49531766375
-4.39856150853	-9.54945890784
-4.35046022345	-9.71655024445
-4.28507368607	-9.83782470459
-4.22168338087	-9.95003991314
-4.174503875	-10.0053005174
-4.13850993473	-10.0314018531
-4.06574712596	-10.1061397997
-3.98134711162	-10.1947171206
-3.86224036787	-10.2988508726
-3.78505587537	-10.3892214444
-13.1827263437	-4.66116925576
-13.1578887639	-4.72542348983
-13.1078175114	-4.79736352915
-13.0644857932	-4.86990643024
-13.0193597811	-4.93520413922
-12.9661482977	-5.01136527718
-12.8514394746	-5.12809723396
-12.7355450059	-5.25749354957
-12.6804051216	-5.31077561728
-12.6219101592	-5.35855616163
-12.5292450438	-5.42047458711
-12.4501045889	-5.47460696346
-12.3677271165	-5.53129548936
-12.2731394793	-5.58830932624
-12.1364896379	-5.63388632509
-12.0578845397	-5.64396042305
-11.9669375307	-5.69803527336
-11.8937842888	-5.75564093811
-11.8285396382	-5.8074456731
-11.7932902674	-5.84202962363
-11.705675348	-5.91656510949
-11.5627598433	-6.03858360309
-11.4902917857	-6.10605605987
-11.4000865307	-6.18441094829
-11.286527646	-6.27885708099
-11.1586130355	-6.38395146287
-11.0413045943	-6.48465110949
-10.7715170095	-6.69918225269
-10.5962717218	-6.83763158234
-10.5613380925	-6.8684676422
-10.4053526146	-6.97819917264
-10.3074696921	-7.07341628864
-10.0643166078	-7.24347571731
-9.97489647073	-7.30506613041
-9.67398622588	-7.51595230162
-9.4558326078	-7.65602662225
-9.26010861582	-7.79314121992
-9.1975039006	-7.83489865949
-9.10702291801	-7.89445117964
-8.998146656	-7.95995961145
-8.95186800012	-7.98769849277
-8.85023094299	-8.01594509076
-8.80684496904	-8.03305134612
-8.71177078084	-8.06850817825
-8.55952786268	-8.10739001712
-13.1827263437	-4.66116925576
-13.2660737812	-4.42065788133
-13.3469221438	-4.26665316483
-13.3762392586	-4.18826846215
-13.3832790642	-4.15014852252
-13.3970379856	-4.10857223334
8.08377685166	-4.03808074882
8.05384199008	-4.27981203352
8.00690335061	-4.42790984879
7.85866498454	-4.67338741679
7.63313208148	-4.95442904519
7.43664670812	-5.19292890001
7.32876077207	-5.27210913075
7.1679214387	-5.44375789042
6.98134144446	-5.63097042465
6.89584978032	-5.71277502263
6.79437531127	-5.8065472938
6.61666541723	-5.95182781381
6.47219757793	-6.06364749582
6.27940560464	-6.19573260683
6.05640329877	-6.33042330228
1.74320032045	-6.14898965199
1.57636439687	-6.1802705636
1.3864678127	-6.1915841037
1.34417323889	-6.19703939738
1.22931061501	-6.21499289651
1.08932290377	-6.23569924831
1.01481209429	-6.24284631737
0.942577790872	-6.25175789988
0.864279415137	-6.25747103531
0.804324794839	-6.27810126941
0.706608578443	-6.28851786884
0.640237148347	-6.25903611618
0.550796853076	-6.25296864545
0.428762784609	-6.2452560616
0.310150022297	-6.23161072782
0.23813602097	-6.22286889397
0.171826484383	-6.21346250655
-0.0390276743936	-6.18963986923
-0.167081861889	-6.19251877949
-0.268270911597	-6.19516494145
-0.339121908533	-6.20089282276
-0.473977147182	-6.22981484508
-4.4466930284	-6.66729605748
-4.56904823675	-6.80393794471
-4.64771064245	-6.87954783078
-4.67774698555	-6.9723907963
-4.70152134408	-7.05025739412
-4.72380792202	-7.10680126284
-4.72603906234	-7.18058199725
-4.74683647902	-7.32749086032
-4.73503479297	-7.43299474083
-4.71411692925	-7.54294755771
-4.69583135938	-7.60421636596
-4.63232554937	-7.69641892157
-4.44669512833	-6.6672853274
-4.24825852888	-6.6696965678
-4.1478817503	-6.67299892406
-4.06765742236	-6.67349230944
-3.90164497156	-6.67282027542
-3.65408646861	-6.71952129317
-3.57497717601	-6.74126549557
-3.3762031151	-6.82911071424
0.184311479729	-0.86776909981
0.294791813036	-0.938804098527
0.315990079051	-0.946992802782
0.458939027823	-1.05554210512
0.702031194732	-1.22885917492
0.797249642803	-1.29994260421
0.845969490621	-1.35558789127
0.938355257724	-1.4330830332
1.13797252075	-1.57684266278
1.21387509033	-1.65406435325
1.33681557028	-1.73363522553
1.39664116503	-1.77667456505
1.45274334734	-1.81374586517
1.60468827644	-1.89005099293
-9.60412426868	-1.11226033578
-9.67738419117	-1.25957153875
-9.76134260883	-1.3375320454
-9.7946399158	-1.36285213782
-9.86365630155	-1.42078182713
-9.94649400939	-1.39525279596
-10.0206327059	-1.43876867845
-10.138017324	-1.50921640064
-10.2095104642	-1.55416266443
-10.301194483	-1.61483938488
-10.414191226	-1.6810619582
-10.5158452875	-1.72025217094
-10.6524999734	-1.70277948478
-10.7115947144	-1.72448001836
-10.8432587919	-1.74843755764
-11.007794039	-1.76890807925
-11.0521677903	-1.81690596426
-11.1177479448	-1.83510179553
-11.2504021792	-1.89148455943
-11.3809126401	-1.85275962905
-11.5056601517	-1.84249652574
-11.5767286291	-1.85757973823
-11.7050054769	-1.81591097093
-11.732924327	-1.8066006068
-11.846577581	-1.7321146028
-9.60412426868	-1.11226033578
-9.63111512614	-0.908701853544
-9.65528148134	-0.850711434246
-9.69953836805	-0.79020029352
-9.72098148494	-0.718875129422
-9.69445451282	-0.675015796613
-9.72068813526	-0.600575425367
-9.72163321886	-0.55525658159
-9.7252613465	-0.458979142329
-9.70486206087	-0.308215593594
-9.66074682262	-0.130364024744
-9.61061629594	-0.0240975645798
-9.60617152897	0.0525380208451
-9.59674653041	0.196550629544
-9.60926732956	0.337399280956
-9.60271273559	0.471115237079
-9.60238059383	0.546328151598
-9.60049589256	0.61209268592
-9.61707036401	0.713820027334
-9.62514459775	0.774168165131
-9.54429231537	0.994554487485
-8.32994026356	-3.79573597195
-8.41316452702	-3.6704221385
-8.4715306735	-3.61740570882
-8.53644791791	-3.55941811751
-8.60523932286	-3.50086418365
-8.71433494854	-3.39925719662
-8.83586110255	-3.30261366866
-8.8526466961	-3.30309169918
-8.88967375503	-3.26901930402
-8.98500537681	-3.25962446266
-9.07254452092	-3.21042129914
-9.1617810786	-3.17280134473
-9.24022987342	-3.14343541957
-9.34914499534	-2.9786877965
-9.57744472303	-2.86215101483
-9.64299077647	-2.83440781852
-9.75374192872	-2.83832322884
-9.83078871753	-2.82728540183
-9.89825603638	-2.81665213675
-9.98617324713	-2.81321973
-10.1157413848	-2.8190593801
-10.2268339661	-2.84059934298
-10.3387820237	-2.8675377839
-10.4511457593	-2.909574123
-10.575211438	-2.95736296976
-10.6491101866	-2.99115058716
-10.6918303824	-3.01096044272
-10.7628561285	-3.04666191738
-10.8380044565	-3.08463821175
-10.9015096578	-3.11726477347
-10.9801366267	-3.1561043878
-11.1543105584	-3.2440160456
-11.2549232024	-3.27988048488
-11.3121717214	-3.30565529772
-11.3596708679	-3.3260719584
-11.384602755	-3.32946928434
-11.4225915231	-3.41457027759
-11.5270839785	-3.4593214703
-11.6106023103	-3.49069639542
-11.749776392	-3.43108721056
-11.8596130444	-3.45403301441
-12.0147677582	-3.48815599979
-12.0384996314	-3.56265984998
-12.093663656	-3.59545572379
-12.2002586618	-3.62282758575
-12.285622572	-3.66499135875
-12.4794593833	-3.61719020944
-12.5357519379	-3.65897833138
-12.6282252973	-3.68040427766
-12.6747756682	-3.69359312648
-12.7405559414	-3.71119777509
-12.7374368515	-3.82353474772
-12.8131427101	-3.84938363205
-13.1012746868	-3.82530433862
-13.248273061	-3.84438144877
-13.3474684789	-3.89395044626
-13.3812302863	-3.94536289968
-13.3954302573	-3.99612310289
-13.3970979871	-4.10862432757
-11.846542954	-1.73218619372
-11.8893771462	-1.52005282128
-11.8679859608	-1.38542229112
-11.8167766593	-1.26804134659
-11.7813618078	-1.21740436774
-11.7666165453	-1.19766388816
-11.6465957146	-0.970833718524
-11.568410285	-0.916580808098
-11.4514060423	-0.777633775269
-11.3289171541	-0.626156569154
-11.1836716435	-0.414298185595
-11.117369884	-0.287288760582
-11.0135787555	-0.15984515938
-10.892219348	0.00613407128695
-10.8154120247	0.0990219364612
-10.7538712292	0.218055514186
-10.6614229077	0.324042168798
-10.4079442253	0.515597617335
-10.2858692765	0.622475787736
-10.2193335491	0.666577812931
-10.1535458626	0.712564144447
-10.0171599556	0.789179631814
-9.91889924017	0.824778023536
-9.78326948696	0.866891151357
-9.54429231537	0.994554487485
-4.36876976941	0.608509786506
-4.37873672148	0.469359424065
-4.37556525496	0.326426825713
-4.36700253554	0.237510914361
-4.37108731543	0.12976264787
-4.38887031854	0.0220328121298
-4.39476918801	-0.123129902108
-4.40626070437	-0.301781401627
-4.39052416488	-0.348942546634
-4.39935453915	-0.503791196678
-4.40438466698	-0.624671971189
-4.37619598555	-0.738970491719
-4.36506807771	-0.788300594166
-4.3455450083	-0.849899743326
-4.33446764582	-0.932478165543
-4.29956359691	-1.03848323847
-4.29101967745	-1.17327271833
-4.24301154141	-1.33100922458
0.849872637762	-12.3696951259
0.792135205871	-12.3823740345
0.695153208411	-12.3947907941
0.597611955836	-12.3927781519
0.540714369748	-12.3866301136
0.382778114708	-12.3575316651
0.268541289922	-12.3366045967
0.198143456459	-12.3209151343
0.101844460278	-12.2960701167
-0.0431524283742	-12.2430309077
-0.139365731782	-12.2143628681
-0.283302186038	-12.1403804938
-0.439957405353	-12.0967892631
-0.52767130894	-12.0460146507
-4.36873559381	0.608544544062
-4.48851062515	0.648167073554
-4.52450112554	0.678373029698
-4.60348702091	0.732322982886
-4.66469375362	0.771239071439
-4.76868336424	0.825266541372
-4.87430667206	0.834555262601
-5.09084625966	0.846658741023
-5.20828371444	0.954940833457
-5.31339983534	0.926397153379
-5.38795944475	0.923935450487
-5.51917688252	0.92576448645
-5.59431903642	0.923049569311
-5.75228400957	0.925511676302
-5.85502629964	0.929755091984
-5.92489238442	0.90277859546
-6.04429198944	0.925461576717
-6.17088707632	0.949485454917
-6.31040527218	0.991372450471
-6.37888933263	1.03459599171
-6.45673384344	1.07526888082
-6.58009722795	1.13322155546
-6.77793068464	1.22429981606
-6.86760981177	1.2630401085
-6.96620031876	1.30593073247
-7.10806267863	1.3490866662
-7.32652676574	1.45898817725
-7.41479666819	1.49718040375
-7.55598598052	1.55566659567
-7.62122055013	1.58581649371
-7.70447740077	1.64823860115
-7.8161365788	1.72525765174
-7.9109685511	1.80729304512
-7.94932825076	1.86681676654
-8.00744320605	1.94226576484
