2016 0 0
-22.7710652976	11.1047148456
-22.6091558875	11.1486800011
-22.4518201242	11.1337687572
-22.3023768764	11.0715451593
-22.0950949023	10.9449313498
-21.7733331141	10.6997068955
-21.6444548536	10.6505693418
-13.3976439342	7.95373406975
-13.175281056	7.89290532613
-13.0563937931	7.86468736226
-12.7526261867	7.78383421309
-12.6399270641	7.77554094983
-12.4153180007	7.70544196586
-12.2264531084	7.64465528923
-12.0708918284	7.59138753879
-11.7465837622	7.4632598464
-11.6727923619	7.44493448175
-11.5406463972	7.4085728879
-11.4161791534	7.36009075564
-11.288300041	7.29855699529
-11.192533363	7.25400312968
-11.0963982509	7.18447031403
-10.9639014048	7.0892180888
-10.7972212958	6.97235527564
-10.596055926	6.82271881574
-10.3517202114	6.60566934324
-10.2237274941	6.4759515124
-10.13366722	6.36987044529
-10.0947681429	6.31067706957
-10.0485090551	6.21871448673
-10.0181616349	6.16775961613
-9.85960619495	5.90724790325
-9.81691128898	5.74468148297
-9.76636225329	5.6469197838
-9.67924359889	5.45576149437
-9.59991299451	5.24950236815
-9.5086098068	5.06460235522
-9.43630930333	4.79102747418
-9.33564955285	4.4106065339
-9.23123665895	4.15349143366
-9.12053675862	4.04346265318
-8.98835714726	3.84956043356
-16.5914986475	-2.01931321418
-16.444268976	-2.18463485832
-16.2948630529	-2.32571721498
-15.9633292945	-2.43059421559
-15.8017792004	-2.47694795987
-15.5381951931	-2.52561236851
-15.1599725636	-2.60531634564
-15.0143442201	-2.63139105319
-14.9232825252	-2.64692095815
-14.5982799492	-2.68812446317
-14.2738277862	-2.7398821299
-13.9010496134	-2.76402967033
-13.6476448696	-2.75939177078
-13.4111267252	-2.73345828078
-13.3109086616	-2.72171519117
-13.0463757465	-2.66738656232
-12.7555872533	-2.57099078625
-12.4996409736	-2.45466906598
-12.3191818181	-2.3622765607
-12.2068090532	-2.28764336831
-12.0823224786	-2.20767356451
-11.9055983196	-2.05664086895
-11.682654857	-1.82534689246
-11.4802376439	-1.59547056332
-11.3159163198	-1.39998444441
-11.1480060894	-1.18358195271
-11.0498476604	-1.05574779364
-10.8643206325	-0.808672865087
-10.7380501612	-0.628507525181
-10.5826428916	-0.388505359087
-10.4465709541	-0.179018849975
-10.2942799788	0.0634096724742
-9.96138758921	0.595376519095
-9.75359211976	0.913734807421
-9.60790030781	1.17413715429
-9.55213068364	1.28817167792
-9.4402971078	1.50213186521
-9.36490025191	1.66240739513
-9.30753972824	1.81005773419
-9.27249178005	1.91178024456
-9.18534679697	2.11908256252
-9.1285787444	2.3891980631
-9.08475594551	2.49766789956
-9.03091359468	2.58978924881
-8.9609946647	2.7416980139
-8.73521306881	3.07887984346
-17.3498952686	8.07453504874
-17.4334327158	8.10593592464
-17.5133058725	8.12449309509
-17.598991383	8.1517146533
-17.884893093	8.20577948375
-18.0011808975	8.2273595664
-18.1326418998	8.23625899189
-18.3144656289	8.26157693205
-18.5065225394	8.25976387072
-18.8144630334	8.27966471574
-19.000252405	8.30756747024
-19.4118189389	8.38703696579
-19.6970991175	8.08926452967
-19.907963247	8.01969827119
-20.2596931034	7.77966025703
-20.6677686262	7.45017591971
-20.7880750307	7.29148488655
-20.9156346318	7.12314848102
-21.1074710811	6.91087700911
-21.2734562881	6.66775879449
-21.4540920091	6.41001938972
-21.5882579434	6.16819780616
-21.7074593519	5.8826648038
-21.789906963	5.66933771002
-21.8407381584	5.45740133081
-21.946849254	5.19117237603
-21.989988395	4.9961076217
-22.028195456	4.76027743318
-22.0738473991	4.43799682706
-22.101113289	4.08032566433
-22.0952762368	3.57788299035
-22.0826975323	3.34609044234
-22.053362027	3.06413167231
-21.8887297211	2.6864017614
-17.9104670028	2.45326617479
-17.9498115962	2.48465379037
-18.0863442244	2.57383223227
-18.1735505321	2.62426177716
-18.4552180242	2.79743616643
-18.6685576523	2.86077621071
-18.8140443312	2.91838972102
-18.9078726762	2.97075441121
-19.1409048317	3.05460902528
-19.3239902476	3.08888643852
-19.5296067925	3.12318190889
-19.8779292566	3.14291474532
-20.0967247707	3.15838152029
-20.316242635	3.14995087807
-20.6154959374	3.10751782658
-20.867567426	3.0563140221
-21.0847109053	2.97581343431
-21.285456767	2.85695506909
-21.4594294779	2.80957137625
-21.5713805927	2.72527559881
-21.888260211	2.68116181011
-10.0450150715	18.0689901833
-9.8482832133	18.0806609555
-9.42638867061	18.1705529679
-9.22536133952	18.2360007221
-8.95575438351	18.2862187197
-8.8361567146	18.3112139286
-8.59904688189	18.3467040388
-8.29917234329	18.318064891
-8.04775112324	18.3455072922
-7.8743384824	18.3534276644
-7.5570855379	18.384466477
-7.33659461685	18.4190083843
-7.23595129237	18.4428007863
-7.03159078521	18.4662560247
-6.84416570822	18.4973469778
-6.72018198404	18.4939531838
-6.61074360824	18.5168211349
-6.38038820933	18.5511169714
-6.11053486393	18.5816278555
-5.91978696227	18.6029680455
-5.81617165976	18.6183923807
-5.67226314323	18.6447386566
-5.52148049744	18.7041003831
-5.30798133436	18.7529236065
-4.94206385433	18.8258821875
-4.64302686354	18.8952931187
-4.49783064988	18.9283103098
-4.11883858202	19.0510397993
-7.98566188844	4.67849727352
-7.98173281109	4.66744394216
-8.14839300113	4.50016175106
-8.25087288698	4.3897754549
-8.45462955669	4.2515658889
-8.59994871675	4.15753273374
-8.81841055603	3.99821167024
-8.98860144994	3.84823838792
-10.7182982432	-15.8113166926
-10.7263997729	-15.599380729
-10.6863802255	-15.3030466344
-10.6755073625	-15.0751765445
-10.6059049433	-14.9887042401
-10.4633697207	-14.7850475114
-10.315484107	-14.5884771873
-10.1540665123	-14.4217722353
-10.0238009802	-14.3332656828
-9.80405803505	-14.1831123065
-9.64726644848	-14.0726569324
-9.53101313957	-14.0056995751
-9.4190186268	-13.978424027
-9.0720936682	-13.8607202243
-8.934679196	-13.8254592689
-8.70105880971	-13.7667705503
-8.55263541121	-13.7342455336
-8.29427824072	-13.746453655
-7.99319963483	-13.6969251631
-7.81618325454	-13.6915457157
-7.56769295226	-13.5874199451
-10.1809246705	18.842951285
-10.5158921879	18.7687293716
-10.6970253722	18.6636750415
-10.9569857362	18.5132364796
-11.0777434912	18.4594777937
-11.2944332028	18.4085403077
-11.6046802095	18.2720855127
-11.8044465433	18.2011430386
-12.022449294	18.1182090924
-12.3032705344	18.0075906613
-12.5223824999	17.9348632377
-12.5306591136	17.9317575906
-12.6213390171	17.8945912218
-12.771250833	17.8366444273
-13.0259315266	17.7388240109
-13.2524714806	17.5949617966
-13.3606783103	17.5242307116
-13.4763917334	17.4533955898
-13.7327132254	17.258658488
-13.9284191377	17.0943005745
-14.1142489533	16.9296675659
-14.3109855673	16.7225587722
-15.6381568428	10.4177500422
-15.8144010983	10.2277491041
-15.955159861	10.0384670198
-16.0473976334	9.9639474955
-16.1144865336	9.90226575751
-16.1669424525	9.86345846166
-16.2608522907	9.78854721248
-16.4633105107	9.73104193062
-16.9024596797	9.65075366586
-17.1170173688	9.61787669958
-17.5333535658	9.77184841203
-17.7269197388	9.86965868655
-17.8154026926	9.90660799077
-0.31559908232	2.5232452014
-0.169603945094	2.42161932166
0.0461861186831	2.26943480507
0.171632204819	2.19331594195
0.261647728108	2.13252909173
0.319234503029	2.09504601279
0.547647427626	1.96012496708
0.764493778775	1.75906672777
0.877072077528	1.5561211918
-5.84381326005	-19.199127147
-6.0885654447	-19.0287165542
-6.32525771432	-18.9164694207
-6.51155031999	-18.8087874776
-6.66011865013	-18.7324178954
-6.85811447135	-18.6339937917
-7.00205145979	-18.4704124978
-7.30157284876	-18.3737278277
-7.51801364516	-18.2774620921
-7.6352152437	-18.2173617655
-8.06390293491	-18.0010543658
-8.31404212875	-17.8774765518
-8.4293969249	-17.7934495203
-8.58037823614	-17.7139210394
-8.75386356714	-17.6073257463
-8.91098649978	-17.4753310609
-9.12254124314	-17.3156624037
-9.29341764126	-17.1880449128
-9.67802152445	-16.8827671771
-9.87866213688	-16.7038585055
-10.111141911	-16.5232807774
-10.342419392	-16.3018997256
-10.4963624227	-16.154993879
-10.5992493778	-16.0355142336
-10.7183414655	-15.8112353695
3.15189979009	16.1719244794
3.05405229582	16.0043061387
3.02472331986	15.7704670142
2.99864127132	15.5502731078
2.98006209998	15.3214006926
2.94378526071	15.0565378388
2.9518398117	14.859068004
3.11887549546	14.5813826766
3.01345412196	14.2542193168
2.55764567196	21.1656960634
2.83208916529	20.8239391628
2.97460064748	20.7257574107
3.12405202262	20.6451921607
3.3587561287	20.5512586585
3.56796794291	20.5021559314
3.67364363451	20.4942562684
4.06437108127	20.4262707762
4.26368628972	20.4047878335
4.36825489594	20.3857577574
4.53503204314	20.4135038082
4.71958100727	20.4067623645
5.06145936497	20.3106638106
5.36640588886	20.2242522425
5.69164652189	20.0913025362
6.0654984712	19.9097994623
6.5963709629	19.5818860354
6.81686710591	19.4578154748
7.47039469465	19.0426703439
7.71170577738	18.8809986655
8.02444984023	18.6612482599
8.14732108825	18.5569997691
8.37157460877	18.4019412114
8.52507862351	18.3019256676
8.86054421081	18.0006522069
6.15170099293	10.7910223589
5.97941659958	10.3953951142
5.87562127389	10.162319916
5.82924123287	10.0764767075
5.77202215903	9.97494586489
5.66816178621	9.85052136874
5.57092705618	9.75183842976
5.54331616625	9.69731937189
5.32741543879	9.32287350756
5.22703263785	9.18633613366
5.17083589475	9.07522225557
5.05800183021	8.92414043232
4.92868663175	8.75838025506
4.69499519918	8.47922900321
4.5697908942	8.34010233694
4.42098369597	8.18881292963
4.27367221094	8.03353853435
4.23558248806	7.99241373495
4.02181755866	7.7793096129
3.85367567534	7.61265873822
3.70239873562	7.49929692344
3.59335045493	7.40672117931
3.44075822806	7.27162935502
3.29416015729	7.16035835061
3.18013518493	7.07423169534
3.0837322761	6.99973126038
2.99127540888	6.93478311605
2.7336735818	6.75764054501
2.46044777343	6.57823990805
2.44449651779	6.54608411128
2.33376230876	6.49883210054
2.10084338509	6.3647565648
1.97534589268	6.2834772623
1.7256689856	6.17101294538
1.49617257399	6.05776711916
1.33912061068	5.98622641694
1.26519314532	5.93389702157
1.0417628823	5.83511430107
0.829560095885	5.76197211095
0.646369441431	5.70382644729
0.424785742696	5.59717487217
0.0815766749007	5.5045869935
-0.120745870384	5.44873278555
-0.359022918419	5.36567454622
-0.558612468294	5.27801690738
4.43839936575	21.6200528386
4.39337819695	21.625598207
4.3636259014	21.6245201022
4.29389536689	21.6196032125
4.04499867723	21.5918742542
3.8532360312	21.5757109296
3.8089412476	21.5604912922
3.59386262592	21.6410276195
3.56740299672	21.6429084292
3.43547913199	21.643961631
3.26879064745	21.5982334363
3.00113236736	21.5439844786
2.90116142517	21.4894845533
2.77682691278	21.3796988542
2.55763824238	21.1658817358
-0.651767490804	-16.8012607753
-0.910996954824	-16.8560451076
-1.09324411384	-16.8467792538
-1.29314868367	-16.7849611232
-1.41269346975	-16.834797764
-1.55251529997	-16.8519317806
-1.8597434385	-16.866018578
-2.28976734503	-16.8696856315
-2.55644448747	-16.8526310202
-2.81470946486	-16.8297159549
-3.01121922134	-16.8032576349
-3.15695424635	-16.7777343977
-3.36455038492	-16.7492776473
-3.49587086671	-16.720638135
-3.80330806267	-16.6411615524
-4.00462169719	-16.5787756486
-4.28343646609	-16.478800943
-4.48023814031	-16.3947492679
-4.76828222803	-16.2339304653
-4.89570575069	-16.1599483997
-4.98994429039	-16.1116866136
-5.13974231371	-16.0071741364
-5.28990658298	-15.899749087
-5.31242711568	-15.8831648342
-5.55683139191	-15.6994641788
-5.78680889936	-15.5065609419
-5.99833835571	-15.3481923477
-6.15018633935	-15.2225511621
-6.26606316582	-15.1205557511
-6.3649086223	-15.0288742473
-6.46055416559	-14.9416847696
-6.60993779576	-14.7998138129
-6.8311259331	-14.5809790112
-7.06866517766	-14.3710284867
-7.28942467052	-14.1495675541
-7.42762981204	-13.9942107564
-7.59080497561	-13.8139950329
-7.56791085008	-13.5868935598
8.43955461068	1.20990438395
8.57653334815	1.27950193575
8.63959769647	1.29572089997
8.7733007959	1.33896273948
8.8347554676	1.35907876023
8.97344868086	1.40641602998
9.08474365437	1.44496029067
9.21230111758	1.50294291995
9.37992326661	1.58221024647
9.47934273181	1.64591143454
9.5294154514	1.70252178544
9.63713147904	1.76575217534
9.70245204373	1.80674472688
9.71085918564	1.81201431665
21.1691135078	1.91824370722
21.1610713159	1.89416467873
21.1320237044	1.80834462884
21.1157140535	1.73561985138
20.9823703762	1.7196701781
20.9149876982	1.59385270681
20.8744160713	1.34223339104
20.8629408771	1.23585925441
20.9577528985	1.03259664937
20.9181404988	0.970118148802
20.8075309546	0.884891534773
20.6801565642	0.59641269829
11.6938509963	13.0429877483
11.5539615935	13.3414660553
11.291379528	13.8012004279
11.1778359914	13.9924012544
10.9855474783	14.4536713225
10.8163207605	14.7400416871
10.6077588038	15.0566852097
10.5079055307	15.2496081685
10.2707752174	15.7117189085
17.6714338553	0.0226239847629
17.671446935	0.0226576961388
17.6713979108	0.0225023607756
23.4015244328	-7.28997002429
23.3967190368	-7.30414351417
23.388995505	-7.31325699689
23.3635583509	-7.34762295948
23.3008004571	-7.42665089702
23.1498832434	-7.64641149721
22.8527372966	-7.79883499679
22.6699105593	-8.02183613624
22.4339929314	-8.01442750021
22.2943204133	-8.09341972776
22.3163396036	-8.26624174893
-3.03704470153	21.7791176241
-2.95912978341	21.7762131685
-2.87083331171	21.7702673918
-2.72604189892	21.7555094241
-2.60261334513	21.7415220923
-2.49809477845	21.7147964002
-2.35553268427	21.6983580549
-2.10301143315	21.6669609592
-1.91470948828	21.6461151803
-1.76948610238	21.6631922914
-1.6674069525	21.6537238161
-1.45251839659	21.6258412345
-1.30577458445	21.6024220447
-1.24979563837	21.5955927805
-1.11811806495	21.5840924881
-0.942590624356	21.5704014667
-0.702312868138	21.5465279663
-0.366902307601	21.5163439152
-0.0556213174025	21.5027672423
0.0652331812577	21.4971167706
0.177668025369	21.491076408
0.441842358981	21.4739851074
0.583928917721	21.4642963937
0.774186465935	21.4514009632
0.923201667419	21.4449135989
1.13535869877	21.4495206156
1.28056818345	21.4050714493
1.37445233125	21.3819957859
1.54525837417	21.354419706
1.81643067793	21.2649034489
2.02805033466	21.3374790946
2.22029502874	21.3284148565
2.55759159519	21.1632209922
1.15338457049	-6.34952702993
1.10690577124	-6.32999094227
-17.8154108339	9.90652591532
-18.2647721718	9.92518016924
-18.4435248414	9.94119844582
-18.6070767773	9.95670891778
-18.9349399183	10.0250388464
-19.1448645862	10.1371630738
-19.2557800524	10.23819905
-19.3849645126	10.448063066
-19.4123767152	10.5324764512
-19.4979418793	10.7995800011
-19.4897252232	11.0517431384
-19.4660592179	11.2488254794
-19.4449241134	11.5771077563
-19.4027064504	11.7870318918
-19.4003648354	11.9307637926
-19.3841580683	12.0117170922
-19.3439783283	12.1181317444
-19.3313923939	12.227132559
-19.3392386158	12.3161205581
-19.3791288384	12.5010980994
-19.5250948448	12.8486060383
-19.5942582045	13.0988405043
-3.96518925384	9.0769725123
-4.28697964424	9.01250946336
-4.42650737043	9.01191275756
-4.71672287824	9.00742987066
-5.10470811801	9.02992880735
-5.43040400849	9.06355414554
-5.67194762395	9.08775520132
-6.24493372502	9.15463423839
-6.74926836534	9.21969108648
-7.76242944253	9.3680547668
-8.18172354225	9.44228796414
-8.41957708643	9.48881606852
-8.69028409521	9.54857068988
-9.07387153842	9.65329686546
-9.20838397896	9.69045695016
-9.4367649226	9.74735006301
-9.47432180932	9.75460791792
-9.59145389858	9.78917267095
-9.7576218616	9.84332017599
-9.95317275721	9.90654449816
-10.294852755	10.0171515182
-10.5143766131	10.095427651
-10.6217453271	10.1328708524
-10.7975505849	10.198270055
-10.8643184641	10.2282208288
-10.9397865293	10.2532374531
-11.2803004773	10.3923957272
-11.5854585673	10.534014647
-11.7905306213	10.6282470781
-11.9350991331	10.6961635634
-12.1808675639	10.8110605127
-12.3486208361	10.8894050284
-12.5576598417	10.9861274751
-12.8190107481	11.1157608779
-12.9681067758	11.1827147798
-13.2775996599	11.3296975859
-13.5733643085	11.4662896523
-13.7921818947	11.5773067212
-14.1710199492	11.7717812875
-14.4083391361	11.8959478371
-14.6235049458	12.0170700554
-14.7939713716	12.0996478803
-14.9647145469	12.1767886697
-15.1280064801	12.2537254496
-15.2607968005	12.3055638672
-15.3833492179	12.3310889901
-15.6487819586	12.4505083689
-15.8432223107	12.533287391
-16.0313487348	12.589052689
-16.3209455656	12.6553442089
-16.5805173401	12.7099495268
-16.7601035545	12.7298347147
-16.9099952536	12.7647815182
-17.3234785496	12.8273351628
-17.6092068211	12.867186039
-17.8741468591	12.8931288062
-18.1199767773	12.9299555221
-18.4370537294	12.9882484237
-18.8257061515	13.0896721848
-19.1640004681	13.116238916
-19.3198364464	13.1362819909
-19.5942398642	13.098548748
-5.28456870476	-0.499356246491
-4.96115214461	-0.377995398895
-4.80303449254	-0.237011330839
-4.69051250656	-0.130677314526
-4.55781143842	-0.00638357256239
-4.34042762199	0.228101225261
-4.20311784176	0.341981144599
-4.13332541249	0.395590901836
-4.03369280123	0.497986469559
-3.80213218408	0.673433961698
-3.61821346872	0.853466271983
-3.4323430981	1.02696008019
-3.18977334593	1.27059978889
-3.00843427305	1.51793567587
-2.68934651098	1.82990065811
-2.53687491331	2.05133001252
-2.35266212496	2.29418930569
-2.23108625018	2.44827443821
-1.99251465539	2.81440143688
-1.83399460267	3.08442106232
-1.74401723739	3.2505883399
-1.65153909559	3.40129995253
-1.51504735653	3.63125212393
-1.46056079569	3.73115941921
-1.34633098767	3.92967999339
-1.27770687375	4.1004037775
-1.12070003656	4.36918164554
-0.991012714081	4.61491902867
-0.894926244536	4.86760928603
-0.806559705928	5.00122361935
-0.558659536018	5.27818636499
7.58681069078	16.8453847263
7.22265884557	16.9188718405
7.10882990203	16.933673189
6.89917265825	16.9613607353
6.60273161466	16.9677912174
6.40107608182	16.9573690622
6.21387490009	16.9515379066
6.07656392747	16.9320297643
5.76341116916	16.8851434514
5.46657853999	16.8195303577
5.19419769496	16.7656195499
4.79006529944	16.6694285386
4.41721215746	16.6170083017
4.21140312218	16.531613533
3.992130524	16.4980684212
3.80400823311	16.4830971559
3.68502238103	16.4315357632
3.58387255159	16.4073448127
3.44066229549	16.3581567014
3.1518997903	16.1719244781
-0.55862538679	5.27794768703
-0.85037397625	5.41065186171
-1.02000891052	5.57467724916
-1.16070878011	5.70488061267
-1.44029333672	6.02992550608
-1.61364346996	6.26259598542
-1.92979625424	6.53154544904
-2.02098264044	6.62025239455
-2.16061444865	6.73237168983
-2.37497176452	6.93096121597
-2.52342949535	7.10624052364
-2.65832671876	7.2229278873
-2.80648070066	7.38105101481
-2.98648993151	7.53843149733
-3.066842062	7.60644465071
-3.208967416	7.83811362053
-3.35189412853	8.00404353298
-3.44225574346	8.11760550293
-3.54960866969	8.2397281615
-3.77496616387	8.42599283319
-3.88077745595	8.52659325783
-3.89270910304	8.55304505144
-3.98128917373	8.70339659241
-3.965181686	9.07694155128
0.882498298177	1.55594745598
0.73553704584	1.32824725734
0.566366889995	1.18018451955
0.409774018854	1.07967796502
0.234769796701	0.909462552559
0.117590133406	0.798025106685
0.0220670623957	0.705271398616
-0.136868969833	0.489927369939
-0.305271875346	0.316492212294
-0.341033846194	0.270214523648
-0.544047746339	-0.00458951698916
-0.651166838109	-0.138118310203
-0.665104418697	-0.156898310209
-0.755025713255	-0.284876690255
-0.958724966939	-0.521502895342
-1.29072586683	-0.912367789066
-1.7303117836	-1.41617409512
-1.84599434257	-1.5235258707
-2.1243072393	-1.72350087525
-2.38312629643	-1.91938328856
-2.5957620697	-2.06304690589
-2.7513101178	-2.16449457001
-2.91434494345	-2.26124420533
-3.22722053336	-2.44126177177
-3.42068624719	-2.5316114988
-3.58701755694	-2.61548490692
-3.67649748623	-2.67617903282
-3.89152187836	-2.78514988977
-4.01267520895	-2.86136049525
-4.31716563394	-3.01483301944
-4.67371163466	-3.1552798928
-4.921143865	-3.30384700321
-5.11179576133	-3.42367852751
-5.27954629298	-3.5160829581
-5.49246138373	-3.6629845885
-5.68013544273	-3.79273357767
-5.82010367949	-3.91990401414
-5.93786393066	-3.99686377204
-6.09876254093	-4.11048101839
-6.32909800345	-4.29212461304
-6.51882878862	-4.44151644222
-6.63250518217	-4.53862024857
-6.73673376366	-4.6320729779
-6.86024157347	-4.74934506791
-7.1570435893	-5.18241773408
-7.26457980575	-5.67839336578
-7.20956033449	-5.96949839065
-7.17308869935	-6.19502369999
-7.12499828764	-6.33142844766
-7.05279948175	-6.5340682787
-7.00986026065	-6.69622961271
-6.92363773333	-6.8730750055
-6.7537090984	-7.03801306828
-6.646580368	-7.14240068301
-6.34958341079	-7.28794886315
1.10710760513	-6.32999380771
1.06737916621	-6.55140823863
0.999544576119	-6.69744692149
0.938785316097	-6.8778413992
0.878619538461	-7.10754564926
0.820453961094	-7.32754495772
0.743046997622	-7.5465182077
0.660867249049	-7.71237093189
0.572331586023	-7.89377928501
0.323105513786	-8.24431219014
0.210021391542	-8.41947582529
0.132970490917	-8.54240407161
0.0462178281373	-8.68311700391
-0.0583350880732	-8.81448795092
-0.198904118237	-8.97643049647
-0.348820368275	-9.13962706003
-0.69346306693	-9.51637346739
-0.872776718161	-9.7006716879
-1.01954231062	-9.85121052491
-1.15027737698	-9.98079761324
-1.35956851933	-10.1727362338
-1.50187797022	-10.3004214521
-1.68179748393	-10.4604259717
-1.76291447605	-10.5414808851
-1.9052517957	-10.6535728359
-2.01235331623	-10.7304332332
-2.11104760405	-10.7926082524
-2.27306083312	-10.8881778217
-2.41827142357	-10.9701365066
-2.55769096601	-11.035480101
-2.72253225855	-11.0941044109
-2.84802677448	-11.1550826906
-2.98581134064	-11.2167718665
-3.23835517456	-11.305071235
-3.45852646765	-11.3748469071
-3.58468591032	-11.4049959506
-3.75661315497	-11.448154307
-4.10888046246	-11.5701662421
-4.56418490747	-11.7402835351
-4.83394631167	-11.8240276661
-5.0428918843	-11.8962329434
-5.16986342	-11.9424628795
-5.48485968277	-12.0846412555
-5.69927801633	-12.1878777867
-5.80232807399	-12.2436370256
-6.00889295937	-12.3475760987
-6.23418891164	-12.4750028817
-6.36370250035	-12.5638600017
-6.50085547019	-12.6706307278
-6.64229204255	-12.8020532262
-6.92944585134	-12.9753736918
-6.99968732624	-13.0387629971
-7.05272792046	-13.1366023329
-7.27695491954	-13.3017888104
-7.37457386473	-13.4044299123
-7.56780254021	-13.5872386918
-6.35181445996	-7.28600942178
-6.59017890981	-7.44386431872
-6.70148133667	-7.56910904502
-6.87105020514	-7.74439889344
-6.94245455417	-7.89957860565
-7.0496962552	-8.00706019321
-7.12537321901	-8.10502862729
-7.22355433135	-8.2540147804
-7.36267554453	-8.43707165676
-7.48659050898	-8.55494800217
-7.5768960911	-8.63401440415
-7.67781618923	-8.7459879221
-7.9538016041	-9.02406904743
-8.09498057288	-9.13664790307
-8.29359378101	-9.26498336122
-8.47176024658	-9.38695376773
-8.69453615077	-9.50759179201
-8.77139162971	-9.54488164451
-8.96933870506	-9.62684353701
-9.21813743283	-9.70033932524
-9.31718336024	-9.7134600609
-9.569895151	-9.71383316331
-9.75975159981	-9.69394801494
-9.92957338114	-9.66979050056
-10.06056763	-9.60984678993
-10.3089939502	-9.49515085531
-10.5028483895	-9.33314364207
-10.6994863703	-9.15356156756
-10.7770505418	-9.0651161871
-10.9079656763	-8.91641273576
-10.9666774481	-8.82989147228
-11.07479828	-8.65274039233
-11.2383505738	-8.35999989878
-11.286372606	-8.25022150095
-11.3435798875	-8.08264782227
-11.3873456083	-7.93901174462
-11.4438673878	-7.7211395315
-11.4619954237	-7.57230550657
-11.4958404421	-7.34117728711
-11.5045144848	-7.12965195981
-11.5143283766	-6.89812495774
-11.5023453999	-6.76874281366
-11.4685132216	-6.56607603211
-11.4235441267	-6.37688991663
-11.3349074187	-6.09492020798
-11.2495877903	-5.89072984538
-11.1013348604	-5.6413069315
-11.0041170878	-5.50827116804
-10.8884753067	-5.38524158523
-10.7667397407	-5.27086708946
-10.5742297023	-5.10146578663
-10.4391159027	-5.00618626541
-10.1106748219	-4.81002094004
-9.91696905743	-4.73268288123
-9.80665763997	-4.68468164466
-9.65573646052	-4.62661043852
-9.52004469152	-4.56259932538
-9.36084526589	-4.49038396236
-9.14760345213	-4.41118015692
-8.79617236926	-4.25440526594
-8.64590227006	-4.17338362439
-8.43601027212	-4.0450872074
-8.24752450414	-3.88210429046
-7.92055073365	-3.56334937842
-7.68739746538	-3.32187742188
-7.49826508205	-3.1271865085
-7.34110648754	-2.93206223791
-7.11318452975	-2.71849788336
-6.92154249166	-2.5354883579
-6.82319988136	-2.42996829739
-6.69005322809	-2.28497915156
-6.41774036577	-2.0013068793
-6.2186091551	-1.77317037761
-6.12448924011	-1.70546229821
-5.80859721265	-1.34538206602
-5.66277103715	-1.16763876513
-5.60967343684	-1.09521843318
-5.40984051068	-0.802477029406
-5.28455197877	-0.499272231899
13.0455440488	-12.4533246849
12.7059984005	-12.2746386589
12.4928052573	-12.1718890063
12.3157530136	-12.1110899182
12.168230381	-12.0647160805
12.0340810614	-12.0004991569
11.9612321755	-11.966704813
11.8418466005	-11.8368612947
11.5966729246	-11.7082477746
11.4030669562	-11.6345732068
11.1307821187	-11.5211570279
10.8504716926	-11.3976513431
10.7897712143	-11.3665648897
10.5858624546	-11.2311535964
10.3908095208	-11.1285910122
10.2631602962	-11.052368352
9.99433597405	-10.8975621984
9.91769557915	-10.848840469
9.88611372469	-10.8255363169
9.78892679658	-10.748608332
9.66821507303	-10.6291875669
9.54677318621	-10.4852818471
9.43722888047	-10.2492388231
9.37832304524	-10.1291788366
9.36218434991	-10.0174343556
9.36396052341	-9.8557571007
9.44249300717	-9.45950510249
9.54902137036	-9.13766871373
9.59332873743	-8.96609392198
9.66543352123	-8.84270861832
9.80989336421	-8.64526244373
9.8998499129	-8.52632524563
10.0805194693	-8.32527290178
10.2986985138	-8.16133769578
10.4555758818	-7.99419827621
10.6209140801	-7.87276256229
10.7282695364	-7.75767186518
10.9599246518	-7.57115703076
11.2250210021	-7.34710551403
11.4000978951	-7.20831479764
11.55957015	-7.08004714935
11.6850872135	-6.99040304741
11.785065615	-6.91605683858
12.0074627606	-6.75574618501
12.1341741104	-6.68488236223
12.2254836305	-6.62573310286
12.6792324585	-6.33219085776
12.8359507589	-6.28500462063
13.0142791929	-6.06024018792
20.6800687388	0.596360269571
20.4357495236	0.672122964484
20.2755328685	0.63934742703
20.135634816	0.773018882221
19.9981431132	0.899172367598
19.7302227023	1.11157413394
19.6776762141	1.13977914849
19.5613038852	1.19384207325
19.21615536	1.26395707889
19.0461826603	1.31236486503
18.949737608	1.34484769495
18.8263873315	1.38389797724
18.5599148941	1.43704773636
18.3560217211	1.49710966167
18.1638553341	1.52292218514
17.8806130055	1.55171361647
17.7030766758	1.57030390491
17.3906569712	1.58733006494
17.0864810803	1.6184050014
16.7158443246	1.59332211502
16.6785003383	1.58932104688
16.3355146617	1.5395559753
16.0322714733	1.46937038035
15.8844310432	1.41495409891
15.7800203097	1.38821788379
15.6152541977	1.31191749648
15.473244363	1.2439764843
15.3319341534	1.16653813455
15.169713216	1.05389914137
14.8449255004	0.790683959926
14.7493098536	0.725578837443
14.6325686083	0.608284010829
14.4551539615	0.426878831224
14.3484494218	0.284780154104
14.2337165205	0.139038945863
13.9146709514	-0.339316680731
13.8084776495	-0.494006195723
13.6579706132	-0.75081340826
13.5873740715	-0.89248074961
13.538715266	-0.987909946709
13.3562111724	-1.379354809
13.2106602102	-1.67174901114
13.0142791929	-6.06024018792
13.0175319503	-5.77761373041
13.0562945888	-5.52313580042
13.0587392988	-5.25566992276
13.0701283109	-5.01246317136
13.1600609202	-4.75823519196
13.1544159121	-4.39895288508
13.163157484	-4.04631936516
13.1460203783	-3.82617447498
13.1767562869	-3.49097301191
13.1873488386	-3.32576055119
13.1976864026	-3.13116940534
13.2213120365	-2.91807114165
13.228287322	-2.67787501711
13.2429854791	-2.55603380615
13.2585695359	-2.39659453535
13.1874425625	-2.16521621183
13.1080026449	-1.99283495684
13.2105601653	-1.67190521044
12.3774543586	6.59807112989
12.3579364971	6.54048804547
0.743202618432	-4.04834376752
0.300777944221	-3.97533025559
0.0264291492445	-4.12220970771
-0.29496419225	-4.1835694356
-0.415435855038	-4.21936154355
-0.643662506857	-4.20676633032
-0.8527400873	-4.26919036964
-1.14315138557	-4.35376063
-1.36350975609	-4.41736588134
-1.60483720537	-4.49932625874
-1.76279531503	-4.58895551255
-1.87283090038	-4.6079885812
-2.20362011743	-4.72214492396
-2.5052040382	-4.86123642159
-2.56174431438	-4.88656657214
-2.64340949603	-4.92994031669
-2.79766648089	-5.00840947216
-2.96985853217	-5.11072865579
-3.31593327655	-5.36497962394
-3.5206969442	-5.4988306995
-3.86380649947	-5.71193889913
-4.1836999895	-5.91129313763
-4.41085194694	-6.04113868064
-4.5501445414	-6.12363653739
-4.66551502719	-6.18917105462
-4.83451767207	-6.29291222191
-5.01743020639	-6.38544458957
-5.12088523729	-6.44452606751
-5.18926587685	-6.48381546587
-5.49695489901	-6.70651465292
-5.80265571536	-6.89515496078
-5.87833152112	-6.92949334458
-6.07086476506	-7.07404841727
-6.18858028714	-7.19480283436
-6.34961478984	-7.28788189913
17.4626566733	-12.896217627
17.6690181496	-13.0311131537
17.8648948462	-13.0522833009
17.9783838837	-13.0779381541
18.1665701043	-12.9876466598
18.4285808023	-12.8560344761
18.6336113921	-12.7914653088
18.9157802915	-12.7482251462
19.339759115	-12.9043341336
12.346773411	6.54530196675
12.2631716345	6.3215136385
12.2276544842	6.20539681456
12.14927529	5.97780805636
12.1042229502	5.88064863969
12.046959119	5.79149585341
11.903413892	5.59279033165
11.7821515527	5.46456458402
11.6625170062	5.33697009813
11.4656619301	5.12429652512
11.3679314909	5.04041124554
11.2930479632	4.94790397916
11.1178627278	4.84759982061
10.9977064508	4.7681682407
10.7474767	4.6204763006
10.5543865064	4.50481738997
10.3736215392	4.42734776787
10.2270859133	4.36124246719
10.0340693006	4.27742974303
9.77139278319	4.18645415096
9.42795372115	4.07213969768
9.25323027183	4.02039943973
8.97137142121	3.94457937824
8.61109075467	3.85379914442
8.37149608824	3.78930451975
8.12006932507	3.71714842964
7.84548801142	3.63519481837
7.61810947407	3.57051567921
7.41064656484	3.51408288554
7.21727040885	3.46003970135
7.0905602523	3.42382893331
6.8566189404	3.35735396684
6.54690134889	3.27104252543
6.28604280848	3.20061908999
6.09601049402	3.14724757991
5.87471757598	3.08514969103
5.49911385013	3.00476922812
5.15691447852	2.92382768792
4.87909479204	2.8582179785
4.45619025139	2.79087466988
4.15295333237	2.7382818418
3.86800807674	2.66581322514
3.69681608072	2.62636729978
3.53758399027	2.57804472673
3.24875940523	2.47953063979
3.1451066066	2.44399981681
2.9711009042	2.38523047547
2.83198190304	2.34256319001
2.65049657944	2.2609493106
2.3739888326	2.14144279609
2.11023460567	2.06251194652
1.92015048426	2.00219041808
1.79073310066	1.93943338671
1.56495676682	1.88760054954
1.31393369801	1.76690239924
1.1648133939	1.6943953596
0.877000255997	1.55616755766
10.2707752174	15.7117189085
9.89345466159	15.8009503195
9.60623776736	15.9083555911
9.36693305956	16.0005112968
9.09311334217	16.2334766241
8.96634874354	16.3039958484
8.6649720105	16.4522167573
8.40887942009	16.5316165812
8.23540691185	16.5832705171
8.07172103583	16.6261778232
7.94705798478	16.7112786614
7.58666522805	16.8458436089
13.2105601578	-1.67190521025
12.7946652122	-1.65146163119
12.7038858693	-1.59533215155
12.585587812	-1.53589877128
12.4655246834	-1.50073842776
12.2704578893	-1.43530523794
12.0890439323	-1.40764664409
11.8700855589	-1.31595001726
11.6551653358	-1.32239205783
11.4466326924	-1.32430684028
11.2010442304	-1.33323770949
10.9459823578	-1.3378508314
10.7908666172	-1.34874603105
10.6424216066	-1.35890877857
10.4260177723	-1.36695744218
10.1213627676	-1.3961876252
9.78804754654	-1.44100253634
9.54253053695	-1.47857262825
9.36548813577	-1.5043655727
9.2094317579	-1.53215275141
8.97757019077	-1.58026365853
8.77919439949	-1.62554176908
8.55577796822	-1.70632855336
8.17663167335	-1.94943065115
3.78815213527	-10.4265891644
3.62265030692	-10.5970146184
3.4688380115	-10.7073888663
3.21968400053	-10.8937087972
3.05364404452	-10.9772885419
2.84201118343	-11.0365963985
2.76144925326	-11.0768499993
2.58057931409	-11.1798809383
2.43582622709	-11.1782658318
2.25423738933	-11.290449035
2.07569164031	-11.3830326606
1.89006458307	-11.4740406786
1.38512931986	-11.8316973426
1.21634741927	-11.9635886816
1.04563384706	-12.0943474627
0.722400166744	-12.3934259201
0.45206943828	-12.6304590235
0.383030720589	-12.7100301179
0.295151482146	-12.825586996
0.198892139967	-12.9660926867
0.129034806042	-13.0696664683
0.0244042329207	-13.2376121518
-0.0615934496034	-13.4426043846
-0.133133873794	-13.6334120823
-0.194441364881	-14.0224689726
-0.228883615033	-14.151193267
-0.257331757167	-14.2308531939
-0.287657443549	-14.3816782509
-0.302269015415	-14.444559967
-0.341819464182	-14.669801801
-0.367566769526	-14.9235043509
-0.378149251425	-15.1008372758
-0.384568529503	-15.1867713128
-0.366749889182	-15.3273817673
-0.496373151589	-15.711432048
-0.528472866722	-15.835318956
-0.570963409672	-15.9484724111
-0.53023091528	-16.2620444924
-0.546097410002	-16.4708740544
-0.564886691089	-16.5768060243
-0.651876160396	-16.7978275782
7.55150247577	-16.5818162783
7.330952064	-16.6307569285
7.02898246927	-16.7541177519
6.8104375369	-16.7864349786
6.68107265396	-16.8109473252
6.48291642937	-16.8462055605
6.33120519566	-16.8869676427
6.04400370659	-16.9719414577
5.66700453659	-17.0819519898
5.34346631686	-17.1664556119
5.10804526402	-17.2215499894
4.82667436237	-17.298385437
4.53779199871	-17.3508110342
4.45119929571	-17.3670348865
4.22366978999	-17.4008423901
3.97035259128	-17.4316494236
3.77558024814	-17.4394280312
3.37046943152	-17.4733467538
3.15152989977	-17.4810681347
2.90979017273	-17.4802015356
2.67096296528	-17.4734822573
2.37335685617	-17.4570744634
2.186857192	-17.4353984102
1.85805385649	-17.3813969888
1.72874624082	-17.3736135936
1.54112555346	-17.3904613928
1.34718568938	-17.3421868139
1.16124250166	-17.2951536783
0.973849750977	-17.2487805934
0.628766913205	-17.1639575069
0.402871690823	-17.1002066103
0.0870558738423	-16.9968156348
-0.0173437980725	-16.9327514252
-0.101665020444	-16.9097816477
-0.27433548043	-16.875689097
-0.472121648718	-16.8229475143
-0.651961055146	-16.8007602811
21.9456358703	-9.06709068347
21.9482753683	-9.48439411039
21.9352598166	-9.61364796109
21.7855342621	-9.91861160986
21.6305154494	-10.1131035201
21.4756301914	-10.3121771702
21.296088309	-10.5852792397
21.0767443887	-10.8503674263
20.9163174413	-11.0540717537
20.7033273184	-11.2918032494
20.4596393502	-11.6001154158
20.3401676383	-11.7159889471
20.1982140163	-11.9338995136
20.1519417758	-12.1174633611
20.0815738707	-12.1873450443
19.9260559637	-12.3556870186
19.7731320229	-12.3944463009
19.4638771382	-12.5348923998
19.3816861569	-12.595768947
19.3397591331	-12.9043341389
10.9231128719	-16.5057255491
10.7959286285	-16.5359526643
10.5141633872	-16.5140499209
10.320804947	-16.5092258757
10.1015119153	-16.4982965419
9.6929608105	-16.5224422657
9.38874728827	-16.4944847532
9.17817615496	-16.5056082146
8.98938472002	-16.5196194702
8.82890635089	-16.5289010762
8.66673660826	-16.5377492101
8.52053193078	-16.5531064383
8.2375805711	-16.5784564343
8.09068290518	-16.5937824427
7.86700494522	-16.5572303651
7.5473975474	-16.5822188909
8.17654913838	-1.94951456213
8.08824659866	-1.75040959916
7.96164150594	-1.62706645432
7.89051664	-1.56230606589
7.80764521215	-1.52181802771
7.62943828914	-1.48465609882
7.36187747843	-1.22706177959
7.16883666496	-1.14352153228
6.999533751	-1.04242315284
6.87930578283	-0.992750048533
6.72589229352	-0.904657143973
6.3517332542	-0.755589271203
6.19023534386	-0.71031330201
5.85651190032	-0.644003264615
5.58970015623	-0.611409217102
5.35613884891	-0.594216432434
5.17517036921	-0.591247654366
4.92422744868	-0.607684092617
4.80823866458	-0.626114070174
4.6867643761	-0.640362762296
4.39256300157	-0.702103221208
4.20143127459	-0.756218803511
3.97747783718	-0.8346283474
3.65273418537	-0.985867074736
3.4541149286	-1.08188487616
3.31837010943	-1.15599088665
3.13992651103	-1.27725141684
2.87842844829	-1.47496666632
2.60283191311	-1.68963954089
2.32955764832	-1.95992114008
2.11745296086	-2.17696290125
1.98174044977	-2.32963465695
1.89791460882	-2.41699651019
1.81965028439	-2.53260643402
1.65721259867	-2.72344731264
1.47402274848	-2.94933144019
1.31052429711	-3.13752206344
1.16905105646	-3.33787135072
1.10254878977	-3.48323485227
1.06332871792	-3.56462627151
0.94554093728	-3.70192803756
0.840160758443	-3.80277794521
0.743886483254	-4.04840653579
19.3398942378	-12.9043266014
19.3810804747	-13.1555761667
19.4443174992	-13.3099148822
19.4373291712	-13.4897120629
19.4372635733	-13.6114932902
19.3350474811	-13.8212185567
19.1336333892	-14.3264492533
19.115013139	-14.3412910618
18.961197466	-14.5915698211
18.9050315883	-14.6751834807
18.8433280463	-14.7611820109
18.7319007156	-14.9151715759
18.4889625582	-15.2316621592
18.19963022	-15.5372970884
18.0827419539	-15.6604621218
17.9787537713	-15.7611174633
17.8080704131	-15.9117193514
17.647567333	-16.047552477
17.4748439087	-16.1819737546
17.1443638162	-16.4034197555
16.8927919719	-16.5623401133
16.8179414385	-16.6058966122
16.6375474426	-16.7025124951
16.414144502	-16.8190711127
11.4607880248	-19.1179991397
11.0599455167	-19.2330518264
10.8350142199	-19.2832361344
10.6116382969	-19.3370354579
10.4688037226	-19.3696357234
10.2472808014	-19.420898812
10.022850599	-19.4869926066
9.88899840279	-19.5102522551
9.65439344943	-19.5502127785
9.45793163216	-19.5815100505
9.3773739127	-19.5935301978
9.19470393364	-19.6152696992
9.05113129223	-19.6346956146
8.79748389763	-19.6698504497
8.50066083359	-19.7083203173
8.28142152047	-19.731115396
7.9830399317	-19.7609850983
7.82693554232	-19.7707727492
7.60899212758	-19.7912879897
7.46015078333	-19.804292375
7.13488289063	-19.8292627918
6.89178767163	-19.8523354277
6.63475911725	-19.8731728837
6.22127823107	-19.9069353418
5.84087695595	-19.9321598744
5.58706043082	-19.9461053302
5.54684184359	-19.9500430765
5.15915450128	-19.9757856805
4.85795235196	-19.9979307668
4.67854015318	-20.009135122
4.5333717331	-20.021138709
4.20282577964	-20.0392773308
4.00956096147	-20.043302138
3.74208741453	-20.056049434
3.6392395886	-20.0631453832
3.2462561137	-20.0806744123
2.67930097063	-20.101467652
2.48685874793	-20.1085770905
2.13297959825	-20.1159456563
1.83764038181	-20.1208833262
1.56299299118	-20.1254642183
1.16674006307	-20.1298953138
0.980529197734	-20.1302770747
0.810730016658	-20.1328848697
0.541367881904	-20.145926658
0.23338902842	-20.1442055572
-0.161883917537	-20.1397419536
-0.445236215205	-20.1370101151
-0.716746190819	-20.1299273553
-1.04632763985	-20.1165089046
-1.27396702515	-20.1053833469
-1.34815711216	-20.1019887895
-1.44113535764	-20.0964985991
-1.55110243068	-20.0901400394
-1.64107956514	-20.0865792091
-1.90710462328	-20.0551779605
-2.27471056807	-20.0172509982
-2.37566975134	-20.0068884485
-2.63378935783	-19.9714872834
-2.80288688143	-19.9410653379
-3.09927379637	-19.8940725206
-3.46612083129	-19.8306696864
-3.60386038508	-19.8111135921
-3.95027745259	-19.7456281705
-4.40181550173	-19.6293323558
-4.52620136185	-19.5892390239
-4.75229318978	-19.5098400781
-5.07550877489	-19.5189450737
-5.39104678342	-19.4246611817
-5.54833927812	-19.3360147547
-5.65802213039	-19.2808844885
-5.84887595269	-19.1990688234
-22.7652274552	11.1027854193
-22.9215553619	10.7847604008
-22.9966779992	10.585332016
-23.0439587439	10.410159621
-23.1017062283	10.1793328339
-23.1386248328	10.0437402807
-23.1549490749	9.91692020481
-23.1767579617	9.78594885253
-23.1811370519	9.58942798418
-23.188609772	9.4765950139
-23.1889653358	9.29048754242
-23.1910127597	9.21710248165
-16.8245062376	-0.705328621312
-16.8066826359	-1.01303934294
-16.7441510199	-1.41863329708
-16.6916669166	-1.63424053018
-16.5914732552	-2.01921536183
-22.7710494377	11.1046279356
-22.5539735998	11.4423695763
-22.297079127	11.7384080446
-22.1454718581	11.90683259
-21.9786027856	12.0603846137
-21.6975782234	12.3522480865
-21.5643374342	12.4533254214
-21.494109775	12.5319131907
-21.2967577399	12.6491704239
-21.2327516688	12.694204018
-21.100424124	12.7582015618
-20.9809409575	12.7979681871
-20.8238317515	12.8721629571
-20.4558405351	13.0177411417
-20.314082158	13.0385341348
-19.9830952391	13.1175444711
-19.5942366231	13.0986452995
-16.5914999014	-2.01933890234
-16.7672208307	-2.09002921545
-16.9511228473	-2.12058111588
-17.1326528327	-2.17511547018
-17.5986103849	-2.16070535337
-17.7222863803	-2.14323402178
-18.0621151593	-2.08685784812
-18.8446865904	-1.93655205571
-19.1871692468	-1.85545698308
-19.4212161197	-1.78011155107
-19.7551064069	-1.67890620403
-20.0806232607	-1.5454866692
-20.2201520137	-1.48694087955
-20.3156383772	-1.41421781199
-20.449370325	-1.32637248733
-20.5160068336	-1.27794822051
-20.6083619985	-1.20686684879
-20.6669884599	-1.13748919617
-20.7444518492	-1.06178693345
-20.9179292119	-0.890726625992
-21.0132248028	-0.798673791089
-21.1178719304	-0.687658264943
-21.2274552755	-0.461891983314
-21.3488715136	-0.262624985004
-21.4293882124	-0.125641689307
-21.4937612359	0.102055339147
-21.5348067034	0.274467458228
-21.6714455827	0.67286069812
-21.7316882513	0.864372146184
-21.7681341423	1.09953834157
-21.8058648264	1.28749033605
-21.8455176776	1.60844446125
-21.8552710694	1.98580358482
-21.8619048886	2.27452664112
-21.8616422923	2.45184363457
-21.8887838884	2.68711172954
-19.697435566	8.08953744348
-19.4119288624	8.38709940219
-19.6972993615	8.08941390584
-19.6845672305	7.69704210581
-19.6561166601	7.57044300233
-19.6058051816	7.08929806951
-19.5964362792	6.92515412237
-19.5797737283	6.63441021824
-19.5496035357	6.42465557919
-19.5468486078	6.24016359637
-19.553729802	6.0898347506
-19.5631285367	5.86522115377
-19.6021774008	5.50565195964
-19.6517281155	5.15160590858
-19.7252417781	4.80376225828
-19.7253395159	4.64702884411
-19.7435317876	4.54977408742
-19.7623214064	4.45717405033
-19.7960843919	4.30255537239
-19.8206484731	4.1987673424
-19.8651229246	4.00336837506
-19.8891940233	3.58929408772
-19.8842643833	2.7361396734
-19.8889099535	2.53297944886
-19.874687418	2.40831645069
-19.8448191967	2.30094962545
-19.8220950568	2.16829085782
-19.7774920314	1.9967949773
-19.691765124	1.72177328636
-19.6548149458	1.57462568088
-19.5632589268	1.40958601326
-19.4943702684	1.29743104914
-19.4022938541	1.18507941916
-19.3074564179	1.05060274414
-19.2397296255	0.941458957885
-19.1211406308	0.796925534935
-19.0060914111	0.714243141201
-11.7840009648	-15.4964378771
-11.4678722502	-15.7019976719
-11.2480749153	-15.8758041949
-11.1220357539	-15.8659778768
-10.9266365618	-15.8725019843
-10.7182709316	-15.8113498701
-19.4117447989	8.38705099524
-19.4123439149	8.72863789969
-19.3325084842	8.9076751813
-19.2628519267	8.96298659462
-19.0867460431	9.09047032603
-18.7361638295	9.23671589587
-18.3832279261	9.35800018363
-17.0461058233	11.0454870346
-14.4951667372	13.7944292885
-14.0634374713	14.0473055837
-13.6368407779	14.3179763481
-13.4437092213	14.4421739469
-13.3428360377	14.5094365544
-13.1414664072	14.6211866668
-12.9733108672	14.71075224
-12.6524971982	14.8609377445
-12.2229599294	15.0838985731
-11.9142549132	15.2770057129
-11.5980135366	15.4739048663
-11.2931566169	15.6231445612
-11.00675786	15.7719577379
-10.8664335981	15.8184874072
-10.6399194939	15.8999317819
-10.3706499757	15.9846229897
-10.1975588483	15.9979661199
-9.83381488771	16.0055047886
-9.68305642629	15.9866908583
-9.45200204342	15.9329350804
-9.22171642498	15.8865809052
-9.0562592672	15.8536458871
-8.90438682152	15.8080948929
-8.80786790893	15.7806612302
-8.65711337773	15.7389261001
-8.50014213856	15.6818497034
-8.33242501812	15.604082753
-8.20419185507	15.5386949341
-8.04744795968	15.4346737861
-8.01038864109	15.4024969681
-7.82240884168	15.2329644714
-7.70554830697	15.1295623236
-7.59309630293	15.0101297823
-7.52798180133	14.9312132757
-7.49027171224	14.8916251725
-7.43299044266	14.8061590528
-7.40169414247	14.7307446603
-7.37211784452	14.6126349393
-7.26099556327	14.4785598159
-7.22787094262	14.3976396374
-7.14046368303	14.3078022088
-7.07893052556	14.1299546554
-7.04130515722	14.0287392953
-6.9835067928	13.8191341962
-7.52801027768	-20.9409653407
-7.37428101611	-20.8674725235
-7.29544323363	-20.7374595661
-7.24878533334	-20.6817569567
-7.13503095772	-20.6115396196
-6.9878232719	-20.5217563329
-6.86105968988	-20.4294130949
-6.73779479497	-20.3490782645
-6.65025103395	-20.2831232054
-6.57364132249	-20.173453366
-6.46777241209	-20.0528121212
-6.09097297879	-19.7670031945
-6.03358614433	-19.6265342469
-5.99044835918	-19.4500068681
-5.84381326005	-19.199127147
-8.73666094933	3.07881973904
-8.47291283993	2.89333970369
-8.08841426817	2.59155390521
-7.96495760459	2.4322185748
-7.82156341342	2.3381474849
-7.64505533634	2.25204974506
-7.47820658982	2.11757547571
-7.36029040069	2.02950147214
-7.3157322092	1.99303760044
-7.07215750404	1.85493382657
-6.94825457487	1.81542796827
-6.85468927834	1.75179629377
-6.68337437993	1.56907583745
-6.55944894748	1.41172349416
-6.32049277887	1.33391332488
-6.19400477468	1.1776427054
-6.16755494567	1.15644696417
-6.06717867804	1.00915712552
-5.95701471817	0.867288079917
-5.84942375928	0.579020388062
-5.76020088604	0.419958638807
-5.70138023947	0.273734113062
-5.63479147249	0.134992341968
-5.56335499098	0.029443412484
-5.42654405072	-0.122151676189
-5.28454758857	-0.499255300168
-8.73525664617	3.07882175648
-8.90142371077	3.38253052014
-8.96085705006	3.57494325227
-8.98176907136	3.84332096244
-10.0450150715	18.0689901833
-10.0150663235	18.3556415041
-10.0536672859	18.5866844728
-10.1775825344	18.8433513767
-10.0450150714	18.0689901833
-10.1681456386	17.8902953586
-10.3502008459	17.7395025467
-10.703623602	17.5088413938
-11.238107121	17.1083856203
-11.749615208	16.6963073902
-12.0693733912	16.4187215185
-12.3120853301	16.2167969685
-12.5308931039	16.0185189102
-12.8321372833	15.7907478949
-12.986360961	15.6701656461
-13.2506496485	15.5289202476
-13.6565180383	15.2832795759
-14.1712968834	14.8926450843
-14.4733764542	14.6427809839
-14.6328276395	14.4855970913
-14.8671782344	14.2546199233
-15.230273101	13.9094761182
-17.3948674984	10.7177122151
-17.6301581432	10.4620784948
-17.7262999925	10.2032179438
-17.8154018201	9.90663337278
-10.1775725543	18.8433533736
-9.65143704962	19.1179156482
-9.3874576865	19.2676347345
-9.17435411881	19.4051960059
-8.76147204005	19.6109457074
-8.19512578369	19.83491766
-7.82058232456	19.9535379885
-7.45060877573	20.0675704885
-6.8572505359	20.2393883106
-6.66655804055	20.2662546999
-6.10403768607	20.283507762
-5.76590184381	20.2656291487
-5.48874282988	20.2346588559
-5.16419603102	20.1157571931
-4.83259989341	19.9645482765
-4.70200822926	19.9369643259
-4.54258678109	19.7869529178
-4.30070012488	19.6043716903
-4.12138408548	19.4690679787
-4.04529009275	19.3507852032
-4.11883858198	19.0510397999
3.15189978979	16.171924481
3.0287457267	16.3231144598
2.80691399437	16.4392764316
2.60553452485	16.5127993755
2.29666605531	16.6211126636
2.11824642785	16.7097455102
1.82989692644	16.8739888516
1.613260193	16.9799753843
1.4501386314	17.0567864543
1.24070991275	17.1626762598
1.07845095992	17.2617535713
0.899079677951	17.3360595854
0.745221290078	17.4135804911
0.524673094902	17.5138563164
0.27004325778	17.6262895814
-0.160986639221	17.8085534443
-1.01594430709	18.1552316919
-1.45889443274	18.3137783524
-1.76056410357	18.4144244219
-1.9932000225	18.4978617527
-2.3135617682	18.606633714
-2.54547912278	18.6826334837
-3.02964500956	18.8471092623
-3.23567649265	18.9170409589
-3.35939269636	18.9527597764
-3.45205089912	18.9801344673
-3.60426936744	19.0262255553
-4.11883858209	19.051039798
6.15170099293	10.7910223589
6.34766209521	10.7789025683
6.63482434306	10.9249327971
6.70500295752	10.9591542579
6.89822348572	11.0454391103
7.34637611736	11.178472435
7.48105309101	11.2189584205
7.68905105045	11.2758182481
7.82081258383	11.2859756606
8.05127222611	11.3580744858
8.14867774874	11.3888032795
8.19996416661	11.4095849366
8.35292058138	11.5095265919
8.69251108392	11.6753170389
8.96358994236	11.7846871325
9.0761927855	11.8299552298
9.16964867765	11.8655301201
9.33222340125	11.919682267
9.4457451647	11.9678526321
9.54651638387	12.0072369568
9.67086883576	12.0575852198
9.81181624612	12.1152685867
9.92385763282	12.177249154
10.1550430073	12.2764536751
10.447901818	12.4246410665
10.5397798294	12.4756563124
10.6716796159	12.5290870355
10.8028342951	12.5515639835
10.958242201	12.5890326171
11.0806674692	12.6225010135
11.1511346504	12.6538295019
11.2850644145	12.7627105295
11.5714018549	12.9226479312
11.7321572585	12.9586016757
6.15170099293	10.7910223589
5.92535073904	10.9151459823
5.80595425791	11.0811380881
5.70420097035	11.2593494803
5.63554150936	11.3747459429
5.50233252046	11.5132209506
5.38513297979	11.6289465937
5.24732833057	11.7296628392
5.02295629579	11.9767775485
4.77367386354	12.2229840377
4.56979089888	12.4313338318
4.48225066759	12.5255491784
4.32045854985	12.7096692738
4.17463684068	12.8886607941
4.04421772746	13.0539316876
3.8053190836	13.3952495395
3.56658784359	13.7523529071
3.35147508764	13.9966510647
3.27949749536	14.1293498839
3.01366769519	14.2541102274
11.6934406384	13.0428385025
11.7600851676	12.9085355705
11.8657167414	12.5042871618
11.9529145371	11.8690932167
11.9792478295	11.6497056353
12.0444506732	11.3262601485
12.0696044259	11.1270275962
12.1343053611	10.7440520984
12.2061582913	10.3215736303
12.2726159229	10.1042896547
12.2984847779	9.87616241683
12.3250005198	9.65102470757
12.3498917493	9.3985858016
12.4142551726	8.7173265974
12.4481627559	8.24235421593
12.4837613465	7.87037830988
12.4956096397	7.66517115551
12.4733736371	7.57391434691
12.4715349974	7.35880168776
12.4482439915	7.14964591411
12.4184625193	6.76106604174
12.3475724975	6.54500579095
21.7746728879	-8.03277603295
21.9131115125	-7.93193181969
21.8750988254	-7.71934708231
22.0129021679	-7.61873919239
22.0553962038	-7.49472596421
22.0542296611	-7.31932256299
22.0481621003	-7.06573889802
22.170677849	-6.84527599082
22.2348891302	-6.69878341214
22.2914221503	-6.57686505146
22.3991908647	-6.40090453334
22.2834213881	-6.2555436217
22.2424785542	-6.03978393299
22.3853142189	-5.86451172562
22.4596292033	-5.65775569865
22.4555686612	-5.54339389401
22.4329873723	-5.38750791312
22.4516936919	-5.21496064622
22.4603047658	-5.03416896506
22.4428756766	-4.94174574381
22.4069351075	-4.76804112372
22.3670558423	-4.50253889058
22.3362665947	-4.3290892759
22.2816313401	-4.1664508754
22.2308477382	-3.96615971159
22.1891247311	-3.7659791186
22.1175421744	-3.46602595288
22.0124070268	-3.06968560722
21.9254856715	-2.75911690407
21.9089404607	-2.70513184281
21.8235860898	-2.39756742938
21.6989369018	-2.02248557396
21.6074388515	-1.73725843573
21.5601441478	-1.61042753142
21.3992302093	-1.1739527149
21.244226461	-0.813090140371
21.1763111321	-0.575661241385
21.1352167729	-0.470370173359
21.0764176098	-0.326800107103
20.9827664928	-0.135747464648
20.9214855329	-0.0291654991913
20.8832917479	0.118889184976
20.8790913782	0.207077163812
20.7392222257	0.372265955464
20.7085312497	0.601691347775
22.3102709527	-8.26813324795
21.8615616871	-8.36583429092
22.2828266963	-8.9069359727
22.0376963967	-8.9093209266
21.9102764347	-8.84204823816
21.945635871	-9.06709068394
-3.96517924825	9.07693156599
-3.65739667516	9.3077587562
-3.44406113497	9.38796882551
-3.12366415894	9.52304438493
-2.70449646652	9.71959030142
-2.37148107617	9.93875583744
-2.18205424408	10.0411962641
-1.87967734715	10.2055231512
-1.53214051074	10.3974858377
-1.38489180252	10.4879062149
-1.22229479177	10.585568249
-0.968566318628	10.7346874449
-0.826144215641	10.8282645156
-0.594336800689	10.9715837002
-0.39420944892	11.1061461884
-0.0610433534703	11.331347185
0.192216319216	11.5028155152
0.517556940772	11.7283549007
0.687669013864	11.8468965049
0.835091054449	11.9603906155
1.06073757181	12.1249638033
1.15824664614	12.2040394187
1.27336334323	12.2837568339
1.37961659472	12.3690413043
1.46690893785	12.456662117
1.61852548364	12.5723149969
1.73472393003	12.7177376253
1.86820283353	12.8277220027
2.04452879319	12.9902711859
2.15192507705	13.1428111749
2.22201371553	13.2725407264
2.29443629622	13.3571354281
2.4559204037	13.7215575019
2.63994885864	13.8294278602
2.76473378878	13.9646169377
2.81441309089	14.0725416174
3.01366769519	14.2541102274
8.86052597281	18.0006569661
9.1710533339	17.6107504727
9.25167215706	17.4754353474
9.38042136261	17.3262814618
9.55101690268	17.1745021092
9.6265364608	17.0639159516
9.72585800326	16.9178562235
9.94618640864	16.5620434084
10.0613402731	16.3640584318
10.1621155689	16.1020681558
10.2260485729	15.9225532325
10.2707752628	15.7117189462
8.86059721293	18.0006349021
8.59035988701	17.8452456705
8.44188285397	17.7406964723
8.35007121116	17.6692050093
8.20268352185	17.5429005253
7.90556697663	17.2949751552
7.81270443592	17.2128181756
7.58671990999	16.8459413807
1.23817824618	-6.33446134272
1.13368524197	-6.17699017616
1.08786249828	-6.11421666311
1.06929774822	-5.90083347699
1.10142990167	-5.54281406614
1.06773409816	-5.39599829663
1.03745172214	-5.29537171669
1.03408397225	-5.13213061148
0.966859987731	-4.81536115059
0.922686144671	-4.72776906574
0.949068243174	-4.50552734061
0.913573607243	-4.39368215214
0.894967790118	-4.28078722685
0.744151627417	-4.04841337985
13.0454002517	-12.459794626
13.2703779401	-12.3426402514
13.4779670418	-12.2756163556
13.554339091	-12.2457817803
13.6514136386	-12.221061997
13.7824984739	-12.1661540724
13.9305008934	-12.1226102971
14.1243555675	-11.9368044247
14.2904735536	-11.9177997469
14.494209796	-11.870781651
14.7454665262	-11.8437474675
14.9864965602	-11.845621472
15.2786713254	-11.8540086442
15.3833096022	-11.8669234808
15.6392398905	-11.906580565
15.9790271025	-12.0023904008
16.1545111961	-12.0762612746
16.3065696331	-12.1421324712
16.5131060475	-12.1838149315
16.7435100803	-12.3533276738
16.9592724255	-12.449140186
17.0457950653	-12.5241392313
17.2239048577	-12.6977203604
17.2853978075	-12.7466619694
17.4595520865	-12.9114410837
13.046449763	-12.4530221467
12.9355365051	-12.8536653578
12.9236841567	-12.9429840778
12.9081964325	-13.0640959582
12.8790250528	-13.2475361048
12.827297214	-13.3815455795
12.7650564279	-13.5337563879
12.7480428969	-13.6215971821
12.662584082	-13.8429256814
12.5406946715	-14.1731086784
12.3876023344	-14.5082833746
12.2825692415	-14.6942589076
12.1926614943	-14.8506632473
12.0430875457	-15.1188495707
11.9054922213	-15.3947860231
11.7610474982	-15.5879070926
11.6550020035	-15.7236741951
11.5494740914	-15.8415300443
11.3968633549	-16.0389066829
11.2445386991	-16.1610198532
10.9231128719	-16.5057255491
13.014079801	-6.06008000044
13.0473469442	-6.28626024801
13.120450515	-6.41720337384
13.1863581752	-6.54255631494
13.2648145524	-6.70601714676
13.3685004351	-6.90376680706
13.520866513	-7.13601468109
13.6102425084	-7.25289331294
13.6705542983	-7.35631596476
13.7949780387	-7.45640636984
13.8945787154	-7.60406471369
14.0044829999	-7.78066587274
14.0959117975	-7.92165643325
14.2929534227	-8.14138861388
14.6323285335	-8.57748980127
14.7092101665	-8.66108296005
14.8536692682	-8.80076740998
14.9642733488	-8.8995297647
15.0813178817	-8.9705893956
15.2018017101	-9.0379950491
15.4110797517	-9.17330335099
15.5780691355	-9.26571482069
15.7970643954	-9.32447944958
16.0110204914	-9.35828053927
16.21902488	-9.38928877817
16.3743075469	-9.3975328362
16.4836007681	-9.40376693992
16.6218606519	-9.40179667532
16.7611422169	-9.4149164093
16.8774889839	-9.41182600828
17.0583218767	-9.39971570461
17.4441099744	-9.37447184965
17.6412457382	-9.36765266104
17.7731609716	-9.36293867242
17.8859841469	-9.35528560351
17.9829631003	-9.35546618458
18.1935817002	-9.35885713711
18.3860521075	-9.34476028393
18.5644093184	-9.34831485346
18.708616482	-9.34019681391
18.8894532218	-9.38576006551
19.1997677263	-9.38656025345
19.3159819352	-9.37887922683
19.42214607	-9.3712733972
19.6835726595	-9.33313387687
19.8645376378	-9.2910230706
20.0280859607	-9.3131322153
20.1873800038	-9.29719364944
20.3570755547	-9.24847033412
20.4365581162	-9.19531792576
20.5702657882	-9.2659845207
20.684711194	-9.15443988935
20.8176426706	-8.94441422772
20.9330791539	-9.03009547807
21.1850216248	-9.19632318868
21.3518079423	-9.18455063605
21.4968507511	-9.13177781822
21.6845994631	-9.16436751283
21.8730421611	-8.9791836211
17.4636164865	-12.8946224319
17.4591242075	-13.3029016765
17.3715004742	-13.4954112728
17.2047567181	-13.6469666014
17.0790115366	-13.7576549475
17.0377530685	-13.7762604387
16.6971129824	-14.0826952499
16.4986111388	-14.2929724652
16.1760220587	-14.5562106344
15.673505708	-14.9408182079
14.961270032	-15.5280891929
14.5013423994	-15.8318112765
14.2089315472	-16.0006426272
13.9117787766	-16.1567303377
13.6738936735	-16.2543320485
13.3629019983	-16.3707450869
13.1326101194	-16.445841452
12.5784866305	-16.5717811697
12.3239396714	-16.6167714836
12.1584179204	-16.6437651118
12.017984972	-16.6676578542
11.7490196274	-16.6678990573
11.6078405806	-16.611862414
11.3823294948	-16.5730110232
10.9231160901	-16.5053889507
3.78795090418	-10.4266556566
3.95579605412	-10.2187434853
4.13730633658	-10.0157451419
4.20543744329	-9.87101804928
4.3406112673	-9.66265237921
4.45028202187	-9.45876766184
4.63032247446	-9.17014157725
4.77860771061	-8.87798759465
4.8168797188	-8.81334192805
5.03884699253	-8.42965173116
5.19710254404	-8.16513167237
5.3633486413	-7.89007383813
5.4286539193	-7.77733433706
5.52091528947	-7.61501668543
5.61635744248	-7.42966990286
5.76464224427	-7.168268263
5.94997925648	-6.83966914112
6.13541689775	-6.4839925301
6.3193302807	-6.11966490378
6.39199303573	-5.94989040261
6.53857836577	-5.64415822327
6.70211855962	-5.29271077206
6.80691518729	-5.07304712913
7.07268129562	-4.4912159991
7.21108452847	-4.15385069961
7.31761911199	-3.90339667924
7.4624575602	-3.56351452899
7.62220280448	-3.15563561194
7.71470853966	-2.92026005891
7.86362095752	-2.5579178494
8.09808366547	-2.22721402588
8.17657047648	-1.94948755071
3.78795090418	-10.4266556566
3.93004433219	-10.6488433154
3.98101477455	-10.7516412798
4.04738404419	-10.9295968874
4.09516325109	-11.0468441136
4.15057523268	-11.221324248
4.23173033348	-11.3265527605
4.54411651735	-11.5578935911
4.73001318796	-11.7736836561
4.89842620284	-11.9183925054
4.98956522663	-12.0047803148
5.17375667392	-12.1851300086
5.26371500987	-12.2896133608
5.45276488032	-12.5138531152
5.53744546686	-12.6386388346
5.63693449037	-12.763680463
5.77096115226	-12.9336405046
5.8939344743	-13.0886172389
6.04378589651	-13.2915956773
6.14168534306	-13.4476637132
6.19793435398	-13.545272324
6.30738553089	-13.7433249043
6.50976289777	-14.1067247436
6.5691483852	-14.2292661786
6.66039519603	-14.4178447978
6.78150990044	-14.6622804381
6.97440779119	-15.0755180994
7.04531532969	-15.2350759814
7.23351587823	-15.4942165921
7.28174418618	-15.59469842
7.37028702044	-15.7548477183
7.41260530499	-15.9310109996
7.51945583428	-16.151724583
7.49624514294	-16.3367377527
7.55222221493	-16.5813477199
