1309 0 0
8.86933393455	4.91143455568
8.60568376503	4.86800614602
8.35714719443	4.88422217752
8.14146374246	4.88733882222
8.00818288153	4.86514681747
7.85119972314	4.84349104153
7.61733310691	4.82066288019
7.33007052772	4.82078847146
7.01170630923	4.76175339412
6.76050213952	4.71388326502
6.5211266828	4.69168423832
6.31344169995	4.64192731274
6.19239683638	4.60615815165
5.86203904652	4.53543023924
5.62886937127	4.49661575664
5.4194425445	4.49479633977
5.17438304772	4.59129738436
10.2689552192	-16.0286863206
10.2668815328	-16.0367530663
10.1960924814	-16.2097723821
10.2617041448	-16.0410716513
10.2560482588	-16.0586054631
10.1958233441	-16.2099630969
3.31191466926	-12.1833595645
3.51214940541	-11.9853344827
3.79099128787	-11.9395626052
3.8832033314	-11.94646088
4.07891720836	-11.9135878409
4.47432641902	-11.9255381293
4.6685097776	-11.896688485
4.96161319239	-11.8301837872
5.14730741143	-11.789458335
5.36728404027	-11.7423504188
5.52183734751	-11.711189282
5.72439502524	-11.661520367
5.88658403916	-11.6255996721
6.10232378732	-11.581121825
6.28971429203	-11.5328311106
6.54425334951	-11.4847978234
6.86843963877	-11.4338776194
7.1114750015	-11.4006489015
7.26622933792	-11.3715004301
7.50943563949	-11.3108803418
7.64231130132	-11.2883304595
7.83055616047	-11.2687234205
8.0027634343	-11.236314228
8.12129891605	-11.2110700403
8.19344094466	-11.2303213218
8.46519842444	-11.241799459
8.7703975859	-11.2163340138
8.91177370701	-11.2195104839
9.17982027959	-11.2104437892
9.30953161358	-11.1730537256
9.43384947291	-11.1781022674
9.53507864818	-11.1969773612
9.80972912157	-11.3282201244
3.19172327286	-14.051986777
3.17606423313	-14.0381566583
3.16826936228	-14.0317061844
3.10339595353	-13.9707533545
3.00535584477	-13.8510131216
2.90644760105	-13.7514041653
2.7992659987	-13.555343407
2.65160418144	-13.3935139506
2.56933212123	-13.264955779
2.45860273388	-12.9642040647
2.34149098728	-12.7546712706
2.35525529397	-12.3972128143
8.51048347606	12.0777977402
8.79721894908	12.495938652
18.8621075554	8.1035905961
18.7881621007	8.46254129376
18.7390042199	8.56781355869
19.0280826269	8.75411978859
19.0271362262	8.85797405325
18.7892717303	9.06298565983
18.7943692426	9.18428438587
18.8025231891	9.2547757933
18.902103703	9.3564688593
18.978309264	9.4754492207
19.0485379635	9.57622965164
19.1293565773	9.71109728726
19.19043031	9.77519380718
19.3190269926	9.86321218409
19.4935161622	9.89133869227
19.5694173724	9.91928192741
19.7212819692	9.97477800311
19.9433398997	10.0104006634
20.0946881827	9.9916474295
20.204837093	9.90669012446
20.2847811921	9.81398016661
20.31653179	9.74834977334
20.348209932	9.62568615984
20.3802323749	9.36920092773
20.4363898585	9.3169152178
20.6131403319	9.24954922991
20.6379486082	9.21430659812
20.6772497727	9.14381205257
20.5982346914	8.88512502596
20.590255578	8.79491493101
20.5749311848	8.66777960465
20.3594991149	8.57170234302
20.4515066759	8.34989615313
20.361863888	8.26391550196
20.1798527192	8.17064007904
20.0088160009	8.0956739649
19.8983250448	8.03868198176
19.8341121203	8.02745647287
19.5539887298	8.02984278934
19.3093085837	8.12173381558
19.0527577029	8.07271873123
-2.36590002144	-14.3344674405
-2.36595741595	-14.3343855682
-2.36589734162	-14.3344955583
-17.8315624721	11.5809887925
-17.8331606721	11.5763470836
-17.8371072376	11.5736929226
-17.8402389993	11.5700077776
-17.842893686	11.5698703853
-17.846994852	11.5586147204
-9.036518653	-12.3207198177
-9.03652519002	-12.3207101621
-9.03653305994	-12.3207052761
-23.5471248202	3.64382184105
-23.5474166624	3.64386900227
-23.5474047654	3.64389165271
-22.0133258112	6.09633545765
-22.0159537019	6.09788742716
-12.1588165231	-7.56584215047
-11.8788211636	-7.45038071312
-11.7374417451	-7.25609962287
-11.6002570906	-7.23013590631
-11.4100089345	-7.16131210594
-11.2288621263	-7.02638580411
-11.1158996233	-6.99173035323
-11.0393914592	-6.93957511507
-10.8634190899	-6.80736936217
-10.6411458848	-6.72022540649
-10.3733384884	-6.62617392927
-10.0256453482	-6.47234882214
-9.90312247894	-6.41912599827
-9.6918724705	-6.31879953803
-9.53576783403	-6.2474494555
-9.4291717597	-6.19325083092
-9.3254315876	-6.14053010806
-9.22363446717	-6.08760297126
-9.16942041106	-6.05632825315
-8.99054162321	-5.96015461628
-8.8027150817	-5.85756080247
-8.64429861596	-5.76825813017
-8.39162939347	-5.62579036995
-8.25621963771	-5.54608434223
-8.08114197505	-5.44309702697
-7.96450936913	-5.3742299491
-7.84095207357	-5.30842236263
-7.65802480039	-5.20830889359
-7.47133890667	-5.11059442832
-7.25778293843	-4.9808853045
-6.97826280146	-4.87365031371
-6.73211584975	-4.74926363031
-6.65988275339	-4.71641896133
-6.53441978689	-4.66045617457
-6.36198627183	-4.58631951076
-6.16796995999	-4.50813448292
-6.01329811087	-4.45197900831
-5.82306326021	-4.34825785935
-5.65652012767	-4.28081637672
-5.37892871832	-4.17076579724
-5.11297566303	-4.11276391888
-4.95081566854	-4.07590313132
-4.74519753802	-4.02127198072
-4.65928626463	-4.00579935536
-4.37845445366	-3.78532038282
-22.0209217525	4.8859264201
-21.9735301494	4.91069243906
-21.897821973	4.94250632603
-21.8374852425	4.96654724014
-21.7365717233	5.00251964495
-21.5085065165	5.0770547404
-21.3599113766	5.04052105074
-21.2233704014	4.98506896784
-20.9112362363	5.17632074145
-13.9267298338	6.35379173186
-13.9967652198	6.08028753736
-14.2845672127	5.93544792412
-14.4788247939	5.88875341701
-14.7710474882	5.75977112495
-14.8541791082	5.71567495534
-15.0295430183	5.617308314
-15.2549090828	5.47341550027
-15.5075494978	5.33363863264
-15.7430323828	5.17988702811
-15.9013588962	5.07357501655
-15.926371359	5.05677837681
-16.1189629557	4.94683760858
-16.305485696	4.77562957231
-16.4656717044	4.66893774144
-16.6148123856	4.56252125338
-16.8073903283	4.42247323715
-16.9793954644	4.29029239661
-17.1417898536	4.16725932294
-17.3390606238	4.00303759939
-17.5612424498	3.8295487573
-17.743501832	3.67774841213
-17.8354389996	3.5970135516
-17.9719757011	3.47685747195
-18.1473150879	3.30528587729
-18.2769915829	3.205591789
-18.3468981988	3.1369802934
-18.4318009647	3.05394104768
-18.5764164896	2.87765916343
-18.6533222637	2.75075417845
-18.7664182928	2.65363009746
-18.8791051238	2.47647548254
-18.9984246841	2.46138156782
-19.122205891	2.28984967964
-19.1826717938	2.22475287215
-19.3968408742	1.98684486646
-19.52646095	1.78852846258
-19.5464887456	1.75572182464
-19.6697113461	1.61948740694
-19.8100828848	1.43050346801
-20.0114658998	1.15001436626
-19.6807900339	6.73770880206
-19.5675025099	7.03625366323
-19.4026244502	7.18694929035
-19.1988745975	7.27491739622
-19.0355286732	7.31927010622
-18.924679615	7.39302317591
-18.691446156	7.42408801639
-18.4129269967	7.69890256022
-16.5860452355	0.204670747054
-16.6091674398	0.135502375844
-16.6360827497	0.0456731468995
-16.6718867938	-0.0656982470195
-16.6977854605	-0.161199824585
-16.7373246901	-0.29635055787
-16.7845719965	-0.466669394044
-16.8354052959	-0.609526738794
-16.9178691786	-0.833602375307
-16.9797721701	-1.13645007327
-16.9982735117	-1.20450260735
-17.0470154807	-1.36927138143
-17.1465249334	-1.60643414504
-17.2321350749	-1.85517363133
-17.3371386192	-1.98209162128
-17.4120836962	-2.11865868238
-17.574416329	-2.36699373205
-19.2737715679	5.46386263678
-19.3057889186	5.73654876479
-19.3189209171	5.93533013392
-19.3450760515	6.05062613432
-19.3982841056	6.2366269544
-19.4898565861	6.39402841681
-19.5508889199	6.46554431083
-19.8138849901	6.89843404599
-20.2357871295	1.15145054562
-20.3648741421	1.27785633444
-20.462391563	1.38653564809
-20.5250891713	1.75531101777
-20.5731570599	1.9475065915
-20.5845330995	2.066324781
-20.6095202057	2.33905737645
-20.638749794	2.59373306041
-20.6441728295	2.76951282804
-20.6456193078	3.11240187536
-20.6087149986	3.36959901807
-20.8019266035	3.45219003651
-20.7969316894	3.66034862105
-20.7679006092	3.87273033196
-20.7766066895	4.07218385754
-20.7600638167	4.18129037652
-20.7434143859	4.41094696654
-20.7714522311	4.56826021731
-20.8474554885	4.77916744298
-20.9046866327	5.16351249533
-18.7660698916	-3.29854688993
-18.6367421255	-3.24679430401
-18.3940993873	-3.10986492202
-18.22024878	-2.99818866742
-17.9880299414	-2.7792077709
-17.8112492345	-2.64880740186
-17.5779390702	-2.36277412675
7.90355904223	-15.2132300722
7.98455402669	-14.9276922552
7.99998053225	-14.7706303943
8.02767041953	-14.6181626269
8.07505735213	-14.5070413852
8.28868833755	-14.2418419285
8.35504406566	-14.1129801363
8.42092745995	-13.9487248855
8.56804870274	-13.7412945043
8.74102502298	-13.5430099699
8.82777086739	-13.4273944862
8.96345810525	-13.2528355405
9.1762251485	-12.995229584
9.2885539034	-12.7759293579
9.47609101778	-12.5369404389
9.59950267269	-12.3377740273
9.7498362799	-12.1247031964
9.90043001178	-11.8584974658
9.93754222313	-11.7221478306
9.80957516743	-11.3281557261
19.0862092004	4.26474106369
19.0620828394	4.3515972261
19.0760832779	4.42207588427
19.0724049909	4.52781156961
19.1062515052	4.65588355115
19.1072353756	4.80627548427
19.0875614818	4.90170449384
19.0520146761	5.02992987006
19.0500493581	5.15880292421
19.0249101583	5.2662876533
18.9735580378	5.4065164645
18.9140587034	5.50458480487
18.9048915789	5.62001760581
18.9341160839	5.79627954087
18.9165189879	5.928526152
18.9083150777	6.11848963247
18.8803078692	6.26937563679
18.9089863757	6.36237379827
18.9500202896	6.51822941671
18.9150366498	6.73061106706
18.8960066886	7.00232414334
18.8983226135	7.24991737551
18.8683090874	7.36412174156
18.8391881726	7.47716695392
18.7817334255	7.73404666335
18.8036066227	7.86219492095
18.8615304752	8.10506117183
-18.7509232406	9.4273318062
-18.745227763	9.32087932992
-18.7325144126	9.18868801998
-18.8231871599	8.8415389076
-18.8536713749	8.73758403782
-18.854592561	8.66131533742
-18.656028624	8.5486065512
-18.6320130105	8.48948984659
-18.5161064128	8.37753840859
-18.4809450512	8.29861538303
-18.4549506745	8.19398876835
-18.4714122883	8.07648210225
-18.4146759899	7.7004320253
-17.5745263067	-2.3668879686
-17.3642736365	-2.47757157467
-17.0141447979	-2.43943361526
-16.5380586041	-2.38095498539
-16.3682831142	-2.3427120411
-16.3105719282	-2.33073744646
-16.1249655332	-2.29556397134
-15.9381848328	-2.26377310948
-15.8287562218	-2.28006777647
-15.7092448487	-2.29237927359
-15.6108753969	-2.35344598063
-15.4115814844	-2.4375125799
-15.1413399567	-2.53927309796
-14.9641521849	-2.622953037
-14.8765915579	-2.65632566604
-14.8205365982	-2.69227794166
-14.743907094	-2.75949018907
-14.6270144341	-2.87509850703
-14.5210481361	-2.96711312894
-14.4460806514	-3.0446960996
-14.3352226949	-3.16163945774
-14.2787046069	-3.2446588414
-14.1148185697	-3.40045198781
-14.0274202451	-3.5548891524
-13.9356563434	-3.7118208694
-13.8208107047	-3.89713457085
-13.623567533	-4.21153064964
-13.5279345102	-4.37318655666
-13.4666361785	-4.48564088622
-13.4127019622	-4.60771100804
-13.3162070178	-4.77755272862
-13.2070405985	-4.98622651619
-12.9948491789	-5.35237663702
-12.9299706261	-5.48044434829
-12.7858163565	-5.74353467688
-12.6255322414	-6.02607470748
-12.5690550946	-6.29353826754
-12.5422679562	-6.4831534859
-12.5508125622	-6.65901673255
-12.5830987457	-6.79282808906
-12.5828339266	-6.93711206726
-12.5636858204	-7.0311975164
-12.3425417941	-7.181330152
-12.1629133818	-7.56295774931
1.20326539607	0.315048938956
1.00866229723	-0.0186884376042
1.09572796288	-0.168181927834
1.17993902521	-0.298562990997
1.45403603994	-0.535040765053
1.52714070667	-0.647871346054
1.6394279097	-0.841595897584
1.73355148883	-1.06522322627
1.82371662345	-1.26105326838
1.94564764376	-1.5096568202
2.07539335359	-1.74995679288
2.20829075863	-1.98551669651
2.38554002358	-2.21697749664
2.41581340967	-2.26941261431
2.49530025863	-2.40038333259
2.54780451356	-2.48741727697
2.65630047613	-2.61555627638
2.75044181107	-2.73908324427
2.88778304784	-2.87575215046
3.00567028258	-3.00013044626
3.14959092493	-3.12999528339
3.29157593047	-3.25582929223
3.43866632879	-3.33718034903
3.50130578206	-3.42366700896
3.65541783934	-3.52363951285
3.77435462886	-3.58504526632
3.90503862671	-3.67176030685
4.13311029659	-3.77964320716
4.30039481254	-3.84083379534
4.44326815089	-3.86099948885
4.58140863149	-3.85975887132
4.70900683423	-3.86511424511
4.85735986714	-3.88819791816
5.03034159613	-3.87492736187
5.14705648917	-3.89221024229
5.41612471664	-3.86896534894
5.54222149691	-3.86711645491
5.65067794097	-3.84885159613
5.77193667061	-3.81937094474
5.93285115378	-3.77604114938
6.07186914595	-3.7493049122
6.23962280208	-3.71690843086
6.55626958677	-3.65739164145
6.66924704209	-3.65835027482
6.6922604198	-3.65292609336
6.81648736892	-3.62528891224
6.97142174964	-3.58874857244
7.14129635083	-3.5422129677
7.29739413037	-3.50753409246
7.43498144186	-3.50051905227
7.51276520928	-3.48373494866
7.6278565412	-3.46401617977
7.84709804827	-3.4095496102
7.94680615077	-3.38400710357
8.08080139624	-3.34935248585
8.35695517517	-3.28282158021
8.57523968947	-3.22806442892
8.68717921278	-3.19758813324
8.90912838801	-3.09864511211
8.97594305729	-3.08774846014
9.19282087051	-3.0281812499
9.39302494577	-2.95456513809
9.67053540072	-2.88453811778
9.81608280382	-2.84870787197
10.0283891919	-2.78576969287
10.1787552604	-2.74427669577
10.4261673747	-2.6580060989
10.6093433927	-2.6218170723
10.9687759469	-2.54678743503
11.2070639602	-2.53764668525
11.333404937	-2.54186311186
11.6972234184	-2.55954762229
15.4305028174	6.6118420229
15.2268798822	6.31185639688
15.0990543927	5.96660546264
14.9664293764	5.73396159945
14.8017856656	5.50016778476
14.6896513001	5.35885598624
14.6686266326	5.32857323757
14.5853619378	5.2278256378
14.381961493	4.96794778518
14.2602973579	4.82700131576
14.1328901167	4.71719110203
13.9871331321	4.5550882806
13.7859651451	4.34063530106
13.5652273786	4.10231773122
13.4587418217	4.03008477614
13.3677807147	3.93734577157
13.2933938543	3.85578488367
13.2180648441	3.77760501309
12.9859934455	3.53760463357
12.888939987	3.41505879211
12.8330177046	3.35619344854
12.7543663085	3.26568214221
12.5695038984	3.06418652315
12.2958038682	2.7395500215
12.1897639036	2.56786823318
12.0529408253	2.51307162207
11.9957882056	2.35775462924
11.930843308	2.28773381753
11.8660769405	2.13609180228
11.8331679658	2.07153201713
11.7193215532	1.91871147485
11.5267949268	1.71107830152
11.4763433954	1.56531524918
11.4294278006	1.47298917851
11.6290570084	1.24940691294
-0.628190509833	-11.3388878958
-0.752043207614	-11.3603362775
-0.934754515206	-11.5378980175
-1.11940336093	-11.6037480959
-1.50754836171	-11.5864983105
-1.57114636654	-11.6145196555
-1.61110315722	-11.6191882285
-1.76795730764	-11.669510692
-1.88595844441	-11.7300567664
-2.20912950962	-11.768542389
-2.39937705523	-11.7707892291
-2.52203931896	-11.7830850579
-2.7449422051	-11.8238013132
-2.88834313858	-11.8574176262
-3.05294245233	-11.8997366887
-3.20067414422	-11.9517644416
-3.32533736038	-11.9784616846
-3.50699894371	-12.0372052273
-3.59846691647	-11.999435995
-3.66996232276	-11.9602877982
-3.83934084199	-11.970194032
-4.03709342026	-11.9482357582
-4.15043587529	-12.0408274119
-4.33062528043	-12.037997695
-4.44267618866	-12.0302208626
-4.56946030136	-12.0504188302
-4.69472739112	-12.0507743684
-4.8450869456	-12.059818771
-4.99432811798	-12.0387570068
-5.18146601651	-11.9926842173
-5.22953264785	-11.9894577994
-5.33867489885	-11.9460506359
-5.55861320183	-11.9405332948
-5.71283177125	-11.9021224071
-5.78961118969	-11.8850423387
-5.91204518306	-11.861045214
-6.08289118752	-11.8188606324
-6.35082072724	-11.7568338744
-6.55373513326	-11.6945661188
-6.7209330327	-11.6474667233
-6.82240276887	-11.613479035
-7.05671411695	-11.5405206545
-7.16825159221	-11.4807186468
-7.32999924317	-11.4130986438
-7.36874780401	-11.3886128168
-7.6257953878	-11.2739323541
-7.75767739046	-11.2199666998
-7.99619038519	-11.1033902996
-8.19563379675	-11.0110863587
-8.36050692426	-10.9286413904
-8.60261634231	-10.8268385833
-8.72347540592	-10.7699925373
-8.92753035447	-10.6846286006
-9.08953428166	-10.6165155306
-9.24547915262	-10.5518203794
-9.34595145526	-10.5064534751
-9.5938554481	-10.3986255383
-9.85225194851	-10.2931637676
-10.0028107287	-10.2036492608
-10.1812570446	-10.1022447939
-10.2189426177	-10.0839129854
-10.3374416499	-10.0242194422
-10.5628603898	-9.91620232894
-10.7335212479	-9.76910687872
-10.837318118	-9.69398284681
-11.0519575087	-9.62382205816
-11.1175200711	-9.58933443602
-11.2628490752	-9.48111877783
-11.3285575665	-9.32957217032
-11.4789017821	-9.24428338171
-11.7252291717	-9.12036559438
-11.9933925477	-9.11019799875
-12.0259688779	-8.88273727589
-12.1662963248	-8.88142279923
-12.2875298185	-8.85247236174
-12.2823897707	-8.78642603676
-12.3654319582	-8.71002275397
-12.5956312908	-8.59471602277
-12.8209933896	-8.3689473415
-12.9728544178	-8.17412969908
14.8248961708	-6.39718606679
14.6009452262	-6.67657129783
14.5054525588	-6.7818611108
14.4424348894	-6.90600520202
14.1657060249	-7.11220582356
14.0485669506	-7.30477340271
13.9415712667	-7.52127559451
13.8727173928	-7.63552441901
13.7634282029	-7.80018335506
13.7056498684	-7.92112151012
13.5432305604	-8.15314247562
13.4544315853	-8.26888900595
13.2881666109	-8.46129703408
13.1806374212	-8.59840081399
13.0435137812	-8.76897480174
12.8942894783	-8.94355317159
12.7592706468	-9.10032214574
12.5524329191	-9.32955569189
12.4669227092	-9.41745243582
12.2761206555	-9.62097279316
12.1011054288	-9.78547027265
11.9327307513	-9.95125786942
11.7745838311	-10.0924167194
11.6646565803	-10.2001890014
11.4161740013	-10.426799129
11.2721901064	-10.5471633267
11.0995807758	-10.6953473333
10.9473367675	-10.7812316123
10.8291325658	-10.8719978986
10.661310353	-10.9930406473
10.5516629956	-11.0487315894
10.4128815766	-11.1104617522
10.1559992001	-11.1996390384
9.9725595066	-11.283061759
9.80963085642	-11.3280961197
2.35608611889	-12.3965559612
2.7496587071	-12.154286762
2.86808950037	-12.1235178351
2.93722526691	-12.1135606784
3.31528504267	-12.1836195379
11.6971751254	-2.55967244466
11.7938256329	-2.24703630007
11.7876492375	-2.10071647416
11.7384432398	-1.92989597937
11.708095054	-1.74528838241
11.6451551255	-1.55724401034
11.6218017345	-1.41716955621
11.5896832087	-1.19897433577
11.5971466546	-0.908872753814
11.5881480107	-0.730608357045
11.584972756	-0.621680219808
11.5609458381	-0.334102342304
11.5552487931	-0.119544815243
11.5328561209	0.184151686545
11.4993932367	0.380622509042
11.507202058	0.523720772274
11.5510622515	0.594093155626
11.5415019317	0.77330198587
11.339903215	0.959702465612
11.3426588121	1.07441899687
11.0852860951	1.24757807079
-12.9662156293	-8.17052358869
-13.2029103981	-8.14172903984
-13.530205773	-8.1116043007
-13.7035947037	-7.96279032923
-13.8623172117	-7.90770566494
-13.9383627474	-7.8503147451
-14.0259786617	-7.8181692876
-14.3710523447	-7.68341586617
-14.7800027609	-7.45218090672
-14.9610618033	-7.36400975825
-15.1059876909	-7.28290491564
-15.4476018917	-7.08103289153
-15.672543714	-6.94147457847
-15.8946949673	-6.81128759781
-16.0419123684	-6.70217823835
-16.1199446987	-6.63844036918
-16.2551237176	-6.53117495598
-16.4774299124	-6.34928612498
-16.6355924644	-6.21562260595
-16.8121280432	-6.05548719239
-16.9745695118	-5.90025764834
-17.2296453914	-5.64817231577
-17.3433430584	-5.52894823536
-17.5955649397	-5.2364553908
-17.7727039997	-5.0225205606
-17.9099317758	-4.83964973969
-17.975006097	-4.67190522529
-18.074569274	-4.52704290479
-18.1458615297	-4.41087273093
-18.2283257856	-4.29775364271
-18.3653800381	-4.1230834665
-18.4771016591	-3.92966966781
-18.5869505844	-3.81203684149
-18.6692481426	-3.67883877438
-18.7660698916	-3.29854688994
8.8698022032	4.91185378606
8.86949336513	5.12092293835
8.89184549682	5.35126017088
8.89606652717	5.57829979115
8.91430541055	5.82528016593
8.89091016036	6.04265077249
8.91932261858	6.23436127176
8.93222442746	6.44185895789
8.94794579235	6.64446832291
8.95369253724	6.71791349157
8.96765244748	6.90567429737
8.98168496153	7.16382543407
9.00505039385	7.32821637516
9.02117728211	7.75114707351
9.01862846911	7.92502346944
9.02200585058	8.10448846896
9.02251599548	8.2315741811
9.02240201355	8.42135946754
9.04175443619	8.62799790218
9.04649238944	8.74428842669
9.04589619664	8.89213779301
9.04154680697	9.125988194
9.03412602678	9.44210635146
9.0184871314	9.82298015581
8.98368829964	10.0323143115
8.96808205032	10.228491412
8.86164163908	10.5504943005
8.79569229603	11.0048732957
8.73352226168	11.2826602888
8.69866549658	11.3936047529
8.65675534375	11.6205860651
8.60511698894	11.8042046808
8.5094010753	12.0767818288
8.86951444305	4.91154402715
9.09424449985	4.61886148314
9.15302085369	4.49879926503
9.22508503734	4.41944007401
9.37323146653	4.22352661004
9.42048428825	4.079062461
9.56894244796	3.89597752678
9.70013255443	3.71995320384
9.8114760287	3.61867505448
9.90240231871	3.50368941863
9.98554729583	3.38912465816
10.1618553731	3.15855065308
10.2775154439	2.95332769971
10.5447524334	2.56429348798
10.6634713134	2.33000745156
10.7250455333	2.1468169025
10.7819050993	1.95917392372
10.8000560097	1.87335240587
10.9194784664	1.65061519854
10.994463063	1.58187764056
11.0853297448	1.24760189703
3.31156137205	-12.1835007872
3.48382697704	-12.5423285509
3.56217603428	-12.6341693841
3.74727672223	-12.8061507794
3.9514420924	-13.0977954933
4.08380792501	-13.3223447581
4.31602719785	-13.613660905
4.46856293777	-13.7598745804
4.740502544	-14.0005720309
4.81857929704	-14.0723288942
5.09190051952	-14.111843802
5.20912529196	-14.1993342146
5.35023469248	-14.2852021307
5.45247627792	-14.340373283
5.61693533649	-14.4293362146
5.87221080253	-14.5613647277
5.90611753284	-14.5776824478
5.9764118767	-14.6112189206
6.29375911584	-14.7623480226
6.51161168665	-14.7649561164
6.59121316028	-14.7950203486
6.77450185695	-14.884252946
6.84678523231	-14.9268529713
6.90240254529	-15.0725486382
7.15007418974	-14.9803006108
7.23098994066	-15.0617748198
7.48222409094	-15.1584077869
7.60178119751	-15.1892610818
7.90277862261	-15.2147283372
8.51052513911	12.0786636697
8.1847729264	12.0219928554
8.04482811218	11.8993886784
7.94372091424	11.6923881753
7.84251013185	11.5369310574
7.65399689062	11.2777892592
7.55403681333	11.208454916
7.41006974129	11.0560089519
7.32665574799	10.9788426649
7.23879069596	10.7829537002
7.01504869994	10.6205491951
6.94330418595	10.5181598212
6.6761409491	10.2459621693
6.60816419385	10.1715473207
6.497682512	10.0366428126
6.40304328226	9.92859180505
6.28481863793	9.76357288356
6.08822863924	9.50874135805
6.00188798423	9.3862868252
5.92931733568	9.26642149486
5.84676126038	9.12096988862
5.73097414581	8.89681159873
5.52011468761	8.48527454282
5.42385923487	8.24963574967
5.33736085718	8.0230260363
5.26756134915	7.81788911781
5.20430246604	7.63645129895
5.14077323582	7.44275657769
5.10702285498	7.32088494577
5.0448605852	7.07559347837
5.00224275483	6.93368083511
4.97285366734	6.78548734394
4.95755317052	6.70071154448
4.92831883573	6.50750286316
4.90791471709	6.37378248235
4.88658890575	6.22404541623
4.87212674283	6.07044647962
4.89204769594	5.84870605813
4.89430536828	5.70938885656
4.88709099034	5.46510133331
4.93221208933	5.19707419756
4.95267795189	5.03735141831
4.99986411645	4.90671978334
5.17384415971	4.59167663591
8.79725177985	12.4960531329
9.08726530918	12.4722430623
9.22874064452	12.367656147
9.39052777006	12.2144662904
9.48708147646	12.1219005773
9.60225777176	11.9725548711
9.83597632003	11.8261227298
10.0483097388	11.7065147042
10.2005682494	11.6429227488
10.273395003	11.5880202937
10.3858975407	11.5376941185
10.8222581683	11.2554128635
11.0300247548	11.1019116089
11.3531010284	10.8713195192
11.7563606022	10.55678276
12.2110574698	10.1831271615
12.7877510354	9.70311874262
12.9964237553	9.51252560177
13.315056593	9.21006135651
13.5050461204	9.02375472452
13.9471661283	8.57221484358
14.12009009	8.3843217592
14.4096910892	8.05411137792
14.560369653	7.8650632225
14.8201916851	7.6068314152
14.9097169427	7.50100321795
15.0472395175	7.31696772854
15.2769250467	7.00926267058
15.3803034892	6.87937036617
15.4285085588	6.61127555342
8.79775877677	12.4958701151
8.63946635988	12.8115146846
8.49480717411	12.9305811903
8.15939793646	13.0034947384
8.05227409321	13.2675836515
8.0003115223	13.3444343728
7.78980330154	13.3484628941
7.69455085284	13.3823198849
7.6242370181	13.4336902294
7.47463789508	13.5028242104
7.3782195486	13.6955245767
7.25881861645	13.7994402377
7.05618588514	13.8446464286
6.97973458289	13.9665093349
6.84669500583	14.132718328
6.68685487986	14.2292921881
6.55698850396	14.3214609468
6.45889577431	14.3379153495
6.2794737887	14.4521918872
6.19917925876	14.490880303
6.11769113903	14.5266901704
5.99051868169	14.5313971715
5.97332614883	14.5417672941
5.62023425688	14.7180040762
5.3899549808	14.7860035027
5.28612277638	14.7873067591
5.21541390835	14.8139152066
5.12809336871	14.8602080965
4.95936497306	14.9465961903
4.77047745103	14.9547875187
4.54463929552	14.9824969605
4.43750635257	15.0375304771
4.33421102585	15.1403965821
4.13152678476	14.9577101022
4.01757498642	15.1269156057
3.88648230611	15.0134844921
3.83567419856	14.9667126895
3.73381911333	15.1213269805
3.58914870871	15.1441311987
3.56307650103	15.2069434942
3.48714870377	15.2673975797
3.33282501096	15.1676511872
3.10446083815	15.1280719397
2.96455208793	14.9627641064
2.89454416383	14.8786372004
2.71213663887	14.8979027621
2.5760174106	14.872198719
2.52085979466	14.765230048
2.25220701643	14.7740831291
2.13736900974	14.7270469505
2.01574309537	14.6301084393
1.95562362592	14.5842394981
1.77472517872	14.5052708728
1.68373808649	14.4267014088
1.60667368932	14.312117283
1.47591580805	14.2269299373
1.40216400782	14.1908616644
1.25174191771	14.0920886348
1.0133264953	13.8866508073
0.919885323895	13.8377652052
0.874708825289	13.7767725157
0.727799712448	13.6423286883
0.669563724381	13.5527980446
0.573495477041	13.4457326416
0.423041831825	13.2857649979
0.256923226793	13.08725627
0.126680484882	12.9330852735
0.0653538325591	12.840491907
-0.0190164023942	12.7261412607
-0.218658577219	12.4474103854
-0.326192625433	12.2783930845
-0.382230294766	12.1900228282
-0.478642599069	12.0263392596
-0.506086410015	11.9607624674
-0.549972059689	11.8729368357
-0.634050641564	11.7194969204
-0.717712291641	11.5259185114
-0.809254063685	11.3069311106
-0.855183412525	11.1948791311
-0.921082129223	11.006751799
-0.950199308771	10.8844229467
-0.978493842793	10.7884643546
-1.00287500403	10.6963410546
-1.04236642554	10.5314263434
-1.08516795387	10.3169462674
-1.1305703751	10.1457792235
-1.14303183494	10.0900047383
-1.15181880282	9.96571079489
-1.18331097434	9.75775041729
-1.20849767312	9.55804603468
-1.22342257867	9.41547521751
-1.22984179454	9.32011719574
-1.23821689151	9.22286928315
-1.25055208418	9.11632277772
-1.25887563613	8.91631134301
-1.26924999783	8.65634653358
-1.27390256057	8.50104926713
-1.27618281525	8.21058252054
-1.27672940385	8.04673122151
-1.27260837328	7.85847927168
-1.28053570005	7.72002556473
-1.27385246407	7.48246653026
-1.2628945741	7.24582928463
-1.25244906904	7.03157223013
-1.23898048278	6.81874122383
-1.22560749638	6.62528490799
-1.21082279342	6.43383993712
-1.19671602169	6.25030967363
-1.15595352984	5.9907188049
-1.12759120491	5.75733703256
-1.08491286401	5.42965987876
-1.05182588665	5.23876826332
-1.01816989757	5.0291766938
-0.998243506397	4.91890672396
-0.988230739468	4.86599304983
-0.953010634572	4.68071216024
-0.916144933074	4.49778629592
-0.88083606323	4.3308916036
-0.838303549284	4.14568925006
-0.752157747124	3.80665671178
-0.708835451949	3.65050089983
-0.653534084948	3.44249883071
-0.59033630555	3.20930544348
-0.492390886993	2.99746996453
-0.418122101327	2.78771090898
-0.338477649523	2.5828990901
-0.224793539716	2.29328821013
-0.171371031668	2.14843186298
-0.141983184964	2.07466119259
-0.116677922656	2.01442795823
-0.0384880942809	1.78575666886
0.00805444555784	1.66585562472
0.222853644194	1.41719488371
0.301509980298	1.26573566791
0.343722804401	1.07645761962
0.398825629987	0.950163372908
0.415133782821	0.788886116394
0.624462138357	0.718165190314
0.64561243513	0.591375765235
0.73413213672	0.485690367394
0.787658792665	0.276935225495
0.934775888864	0.0153632277484
-12.1603204602	-7.56440638637
-12.4381922403	-7.75662564035
-12.5339862552	-7.84537975446
-12.6353022353	-7.93398627266
-12.9375190025	-8.22435022832
-13.9272936771	6.35169752963
-13.7859723691	6.2668338047
-13.5065083425	6.33593194558
-13.3799963079	6.41995192144
-13.0640948494	6.34199988679
-12.8855578565	6.42912186886
-12.7853266312	6.38947842883
-12.687935651	6.34649494038
-12.5853396883	6.12607042364
-12.4303809292	6.12947584829
-12.3183886045	6.08073012372
-12.095371558	6.03257008389
-11.9593203377	6.02177959709
-11.7437595327	5.98482634721
-11.5140654101	5.92043862873
-11.3836787973	5.87419411728
-11.2624956408	5.81347965792
-11.1501833919	5.77327423619
-11.0342433583	5.73230709006
-10.8421676614	5.65524884811
-10.7140468976	5.59227706287
-10.6007331213	5.54309040757
-10.4590799363	5.46563540646
-10.3165821517	5.38973975395
-10.1193649683	5.28047956245
-9.91163752695	5.15833742683
-9.78212534306	5.08780609244
-9.68952870624	5.03601740897
-9.57657924304	4.96765933317
-9.35758832601	4.8065183672
-9.24386488945	4.71432469099
-9.14379871942	4.63361184939
-9.07607791424	4.57977932146
-8.92835970198	4.46231646788
-8.76807817938	4.31805770713
-8.68484190356	4.24752349436
-8.5609514868	4.13328286355
-8.47210478958	4.04580967657
-8.33352901852	3.90636058597
-8.29457111354	3.86645585639
-8.21861457498	3.78985947866
-8.09069969308	3.65799938546
-7.9481015514	3.50894397525
-7.85914939487	3.41134961656
-7.73251865761	3.31534912826
-7.62159663246	3.1887859362
-7.46982393972	3.01959938368
-7.34981561248	2.87933866878
-7.17166143955	2.66873303008
-7.0802712591	2.55869509782
-7.01824552552	2.48715266979
-6.86583037962	2.29689589309
-6.70695837335	2.09697646991
-6.53052092802	1.87020620457
-6.45105412023	1.76346679964
-6.35130514992	1.62390442414
-6.21908144959	1.43623158968
-6.10298573967	1.26645960238
-5.97143999544	1.06744285706
-5.84931327079	0.877319955311
-5.79114318575	0.780098007035
-5.66331230682	0.560728349366
-5.54668282128	0.354010146056
-5.4377408712	0.167094501353
-5.37875253346	0.0582910471057
-5.21735374303	-0.25996244496
-5.13537668926	-0.429092344069
-5.07375075824	-0.579294892169
-5.03170991735	-0.705717348484
-4.99954565994	-0.792122853617
-4.95860067151	-0.913951750927
-4.88295055415	-1.15917475312
-4.78929305908	-1.53457504193
-4.76872881717	-1.62809600168
-4.65696140051	-1.8548216158
-4.63034429003	-1.97876654594
-4.60866390441	-2.07893028073
-4.5993426204	-2.26214322191
-4.54118706175	-2.57110066602
-4.510760654	-2.8413741861
-4.49203276765	-3.06220495144
-4.42855427947	-3.22209636104
-4.38868032292	-3.34565265776
-4.37833736299	-3.78532610476
-13.9538159657	6.2267948792
-13.931397901	6.63019571876
-13.9405478779	6.67148317944
-14.0578754962	6.81280071929
-14.3851235644	6.82461248074
-14.4379865731	6.94656435134
-14.5765061342	6.99897332473
-14.6352718721	7.0638420396
-14.7643488451	7.22377304658
-14.9033139681	7.35832187415
-15.0374979972	7.41467112811
-15.1250710732	7.46112270102
-15.2534072881	7.51080378604
-15.3984502394	7.5600911221
-15.5703738779	7.61997145865
-15.7315108195	7.63873604149
-15.9003566004	7.71444407289
-16.1594849785	7.7751208469
-16.336533914	7.78802814069
-16.5967156389	7.90079327238
-16.7639858801	7.94114641655
-16.8486241013	7.95622673619
-17.196768524	7.98757816915
-17.3099257286	8.03545913807
-17.3854141558	8.04962912041
-17.5887313881	7.99784381904
-17.7641832062	7.88720198002
-17.8743803808	7.82015668269
-18.0715883713	7.77043850689
-18.4192746337	7.70371366987
-19.6808079345	6.73773642171
-20.0470748279	6.63993847537
-20.1060164609	6.61601298643
-20.2712467195	6.62719978722
-20.3241950127	6.59021064047
-20.4676599927	6.44069380347
-20.5758325491	6.30221193028
-20.6306326461	6.19903317498
-20.6584792468	6.11832137031
-20.7429564092	5.73530304651
-20.7686781528	5.47585497816
-20.9025777215	5.16035887705
-20.2357945633	1.15313093952
-20.1583142573	0.908657106427
-20.1053849835	0.713308063621
-19.9627225343	0.541347414363
-19.978080424	0.379177679311
-19.9846007682	0.251023054001
-20.0866939728	0.026980628465
-20.0102582064	-0.104564538955
-19.9552220385	-0.270843332252
-19.878125209	-0.542293721614
-19.7958990238	-0.766457723406
-19.7350406946	-0.970528940805
-19.685034628	-1.13478096794
-19.4448965205	-1.65634191478
-19.2791080634	-2.02130313292
-19.2043578507	-2.1845160551
-19.1485826766	-2.35484048235
-19.0971642624	-2.66091468367
-19.0738738326	-2.73987718864
-19.0292201845	-2.96294719544
-18.9702886942	-3.09670483818
-18.7660698916	-3.29854688994
10.2812339096	-15.8479553592
10.1681545657	-16.0730488335
10.0056743659	-16.1230681878
9.88403194385	-16.0590323212
9.63047750118	-16.1018034894
9.52043764755	-16.0412733564
9.32715828762	-16.0813755821
9.2026662147	-15.9790279846
9.02579034189	-15.9379686022
8.87246289314	-15.7399513718
8.77055511345	-15.6767473177
8.62266417846	-15.5956831194
8.40379805196	-15.6700058175
8.27025415214	-15.6094559241
8.16462430428	-15.5293213208
7.90355904223	-15.2132300722
5.17420811272	4.59149580697
5.12192438061	4.25840479091
4.95696269472	4.1260351724
4.87038944087	4.02215760189
4.81671452277	3.90652197206
4.73113791014	3.78174814277
4.67868654551	3.61363268329
4.59944187257	3.51305284148
4.45628699407	3.31583179427
4.36349038571	3.13753946192
4.29695277502	3.01807861696
4.2221010154	2.90450128222
4.16312317791	2.81728069996
4.06994972586	2.6652279355
4.00721221659	2.5394209045
3.94003721305	2.42859638953
3.81633045644	2.31242301119
3.72759498106	2.13023126922
3.60077483398	1.99473179749
3.53324556589	1.94748137359
3.47546464701	1.89507183279
3.38760623965	1.81191007158
3.32085440089	1.74282362391
3.20197713515	1.63228378451
3.16254697966	1.50451022529
3.04990508252	1.38331668403
3.01358264953	1.35562404305
2.82333480325	1.21722703667
2.58196083968	0.964655840764
2.40774938726	0.806014107661
2.23920142252	0.76312958636
2.18813755463	0.683314435602
2.03896990447	0.485990163039
1.94160562891	0.345434023619
1.57203386016	0.273480122331
1.43186654841	0.222752741277
1.27521326052	0.230579985357
1.20326539607	0.315048938962
-4.3782292795	-3.78539024116
-4.16787710405	-4.05239737314
-4.07184207613	-4.26029105718
-3.9831228839	-4.44217465504
-3.88479426653	-4.58872182569
-3.79865850604	-4.7251367666
-3.72554719715	-4.89165592258
-3.63804338113	-5.01305352677
-3.3980876544	-5.36401626427
-3.25082068055	-5.61477408495
-3.02005749515	-6.00353344772
-2.85781470887	-6.29570655832
-2.66408518017	-6.63481957949
-2.48019651201	-6.97175348418
-2.25794363514	-7.37841893557
-2.1193245241	-7.6592558586
-2.01410327859	-7.87759934761
-1.87566370002	-8.16374725731
-1.7994031477	-8.32584897909
-1.7058647779	-8.57166289401
-1.58642128607	-8.85544286787
-1.51668892887	-9.02299241751
-1.39069558676	-9.32361829398
-1.30415123311	-9.532233433
-1.20381619902	-9.76304793466
-1.12426953529	-9.94330126969
-1.03037203296	-10.159882917
-0.883438679696	-10.4665937096
-0.81972188423	-10.6052323665
-0.691137782014	-10.8344764126
-0.65024855699	-11.031248917
-0.636017046452	-11.379789693
15.4285085589	6.61127555342
15.7117782195	6.52812045665
15.8335937447	6.39477063003
15.9234124533	6.27689578631
16.0508202469	6.07572063282
16.2438960932	5.82709237049
16.5195477106	5.44113677025
16.7479549072	5.11526551353
16.9148418012	4.7972400547
16.9739224528	4.63102160107
17.021030106	4.50098414649
17.1221323921	4.16373780373
17.2009342076	3.89246079103
17.2406762204	3.74769727499
17.3757259187	3.14108926731
17.3854271905	3.04834312534
17.4025225081	2.82262711056
17.3933296681	2.66658342608
17.4196829854	2.56544537194
17.4178178738	2.49446836554
17.3979218957	2.19763915451
17.3644027878	1.88721940599
17.3328059205	1.63412511464
17.2858118787	1.33158653541
17.2518504136	1.1350128303
17.2254518067	0.98113614636
17.1493252724	0.566321287293
17.0692047862	0.197910287868
17.0327583098	0.0277853972772
16.9799942033	-0.202058769238
16.8655541029	-0.677094568865
16.8139276116	-0.878504368108
16.7598211259	-1.08659552049
16.6898467446	-1.34840195756
16.6524115387	-1.48445342578
16.5681374485	-1.78188718448
16.5153971647	-1.96266300087
16.4349614889	-2.22837709086
16.3585151544	-2.47799543861
16.2971088363	-2.67585310188
16.2258399385	-2.86874396072
16.1441251141	-3.13355295127
16.0380341529	-3.48934751477
15.855173897	-4.03860093323
15.7781369411	-4.27231884
15.7086080581	-4.47676946156
15.5471342556	-4.95076760277
15.3772462472	-5.47413835535
15.290109094	-5.67353719864
15.231468028	-5.79902954666
15.1312361928	-5.9753203098
14.9503676339	-6.26025896162
14.8223703841	-6.39618340766
-0.628040829185	-11.3394660564
-0.482419121494	-11.385054538
-0.296219458495	-11.4736873719
-0.076907413211	-11.4839177914
0.136135046606	-11.5703674489
0.446204498279	-11.7097429087
0.598528364763	-11.7690961905
0.73775772598	-11.8151989095
0.865944942132	-11.8231931064
1.06035704502	-11.907557661
1.28589384439	-12.022141374
1.44451535086	-12.0945781877
1.68061046327	-12.0061225664
1.87876944379	-12.0356447062
2.0880971511	-12.0571918212
2.35532001342	-12.3950919866
14.8277928543	-6.39549102469
14.6534637209	-6.2777751982
14.3993999291	-6.17188014938
14.2856873624	-6.02062276459
14.1142850951	-6.00615549485
14.0502751942	-5.923714635
14.0234012773	-5.83767254615
14.0326344699	-5.76510200975
14.2958910398	-5.54670854675
14.2767773133	-5.40302049391
14.1685196049	-5.20733931178
14.0820852301	-5.07777327759
13.8226035264	-4.99936246156
13.6088174583	-5.03177160887
13.5538810565	-4.94782693483
13.5190703704	-4.86643677725
13.519490398	-4.71652780431
13.5912357124	-4.47021786685
13.5262280908	-4.36043429652
13.4992456198	-4.32482181278
13.4606909167	-4.16980543782
13.1600879396	-4.00912010044
13.0048211127	-3.93714666965
12.9596422843	-3.86934812606
12.8830206654	-3.74375203276
12.8490532885	-3.65031790956
12.7361594	-3.53627181532
12.6650884717	-3.37265168407
12.4313925701	-3.16301671126
12.1627261512	-2.90371484844
12.0498351542	-2.77657213943
11.6971978176	-2.55963827123
