3438 0 0
8.21490989554	19.5501189453
7.96175447905	19.5736612933
7.85708131997	19.5811804565
7.44818194811	19.5919250144
7.29571928602	19.5968988631
7.12261639254	19.6032549109
6.92372469714	19.6034157835
6.77099927308	19.5986262236
6.62199256102	19.5975047432
6.36892380937	19.6020822199
6.09466199247	19.5970228381
5.96828887335	19.5950987499
5.76456110474	19.5832147395
5.56533301885	19.5638548224
5.43531301193	19.553460959
5.27208064105	19.5348079428
5.15964979418	19.5191320345
4.92955452996	19.4808496351
4.83886231046	19.46483228
4.82909197402	19.4615074091
4.62182462119	19.4051114315
4.38099036617	19.3681827161
-14.2539854062	13.4338594814
-14.0980809755	13.4443672157
-13.804764788	13.4059061633
-13.6096284584	13.3320789047
-13.3632118824	13.2058814338
-13.2761791415	13.1450158046
-13.1154002239	13.0569387835
-12.9119752779	12.9188425223
-12.833979515	12.8601913268
-12.7326916254	12.7781271953
-12.6359866362	12.6911592496
-12.5474416912	12.579881076
-12.4443802979	12.4385801736
-12.3546552865	12.3247769943
-12.2534306952	12.132491696
-11.9133315864	11.1395222356
-11.6648487771	10.7174024499
-11.539332072	10.5269759244
-11.458147976	10.4058462855
-11.3179548204	10.1941266759
-11.1502123235	9.97569907766
-11.0809689595	9.87111540142
-10.9891380947	9.71258199821
-10.9174905185	9.5968351234
-10.8426967234	9.47444551339
-10.7821246258	9.35995665765
-10.73880153	9.28285866656
-10.7017950621	9.22853273653
-10.5906362096	9.04617903739
-10.5184949543	8.93088934369
-10.3479401768	8.69583908524
11.7138081053	15.8620272583
11.9293554416	15.6584468896
12.0193696684	15.5865370695
12.2379283194	15.4526633547
12.513775556	15.2941343993
12.7340189965	15.1904572589
12.9491668935	15.0961413101
13.1126024465	14.998399309
13.2654403342	14.8985767758
13.422833608	14.7607435996
13.5201459639	14.6650312405
13.7018739543	14.4780004082
7.05991830432	16.8171667602
7.04545817805	17.1260013548
7.08252977744	17.1850690923
7.13631192041	17.2854531491
7.21579815548	17.3891313131
7.32668406991	17.410021515
7.52054177407	17.4406103092
6.34788002828	16.7736279068
6.31455126693	17.0287184939
6.26153728952	17.2151844208
6.18836441119	17.34159361
6.09261690984	17.4342794028
5.96330362576	17.4680288075
5.8034597085	17.5581021323
5.64529018603	17.5856341311
5.46882207765	17.6062124997
5.29978691762	17.5795319609
5.16856680753	17.5719633369
5.055066882	17.5666767637
4.7408545402	17.5031504581
4.51245516681	17.4452262069
4.3069990655	17.3804710407
4.16529628395	17.3481016335
3.92397285726	17.2969683886
3.68377215672	17.242168878
3.4062667559	17.1736994312
3.30745235273	17.148483146
3.08043637006	17.1101774357
2.96924289506	17.1041850033
2.70829942391	17.1397125217
2.64150939117	17.1745035647
2.52797089926	17.2174550337
2.45916927958	17.3020951863
2.39854816045	17.4238177514
2.37071802613	17.5604687017
2.38846236403	17.710151924
2.39100592825	17.7238158391
2.43175530133	17.8561711668
2.47411383503	17.9922817392
2.53977249696	18.1058026004
2.64532300425	18.247967162
2.6887238626	18.3311200215
2.83013306111	18.5014439677
3.07872650662	18.6892724385
3.22358990669	18.7837377495
3.39995068426	18.909715653
3.47917781866	18.9503169225
3.74611486106	19.0641136621
4.10983843106	19.2367265098
4.1847667282	19.2681390639
4.38099006368	19.368182882
-10.3479401767	8.69583908535
-10.368349069	8.52646594045
-10.3509203847	8.40242217448
-10.3363697905	8.02965187694
-10.3619753064	7.84956868404
-10.3710355059	7.59832127977
-10.4439256419	7.07430961853
-10.4953934033	6.71026747545
-10.5386097714	6.48180196041
-10.6269834453	6.05215445532
-10.6616190667	5.84985675526
-10.749187552	5.64706416984
-10.7970093927	5.48749078364
-10.8204176982	5.3474444221
-10.7728426186	4.99143865143
13.0908615373	10.8278223392
13.1078732513	10.4316122767
13.1027877916	10.3226667466
13.1124965765	10.2223518685
13.1286309573	10.0425179825
-14.1557871072	11.490370892
-14.4832396253	11.3024460135
-14.8063237519	11.1469534866
-14.9315196752	11.0630529042
-15.025544861	10.964989141
-15.1456179236	10.8035962458
-15.2849618886	10.2653863584
-15.3098648488	10.0142643347
-15.3079583895	9.91613913831
-15.3617926932	9.78174182098
-15.443320107	9.62520918992
-15.4836904283	9.52893657052
-15.4877299254	9.52328093055
-15.5230735826	9.48084763841
4.10625754033	9.99695786237
4.10093073598	10.0017041091
4.10044051847	10.0020446485
9.13741080955	7.14497039399
9.28195327618	7.5440874092
9.33078897229	7.65281220246
9.3916541232	7.73910485496
1.40793356767	12.5866940704
1.50683918819	12.7889326333
1.95975504776	13.2522328843
2.69777145216	13.7625188345
3.16824647696	14.021567762
3.52957539199	14.1832833953
3.72524890377	14.2695439693
3.84770322276	14.309263599
4.17733389577	14.4730552905
4.49393629028	14.6434935493
4.75529889216	14.7181330249
4.93273044413	14.8565240542
5.223580819	14.7993892701
-15.3596370964	2.45427214092
-15.4378973388	2.67922621003
-15.411652901	2.87862553804
-15.4468018689	2.95803509731
-15.5850956351	3.23024117027
-15.6427083998	3.37042643729
-15.7135397831	3.54898651531
-15.7512333672	3.71861844343
-15.8011807163	3.83318773858
-15.839022514	3.92718506358
-15.9004603956	4.05769309694
-15.9355106341	4.16507861621
-16.0083495791	4.40878592351
-16.0500346457	4.5634135945
-16.0644984878	4.63602002055
-16.0807647134	4.68165047255
-16.1854639972	4.81529915642
-16.2334468006	4.98825076614
-16.2257397452	5.11173593209
-16.2481349289	5.18386566335
-16.2780292401	5.26863393344
-16.3863976896	5.45553777615
-16.4530993022	5.56874109174
-16.5695722938	5.75130568766
-16.625030368	5.83244170588
-16.7219026026	5.92911128251
-16.856697714	6.07118504636
-16.9941481533	6.19190929361
-17.1485637606	6.37576105874
-11.3252830942	4.25100595463
-11.4996545025	4.10188731877
-11.6432866738	4.01649261576
-11.8433858095	3.79490809836
-11.9194203538	3.75386454935
-11.9999592359	3.69135468435
-12.1612033455	3.5643589854
-12.3094875598	3.47566632817
-12.4065951446	3.37813176931
-12.5386654541	3.29182071316
-12.7939182801	3.12635768651
-12.929598634	3.04871178066
-13.0663174785	2.9788583354
-13.2871271513	2.89349526354
-13.4394325368	2.83144513922
-13.6485872752	2.74767667734
-13.7867986877	2.69189071273
-13.9465121834	2.65357166532
-14.05667926	2.621301477
-14.3575304382	2.55148316796
-14.5245743074	2.51030800724
-14.7025050817	2.48604850959
-14.9829680454	2.47389639836
-15.0602232412	2.47035929245
-15.3596373641	2.45427214944
-19.5270755779	2.2175803404
-19.3368407136	2.06148596708
-19.3073921463	1.97984550592
-19.2143774563	1.81603310702
-19.1851297544	1.68002777497
-19.1537462144	1.59421389625
-19.0834817134	1.29827114671
-19.0566837324	1.10831447659
-19.030968896	0.903030659307
-19.0173030111	0.75250180886
-18.9982461386	0.603554670991
-18.9677142327	0.380164047581
-18.9094052032	0.14802897599
-18.8803962078	-0.0404640406421
-18.8562843088	-0.170345281845
-18.8231342932	-0.381565566622
-18.7995396118	-0.532531752403
-18.7855500319	-0.654921960741
-18.7577396024	-0.885538013687
-18.7127490152	-1.0623315502
-18.6851369876	-1.18968682458
-18.6498503412	-1.39318615844
-18.5734777928	-1.63312290235
-18.5304789948	-1.79554015556
-18.4776892038	-1.86942044319
-18.3533809197	-2.02696736438
-10.1601181914	4.111413832
-10.1933469335	3.73599145962
-10.8165855894	3.76041736008
-10.4600964719	3.52798773548
-3.58727535907	7.60239464264
-3.64021711694	7.80734743304
-3.67124177076	8.00150813895
-3.68329283629	8.17050745665
-3.68002982261	8.41753125931
-3.69343029781	8.51699886987
-3.70595603233	8.59732064526
-3.70681705643	8.85928734049
-3.74664689102	9.11395061996
-3.77737329584	9.21617186477
-3.82465779959	9.39923042926
-3.84237239964	9.50102673768
-3.88732674116	9.81231648598
-3.92490782056	10.0072564511
-4.06035944787	10.5001094549
-4.09838798157	10.6047787819
-4.2107008474	10.7987162801
-4.28640871122	10.8860214209
-4.40536791283	10.9699691906
-4.51378775908	11.0301881254
-4.62552092421	11.0787566271
-13.358927851	9.56466558008
-13.5547023564	9.58439829192
-13.6998110021	9.68221933863
-13.8159873084	9.74227022356
-13.9385659662	9.80908326696
-14.1819656707	9.99885954422
-14.3065558862	10.126935795
-14.3992282437	10.2334409945
-14.610105111	10.3718497738
-4.20014893278	6.98923616065
-3.96754538914	7.12224225902
-3.79487751725	7.28584084718
-3.68103773193	7.45702630793
-3.58726031151	7.60238454745
-15.8327141122	-0.580653379794
-15.9296729078	-0.365203259977
-15.9778268153	-0.160670622033
-16.0040906818	-0.0571449176282
-16.0457941112	0.107837680176
-16.0624046744	0.217640695642
-16.0800921391	0.454302403973
-16.0321112746	0.905519067591
-15.991406163	1.14344433253
-15.9076269862	1.43637103813
-15.7941444592	1.75762109514
-15.7229327181	1.92452780336
-15.6076536002	2.16504942482
-15.5246543145	2.26393402912
-15.3596353354	2.45427213871
2.7852061281	3.34033177578
2.87836927212	3.74721164498
2.91160217883	3.88459651393
2.92135205568	4.05384014084
2.9581116139	4.22955225841
2.98293194206	4.41183659069
3.03145561753	4.60259482246
3.12175678432	4.87296644293
3.16799353224	4.99680319542
3.22518364701	5.1315553417
3.31427879941	5.36502386456
3.39810640989	5.56886941847
3.44542919837	5.645407674
3.48794085344	5.81713486745
-3.0323906874	1.06642963177
-3.26061884224	1.0022429987
-3.51622729803	0.869691482632
-3.81241192601	0.700703128063
-3.88588398892	0.55180431098
-4.03926685167	0.434553797317
-4.13726397887	0.358526097687
-4.2686279173	0.26484518521
-4.49212503298	0.083504245983
-4.63267211781	-0.022043523454
-4.72367245465	-0.0881092829885
-4.85560485478	-0.172858232809
-4.98660599537	-0.260527522359
-5.16732509689	-0.373816128135
-5.45839804701	-0.543635988731
-5.59459023102	-0.614842081769
-5.76267894324	-0.69423154224
-5.89989424763	-0.75784282107
-6.03213689981	-0.831367340253
-6.08684982093	-0.85306716578
-6.16059385458	-0.880550828039
-6.56925157128	-1.0187987207
-14.4913442796	6.98657868819
-14.4832274692	6.98736872901
-14.4756199449	6.98770083118
-14.4734417661	6.98798587404
-14.4674558603	6.98803961709
-18.550822243	-3.32556161659
-18.6656687838	-3.42461012024
-18.7446080343	-3.53330346992
-18.8392456794	-3.70914577703
-18.8969115616	-3.88797313558
-18.9401454871	-4.02332423032
-18.9999704815	-4.16070557098
-18.9919501867	-4.29351660703
-19.0592638567	-4.43274138389
-19.1482465724	-4.62950345213
20.3999940327	2.59364383106
20.3479857266	2.77744355336
20.2823509918	2.94936048283
20.2244731567	3.10471081847
20.2142829831	3.23795742686
20.1531274169	3.32059888983
20.1167140251	3.44622703986
20.0506331585	3.56627770987
19.9802844213	3.68934198635
19.8381559574	3.90148577125
19.6866102321	4.15429507131
19.5622902052	4.3162586053
19.3612795775	4.48166558174
-6.56910391098	-1.01894732029
-6.53689173507	-0.62846143225
-6.54235929863	-0.538114215836
-6.52725710058	-0.315750071331
-6.48932267266	-0.112552290991
-6.46957316065	0.0382772036489
-6.45503123105	0.175698278199
-6.43722724751	0.322798667961
-6.48909301259	0.559791526041
-6.46250794326	0.727509349524
-6.44013713153	0.884738990582
-6.37895633588	1.15201658463
-6.26892043108	1.42422471885
-6.18939222292	1.59688328729
-6.07229465166	1.8227939957
-5.96881532847	2.03590846855
-5.8664919556	2.21847692217
-5.81945083422	2.297216497
-5.73800010624	2.42438787565
-5.65640382077	2.54748134356
-5.49950501018	2.71842753487
-5.28344691307	2.9486446809
-5.14033630301	3.14720490712
-5.05036386754	3.27598498214
-4.95743739961	3.42357171942
-4.86036290206	3.56049033808
-4.72050949779	3.74226629337
-4.57993012566	3.95831354966
12.7943368169	0.227406928407
12.7084987049	0.383314068717
12.4827526978	0.722108491507
12.3303117959	0.900834083574
12.210709123	1.02491917426
12.1259707432	1.10354315226
12.0202887574	1.19379386264
11.857993654	1.3847449825
11.6931763138	1.44339871344
11.6163745405	1.60040400699
11.5897366049	1.62857160346
11.4987028482	1.69972267381
11.3247102262	1.82666941633
11.2079254307	1.87408539025
10.9410193362	2.05959513398
10.7395980197	2.2351503628
10.7309756918	2.24865502658
10.6508814149	2.3172046635
10.5813183617	2.3810419275
10.4730497573	2.48083099463
10.3062326144	2.63028302402
10.1479977411	2.76387540153
9.95758761722	2.96798173046
9.79542941701	3.14618798845
9.67957116646	3.24876731794
9.48448970276	3.47333619719
9.42945487027	3.6363459173
9.38854569435	3.86628118433
-14.0733033872	-7.12229693761
-13.8743423047	-7.38450366954
-13.5063112019	-7.39009204811
-11.4688585668	-5.55259525481
-11.4887855239	-5.37101916646
-11.4823218571	-5.26543122701
-11.4739725388	-5.06015264631
-11.4530894032	-4.88735000517
-11.4352848628	-4.73940982146
-11.3838478166	-4.60333068005
-11.3241626064	-4.42783932207
-11.2373082181	-4.17491485999
-11.1715603288	-3.92131317976
-11.1178860713	-3.80937675094
-10.9452425618	-3.44842097819
-10.7005676439	-3.02826555849
-10.5740337196	-2.81037979011
-10.4934075059	-2.68352831329
-10.3920481126	-2.53647556184
-10.3171398578	-2.42950995873
-10.1656598567	-2.25464538657
-10.0527896937	-2.10659175257
-9.96340511463	-1.91480018169
-9.90667798717	-1.70205634643
-9.8175683487	-1.46953060293
-9.74513494381	-1.19230914432
-9.73951264863	-1.17201531122
-9.61323780083	-0.874114811401
-9.56010585625	-0.668355799752
-9.54295289985	-0.500833796503
-2.13534443155	-2.86124372649
-1.94973094554	-3.00856652577
-1.80887217243	-3.15250538347
-1.73126640203	-3.26995293166
-1.69089832996	-3.3372878877
-1.57097050227	-3.53945750191
-1.49918007113	-3.70935145953
-1.40661177275	-3.90002909903
-1.35631453531	-4.09216473808
-1.27372059474	-4.3272768589
-1.19381860651	-4.52502003628
-1.15914439916	-4.66253513734
-1.13131645772	-4.82661232025
-1.10774361889	-4.97843372043
-1.08443117723	-5.11635082515
-1.0383126389	-5.3068033932
-0.999550180443	-5.49328881332
-0.981010265644	-5.87489964059
-0.998485048639	-6.05887339885
-1.02614549336	-6.28909468828
-1.02919299965	-6.44144466054
17.8217906832	-3.12642143842
17.851458808	-3.1649291519
17.8879761028	-3.21146364498
17.9250936419	-3.25906329155
17.9773229631	-3.33125841746
18.0547831389	-3.44208834647
18.1123365606	-3.51320133697
18.1393540648	-3.54457067842
18.2486999532	-3.70768940493
18.3639805108	-3.8272150962
18.4642445972	-3.9725922474
18.6025937103	-4.13112007066
18.6768937888	-4.22267788948
18.7505076911	-4.31075404511
18.8442003991	-4.41933542964
18.9472453766	-4.53898180175
19.1022848976	-4.66916911826
19.1656901676	-4.72585125025
19.2950730542	-4.82568993189
19.4328909841	-4.94166258835
19.7839967419	-4.96322138209
23.1734776906	-8.58618992182
23.1734651665	-8.58618663036
23.1734661013	-8.58619267576
-14.5614153771	-10.1202591875
-14.5615738801	-10.1207215962
-14.5618821866	-10.1215670824
19.7839967444	-4.96322138216
19.9593110646	-4.82667296876
20.2184596897	-4.47804130648
16.5986320524	-4.03300231858
16.6090387	-3.86455164217
16.6258756306	-3.74064334165
16.6174194276	-3.68288301217
16.5972161471	-3.50190343888
16.5771678648	-3.30270779801
16.5559324813	-3.15067783582
16.4134672283	-2.9386568287
16.4264394389	-2.78831531196
16.3412561138	-2.65029134647
16.2337427061	-2.47524828043
16.1822656598	-2.29292957884
16.1336499153	-2.21748448711
16.0439916634	-2.05594475027
15.9758090082	-1.97071518919
15.8868741082	-1.86906130333
15.658033584	-1.7166656947
15.4805431371	-1.59472652804
15.3603561391	-1.50691407247
15.1618475607	-1.47538429586
-10.2505855341	-10.1972875061
-10.027202319	-10.0213253036
-9.79645740643	-9.90880340565
-9.70890824295	-9.85690024262
-9.62221342413	-9.81111903653
-9.55501276031	-9.7674099679
-9.45429336574	-9.6993736539
-9.31262957066	-9.59987793726
-9.11877096052	-9.45305121047
-8.95000120475	-9.30461357891
-8.67105725136	-9.046419302
-8.37702405349	-8.76870311306
-8.15147276499	-8.53665277163
-7.98379838314	-8.36221618672
-7.87281814097	-8.24877417345
-7.78226516223	-8.16530640427
-7.64001947156	-8.0244038236
-7.41882387827	-7.81299553981
-7.11294493328	-7.52049941252
-7.02965394462	-7.44672080712
-6.83062815024	-7.2671190902
-6.61782327665	-7.16819086552
-6.44430584014	-7.0424283045
-6.31617001636	-6.97290793418
-6.16288773041	-6.88601326476
-6.00161858338	-6.79297828991
-5.91974244242	-6.74411709798
-5.76928253622	-6.61550500034
-13.6131857891	-12.0107853741
-13.3994073809	-12.0475326092
-13.1704267287	-12.0492094814
-13.0663894036	-12.0517542335
-12.7025527795	-12.0706301462
-12.5025962747	-12.0538996968
-12.3543653824	-12.041126688
-12.2838944118	-12.0266990616
-12.0838385653	-11.9944355792
-11.9291648379	-11.9580524379
-11.8123075767	-11.9135516391
-11.7343800135	-11.8818481662
-11.582458827	-11.8141271513
-11.4803722657	-11.7639812157
-11.3484976162	-11.6787580493
-11.1704202757	-11.5388743851
-11.0516513319	-11.4227229319
-10.8686990541	-11.1988154635
-10.7271827943	-10.9524707914
-10.6531345349	-10.8469652869
-10.5991065182	-10.7735542158
-10.5479626875	-10.6840630098
-10.423378752	-10.5397756522
-10.2505039616	-10.1972424253
-14.3998975214	-14.1514305303
-14.173395619	-14.1882580106
-14.0334110966	-14.208668707
-13.8151621139	-14.2245121208
-13.6626980416	-14.2379892406
-13.5397923609	-14.2412153954
-13.4383093744	-14.2389319444
-13.3837813455	-14.2265347911
-13.1907168952	-14.2322095348
-12.9722331688	-14.1233984891
17.9196261174	-6.64161531201
18.0795122447	-6.62972257202
18.2537474012	-6.60067043292
18.4254420704	-6.49853887519
18.6006391645	-6.41968253968
18.7282987362	-6.35833612411
19.0150811657	-6.25578817444
19.104430966	-6.20314105721
19.2101594108	-6.13170733587
19.2871253536	-6.085412029
19.3725949131	-6.02882649226
19.4724941208	-6.0019568702
19.6197379271	-5.9597341216
19.9651253144	-5.86163156407
8.78548979363	-11.6252503542
8.78221961813	-11.6393310085
-1.3429294422	-12.6518387933
-1.27734310832	-12.4448872226
-1.12256438557	-12.2438378329
-1.05529325832	-12.1445533487
-0.954053601122	-11.9875202367
-0.830712849612	-11.8138596126
-0.786707604563	-11.7673134588
-0.723675170129	-11.6757630169
-0.642498475008	-11.5384955972
-0.55788777802	-11.3890746823
-0.504821590013	-11.2973230296
-0.423258939277	-11.1183434216
-0.395690068872	-11.0222682645
-0.34129947844	-10.9045128897
-0.250187213589	-10.5876129606
-0.189229526736	-10.3478078925
-0.146112707789	-10.0717543402
-0.104526777257	-9.81536361895
-0.0554419440285	-9.57974971093
-0.0569554949907	-9.31084214587
-0.110672487792	-8.81466592321
-0.181375823395	-8.37710242755
-0.22035326688	-8.18234238152
-0.293248276096	-7.93745797602
-0.34067199427	-7.78668663101
-0.45043216438	-7.51045044184
-0.553567219873	-7.27235723736
-0.710987966316	-6.87586878442
-0.773038827373	-6.72052134676
-0.851229487967	-6.56402345399
-1.02919137963	-6.4414486215
-2.9757869309	-12.4678708395
-3.00346991352	-12.3526778789
-3.0779594384	-12.2341529487
-3.36247104676	-11.9586210323
-3.53228811342	-11.6262188842
-3.60910888227	-11.4384364418
-3.72011311437	-11.1596057471
-3.78060743327	-11.0067086474
-3.89480763018	-10.7140880844
-3.97150745427	-10.3990927439
-4.02974763176	-10.1375244791
-4.13162605546	-9.74256348735
-4.16158706527	-9.55144868508
-4.18945077279	-9.34736536553
-4.21506925312	-9.15465610805
-4.23755691318	-8.98512405829
-4.23844172822	-8.89198177924
-4.26823897497	-8.66137336075
-4.28002308179	-8.57257647258
-4.34647324554	-8.22384428186
-4.39957026325	-8.04736917295
-4.34215917093	-7.77347320653
5.59069320086	-14.1780341691
5.3999507561	-13.9839392654
5.27749555004	-13.7748646386
5.22015619744	-13.584050039
5.16364954756	-13.4436861557
5.13577042033	-13.3661764615
5.06467304776	-13.1182410455
5.01129395408	-12.9170271151
4.9817355656	-12.7721766059
4.98205755776	-12.6004099469
4.94988141648	-12.3702689589
4.93783914878	-12.1938204053
4.92737546342	-12.0191667025
4.92022712699	-11.8934249617
4.95065591485	-11.6786004671
4.97060304538	-11.5524820375
5.02280746631	-11.3034743142
5.04026902842	-11.0919527485
5.04910852659	-10.9224425224
5.05590364827	-10.7427182506
1.89889661152	-17.5516754577
2.09240434535	-17.5930575739
2.22145277659	-17.5539139941
2.36244777052	-17.5047272224
2.56269876734	-17.490707083
2.67014086851	-17.5102005742
2.83997505676	-17.5431488105
2.98636734614	-17.5287653065
3.17029260048	-17.6228528949
-0.474593975574	-15.9867864018
-0.790804075729	-16.0665701838
-1.10463269673	-16.0678261336
-1.42141783113	-16.045532958
-1.76031382652	-16.0046487187
-1.99552894939	-16.0000258901
-2.31974794759	-15.9569653891
-2.47157870155	-15.9360587738
-2.71968401648	-15.8821560697
-2.98927431021	-15.8059146761
-3.08674903938	-15.7756496276
-3.2722719816	-15.7097338691
-3.39508912226	-15.642189714
-3.55513294201	-15.545691548
-3.76466218035	-15.3995455714
-3.85106246956	-15.2923683976
-3.97247524242	-15.1601862041
-4.10923022793	-14.9744171641
-4.23996712535	-14.7904085214
-4.30293793737	-14.6315597561
-4.40038133428	-14.3926656245
-4.43807377922	-14.2195496033
-4.53364894068	-13.763772998
-4.5563520834	-13.6532646577
-4.62265669931	-13.5192198506
-4.62460966172	-13.2311778196
5.3049345262	-16.881497913
5.06012465894	-16.6835376412
4.95627202303	-16.4682320183
4.79794927757	-16.3532694018
4.72755096565	-16.2498138577
4.66506509919	-16.1027849583
7.26876478827	14.0895501645
7.47637650785	14.0334946696
7.56476931587	13.9724444337
7.67622458897	13.8768331825
7.90800195935	13.6912523425
8.51625704398	13.2400780878
8.61792975121	13.1410793409
8.75534425374	13.0572101555
8.88851187691	12.9626088585
8.95832247688	12.9181968124
9.11033974409	12.8373266524
9.14211174894	12.818876238
9.2657409019	12.7715154695
9.40635097384	12.7038125549
9.64875128714	12.6227913587
9.86694398069	12.5494323166
9.95877888432	12.519514405
10.1258628549	12.4558184612
10.2391751836	12.4084906198
10.3511951195	12.3617782479
10.4321858929	12.327408808
19.4091202714	9.09837195093
19.5206947143	8.97137745577
19.685553833	8.76726402947
19.8186281658	8.57933772248
19.9444278823	8.35146494561
20.0559993765	8.16434791306
20.1836647954	7.92652176716
20.2905780167	7.69829043387
20.4106272805	7.52322976903
20.5427878946	7.29026728364
20.6641056382	7.08565517553
20.8428592942	6.81984572475
21.0733882836	6.50052072539
21.1916057394	6.32665565712
21.3045270556	6.18927864046
21.4995098575	5.96820145567
21.6819614101	5.8016099007
21.7903965068	5.6493168102
22.0045315436	5.48815788239
22.1169787084	5.41773602189
22.2601707235	5.33095245594
22.400578179	5.30585111839
-5.38452060859	7.12260310275
-5.2346048771	7.20130425664
-5.00110397315	7.21986365433
-4.71773100388	7.16302255534
-4.40838154225	7.07646869831
-4.20012910646	6.98919159851
-8.76363696504	6.63332342289
-8.81381847629	6.59299904171
-8.92212008652	6.47463295784
-8.96773797081	6.41752265635
-9.17925494319	6.1311387704
-9.31016332013	5.94133975077
-9.3930620705	5.80682599154
-9.49686128586	5.6691352573
-9.54564994386	5.59502924443
-9.64143165311	5.44760959327
-9.7872985377	5.21610140685
-9.78847140931	5.03232137853
-9.84267008003	4.9207532842
-9.89013324119	4.67957441945
-9.94665968226	4.45766261956
-10.0074848644	4.30299448794
-10.1621510719	4.11053962218
-17.6672891362	-3.43925756462
-17.7216589935	-3.42005146961
-17.8173417706	-3.41706102735
-17.9177869701	-3.41666417562
-18.1291962389	-3.3742035359
-18.3333913116	-3.36366651178
-18.5508219785	-3.32556163803
4.16801503137	-20.6180461375
4.15611052825	-20.5900122853
4.13169151208	-20.5283454484
4.11680145802	-20.4873152622
4.11310051577	-20.4766210535
4.06104922694	-20.3386519288
3.99716353402	-20.1961442951
3.97433340277	-20.1417413632
3.9124178102	-20.0125068637
3.87331729605	-19.9184523228
3.79891610141	-19.7213157585
3.76224416303	-19.6251732959
3.80228259666	-19.4271271845
3.74423983201	-19.2703723593
3.67491863082	-19.1329883039
3.57390609601	-18.9399839338
3.47129999289	-18.7961856814
3.46123212077	-18.7507552662
3.40029288461	-18.4944298366
3.35993882693	-18.2473999701
3.32029452199	-18.1299843483
3.29306834276	-17.9628255411
3.26176421402	-17.8170120401
3.17028421116	-17.6228623097
6.97379687227	12.6199632698
6.77644517644	12.4505889229
6.71599558793	12.3265817779
6.6715254272	12.2038156418
6.65038540511	12.0832448045
6.68395708104	11.9387929101
6.67505203632	11.7972102969
6.77424365841	11.6650733945
6.91050708861	11.5329231962
7.12424929878	11.4017138015
7.36252615275	11.2864773346
21.5137248647	8.39704698612
21.5976808909	8.25275405351
21.6677068092	8.12188402136
21.7369048339	7.97865154867
21.7746099531	7.88756444001
21.8163932117	7.75679048077
21.8684052972	7.66531702925
21.9056921711	7.56262749761
21.9535938094	7.45684404126
21.9813691236	7.36373235262
22.0436520127	7.23386400628
22.0829578568	7.11114387558
22.0933666779	6.96092429242
22.128557506	6.85347394709
22.2083413589	6.64425507564
22.2781749664	6.37926999509
22.342863476	6.1093858969
22.3737533437	5.95852810808
22.3750046814	5.88796945267
22.4398677724	5.59326884398
22.4470537993	5.44561935915
22.4005571661	5.30583138393
-0.13745541887	11.7596117193
0.143920359155	11.9358139595
0.382329140957	12.0788568821
0.57856654627	12.2258674369
0.693900836576	12.3049455095
0.830684863105	12.359617295
0.934249114529	12.404240808
1.12437764418	12.4092983212
1.20634082823	12.3953095678
1.4079295651	12.5866644607
19.9651312867	-5.86162693191
19.8629291196	-5.65392077078
19.8188820001	-5.48115333092
19.8194140738	-5.33384341849
19.7839967445	-4.96322138217
-17.4103317486	10.8262503263
-17.2141074654	10.8685670025
-17.0909638104	10.9177025811
-16.9785660745	10.9725855453
-16.8416566522	10.995303817
-16.676164159	11.051052498
-16.5336556915	11.1118113065
-16.3995911437	11.1715289188
-16.2693876885	11.2254560042
-16.0933107911	11.2988557337
-15.8890685729	11.3903001155
-15.7337465575	11.4626891894
-15.6173644487	11.5325333148
-15.3412053047	11.6277065117
-15.02729586	11.7339011397
-14.7531456128	11.8169989151
-14.6267791779	11.8467053896
-14.4438283081	11.9569301865
13.0654150048	11.0707118692
13.0908407738	10.8278238533
7.52205076949	17.4401343517
7.55605245358	17.5969023403
7.68803624343	17.7371157325
7.86395343228	17.7993260166
7.93530987004	17.8196870349
8.09370493734	17.7598727767
8.17294918226	17.7890844153
8.26472930378	17.8203234562
8.36575541258	17.8391428121
8.50072585995	17.8107658207
8.60875513553	17.8363206419
8.7363156174	17.8651074041
8.92997294097	18.0274829581
15.7405037796	11.0013542179
15.4565529931	11.4618465146
15.2615806894	11.6935591952
15.1597885813	11.8363184084
14.9945719067	12.0411626947
14.8530289555	12.2376095779
14.7575182704	12.3748463688
14.6294474242	12.5628004238
14.5857191256	12.6349345276
14.4703095981	12.8149295022
14.2451977008	13.2963984119
14.1717965456	13.5263450049
14.1324807574	13.6725985767
14.0759000536	13.804480283
13.9630825176	14.0868412211
13.833887789	14.3052977112
13.7018845279	14.4784713359
-19.3953669272	2.61691439375
-19.160465693	2.68521901204
-18.952228429	2.84498575726
-18.7449419886	3.13223589986
-18.6776468439	3.19695291538
-18.600264445	3.32074643284
-18.5285914442	3.4076630227
-18.4064094551	3.60560338318
-18.3388693231	3.73121033169
-18.258556021	3.92281155697
-18.1874809377	4.05914984576
-18.1334455628	4.1882398688
-18.0365565258	4.45170764709
-17.9901884339	4.63201362374
-17.890485442	4.94307407806
-17.8314863448	5.18582660643
-17.7925153484	5.37034506312
-17.7464742468	5.6101906035
16.1720739945	10.9501833054
16.4591904221	10.6335937537
16.5978479591	10.4151465893
16.7023744369	10.2530139377
16.8886924039	9.91094133685
17.1096281196	9.5113638485
17.2492204691	9.23833649783
17.3319571692	9.05772527399
17.4574027887	8.83439973456
17.5559843494	8.62592527228
17.6579072506	8.41019456615
17.7517408783	8.22805256968
17.8461520651	8.02755089114
17.8689316515	7.94900197376
17.9925598262	7.68999004929
18.0838490235	7.4816080638
18.2389914648	7.11926866323
18.4298431263	6.72238145116
18.5452971971	6.46672138832
18.6630984072	6.20275110344
18.8599204509	5.71882503186
19.0127813524	5.2642972287
19.1069064588	5.00176303446
19.1963550839	4.81091488754
19.2387301143	4.73166648297
19.3625353972	4.48258154219
-20.6349375307	-3.23207873299
-20.6409108677	-2.99243700819
-20.6500915615	-2.8004109387
-20.6986073463	-2.6472526082
-20.6701329629	-2.09330071852
-20.6650472151	-1.8516119735
-20.6634565072	-1.58893509463
-20.6586100878	-1.35400411759
-20.654512786	-1.19902384685
-20.6561676505	-0.975940949364
-20.6370012862	-0.761128029795
-20.6261107521	-0.637433841168
-20.6149879419	-0.541051260759
-20.5916621397	-0.355288828074
-20.5731508069	-0.225044348189
-20.5537517436	-0.0930649725889
-20.5243914749	0.0659086239922
-20.487595907	0.266262031414
-20.4233813202	0.553497482887
-20.3959573907	0.665036528985
-20.3420596927	0.770738385922
-20.288406824	0.922805816291
-20.2278078804	1.17374330365
-20.1675290763	1.34397898133
-20.1174004604	1.47401532245
-19.9829830098	1.78110189324
-19.749823421	2.05072893802
-19.6807352717	2.11005607745
-19.5270558744	2.21762374902
-23.3316497711	5.16032291354
-23.1534408986	5.17639070758
-22.906523175	5.09234143252
-22.4941509379	4.96197957828
-22.4121495703	4.95553264806
-22.2497190463	4.96077874377
-22.0890505099	4.97466481393
-22.009311327	4.98480936024
-21.8702859844	4.99400060279
-21.7411192084	4.9656256203
-21.6349948776	5.01413632623
-21.5224842749	5.0752208492
-21.3710581851	5.14487660139
-21.2579393223	5.21186595117
-21.194881462	5.25353888711
-21.0752019123	5.34626982206
-20.9367430582	5.45846356202
-20.8741538865	5.51382576376
-20.7912416649	5.59888971213
-20.6110047935	5.78154080074
-20.5511146317	5.84468248964
-20.4466020855	5.96056300874
-20.3469956988	6.08233878975
-20.1979141964	6.2613683383
-20.0868325178	6.40436268384
-20.0363989068	6.44422113655
-19.9400597902	6.54369883676
-19.8070074328	6.72998141075
-19.6838879836	6.91470954501
-19.5359488108	10.1760909541
-19.2207050059	10.4005872613
-19.1107476373	10.4837958046
-18.9833086147	10.5755442143
-18.7892435086	10.6665261869
-18.5679712953	10.7481173835
-18.3842195955	10.8389660356
-18.1007165881	10.9113683523
-17.9806305385	10.9294432986
-17.7704418377	10.92120525
-17.640446305	10.8981150301
-17.4103267419	10.8262435039
8.6709006123	-10.6574837414
8.77103177006	-10.9555261278
8.80112167218	-11.1115410218
8.84249859386	-11.2847765596
8.83829265601	-11.400575784
8.78233456615	-11.6392393214
18.586772026	2.43026309841
18.7732372249	2.07744396221
18.935288001	1.92496148231
19.0009047143	1.86169575559
19.1408139361	1.73979729497
19.3319817798	1.55542401593
19.5067101125	1.45741121373
19.561821422	1.39404831975
19.6306974335	1.2965544424
19.6844062161	1.23685542914
19.8678700286	1.22623454407
19.3624173892	4.48290446659
19.2950027106	4.3832076178
19.2371996664	4.182358253
19.1577693736	4.0564247578
19.1194365841	3.93225909135
19.0808856915	3.84613517658
19.0080969699	3.6528532419
18.8868703725	3.25254946891
18.8129040603	3.08757185788
18.7801023351	2.97325175324
18.7082385854	2.8614829894
18.6683875825	2.7509036038
18.5867710428	2.43026301482
-19.1482443755	-4.62950335108
-19.3733218226	-4.52380561977
-19.5132046487	-4.43108316208
-19.5899102208	-4.37845496461
-19.7429279769	-4.26002531239
-19.9554482283	-4.05182323267
-20.1192447205	-3.78443759342
-20.234765373	-3.63298673446
-20.3106221278	-3.5285475163
-20.4937296828	-3.29885962934
-20.6349129936	-3.23193763256
8.9299515605	18.0273244373
8.98539075276	18.1978456597
8.99577217775	18.2821589575
8.96567327982	18.4567244779
8.82337262746	18.6173425074
8.83562870061	18.7393530625
8.74568048234	18.785966189
8.6881684182	18.9339583954
8.6862412016	19.0050715825
8.60799634207	19.1557315237
8.57428826022	19.2024327031
8.52657491318	19.303577753
8.42972945065	19.3230034825
8.33229597107	19.3962218904
8.28118528885	19.4500389028
8.21484918387	19.5501230655
-17.7188187231	5.72848219831
-17.7464742462	5.61019060117
-14.6101134256	10.3718518265
-14.7682241034	10.4137126316
-15.1746122065	10.4493426482
-15.4332159432	10.4662589193
-15.907635587	10.2953870715
-16.0165729418	10.2484217053
-16.2351034097	10.1269095137
-16.5003046624	9.97641143084
-16.8053560335	9.83486797576
-16.9000147653	9.79511101023
-16.9645568627	9.74367887181
-17.1469756525	9.68683506296
-17.4312373653	9.55124447903
-17.6239949954	9.46822033654
-17.8565590393	9.3648930818
-18.1166232675	9.26793009255
-18.4529748409	9.18045189466
-18.5805795683	9.14884484404
-18.7243004391	9.10223886588
-18.9007224403	9.03387736128
-18.9902093675	8.95879253471
-19.0962870181	8.87636791322
-19.1162117958	8.77368349499
-19.141442967	8.67604831928
-19.1405070719	8.60591635901
-19.1059212922	8.5323517591
-19.0560534993	8.46378216221
-18.9700372779	8.40090317111
-18.8101603234	8.32137121069
-18.6841849745	8.26542784169
-18.5700005541	8.21466862355
-2.52396236658	11.8210189942
-2.45742697456	11.770165297
-2.42165070907	11.6893051023
-2.36965275266	11.6308508392
-2.20855134552	11.4691347412
-2.0429787751	11.2282414339
-1.94997873367	11.0558576445
-1.92125739231	10.9929422772
-1.87009962896	10.8622245301
-1.80177764898	10.6445167756
-1.74803354531	10.4060492005
-1.72775965972	10.2831012379
-1.71666978553	10.1883656747
-1.7102316472	10.0695482
-1.70543902919	9.96722267671
-1.67502011962	9.8996804124
-1.66970880219	9.65592106529
-1.69299972958	9.42572840556
-1.74277189235	9.14415053193
-1.82967582686	8.67280709321
-1.97433255498	8.28154289546
-2.08149049993	8.06593421305
-2.21063454149	7.96055735351
-2.33680788732	7.86335980621
-2.48852154831	7.78622773062
-2.54127702232	7.69566817923
-2.88427747543	7.57724573038
9.45788916638	8.12570864553
9.30509595426	8.22794226306
9.15775333269	8.34548414948
9.00892399723	8.36791655222
8.90102851485	8.45842984271
8.79871406603	8.60163389805
8.67725809588	8.70179518416
8.58669977183	8.79297833551
8.49411926839	8.86115608542
8.3935038536	8.90075889708
8.26528781648	8.97731924082
8.18445845642	9.05939028806
8.02449059229	9.23514374275
7.87359171154	9.38806817376
7.80141844598	9.46284844883
4.3500090362	19.8939254307
4.3648225244	19.7250241998
4.37620920067	19.6783116962
4.40993025818	19.5817068899
4.42201546437	19.5248645571
4.38099030346	19.3681828545
5.22356005029	14.7993308238
5.2613672322	14.8704609506
5.32249759098	15.320127659
5.43640426724	15.4069029473
5.63932760492	15.6531862482
5.75192307108	15.8069993329
5.95648802343	16.0720727353
6.08194281026	16.2910870509
6.19179261026	16.4930662754
6.2648696361	16.6238522891
6.34790386007	16.7736743413
-10.9865403511	3.9757319475
-10.9370316005	3.80847595231
-10.8185660392	3.76145411578
14.2250225025	6.35766116773
14.180579316	6.54877843786
14.1821258708	6.66244341352
14.1590352202	7.05096387988
14.1568360891	7.28677354426
14.1612374819	7.36319536401
14.1677583933	7.51666977493
14.1604020373	7.80816148962
14.1069359305	8.15077468099
14.0625004783	8.28016390108
13.9944219436	8.49194091293
13.9451786214	8.61324753861
13.7134780951	9.05456710087
13.6196664912	9.21721494778
13.5424622293	9.33376074581
13.4744054977	9.49116598148
13.3662191866	9.62461589156
13.2467789359	9.76940128625
13.1286362862	10.0423913194
-2.88426628782	7.57732345266
-2.70254619959	7.40509971145
-2.62995366564	7.14756958137
-2.49662797878	7.06244317019
-2.23653896806	6.8570246344
-2.00016786539	6.47232471312
-1.85495881705	6.17109015371
-1.66372249126	5.73034884442
-1.62510978534	5.6212377064
-1.51425658174	5.34681251827
-1.42183258227	5.06528382615
-1.24189653048	4.32229980696
-0.864077689066	2.79342701147
-0.803602308219	2.50048007622
-0.76597625551	2.35007719038
-0.696471849345	2.05004295159
-0.632100684553	1.79012428177
-0.637007611632	1.56053870562
-0.600382159891	1.44455256829
-0.562805565897	1.3086038711
-0.559928768263	1.29476307446
-0.51289200065	1.1127388002
-0.456153931642	0.927467611015
-0.41613334008	0.765378919217
-0.378972705339	0.620825384759
-0.353139103789	0.496751338866
-0.348790847186	0.402635754718
-0.32229437056	0.288965904216
-0.301756003739	0.195501092081
-0.26559812485	0.0366842455824
-0.221471087381	-0.156631631599
-0.158654345784	-0.469501495407
-0.115974826203	-0.624626553379
-0.0110891239991	-1.08073051296
0.0337436538693	-1.33868790011
0.0872162262778	-1.56465521419
0.113889503771	-1.6429680335
0.163310708896	-1.86721525768
0.285162151359	-2.44052951656
0.297734410322	-2.45007640521
0.349119292763	-2.75370003932
0.392780448817	-3.00099709318
0.438825406657	-3.21649145582
0.483614015689	-3.41757901486
0.489721424034	-3.49857263107
0.530596289781	-3.77025037323
0.55647054677	-3.98001013393
0.571940655587	-4.15967058631
0.594781787736	-4.56654052378
0.645784204749	-4.94211264258
0.684719518726	-5.22626718924
0.708214263359	-5.5061668327
0.772440463088	-5.85896097413
0.768185820649	-5.90394704325
0.840377275429	-6.28168999358
0.87987989106	-6.62382855508
0.908077125089	-6.87795448358
0.93681917874	-7.07267175682
1.00404197854	-7.52445141752
1.04778394914	-7.77641920462
1.07255218845	-7.91511769007
1.11612417912	-8.15576083435
1.18512870367	-8.44436514199
1.20940211979	-8.62629867661
1.24714063427	-8.9587962464
1.27271239037	-9.20822778766
1.29417164261	-9.37625959326
1.34303304185	-9.81039034308
1.37021049676	-10.078429907
1.37824475484	-10.1684547662
1.40107812644	-10.3840991275
1.43484140163	-10.5214602163
1.50091484915	-10.8129233974
1.51950424712	-10.9490964792
1.5748411382	-11.1440217836
1.62492086256	-11.4451431866
1.69953684299	-11.8432189281
1.73445007388	-11.9869390945
1.78297959076	-12.1901487526
1.8423891423	-12.4764582752
1.89242188888	-12.6486763183
1.93732959317	-12.7930617781
1.99926085746	-12.9888481859
2.05310526416	-13.166235804
2.15458398939	-13.4048422194
2.28203401307	-13.8860272017
2.33963157569	-14.0848842627
2.37734875671	-14.2342448228
2.40250280508	-14.3724981945
2.42908863517	-14.5127139642
2.43188732935	-14.7551321211
2.49267394703	-15.1356266768
2.52500360077	-15.3875464741
2.57990653302	-15.7365622076
2.63784009082	-15.950472222
2.74782611411	-16.2609448058
2.99630981824	-16.7371123516
3.0743320884	-16.9289241373
3.11949044703	-17.1112172601
3.1911648486	-17.4616246221
3.17029158434	-17.622854387
-0.748171032289	7.97058166211
-0.773558116248	7.6937666725
-0.744352445328	7.15416391737
-0.716211111018	6.87344251835
-0.642517686935	6.3317414438
-0.532165069863	5.60883982125
-0.456044020637	4.73548268732
-0.415331828874	4.28463691671
-0.382735574674	3.93101906909
-0.381181758926	3.91754802559
-0.333415910514	3.58507783134
-0.283356319554	3.35323538882
-0.177106491374	2.98982573166
-0.0668037697894	2.55955918941
0.0283270298089	2.1626295113
0.125100704554	1.82237939977
0.212275985028	1.45241903667
0.27095132417	1.18134832865
0.342598284686	0.886354850536
0.410252425769	0.50154342198
0.457208842828	0.231983622478
0.483800770958	0.0528505665911
0.515356306754	-0.196339215725
0.554164872042	-0.433976785335
0.602053692781	-0.681701776497
0.653221842126	-0.914250665506
0.734553010097	-1.18556656192
0.784771254638	-1.43868260089
0.826513568573	-1.75438708088
0.873469087432	-2.03779645807
0.947182489395	-2.44614599863
1.034964672	-2.89344840289
1.12076528037	-3.36298587675
1.19807483523	-3.97519139512
1.25499141118	-4.40761406705
1.27647519275	-4.57593049097
1.30902776141	-4.72612664819
1.37822787473	-5.00215712157
1.42612802902	-5.19230225235
1.44954352019	-5.30741432803
1.48123596003	-5.44891634469
1.52493496084	-5.62783951421
1.56041706061	-5.76238607918
1.59110166225	-5.87092345206
1.63166713717	-6.07417694657
1.65205647875	-6.29352610563
1.68827114234	-6.53197012672
1.71177304842	-6.67862736748
1.72190528897	-6.77355616231
1.73048531475	-6.9134996337
1.75756387403	-7.04962805731
1.77330906048	-7.27314625748
1.79692388299	-7.40371609816
1.8170049518	-7.59619008621
1.86721756169	-7.91367010441
1.89332124916	-8.0936081617
1.90715129988	-8.24041531426
1.9465867077	-8.45208035091
1.98996684462	-8.67705410554
2.04387382127	-9.0208036269
2.1234334989	-9.36368796811
2.14060775673	-9.54943105786
2.17274635423	-9.69413972599
2.23997726144	-9.99466844558
2.23376354728	-10.1331630395
2.28773655541	-10.345513021
2.32269059959	-10.4607351285
2.36150076152	-10.6210951731
2.43706916921	-10.9325940802
2.4644803338	-11.0714243041
2.51137925331	-11.2773918802
2.54738544361	-11.4565857183
2.58823659175	-11.6777394557
2.61963390379	-11.8722219732
2.66838829392	-12.1351602464
2.68444820301	-12.232325692
2.73759213703	-12.3561958184
2.7659715867	-12.5483295453
2.80075556188	-12.8001711122
2.82700165198	-12.9529065841
2.84675245996	-13.2457887603
2.88624040595	-13.4529998364
2.90716255605	-13.5818095731
2.94898048518	-13.7255273504
2.98362042463	-13.914285458
3.01672891569	-14.1728655277
3.07633384522	-14.5541228391
3.11266865979	-14.7406116632
3.14826633871	-14.9376811498
3.20578758908	-15.1668951192
3.27464684561	-15.3948058686
3.31047995823	-15.5225990129
3.36276385862	-15.7243618264
3.43340517977	-15.8328045221
3.46178799163	-15.92897967
3.52814488166	-16.0141199372
3.65238399426	-16.1101832103
3.77120723386	-16.1083699463
4.23672237238	-16.1327178928
4.43431460042	-16.1123327136
4.66506510109	-16.1027849525
15.2630868569	5.83655595378
14.9636127025	5.98337122332
14.7757035784	6.05707329143
14.6294597188	6.12167206704
14.5142523225	6.21347260904
14.2250360713	6.35761168874
22.4005613924	5.3058487932
22.502692302	4.9776989797
22.5753623754	4.75830823068
22.6068894035	4.63673364533
22.6703235276	4.44924466725
22.7216507363	4.2836095587
22.7788764216	4.06644980666
22.8239473406	3.9076449469
22.896019209	3.64525762313
22.9349043245	3.47024362208
23.0113107924	3.21159687268
23.1303219758	2.76277792937
23.2141125537	2.43555531683
23.2738476053	2.17849425882
23.2978378846	1.9120995129
23.2759559613	1.7056537695
2.97089166118	-0.252617747477
2.87713484672	-0.40733568921
2.84513656046	-0.687168465822
2.7869280718	-0.999830188752
2.74202429499	-1.27801106804
2.70917165119	-1.46345496358
2.64092385778	-1.79837239806
2.62473454328	-1.88836001836
2.6060062134	-2.03239715523
2.5791495872	-2.19996320492
2.55731479621	-2.34757697712
2.52675384006	-2.57202114613
2.50259973503	-2.74070923576
2.48933094706	-2.99373667812
2.47383909847	-3.2950837387
2.47079522519	-3.44471547244
2.49176111164	-3.60962962239
2.50311325294	-3.71657740066
2.50693091963	-3.75139435417
2.55760314588	-4.09296035932
2.6159495059	-4.28534798054
2.63672295711	-4.39544209891
2.64086760549	-4.59885293037
2.67187014987	-4.73142213136
2.7391280034	-4.99098913813
2.84414445526	-5.30888114946
3.06727146421	-5.93693539517
3.34257671153	-6.53581454843
3.40502577313	-6.66764137893
3.42138858647	-6.717618255
3.50509839548	-6.89631227248
3.72240928509	-7.31118745661
19.8678700473	1.22623454554
19.967195146	1.30593060113
20.1263036347	1.46825518549
20.1784036099	1.52949562448
20.2655642887	1.73631675935
20.3128308887	1.82704751874
20.3467452318	1.92934709521
20.364371613	2.1530978851
20.3843065711	2.31209464455
20.3997218652	2.59341258228
-19.3571941699	-6.89355725886
-19.5094119959	-6.89512189434
-19.7359783272	-6.73522765618
-20.0745750939	-6.3172584464
-20.190700352	-6.10505971514
-20.309606335	-5.82304832996
-20.4514319739	-5.48175476842
-20.5840906554	-5.09397112396
-20.6911337074	-4.77953967888
-20.7841908625	-4.42032789968
-20.8085133494	-4.2150350858
-20.8258681668	-3.95680352328
-20.7841734708	-3.74284631046
-20.7741383147	-3.60029973009
-20.635637459	-3.22928688358
-18.8203293893	-8.31317475609
-18.6987995826	-8.45691674271
-18.5427236392	-8.77666165375
-18.4089739227	-8.98822940779
-18.3410614123	-9.1538437286
-18.3033256989	-9.2627564083
-18.2203079548	-9.49998552531
-18.1935186933	-9.6138967201
-18.1504682362	-9.74312307076
-18.1032415142	-9.94911547057
-18.0477443919	-10.169831256
-18.0227982191	-10.2966003338
-18.008945277	-10.393604028
-17.9989462537	-10.5423973918
-17.9887554313	-10.7162731425
-17.9868805972	-10.8452050965
-18.0159593269	-11.0792877602
-18.0484889973	-11.1822613928
-18.0918435189	-11.3365290556
-18.1134996998	-11.4181845944
-18.1788688471	-11.5790999397
-18.2340155138	-11.7086603783
-18.2535157955	-11.7699430781
-18.275106003	-11.8793893142
-18.3755015221	-12.1041578096
-18.4858636417	-12.3342833878
-18.5257030682	-12.4082302567
-18.5670938752	-12.4962492936
-18.6165864456	-12.5762120563
-18.652968691	-12.7011843766
-18.7221279945	-12.8163645964
-18.8967692938	-13.0497556513
-18.9797904735	-13.2764413259
15.1618824097	-1.47536339909
15.0686316416	-1.65151097704
14.9495832807	-1.76628779381
14.8565602526	-1.89625618597
14.7161841944	-2.10467789139
14.6629736082	-2.17953621373
14.6166497307	-2.24726496391
14.4888354293	-2.43322749557
14.2352324987	-2.68409640988
14.1799511556	-2.80106942399
14.173560708	-2.81400571565
14.0936755512	-2.97380787365
13.9317859746	-3.29628571093
13.7829649398	-3.48024145612
13.5588961916	-3.65466344023
13.5717592998	-3.75720641019
-5.76927911608	-6.61551927666
-5.61283748248	-6.7733367181
-5.52322739682	-6.83989190486
-5.28763848079	-6.98479156722
-5.15923380719	-7.11943491176
-5.083201052	-7.21173997977
-4.7841507788	-7.44008473737
-4.68125980782	-7.52793280151
-4.52932439919	-7.63422587334
-4.47850689054	-7.66073515525
-4.34216011271	-7.77374374155
6.53700858522	-10.3795671051
6.18333152132	-10.4724337474
5.95143352129	-10.5700543077
5.80550070957	-10.6121019774
5.63253199249	-10.6497090345
5.60873119493	-10.6570153623
5.4819421713	-10.6862691715
5.36045261744	-10.7245971694
5.23102889776	-10.7428367045
5.05590364645	-10.742718254
4.66506510281	-16.1027849458
4.7432320063	-15.9267449858
4.82887180826	-15.7910410446
4.9793052244	-15.6893725242
5.01802282726	-15.5793940454
5.09925872274	-15.4088136393
5.15374146339	-15.279356795
5.21278820027	-15.1196350332
5.27991509651	-14.9852105673
5.3464158226	-14.8261511881
5.36814430728	-14.7818897289
5.4086309481	-14.664552254
5.43243606676	-14.5304338987
5.47565796783	-14.3697722367
5.58757667197	-14.1765540088
3.48787800103	5.81711164147
3.70253138919	5.68854931301
3.84821342551	5.60272574356
3.97267851012	5.50872127493
4.03982361315	5.46544379618
4.13505387323	5.42013004151
4.4050804207	5.25819699879
4.67845128748	5.08439109135
4.8140551411	5.00734980064
4.99113445919	4.87919471917
5.23295030037	4.67237871939
5.38614200327	4.53083651665
5.51725414088	4.40067258139
5.55735550566	4.2538292994
5.68819938981	4.03382732082
5.85264781252	3.74287231237
5.89696668936	3.66751513155
5.97361086343	3.50349967394
5.9958526333	3.28480662299
6.03433086027	2.99742236195
6.02689315195	2.7286243176
-13.8617905741	11.1804816228
-13.5198920254	11.2065722988
-13.3454262432	11.2549048388
-13.1734898797	11.3055115362
-12.906681169	11.3274567832
-12.5628816051	11.4112936594
-12.3453900271	11.4596129451
-11.7475387665	11.6685165223
-11.4414935658	11.7456025877
-11.4024996026	11.7463728345
-11.240600046	11.7824211573
-11.0645953213	11.7883792588
-10.9184705173	11.7989171151
-10.7862917244	11.8248684775
-10.437406345	11.8050413514
-10.2186436886	11.7838535048
-10.1882013944	11.7798709139
-9.94115460588	11.7426301048
-9.74209089052	11.700557043
-9.61421993287	11.6617435291
-9.52038811937	11.633418144
-9.35334470804	11.5784469247
-9.04265017543	11.4515954694
-8.84772450913	11.3431697221
-8.65147700898	11.1765038421
-8.49747155035	11.0251767747
-8.41759556438	10.907850243
-8.36582616672	10.8055600863
-8.34326272001	10.7067359224
-8.31801929513	10.5913671307
-8.31564760562	10.4607682271
-8.34528485072	10.3542926127
-8.39790420736	10.2242706323
-8.4392725725	10.1451320233
-8.50323927608	10.0459170462
-8.56099978176	9.96087700989
-8.77300732643	9.72513976216
-8.97261016401	9.5316731363
-9.3420903685	9.22518911545
-9.53111410709	9.08714654511
-9.75100858273	8.93968606539
-9.96676175889	8.80544957347
-10.2097715786	8.74981132076
-10.3479401769	8.69583908533
1.55123328729	8.53626589004
1.69163986556	8.28848265817
1.81083194695	8.10335853882
1.92381077771	7.93324187722
2.03785392986	7.77101528181
2.08682055568	7.70331960413
2.21949154716	7.54863670408
2.38732499772	7.2921485096
2.52020366635	7.07906630677
2.69577811342	6.83684695028
2.8948929934	6.53479064936
3.0006969289	6.38628157157
3.20449580194	6.21161333036
3.24147031048	6.17068411629
3.35749666599	6.0192339855
3.39387836947	5.9529092265
3.48794085325	5.81713486736
9.3883872202	3.86641325405
9.15858080001	3.85829487283
8.96514236789	3.87154521595
8.80346923117	3.93951760541
8.64790615291	3.9813957205
8.5222643877	4.0047928565
8.39130217867	4.0800854681
8.22812282387	4.12989436096
8.07700712443	4.1744372363
7.95298286444	4.21994495994
7.80446538353	4.27459167002
7.64211474164	4.33838863187
7.49361722441	4.40395363829
7.35920617025	4.48213274559
7.11157086942	4.60899640982
6.92723788446	4.77806685215
6.8529335227	4.8521529948
6.79413774964	4.93116637791
6.65197787396	5.10628352118
6.63433728364	5.1548957067
6.6072714149	5.26721914701
6.55142235116	5.46336539407
6.52705777005	5.58687636193
6.53055451497	5.6805213102
6.54518675726	5.80426151265
6.54215314206	5.87043284185
6.60744219237	5.98158686831
6.73189930595	6.09802943898
6.95389381128	6.26787296298
7.10617949608	6.36443816478
7.28588768735	6.45241534183
7.39600525435	6.50825763035
7.4926022537	6.54684677378
7.6143389543	6.59406411951
7.82746614477	6.66158323725
8.09221526464	6.74345848081
8.21953556661	6.77708870331
8.56718688583	6.85634813642
8.73442349675	6.89400917659
8.93214285983	6.98699333426
9.13746887103	7.14489541097
23.2759740157	1.70566864534
23.1376860164	1.83859830101
22.9855421712	1.93098005441
22.822245908	1.99276195081
22.7775887592	1.99932225959
22.7163141198	2.00359937277
22.5883792218	2.01808111921
22.260769967	2.04013337311
22.0969994573	2.02608143211
22.0232826865	2.03045430796
21.8644307928	2.02496547436
21.7843509648	2.04182800218
21.6689692942	2.07038061657
21.5489282215	2.10969732123
21.4092225103	2.10309720742
21.2861259955	2.15900694188
21.1648995279	2.18913802842
20.974439281	2.21134776612
20.8363887399	2.25173587867
20.6271845829	2.37625440198
20.3998961902	2.59356796229
-13.2210845477	-6.86815811229
-13.3975585517	-6.69051775138
-13.4782971982	-6.61489543402
-13.9229858695	-6.41367336206
-14.0347926703	-6.29509739461
-18.9798303892	-13.2765500498
-18.8173717604	-13.4447859804
-18.6941661818	-13.4731179762
-18.6112433103	-13.4871971716
-18.5146819121	-13.499528868
-18.4467807742	-13.5047434735
-18.3317706587	-13.5099744707
-18.2776384535	-13.5121119216
-18.1179589635	-13.5469280567
-17.9778349901	-13.5357099514
-17.818615618	-13.5257944813
-17.6817676771	-13.5132040308
-17.5660354618	-13.5286022471
-17.4201258077	-13.5143155412
-17.2280049303	-13.4714117516
-17.1279667486	-13.4736032598
-17.0449566163	-13.4534022598
-16.9395927664	-13.4280666754
-16.8509210278	-13.3861464088
-16.7343671491	-13.3532856608
-16.5976293758	-13.3270014325
-16.4799741737	-13.2664529675
-16.3918631068	-13.2144061176
-16.3173094286	-13.161113349
-16.229332068	-13.0807689401
-16.1606574395	-12.9264945401
-16.0495213305	-12.8230508904
-16.0087867227	-12.746193768
-15.9735098097	-12.6329504777
-15.9185364291	-12.4422397292
-15.8737552294	-12.3697191626
-15.8411399087	-12.1527053218
-15.8223210099	-11.9610292638
-15.7949116443	-11.8365878321
-15.7780281508	-11.6701121873
-15.7864110482	-11.5596450283
-15.7794710291	-11.4206486644
-15.7686592437	-11.2891651564
-15.7638096285	-11.1318219807
-15.7561098351	-10.9669837686
-15.7475514701	-10.8825449845
-15.7435068978	-10.8230330932
-15.7290783278	-10.6899012738
-15.7607108416	-10.5416411887
-15.7692500425	-10.2976533489
-15.75477398	-10.0744568433
-15.7521718663	-9.94431823799
-15.7368101051	-9.76697689068
-15.7134629927	-9.53845560216
-15.6779258099	-9.25799578392
-15.6283196641	-8.97880504252
-15.5863016767	-8.79987312111
-15.5212078547	-8.50554552099
-15.4424069362	-8.25659656931
-15.3695054738	-8.07659698449
-15.2970661596	-7.89886909812
-15.2562102363	-7.78975969082
-15.1599070913	-7.72944775631
-15.0884330336	-7.61040473894
-15.0140891275	-7.49785279753
-14.8526581854	-7.38007491427
-14.7772236315	-7.26552631153
-14.6100714922	-7.16782321761
-14.5163591703	-7.09516198727
-14.4089085735	-7.01785175634
-14.0732749974	-7.12234597662
-12.9722138975	-14.1233732866
-13.0760582303	-13.9358545185
-13.1397231225	-13.8559804257
-13.3180063181	-13.6715950005
-13.4161086377	-13.5658256716
-13.5440070814	-13.3679175842
-13.6504295357	-13.1848261811
-13.6975568121	-13.0503517082
-13.7223920035	-12.8631932626
-13.7553336657	-12.6929709155
-13.7535876911	-12.6140534524
-13.7714246571	-12.4458650527
-13.7374871813	-12.3134705162
-13.7200490983	-12.1998707212
-13.6143419686	-12.0110808784
-17.1487281123	6.37590301348
-17.2986827055	6.20202274115
-17.4939064707	5.97684236797
-17.7464742489	5.61019060759
14.0018309699	-8.95117737768
14.1942967128	-8.84436559592
14.4772887408	-8.68739983497
14.6333101773	-8.60643977417
14.9479057096	-8.43046443098
15.2439320572	-8.24117541691
15.569450141	-8.05193056041
15.7520542937	-7.9214593574
15.9469090079	-7.82224087102
16.1639521429	-7.69037672389
16.3126622043	-7.59605266674
16.4554773321	-7.50524910205
16.5814684558	-7.39700133316
16.7616489093	-7.31779313921
17.0029240958	-7.19103486504
17.1453216612	-7.07830875405
17.2750262157	-6.99784482205
17.4426155505	-6.93880647737
17.5267710843	-6.90151236836
17.7289604228	-6.76052276335
17.9196353226	-6.64162520146
-13.1749186933	-8.65928843966
-13.2498606263	-8.43318859998
-13.3446770548	-8.11091446972
-13.3779792728	-7.93227080667
-13.4114912067	-7.6942050108
-13.5063142365	-7.39016562716
22.6340208374	-3.50450014049
22.8521784257	-3.32769430923
22.9888537771	-3.15501108055
23.0746191556	-2.97120308957
23.1204507146	-2.87760077537
23.1700366356	-2.74224707017
23.1840374971	-2.70058316783
23.212127088	-2.6137717837
23.2411032954	-2.51258855941
23.2936731238	-2.29883466854
23.3518011401	-2.05095270695
23.4237296484	-1.80500308411
23.4505201239	-1.51824750091
23.4521231155	-1.27823086314
23.4369467132	-1.06063452559
23.4239425435	-0.611316417939
23.4187166616	-0.232400323068
23.413722487	-0.0094382616471
23.4082750352	0.315551095187
23.4065383536	0.490496608503
23.3777662363	0.68064476362
23.3637583074	0.884743569941
23.3488141374	1.02423622434
23.3634710901	1.18204804782
23.3398587715	1.44205541614
23.2761189709	1.70572213964
-14.0347989504	-6.29509313041
-14.0152133442	-5.99838108666
-14.0041785598	-5.93175766553
-13.9552615536	-5.72296456952
-13.8840099337	-5.354413798
-13.8302921261	-5.1980239167
-13.7864887254	-5.05569170375
-13.7454727462	-4.87314539592
-13.6707400814	-4.58811396967
-13.598033517	-4.29185387716
-13.5203431257	-4.01498526559
-13.503868913	-3.86325003939
-13.4595030216	-3.67340652016
-13.4079444163	-3.46768255496
-13.3270476705	-3.16886725423
-13.2625340696	-3.08104205314
-13.2352947652	-3.01014376691
-13.1505422143	-2.80557504759
-13.0941564492	-2.69636204554
-12.9188603035	-2.35731405551
-12.785031567	-2.14946028984
-12.5684777677	-1.84680200669
-12.4316450306	-1.6868543857
-12.3223512804	-1.57108586753
-12.2463589932	-1.49592463814
-12.0680144819	-1.35184553776
-11.9334154691	-1.26062887665
-11.7602578327	-1.15998881625
-11.5975438922	-1.06275278903
-11.2590374854	-0.944998264331
-11.1589557759	-0.888605031013
-10.8851930207	-0.744882670878
-10.7040404256	-0.679731863784
-10.6018339962	-0.609627161738
-10.5257634596	-0.598803946309
-10.4078056066	-0.574789838113
-10.2259054509	-0.559129491321
-10.0698786657	-0.555059326454
-9.8960126865	-0.512003076481
-9.54327626287	-0.500840243707
-4.6245675485	-13.2311421913
-5.05430503673	-13.1631098864
-5.19639988542	-13.1179045373
-5.37355112399	-13.0907299387
-5.56190590068	-13.0569036484
-5.83668451603	-13.0088516836
-6.02676991846	-12.9687501306
-6.2616960223	-12.9247847058
-6.42715963964	-12.889928393
-6.57577236767	-12.8654931648
-6.6976512787	-12.850822145
-6.86834165568	-12.8666704197
-6.93047657733	-12.8788785539
-7.06126577585	-12.8873632236
-7.16570918876	-12.9191989254
-7.25724517549	-12.968898182
-7.39110300792	-13.0681107958
-7.48366215994	-13.2043641746
-7.64880977858	-13.5275828546
-7.7166151624	-13.7024584132
-7.77898071951	-13.892841597
-7.82373931726	-14.1266708908
-7.83639947084	-14.2372369783
-7.85000247436	-14.3747298583
-7.79480187917	-14.6732626764
-7.74853143658	-14.858608728
-7.71821236792	-14.9746570132
-7.70591580357	-15.0758307426
-7.64566814492	-15.212805583
-7.60036784431	-15.3202587472
-7.53315184724	-15.4084927897
-7.31312602063	-15.6089607474
-21.3733989147	-10.4137693143
-21.1828788078	-10.276329065
-21.0842354906	-10.2341043709
-20.8905934944	-9.98299269204
-20.7713587336	-9.83221259614
-20.6879050548	-9.72755648218
-20.5757588114	-9.5836215427
-20.4230873787	-9.36222900355
-20.3220311114	-9.18896035027
-20.1583252894	-9.11593740282
-20.0296622504	-8.98592382192
-19.9218550137	-8.87500795194
-19.8194734951	-8.77415871276
-19.6979074375	-8.66447530986
-19.6772487316	-8.63484808289
-19.5960427726	-8.5763554864
-19.3327037081	-8.46883892422
-19.2052483615	-8.3842261689
-19.0899209237	-8.27968636898
-18.8203272472	-8.31318596909
12.3631742692	16.6978264951
12.4814877262	16.6471389057
12.6890486865	16.4150618517
12.7936279618	16.1986681779
12.8664029021	16.0347610979
12.8753509896	15.9529018477
12.2726867	14.6721050903
12.3556590103	14.1990205832
12.4208103659	13.9088120419
12.5194088433	13.4601838676
12.5713267984	13.2931693775
12.6147060926	13.1426344794
12.7043714163	12.8127263762
12.7303609903	12.6987359764
12.7848374649	12.465233464
12.8957899595	11.9652713343
13.0061946772	11.5418552913
13.0267963968	11.447842518
13.0908720125	10.8278217591
-7.31312663939	-15.6089627111
-7.11188091403	-15.694345296
-6.82723710334	-15.756327577
-6.53882516854	-15.8388613755
-6.38073323095	-15.8947848849
-6.05188077882	-16.019895942
-5.76115014445	-16.1305829129
-5.47054241536	-16.256770601
-5.1250867806	-16.3946602247
-4.89909227123	-16.4846201357
-4.74461487546	-16.5429654991
-4.51185243025	-16.5822386722
-4.1314205077	-16.7419308168
-3.76803125677	-16.8361193516
-3.65339731506	-16.8901398292
-3.36132544597	-17.0146997955
-3.14314642156	-17.1012958225
-2.77313739662	-17.2543374614
-2.49147309139	-17.3411208035
-2.29548027659	-17.4053265376
-1.87710629955	-17.5607699216
-1.54917722097	-17.664827701
-1.38424907897	-17.7108219703
-1.21141568566	-17.7812202715
-1.02666895953	-17.8387253129
-0.7918423198	-17.8982684215
-0.45987414002	-17.980761813
-0.19993100147	-17.9965598046
-0.035342283857	-18.0167529272
0.0982152543244	-18.036070156
0.210614393729	-18.0515238232
0.403389076334	-18.0445393638
0.715039418979	-18.0586724688
0.994257401232	-18.0577686234
1.26433908145	-18.0194248658
1.42286582618	-17.9826959342
1.56276768814	-17.9449139767
1.60125631664	-17.8882196421
1.74680201895	-17.7764230917
1.89891281982	-17.5515260665
8.21480855741	19.550100384
8.82698366496	19.5418605898
9.39041024224	19.3847152179
9.65542108044	19.2571237598
9.95219855518	19.1005118402
10.1637573834	18.9860392418
10.5905582858	18.7046541413
10.721358978	18.5968211687
10.9304068029	18.4331724265
11.0219474171	18.3439402556
11.1146591693	18.2367449768
11.2401078761	18.1111285202
11.4441689496	17.9077744183
11.5449444285	17.7922554439
11.5939874571	17.7381070035
11.6359736236	17.6882047881
11.8197527253	17.4400171777
11.933782137	17.2970312299
12.0218344905	17.1207269239
12.2084305953	16.8905413711
12.363148197	16.6978312357
-14.2538734915	13.4339473973
-14.5031299568	13.4627307968
-14.6478123888	13.4862732859
-14.8156158642	13.4731253967
-15.0320430583	13.4872016596
-15.2247736815	13.4297082884
-15.3396448798	13.4008630325
-15.5054864007	13.3460556417
-15.6263692233	13.296042094
-15.7297166895	13.2556876741
-15.8109805932	13.2084651469
-15.9258670415	13.1537598541
-16.043114197	13.0851054031
-16.2518410627	12.9429498417
-16.3944871685	12.8321776861
-16.7823354634	7.18393057898
-16.9628484935	6.86663806549
-17.028645848	6.7069091809
-17.1487279959	6.37590301632
-14.2536954603	13.4339510537
-14.2211837199	13.3250910064
-14.1828441939	13.1667570837
-14.1807185944	13.0469324263
-14.1780988347	13.0007508164
-14.1571057328	12.7833565304
-14.0992256736	12.5709040352
-14.1117743614	12.4574347293
-14.1992974487	12.3704088475
-14.2215196073	12.2492590902
-14.2663220499	12.1538942363
-14.4438283081	11.9569301865
11.7137959628	15.8620286274
11.8640575974	16.0476298316
11.9774920178	16.2534378106
12.013287696	16.2972896876
12.0836973218	16.394441836
12.1595613248	16.4976082289
12.253939931	16.6075422734
12.3630885717	16.6978396441
11.7138002902	15.8620411429
11.5095596462	15.9842454695
11.433864576	16.0148816293
11.2638406068	16.2000836581
11.0995506714	16.3059791297
10.908166039	16.4419394506
10.7944448766	16.5109856863
10.6810788536	16.6031054599
10.6268073644	16.6481861182
10.4760952463	16.7651285549
10.2892792134	16.9144849482
10.1472058071	17.0084913732
10.0656523694	17.0729434477
9.97511066953	17.0904741561
9.83993238373	17.1740045772
9.72701985138	17.2391165762
9.55568553849	17.489052037
9.40090253742	17.5962512993
9.34413651716	17.6559979479
9.28485679432	17.738315404
9.14840041385	17.8226739043
9.02548486927	17.8975665455
8.92997415038	18.0275262784
7.05997779479	16.816854223
6.34791052188	16.7736100066
7.06027519213	16.8168396415
7.5184979887	16.5598978381
7.74319816228	16.3306363844
7.89587298367	16.1948172256
7.99865912025	16.0729103472
8.14061082775	15.8488950747
8.27993447273	15.656735445
8.34731029934	15.5579609581
8.41991452182	15.4456860408
8.49208745247	15.3194677886
8.56505262916	15.1588478578
8.63321990031	14.974903805
8.65821940341	14.849628061
8.66912383309	14.750809186
8.6534363678	14.4785972455
8.63122492248	14.3030518163
8.59303717309	14.146379255
8.54583987415	14.0158585691
8.49491544596	13.8920997961
8.45947826471	13.8285499024
8.2739658339	13.5817473201
8.10430273682	13.3415079745
7.99803131095	13.1502446741
7.9055974516	13.040482394
7.79760440544	12.9272295493
7.62692646479	12.8020197567
7.53284130526	12.7328207294
7.37806554653	12.6825322002
7.22415789335	12.6538715171
7.13714869446	12.6440651829
6.97340766531	12.6201656833
-14.1557871072	11.490370892
-14.2858920361	11.6827493412
-14.3836840686	11.744911121
-14.4445034789	11.9569085827
-14.1558065713	11.4903448517
-14.0047733942	11.3328494003
-13.8617784089	11.1804859833
9.13745168142	7.14491484245
9.22488203624	6.90323080204
9.36629476182	6.85366304155
9.56108272008	6.78019587378
9.74674588558	6.64527680628
10.0072045794	6.54378713823
10.155896155	6.48050287742
10.2421019356	6.45941173674
10.4454107735	6.39389510096
10.6785104298	6.29734696751
10.8038150866	6.23309142636
10.944729866	6.18147316996
10.9802221573	6.16822689859
11.0783131896	6.13224258814
11.2108637448	6.08070440196
11.3690518442	6.01192630897
11.5231557638	6.01682367333
11.6331015481	5.98284061015
11.7345030916	5.95874469512
11.9264652027	5.92577667509
12.1143056356	5.91279749932
12.2495955905	5.86030477683
12.4757201825	5.86655008072
12.6364057951	5.88214360437
12.754710695	5.89726875382
13.0307073472	5.9547821144
13.3610087259	6.04941330158
13.7248349587	6.18289320735
13.9392284296	6.25529116333
14.0434037789	6.27652210417
14.2250155582	6.35762511766
1.40795061894	12.5866906963
1.38351683575	12.1976142649
1.40389677289	12.0844858238
1.4304450271	11.6622459533
1.40633455149	11.3367928334
1.41087043386	11.2185375452
1.40736246776	11.1303931892
1.38812756837	10.9312728402
1.38231713977	10.6156504575
1.3715619419	10.4605630925
1.36749702	10.3601581319
1.34942094971	9.9230412191
1.38108821577	9.6478565419
1.3819560114	9.37881510841
1.44801351414	8.99607070027
1.4564411802	8.96992598115
1.47872124908	8.82847169809
1.49972141472	8.72461437773
1.55124843246	8.53628366958
-11.3252868458	4.25116773427
-11.0888732113	4.51433844837
-10.9269608695	4.69992074849
-10.7728819611	4.99142574723
-11.3252833471	4.25104658484
-11.2068243739	4.13573084518
-10.9865076069	3.97576846619
-19.5270491559	2.21762728266
-19.4373722987	2.35046701563
-19.3953669438	2.61691437873
-10.1621510719	4.11053962218
-10.2411551924	4.44031506574
-10.571399504	4.70218180552
-10.7728819609	4.99142574723
-10.8261116572	3.76259561813
-10.9865297176	3.97582292627
-10.4601412948	3.52805708502
-10.1934314301	3.73592068595
-10.4601009272	3.52799574031
-10.5327089829	3.26498847513
-10.5641700231	3.13798406428
-10.6160766478	2.94731277519
-10.7483702934	2.54728549091
-10.7945912079	2.44524339072
-11.0131003393	2.10348025017
-11.3088066062	1.59617337184
-11.4063535766	1.46273338292
-11.494850078	1.32665021928
-11.583700623	1.20435321391
-11.6939248953	1.06311616504
-11.8035240008	0.929870343861
-11.9092851273	0.810252355726
-12.0153689218	0.658464856296
-12.0633290982	0.603784293685
-12.2887570518	0.353286115858
-12.5170479649	0.119610276999
-12.6212595465	0.0220724890253
-12.7109214299	-0.0447943364844
-12.874478784	-0.17632731104
-12.9221193662	-0.20693958287
-13.0653220899	-0.318951184314
-13.2347813632	-0.401489534546
-13.3481715037	-0.469740779218
-13.47785456	-0.522735086765
-13.5968058949	-0.565577207909
-13.7468877774	-0.62083745427
-13.9661621484	-0.669901601057
-14.2409255676	-0.680653727666
-14.5023266087	-0.698144560468
-14.7437174522	-0.719219703886
-14.934533923	-0.721296349045
-15.1859181488	-0.729093216927
-15.5097808395	-0.695006745388
-15.585813131	-0.6781472434
-15.6892964781	-0.642355385405
-15.8329357264	-0.580521097056
-3.58737511768	7.60244187739
-3.41028355319	7.55903915062
-3.23977367908	7.56854257847
-2.88424679298	7.57727506325
-10.1928031938	3.73619184025
-9.98134545411	3.74980970129
-9.81038712066	3.70200516608
-9.67150807062	3.62185907874
-9.52240470005	3.60096192811
-9.36641125659	3.57091361135
-9.27477071093	3.59556977747
-9.10346479917	3.62483811442
-8.91545776907	3.6288202153
-8.74989567758	3.57738056377
-8.52966437853	3.52346883644
-8.3964311045	3.48483516942
-8.35092572167	3.46413309233
-8.25496621641	3.42199044821
-8.12712181068	3.3567087827
-7.98995812182	3.29268560953
-7.76215418758	3.17811389463
-7.63971111186	3.1021096258
-7.5514048446	3.0433099415
-7.48406560191	2.9367028431
-7.38239102625	2.76707341404
-7.36582823918	2.63803018712
-7.35629636791	2.55112537057
-7.33210149134	2.42632449614
-7.38239574064	2.19183278543
-7.4628478887	1.86539234713
-7.50635282306	1.7664856436
-7.5988028045	1.57011838125
-7.66097917734	1.45958615447
-7.77502705183	1.26431508946
-7.91656705069	1.09957007923
-8.06896946646	0.859504671864
-8.27847289313	0.56966949747
-8.44377602144	0.354181473239
-8.62878135611	0.134309331215
-8.84609904106	-0.069843733087
-8.94265294417	-0.158303221871
-9.0314322258	-0.224077644976
-9.11727240638	-0.27685135757
-9.23651402925	-0.337877909298
-9.38693025053	-0.430538589157
-9.54296351545	-0.50079025322
-4.20018976466	6.9892409637
-4.10696597604	6.84344722292
-4.07870138259	6.71343969127
-4.08431284104	6.45098624273
-4.1407279749	6.22002234873
-4.20876325614	5.83683960157
-4.32866783134	5.37429999508
-4.4319005276	4.73928776736
-4.50230966943	4.29160303932
-4.53122398488	4.11026813185
-4.57984635368	3.95831995449
-15.832972933	-0.580507980784
-15.9924139081	-0.679271387248
-16.0771019725	-0.758798493996
-16.2276996068	-0.854977900599
-16.288514463	-0.89124743712
-16.3817411195	-0.913192598806
-16.5073251639	-1.02383633863
-16.5911389082	-1.06609057108
-16.7195445273	-1.10804084851
-16.8510644336	-1.14961735792
-17.0352294334	-1.26667676121
-17.112232521	-1.31030958169
-17.1877976699	-1.36454210854
-17.4106836598	-1.47742546554
-17.6230747251	-1.58056312212
-17.799196776	-1.6930667011
-17.9210931445	-1.76559482625
-17.969949823	-1.79133192737
-18.2289963628	-1.9638141107
-18.3535016878	-2.02650886586
2.78520619897	3.34033177096
2.95333901887	3.14804707767
3.22695541317	3.07830298604
3.36411026922	3.06824030773
3.46725892633	3.03469177418
3.61535783251	2.99409566348
3.91557888315	2.95140395515
4.14893772846	2.87825482578
4.31517991683	2.83824757959
4.48595669279	2.80112054342
4.56964580464	2.76929364121
4.66871623499	2.74705887637
4.84523244323	2.70723563708
4.97099621315	2.70428739995
5.22703112293	2.65232512879
5.50901143698	2.65693977251
5.64575800913	2.65096655341
5.77293327419	2.68640590894
5.82284070454	2.69867414737
6.0272821218	2.72861145285
2.78520627031	3.34033177191
2.68820241693	3.04604807908
2.59241199212	2.90066124177
2.46199466147	2.69509290391
2.39329860942	2.57428439295
2.32625692471	2.41677217441
2.26376654212	2.23823576976
2.21138725345	2.01265978202
2.21246272496	1.9788340141
2.2052111871	1.83443455798
2.21933043045	1.73221590553
2.23666045275	1.61806631176
2.27144350945	1.44422122303
2.29514413253	1.22094402782
2.34336487211	1.03217118422
2.3937303243	0.85853075249
2.47115639226	0.669586393845
2.52301391865	0.520102161542
2.55474272616	0.444516636075
2.65835734182	0.25082226404
2.71584032057	0.123388707159
2.76116434952	-0.000292342623662
2.97037381739	-0.252612883034
-3.0325700652	1.06648962997
-2.74154165149	0.860992035104
-2.56420323152	0.671246583387
-2.4698635055	0.570493074595
-2.41142073581	0.491516678585
-2.320488222	0.339432011576
-2.24600942016	0.178001096272
-2.13150965182	-0.0499542842085
-2.07777317165	-0.292596272496
-2.01940788327	-0.710745920541
-2.00965350267	-0.868206986352
-1.98726896967	-1.0925698199
-1.97718218327	-1.26242513881
-1.97532952818	-1.37894076976
-1.97708942447	-1.52549098138
-1.96272547689	-1.64001419551
-1.96651312311	-1.73120626462
-1.99131919952	-1.84192732615
-2.01042965343	-2.02110643475
-1.99011545123	-2.13027654928
-1.968620717	-2.23497462062
-1.9981170059	-2.60264122879
-2.13539441957	-2.86127701803
-3.03241675458	1.06643674456
-3.07444745424	1.26006291374
-3.12263576559	1.45286889131
-3.23616535204	1.62478471286
-3.39168830286	1.87644479735
-3.49593029205	2.14086780004
-3.53206223942	2.28403767696
-3.63012714815	2.399032089
-3.78731552622	2.62798391063
-3.92415644013	2.85078268858
-4.02918668724	3.03762353484
-4.11555081764	3.20439573404
-4.27756558976	3.42561435684
-4.37271436103	3.6044328145
-4.49022206162	3.80849803439
-4.57981370611	3.95831477438
-18.5508221477	-3.32556161952
-18.623016684	-3.1020040285
-18.6026496605	-2.95328349799
-18.6053053964	-2.83181531551
-18.5571045218	-2.70192173962
-18.5461330407	-2.5494323505
-18.5238377824	-2.39652956056
-18.4961064034	-2.34812685803
-18.4598443515	-2.23084141253
-18.3540078087	-2.02554157239
-6.56913449343	-1.01884408633
-6.74144978617	-1.42113186826
-6.91690991885	-1.66761917078
-6.95170970151	-1.73357267538
-7.02220421776	-1.87197322126
-7.12095966323	-2.0814549847
-7.18024276426	-2.18006957506
-7.21623340209	-2.26026047475
-7.33287552714	-2.49369717464
-7.40791067911	-2.64696535967
-7.47517968214	-2.77697631944
-7.55480465263	-2.9466681982
-7.67713809703	-3.19726607587
-7.76386896377	-3.38142541971
-7.81988894098	-3.50138339018
-7.89393808358	-3.65193922131
-7.94265840961	-3.74782848329
-8.03222501849	-3.90095232732
-8.14278571883	-4.09475233599
-8.2434630183	-4.25284227948
-8.37054202038	-4.43121676413
-8.51369532303	-4.62353841915
-8.64524966026	-4.77192692077
-8.86693818701	-4.98627372639
-9.02341434904	-5.11109734084
-9.1688469356	-5.21202863613
-9.32557136587	-5.31617438494
-9.46608457331	-5.3953167188
-9.56795553159	-5.45234758344
-9.78970516351	-5.52677036026
-10.0827381278	-5.60930532074
-10.1077347432	-5.61620731882
-10.2969615457	-5.66169642392
-10.3664448219	-5.67781098536
-10.5086772975	-5.69013578193
-10.7267244482	-5.69763016395
-10.8186010101	-5.66723637691
-11.0042618799	-5.67343842751
-11.1124568298	-5.66273552023
-11.317087237	-5.62576658452
-11.4688589107	-5.55260284931
12.7933071801	0.226855066838
12.9167553589	0.178736400595
13.1542451036	0.0944953370808
13.3277332361	0.0161051317541
13.5333750862	-0.0421106718554
13.7672436509	-0.151181656956
13.8760113955	-0.26495785296
14.0304952653	-0.352359189619
14.1797381234	-0.450898042351
14.4089979214	-0.628402289557
14.5373908772	-0.723131137694
14.6781087055	-0.761282997957
14.8168280862	-0.854710453277
14.8933488804	-0.95609133968
15.0189621198	-1.12386739389
15.0944510322	-1.21455987198
15.1617993421	-1.47542750071
12.7943889529	0.227147290668
12.6325421452	0.139590019569
12.5934908139	0.11443349566
12.3757501234	0.00338744853958
12.1507769817	-0.0995334629301
12.098788392	-0.112237362707
11.9881101899	-0.157729914389
11.8538068472	-0.202457856382
11.711023223	-0.247954681442
11.5757145504	-0.290376767693
11.3872305523	-0.331977696803
11.1803497871	-0.390173307984
11.0605667035	-0.401906162204
10.9125832643	-0.396296815355
10.7843448051	-0.34594738805
10.3703284028	-0.271257063815
9.99105187779	-0.175935909566
9.85230198166	-0.137489374145
9.67042018053	-0.0464853288554
9.4372285491	0.0883242112306
9.29201109441	0.187659202073
9.19586391517	0.257449199993
9.06311477951	0.357349354428
8.96458176985	0.429456547571
8.84055788037	0.533182037689
8.81698115048	0.550134120905
8.6506951258	0.65290028175
8.42640805096	0.80581632724
8.28162100741	0.895339470228
8.07393566807	1.03075167593
7.96401057961	1.10219909547
7.82664928245	1.23449133161
7.7106424464	1.32105660936
7.54504038982	1.41234842814
7.38671879194	1.53963788163
7.25788206994	1.64543550796
7.15081762701	1.72597234558
6.99953343648	1.83304560928
6.91197672897	1.95011345885
6.80943237141	2.04700689218
6.67412682507	2.17927641322
6.58566531236	2.24517404431
6.49276988655	2.34002468921
6.36541328238	2.47891028492
6.26577358669	2.5693817924
6.02726593379	2.72926784034
-14.0732904424	-7.12231360812
-14.2004187506	-6.69144040685
-14.1482063489	-6.54042932724
-14.034758473	-6.29513673
-13.5069538992	-7.39025237081
-13.3330693888	-7.29006540666
-13.2384771697	-7.15314722545
-13.2211036651	-6.86816322748
-11.4688477876	-5.55256415826
-11.6774307881	-5.81886907339
-11.8554934662	-5.93647897086
-12.0784592664	-6.16626213236
-12.2355821863	-6.32855271295
-12.371344404	-6.41916676549
-12.4965267892	-6.53006740117
-12.6088028908	-6.57300016266
-12.7285370899	-6.67112887653
-12.8169813772	-6.72557177554
-12.9367045545	-6.82432117735
-13.22120074	-6.86825697655
-2.13531455045	-2.86124035844
-2.40894390665	-2.87857946396
-2.62335566397	-2.9141424945
-3.03613367612	-2.99193215383
-3.24582315785	-3.05317678656
-3.41967217118	-3.09592417497
-3.59572388906	-3.12347146765
-3.73469423897	-3.16599701538
-3.89442214758	-3.21433870639
-4.07623336152	-3.28249238173
-4.2328533969	-3.35079786781
-4.52634337621	-3.48867524336
-4.74788535111	-3.60080020088
-4.92346642341	-3.74325744741
-5.00059192878	-3.80599215731
-5.12192623171	-3.90404392702
-5.2081381547	-3.99442237022
-5.40737117421	-4.3181112544
-5.53433831895	-4.54859363715
-5.62376065187	-4.75930678081
-5.67218507643	-4.96185462273
-5.73493721889	-5.27500363892
-5.78211798404	-5.55307757277
-5.76655363155	-5.74750372078
-5.79940105966	-5.96335653445
-5.77919043161	-6.18776860917
-5.79842455012	-6.3419069784
-5.76924123589	-6.61553438514
-1.02918153012	-6.44147184339
-1.196417787	-6.49124517723
-1.31145441414	-6.5730506107
-1.47043841236	-6.64787127244
-1.57659631978	-6.71188439424
-1.77904154345	-6.83314556656
-1.97620014978	-6.89626906956
-2.14719543783	-6.97452097706
-2.54260116618	-7.1649614469
-2.8837762567	-7.30992143612
-3.09439573758	-7.39040823449
-3.37166743623	-7.52380945694
-3.53137158206	-7.58231103408
-3.61956823305	-7.63370943388
-3.85171576926	-7.68140765629
-3.93595559864	-7.7080699206
-4.12691285793	-7.70832118583
-4.34214836214	-7.77367960806
16.5986322295	-4.03300231786
16.7104581816	-4.34264756863
16.8406123135	-4.4367582119
16.9493158693	-4.62255518381
17.0338650457	-4.77664558039
17.1652094413	-4.99393330858
17.2678079572	-5.17398796527
17.3368961014	-5.29956571075
17.4191239252	-5.45341690711
17.505237716	-5.62048866066
17.5686995461	-5.78459694725
17.5524344036	-5.86650318651
17.5610147516	-5.94648377841
17.7104029311	-6.22391644922
17.6935485525	-6.27597733719
17.7257809744	-6.34493264705
17.7760480236	-6.44595326888
17.919624719	-6.64167350912
16.5986320091	-4.03300231908
16.4644668068	-4.22188033501
16.3158434291	-4.31523066198
16.1984703292	-4.32599355467
15.7432852411	-4.41095304553
15.5829742848	-4.44350713905
15.4189025211	-4.44491412614
15.2988169135	-4.44290017667
15.0655092561	-4.41757697115
14.8568900495	-4.34060017263
14.6262204597	-4.2439395217
14.5194260868	-4.19671439937
14.3366038729	-4.10481977408
14.2298227554	-4.05194487149
14.1161919443	-3.99745117442
13.9624113282	-3.92076574536
13.8158449062	-3.84856280072
13.5733376082	-3.75743010972
-10.2505627819	-10.1972815122
-10.4078563031	-10.0071890144
-10.6382220446	-9.86884796838
-10.8103539915	-9.82524405101
-11.0020166405	-9.68920484399
-11.1091034885	-9.61069218117
-11.3178211617	-9.4605957433
-11.4783863105	-9.37096304009
-11.6653844993	-9.27681028033
-11.770943391	-9.22506709904
-11.8779923014	-9.17701087638
-11.9917131371	-9.12720766216
-12.1056229462	-9.0848903043
-12.2129771724	-9.01989746381
-12.3070666394	-8.98261018219
-12.5598455804	-8.87903909139
-12.8014964829	-8.81059171879
-13.0369857162	-8.67634900528
-13.174807326	-8.659386337
20.2184600269	-4.47804132013
20.0877205723	-4.13691810908
19.9942053874	-3.94995906959
19.9006715293	-3.82102476896
19.8281821677	-3.7276565027
19.7251762283	-3.56938317011
19.6347130269	-3.41826379396
19.5399340923	-3.26167862771
19.4495823246	-3.0730102347
19.3771162936	-2.97889103004
19.2412539669	-2.82291190798
19.0139027475	-2.54469220601
18.8396882227	-2.33382206607
18.775154113	-2.31067253196
18.664529223	-2.20560265683
18.5783808812	-2.11352822749
18.4769820532	-2.01001795841
18.3323857427	-1.86791422539
18.2369009916	-1.78218093479
18.1597015291	-1.71347409365
17.9852671037	-1.57083341558
17.9158720959	-1.48000450853
17.7891427111	-1.35128680084
17.6996726137	-1.26999810655
17.6190089701	-1.16041674494
17.5093362937	-0.999349817581
17.4361974063	-0.891850786633
17.3381125502	-0.761751598548
17.272927013	-0.666430834312
17.1539796908	-0.497962442085
17.07485232	-0.395916750731
16.9794954034	-0.281630213131
16.7284525004	0.0323117710908
16.6441160851	0.132671563522
16.4835391015	0.296228920471
16.3864176024	0.422605706976
16.366664828	0.444093323126
16.2522868662	0.576771323876
16.0558624375	0.789468342886
15.8971742588	0.974771402548
15.7854845334	1.11119911316
15.7027878498	1.2140509299
15.6412592485	1.29034705859
15.5477676899	1.40791359251
15.4913950839	1.48590131533
15.3498371805	1.62773606186
15.2316515911	1.82159103432
15.089400721	2.00143010688
14.9516978219	2.17061878341
14.845193478	2.37354633917
14.7056556257	2.60229810408
14.5956639079	2.79783807794
14.544651658	2.87099326804
14.4417267871	3.00972309429
14.3434619156	3.14082022485
14.2209520877	3.28470601161
14.1311566727	3.40279235084
14.0244844224	3.55501808912
13.9244151475	3.69333632274
13.8484616791	3.75226667745
13.7603007477	3.85023192511
13.6442468583	3.97989302691
13.52311904	4.07466893009
13.2880249457	4.2303506337
13.1690557899	4.29878850835
13.072078682	4.36154198769
12.9354860332	4.41467791045
12.7579771372	4.48799377882
12.6664816876	4.5086161684
12.5509339625	4.53729940639
12.3783181386	4.53674960509
12.2183208623	4.5279483299
12.0588220889	4.52635395304
11.9076841737	4.51736782554
11.609319279	4.51770445824
11.3462007457	4.48598657442
11.2777766743	4.51597412718
11.0901077099	4.46304660237
10.7541953466	4.40174890568
10.4761833253	4.28733385629
10.4178185685	4.26787827102
10.2000647178	4.18991230072
9.94169685162	4.08424950405
9.70594163696	4.00902911995
9.58144504209	3.98364789989
9.5363934396	3.95963098185
9.38862881888	3.8659488849
20.2184597688	-4.47804131224
20.6424242122	-4.50672336114
20.739768628	-4.50026065661
20.8452704008	-4.49091211296
21.0315872503	-4.51829493088
21.1879754125	-4.46099870994
21.3170626883	-4.40812504097
21.5316720585	-4.27722871436
21.6599634212	-4.25452670296
21.789726552	-4.18923384693
21.9116650492	-4.10569239674
22.0857378922	-3.96975085897
22.2901524891	-3.84304986323
22.3984420404	-3.76087361547
22.4927017075	-3.67355254519
22.6340527557	-3.50448546217
-13.6131857886	-12.0107853605
-13.7404769513	-11.8138155186
-13.8294825376	-11.6984038404
-13.9103679858	-11.5059752409
-13.9650633715	-11.2852960065
-13.9488671464	-11.1462708937
-13.952720182	-10.9943846956
-13.9474945073	-10.8868126626
-13.9130677815	-10.7627294452
-13.8851320805	-10.5797998951
-13.8669355464	-10.4593338366
-13.8434531238	-10.337884874
-13.8115772444	-10.1586517701
-13.7217612766	-9.96473373201
-13.679518036	-9.62765238884
-13.6583710959	-9.41090557446
-13.5885217834	-9.15594293691
-13.5167823512	-9.03241854363
-13.3659705965	-8.8021336738
-13.1749271796	-8.65930951384
-1.34294404004	-12.6518431393
-1.22920530976	-12.8888675551
-1.07114370578	-13.2711075769
-0.994636533447	-13.5216576971
-0.966693362477	-13.7312349653
-0.882352838462	-14.0646123107
-0.82998827701	-14.2775678079
-0.802765876819	-14.376858467
-0.757442901267	-14.56313518
-0.708496606646	-14.7664329957
-0.679145462571	-14.9522071217
-0.616569527197	-15.1953466624
-0.589726284454	-15.347865681
-0.562232226476	-15.4707966153
-0.533566619818	-15.57120347
-0.496046439396	-15.7998362537
-0.474593967803	-15.9867863712
-1.34292493271	-12.6518410257
-1.61448606985	-12.5706815774
-1.83150253805	-12.53816841
-2.05944806456	-12.5324228611
-2.22312115452	-12.5002548796
-2.38954536625	-12.4840011127
-2.63438780475	-12.5366193021
-2.73901627503	-12.517848509
-2.97580625979	-12.4677860114
-2.97580625872	-12.4677858158
-3.13041688614	-12.604190353
-3.29951060436	-12.7065932484
-3.3206550643	-12.7161209445
-3.5579419698	-12.7960916664
-3.73259355439	-12.8376642216
-3.9979902726	-13.0010656073
-4.15400083446	-13.0577915656
-4.62459160016	-13.2311586096
5.58876691624	-14.1762326588
5.74700623825	-14.1861196844
6.03729822029	-14.13161871
6.19258509172	-14.0500032259
6.5219112492	-13.9305287051
6.62477787132	-13.8655001222
6.94705389529	-13.6932706804
7.13913734734	-13.5701729394
7.41082655094	-13.3791542459
7.50899277781	-13.296454735
7.71673814056	-13.1379272739
7.89876803631	-12.9772387646
8.1477151528	-12.7376707279
8.44995450766	-12.3365214313
8.56318528478	-12.0752658624
8.60041026279	-12.0074555912
8.78235542775	-11.6392257776
1.89894580559	-17.5513853094
1.76654978286	-17.3208581332
1.67923448836	-17.2219997816
1.54862342881	-17.1286838593
1.39372847324	-17.0051530971
1.29733729779	-16.952851902
1.10181019322	-16.8463403686
0.905513419727	-16.7437214749
0.675938431917	-16.6723523916
0.508696161042	-16.5695710039
0.392995311396	-16.5143319462
0.225274506943	-16.4260176233
-0.00984667954568	-16.2384559802
-0.195175885717	-16.1440124207
-0.29269802017	-16.0808372211
-0.474593740582	-15.9867854498
5.30491558178	-16.8814842021
5.18213250719	-17.0657967962
5.07764236019	-17.2349651874
5.02356350469	-17.3555071363
4.8288276382	-17.4080747515
4.74686627162	-17.4567758526
4.62425170332	-17.5238197052
4.55704775869	-17.5801174059
4.52401017087	-17.6601303448
4.4912446213	-17.7365067018
4.45397421362	-17.8111029216
4.41240335526	-17.9218907255
4.38350715272	-18.0170991057
4.35642341456	-18.1613408427
4.27669253844	-18.3379827425
4.24614679238	-18.5600039222
4.32764160331	-18.7202982598
4.36083679105	-18.782437457
4.38601882536	-18.8340535485
4.43469382736	-19.0027881552
4.51472098448	-19.1869881101
4.59536108924	-19.3391915027
4.71225135706	-19.485231373
4.79946216364	-19.6406559727
4.87637120719	-19.7218334387
4.90747307074	-19.7777718486
4.95990389301	-19.8317565535
5.04851943296	-19.9581951436
5.18746903979	-20.1346785521
5.31537579807	-20.2373432824
5.39410954423	-20.2879672607
5.4250373823	-20.3015386635
5.44115389148	-20.3071196309
5.58753842683	-20.3682035621
5.69588293479	-20.3880446348
5.83139318162	-20.401109802
6.01468135605	-20.404115595
6.17989125682	-20.3919361473
6.33179244719	-20.3886775652
21.2469505793	-7.78980036618
21.2474693375	-7.6706315764
21.2711840766	-7.59718433999
21.2634290125	-7.47038436876
21.250937839	-7.32852963987
21.2387713911	-7.18455113728
21.2321323887	-7.13881355667
21.2157256801	-7.01347514897
21.2013214244	-6.91689114267
21.1610815098	-6.76133306915
21.0900951868	-6.59806028594
21.0530212832	-6.5287805008
20.9141335849	-6.34859109069
20.7483343409	-6.18317234309
20.6113431503	-6.06919309091
20.4050978313	-5.92304239026
20.2969200782	-5.90471912067
20.2436739405	-5.90685135923
20.117389089	-5.91850722418
19.9651264489	-5.86163063632
5.3049129963	-16.8814860485
5.48026964474	-16.8897149326
5.67968390429	-16.8662197806
5.86965550129	-16.8096956064
6.05080105407	-16.7537580809
6.24223054471	-16.6849762825
6.34585840642	-16.6059466851
6.48603517078	-16.5169346051
6.62381512168	-16.4379770794
6.74590471775	-16.3610660617
6.84585888232	-16.2909112606
7.01801884965	-16.1553541792
7.11303865687	-16.079513794
7.16524700816	-16.0077986776
7.26746241261	-15.9155016971
7.4347967137	-15.7146152602
7.53874083788	-15.6168192493
7.65360281557	-15.5037840416
7.78539727011	-15.3729355808
7.94274372971	-15.214450903
8.14584316065	-14.9967261951
8.2714514637	-14.8565285764
8.44022047235	-14.6641808243
8.60833598437	-14.4973587212
8.85537438077	-14.2355812308
12.7485170741	-10.6857589875
13.0646148222	-10.3500831218
13.1352262905	-10.2663743952
13.2220568148	-10.1269278178
13.4998983351	-9.79083868048
13.6735193374	-9.51556869244
13.8170775229	-9.30231871818
13.9109202853	-9.14827203061
14.0017953467	-8.95114190699
7.26865922727	14.0895875589
7.15151882745	13.9302367284
7.06226653829	13.737071497
7.01701958749	13.5722188615
6.94670393359	13.4037742254
6.88676767796	13.2116939697
6.85453632768	13.0898825052
6.80256050247	12.9025376345
6.78247155799	12.7263979628
6.97350102569	12.6200755479
7.26869384773	14.0896125331
7.15544419726	14.2880869225
7.0872543512	14.4696150602
7.04787035862	14.6936390893
6.95217415935	14.8713076659
6.90848585389	15.04856185
6.89200753891	15.2039914829
6.87545022736	15.3753598265
6.89376958294	15.5021280622
6.89804182458	15.7196496925
6.91991333227	15.8870296134
6.97539429364	16.1030707235
7.01740315273	16.2014161865
7.07849026395	16.3820536282
7.30820833127	16.7712272577
7.49688821908	17.1589190377
7.50652198851	17.2781873148
7.5220507183	17.440134379
13.1287344951	10.0422992892
13.0276843465	9.84478783809
12.9657484132	9.79629483626
12.8831016752	9.74587576115
12.6948855043	9.64083249614
12.6437537671	9.58023563995
12.5592539773	9.52665189791
12.4384488012	9.42888706792
12.3367102819	9.35584206724
12.1966283091	9.25593602686
12.0392454338	9.15910681195
11.8424941845	9.03934464474
11.6820774965	8.92293160906
11.524418047	8.82741786961
11.3606758808	8.75399230037
11.1882538238	8.6828866012
11.0755910492	8.6337272002
10.8761361081	8.55902250585
10.7233347431	8.49948450064
10.2875238522	8.40626169235
10.136943133	8.38198807849
10.018785383	8.30604829944
9.82203733151	8.27721681386
9.45789038185	8.12562063726
-0.137481665761	11.7593727354
-0.0622450665937	11.9722639254
-0.00261951213939	12.1803739592
0.0743981401563	12.3309941797
2.42726569823	12.3878284471
2.78695530339	12.4263096439
2.94314860185	12.4115113529
3.19296311194	12.4098644859
3.38938862319	12.4249170883
3.61140084208	12.4491486182
3.7326895707	12.4615170051
3.99807876413	12.4817094805
4.54629454785	12.5669913618
4.6902550339	12.59751717
4.91356305185	12.6426002808
5.14541840213	12.7259580735
5.34702010724	12.822054615
5.44324581458	12.8896955691
5.62651581953	13.0446648819
5.72321854368	13.4066104571
5.75754910742	13.5144702541
5.78235576588	13.6823655254
5.79597998198	13.8607968611
5.7651255974	14.0811464733
5.72863688972	14.2323202918
5.63731019621	14.3472326555
5.55211296564	14.3983223966
5.54005667948	14.4191797728
5.38994386082	14.6498641846
5.22356591432	14.7994086993
-0.137664894722	11.7598138459
-0.29981193242	11.5014715197
-0.328645797917	11.416860439
-0.400634913112	11.2396561305
-0.484795874021	10.96869504
-0.539371302633	10.7131655457
-0.63896289483	10.1454269327
-0.714194637935	9.55954673974
-0.769386583169	9.16838095055
-0.791031813899	8.93222702816
-0.781801466604	8.55605865031
-0.774075122858	8.35393306181
-0.767141074858	8.25966988383
-0.748192818132	7.97060145528
-17.4103201341	10.8262443784
-17.4645851756	10.6961533043
-17.6921435187	10.3792511103
-17.8568931083	10.2147559517
-17.9956534106	10.0952734151
-18.0466177168	10.0603587415
-18.1374533839	10.0104208585
-18.2383972891	9.95716530974
-18.3852788398	9.89718005784
-18.6158711849	9.77582328334
-18.7425510066	9.74944913587
-18.8906350003	9.70693464989
-19.0647812991	9.65143782696
-19.3227421354	9.54956851161
-19.5743571826	9.44351447582
-19.8118209595	9.24553134571
-19.9716590783	9.03960916196
-20.1554404043	8.82993480068
-20.2854817446	8.67868152049
-20.419438777	8.53644154899
-20.5173022638	8.46292799946
-20.7435828487	8.29413020735
-20.8042385314	8.2593758605
-20.8937554176	8.1910505897
-20.9687985141	8.13002288411
-21.1030904847	8.00684943136
-21.2069617016	7.89649009556
-21.3912804724	7.69118161028
-21.4824599478	7.61849764283
-21.6116801818	7.4943288956
-21.7595070466	7.37135464978
-21.8390708261	7.30162145819
-21.9484526683	7.19975700246
-22.0563002122	7.10010311331
-22.1625451614	7.0004929034
-22.3187241249	6.83307433152
-22.420522971	6.70450223679
-22.4676445167	6.64649302244
-22.5179994747	6.58462987688
-22.5951999685	6.48899750009
-22.7089923771	6.34084519088
-22.8115251765	6.20968856742
-22.9234847671	6.03640034469
-23.0624831846	5.78687822128
-23.1248932036	5.65982684896
-23.2165340102	5.49750858091
-23.2613504668	5.37410656074
-23.3316497553	5.16032291091
9.39175807068	7.73912746307
9.55198232201	7.85755804794
9.55390420098	7.95031133759
9.45784337431	8.12559347945
9.39165388905	7.73910487546
9.31354085233	7.82887271266
9.45788300013	8.12562736856
15.7403158328	11.0013460947
16.1720734085	10.9501832477
15.7403162385	11.0013460747
15.669191755	10.5244796034
15.6718841132	10.2962687477
15.6650412591	9.78953563948
15.6992411569	9.43192519276
15.7127369644	9.2324148742
15.7315124263	9.02804425064
15.7347285757	8.88557554747
15.7866895054	8.48141866271
15.8082877494	8.33876633468
15.8049738187	8.1251824415
15.8018339226	7.87325240334
15.8125875501	7.65463838816
15.8146556389	7.47652776217
15.797768957	7.23668094665
15.7803547359	7.09992805723
15.7684430621	7.02011453899
15.7389304777	6.81550993665
15.7137490402	6.65315890405
15.6104079027	6.31990636123
15.5821468423	6.24184501093
15.5053279758	6.09909307162
15.4369846339	5.9310955665
15.2630981818	5.83658167414
-19.3953134885	2.61675117805
-19.4132576752	2.76666301526
-19.4382565092	2.98665189053
-19.452059827	3.31959651746
-19.4390100995	3.48487935931
-19.3647597388	3.86831245232
-19.276323328	4.0687169378
-19.2200044582	4.20238139351
-19.130970158	4.3742384024
-19.0469809517	4.51711046685
-18.9155732797	4.70779770806
-18.7523528661	4.88555797122
-18.6812018563	4.96819957113
-18.5859073407	5.05290357455
-18.4672437717	5.15240829331
-18.3086729467	5.35749398352
-18.0621233108	5.48264664269
-17.849537201	5.65578600996
-17.7464742485	5.61019060762
16.1723812094	10.9502088193
16.2238006878	10.9849235611
16.1681756096	11.1856509101
16.1038203666	11.475768173
16.0758839741	11.6815125893
15.9837281994	11.9359765422
15.8913645043	12.134306416
15.7990930126	12.3315968302
15.6284282757	12.603865553
15.5531501721	12.7109819192
15.5020413765	12.7830105348
15.4621327795	12.8389568212
15.3374619958	13.0083213759
15.2170863844	13.1527486916
15.0924599474	13.2946095467
14.9194844805	13.457561676
14.7306725402	13.6566173509
14.4507299852	13.8645858376
14.2446521197	14.0137272082
14.0634092168	14.1811502564
13.973341006	14.2475334568
13.9127344839	14.2681161022
13.7019044403	14.4780492872
-23.331649605	5.16032289329
-23.4511775066	4.98989387791
-23.5286349398	4.82477377039
-23.5649661286	4.7369953663
-23.6027249249	4.60816323922
-23.6404889933	4.53815540226
-22.0588901118	-9.4506888902
-22.0181442109	-9.65725126074
-21.9671460594	-9.80439867819
-21.873160546	-9.98496546577
-21.8237879968	-10.1298637108
-21.7425852467	-10.2646404217
-21.6789698826	-10.3146759783
-21.6280321659	-10.3628580896
-21.6015419813	-10.3924446633
-21.3733922155	-10.4137656088
8.67090810804	-10.6575048022
8.95521648311	-10.4695703901
9.13782504237	-10.378282899
9.36992753342	-10.2723092717
9.61811416843	-10.1060575725
9.84700288574	-9.96266107654
9.97332409179	-9.8699364393
10.1175640332	-9.76854095168
10.2757623567	-9.65980548398
10.5115827307	-9.5022152241
10.6865304528	-9.38583808926
10.8404189881	-9.29121679213
10.9783956559	-9.21162144824
11.1717876938	-9.11979736565
11.4105655153	-9.01836173191
11.5573133485	-8.97265112758
11.6376547031	-8.95035096237
11.7554926013	-8.92283217149
11.9469440857	-8.89465318957
12.1197826217	-8.87424178412
12.3199706402	-8.87034240345
12.6707859278	-8.8535084557
13.0372707306	-8.8532045352
13.2951560797	-8.86581045855
13.494014324	-8.88421036299
13.7324637091	-8.90295732159
13.8245554646	-8.91744794027
14.001831919	-8.95112154868
8.67087954444	-10.6574988642
8.29387905088	-10.5541064482
7.97806424449	-10.5105135166
7.78421281669	-10.4525039787
7.57887900573	-10.4180855569
7.3020684492	-10.3991966159
7.0295980916	-10.3683643918
6.53693200126	-10.3794927913
18.5867257423	2.43029056777
18.3442871107	2.39576053691
17.9692864217	2.51885710762
17.8010755337	2.6080219395
17.5599048	2.72575278442
17.3914570053	2.79873228645
17.2465268912	2.84742947523
17.0911569129	2.95528746199
16.9281787763	3.10493134991
16.7224507446	3.29631606894
16.5917597503	3.43914258108
16.5207386037	3.54589125841
16.3968399046	3.70606599239
16.253193009	4.02994189714
16.1511752465	4.19497951623
16.0211626496	4.41310931498
15.951998629	4.54982232049
15.8068560647	4.86560617059
15.6665984174	5.20411199495
15.5661540279	5.43964766884
15.4709961243	5.55599078069
15.394014572	5.70644118114
15.2630718555	5.83657893019
-19.1482466181	-4.62950328884
-19.2129366663	-4.90569321538
-19.2138169296	-5.14073041632
-19.2141770917	-5.29132288311
-19.2040737847	-5.39756378744
-19.2006805836	-5.46653429578
-19.1900769408	-5.75151650014
-19.1988132271	-5.90095497566
-19.2141992094	-6.22725471461
-19.2305385161	-6.4088861195
-19.2616520541	-6.63127767743
-19.3571082399	-6.89358352173
-14.6100582612	10.3718487869
-14.507973587	10.4849210334
-14.436732023	10.5659526843
-14.2236939002	10.7121773682
-14.032394136	10.8727140936
-13.8618215153	11.180460662
-0.747840085712	7.97065518913
-0.612016101319	8.05831694742
-0.105164787144	8.23274424875
0.21776856326	8.2950309339
0.382884123036	8.32656003613
0.675593358544	8.41340222931
0.904246415227	8.47448547463
1.04290394503	8.50388911977
1.32886155039	8.5467269566
1.55122334591	8.53624569993
2.97041665713	-0.252598852935
3.35121539604	-0.28694824344
3.59391106694	-0.263499325717
3.76311617746	-0.235289982116
4.02670370281	-0.207408753563
4.31813540322	-0.195980877761
4.81681979148	-0.107718669693
5.06708808938	-0.102295875748
5.43293489792	-0.104009742403
5.63498552742	-0.111730211299
5.82773310495	-0.124096068473
6.00145989308	-0.139913237158
6.19646761447	-0.16311080305
6.41911378868	-0.205213453213
6.67107367745	-0.257568633138
6.78219111397	-0.281489460694
6.91186886685	-0.321047371275
7.03519476057	-0.371921318441
7.15703738456	-0.417701354292
7.29882170157	-0.465983640604
7.43922330145	-0.522102715436
7.57673411545	-0.577029792497
7.69191117495	-0.619790554044
7.82030143516	-0.673110158785
7.92003039296	-0.715494080194
8.00927546033	-0.754835842592
8.11676700801	-0.811491937595
8.38785086254	-0.915690892753
8.52947591815	-1.00251521436
8.68835006714	-1.10170168661
8.8250778664	-1.15438772418
8.95250560709	-1.27010613283
9.08954975875	-1.39505759762
9.18381699619	-1.48304272478
9.28460059598	-1.57308154126
9.33549933857	-1.61670995647
9.41994714666	-1.69554521778
9.54360417073	-1.80829969769
9.71239866239	-1.99841026403
9.91752604472	-2.16961651748
10.0383115256	-2.26718927656
10.1892695729	-2.38920398129
10.3332824537	-2.5021883293
10.4790440858	-2.61701117338
10.5005862902	-2.63376565578
10.7333619615	-2.78913736855
10.785070541	-2.83249316243
10.9139363151	-2.91645257004
11.0717803452	-3.02258246861
11.2429119942	-3.12253689565
11.4559677854	-3.23579091724
11.7127266429	-3.36365883348
11.9645034686	-3.49769759267
12.2665464769	-3.61391407182
12.4400164613	-3.63479066802
12.7934654049	-3.71975373341
13.0876729312	-3.73314909845
13.2408510969	-3.73464699146
13.3391735815	-3.73076087503
13.5784793099	-3.75684554637
19.8678703149	1.22623457114
19.8714736859	1.03827195308
19.8770077232	0.880056446063
19.9964305637	0.690065600109
20.0475196001	0.574994781442
20.0563338433	0.483306796214
20.0982125581	0.437370515898
20.1353007558	0.344228566981
20.1784404842	0.13902320707
20.2583890877	-0.00336349935568
20.3279630181	-0.205673952653
20.4354926086	-0.407152964365
20.5406590092	-0.587315796453
20.6169211494	-0.705298287282
20.7204977791	-0.854305715397
20.8877359862	-1.12745727907
20.9888160047	-1.24167800352
21.0692321317	-1.35340785524
21.1331498772	-1.45987403009
21.1973925737	-1.54235257577
21.3099051696	-1.69534081556
21.4046010108	-1.82935398107
21.4780864023	-1.93461995606
21.5795990822	-2.08372226835
21.7025936803	-2.2251534301
21.8729179299	-2.40231614927
21.9394471704	-2.50913660317
21.9846527183	-2.57886651595
22.0300519136	-2.66337025227
22.1049158551	-2.83978345057
22.1722959247	-2.97638903182
22.2456781669	-3.11020076471
22.2641993564	-3.14599454389
22.4274222447	-3.31466403957
22.5169780808	-3.42399110668
22.6340154335	-3.50450901358
-19.3572568041	-6.89356893472
-19.3101306766	-7.16296123143
-19.1890127192	-7.42915273229
-19.1343810739	-7.58355466543
-19.0954094607	-7.70642782515
-18.9492633108	-8.02628240955
-18.8203295911	-8.31317120845
6.53697130281	-10.3795199997
6.65547965131	-9.93422267274
6.65081109806	-9.79344034245
6.66898070661	-9.71395985921
6.63885841642	-9.5310223236
6.58671767991	-9.37598068412
6.52476557652	-9.22128662385
6.46009147792	-9.08212918005
6.40796926785	-8.97598578145
6.35973924509	-8.88664686423
6.28544215033	-8.76584952195
6.20397664867	-8.69927305743
6.13169552386	-8.62735669222
5.98897651586	-8.46995618643
5.89419694247	-8.39183031177
5.80934533623	-8.30092627593
5.72743145475	-8.2165935111
5.61167899973	-8.1059794689
5.51868877869	-8.06197539642
5.34402838734	-7.9717116291
5.22278870931	-7.90992185547
4.94833075462	-7.75884428411
4.59318220154	-7.61515001277
4.46407356703	-7.56801401356
4.1605463139	-7.49611916059
3.98256616369	-7.4565658092
3.72241305698	-7.31114974962
3.7224115907	-7.31115479352
3.74071130749	-7.61912783659
3.7446608256	-7.67053878256
3.73304268029	-7.94999176952
3.71777267588	-8.12867467715
3.70626392383	-8.24228615241
3.72567651039	-8.39302240689
3.76041707389	-8.57597043312
3.77100536158	-8.61739935376
3.81043374004	-8.72801786641
3.86745864034	-8.95974847949
3.9076661758	-9.06210598686
3.99000715972	-9.24373816052
4.10880399892	-9.44460556261
4.19292608219	-9.58752929036
4.28192557343	-9.72462837204
4.39183240221	-9.8928467388
4.49399234323	-10.0694025788
4.56767585074	-10.1652702708
4.63184250984	-10.2531994858
4.77761783655	-10.4424068131
5.02351173756	-10.6079881232
5.05590364537	-10.7427182538
-18.9797918821	-13.2764977659
-19.1256578746	-13.299440069
-19.1853497761	-13.2730509242
-19.3107780948	-13.2382570526
-19.4720132766	-13.1708144945
-19.6092521647	-13.0661968794
-19.6604562001	-13.038037306
-19.723903924	-12.9802227637
-19.796586439	-12.9154552239
-19.9191916239	-12.8167339529
-20.0582788664	-12.6928637441
-20.184720527	-12.573269891
-20.2833949202	-12.4686750391
-20.3547224488	-12.3318785783
-20.4737905883	-12.1996721492
-20.5213006857	-12.1053052952
-20.6128291279	-12.0289667838
-20.6592513176	-11.9648313589
-20.7200037537	-11.871460311
-20.7708134691	-11.7901338768
-20.8268613439	-11.7162950982
-20.8636630032	-11.6500633131
-20.9033323077	-11.5757896204
-20.9383551036	-11.4990175264
-21.0596253341	-11.3167342559
-21.0776535047	-11.2494689845
-21.1575328457	-11.1494316263
-21.1857760247	-11.0711949919
-21.2501053683	-10.9536333291
-21.2855739273	-10.8861117128
-21.3373464481	-10.7905546288
-21.3363780641	-10.7205534453
-21.3461659593	-10.6785820471
-21.3733738385	-10.4137592161
-12.9722944295	-14.1234864198
-12.6980517983	-14.2711709071
-12.5287614312	-14.3176638825
-12.3941948959	-14.3268676275
-12.2240441403	-14.3615779114
-12.0892614929	-14.3859757738
-11.9203628883	-14.4178343904
-11.6498306194	-14.4889594133
-11.2984860462	-14.5854452884
-11.1038151458	-14.6382644816
-10.5641944936	-14.7810213166
-10.3489040738	-14.8162641809
-9.77734069111	-14.9651087213
-9.1380287985	-15.1213343844
-8.76317860412	-15.2441326371
-8.59046861001	-15.3050298092
-8.33478298295	-15.3964517283
-8.09298796953	-15.4832176787
-7.9643142224	-15.5129347489
-7.69505687748	-15.5854010646
-7.31312613174	-15.6089613761
