2146 0 0
-12.5113487502	-12.4359498534
-12.5143026344	-12.2385258949
-12.5433041521	-12.1160319998
-12.5926220255	-11.9308609227
-12.6442450538	-11.7659131775
-12.6819235628	-11.678452319
-12.7239755418	-11.5960605653
-12.7916513184	-11.4619102761
-12.8415359163	-11.3725753702
-12.9105775632	-11.2187562304
-12.973935987	-10.9975235733
-13.034682056	-10.8332866896
-13.0003093331	-10.7344392736
-12.9578460454	-10.4429788085
-8.67228326577	-14.543710008
-8.98752318197	-14.6061705669
-9.30659637252	-14.6417126104
-9.44332665262	-14.6433639651
-9.76496603784	-14.6338520714
-9.95666891274	-14.6220588654
-10.3175147299	-14.6019408669
-10.7166365332	-14.5533235027
-10.986268283	-14.5300999206
-11.2684323454	-14.4928237859
-11.7228241661	-14.4124044589
-12.230861749	-14.2877039249
-12.866846314	-14.0643318992
-13.0360745023	-14.0022372466
-13.291730014	-13.8989374434
-13.5411694363	-13.7804884162
-13.8562186265	-13.6164910237
-14.3294484646	-13.2255005335
-14.4256741999	-13.1217339344
-14.4989128266	-13.0470814746
-14.6017578098	-12.9007494335
-14.7069601969	-12.6500859445
-14.7710942649	-12.4967316679
-14.7677579847	-12.3284514733
-13.980868296	-0.620693665577
-13.980776532	-0.621077031157
-13.9797896751	-0.62180781239
-13.4187058475	-3.72474580103
-13.5957929199	-3.53413724015
-13.7385174988	-3.33390298484
-13.8020872305	-3.15741235818
-13.8289072776	-3.10158314838
-13.8634642719	-2.8830990295
-13.8410389639	-2.38683787588
-13.7588172666	-2.02634504571
-13.7174135819	-1.87847959017
-12.9634586386	-0.366217473508
-12.7811367676	-0.0775298587136
-12.6746971984	0.0711642361935
-12.5586543481	0.225468891647
-12.492409341	0.344653016162
-12.3359707926	0.542716538859
-12.1584631133	0.747693089403
-11.9267284932	0.916904977815
-11.8081092265	0.993556310255
-11.5813750486	1.17001653225
-10.7152606404	1.33314952347
-10.6725102839	1.00663923578
-10.6558055669	0.902749093138
-10.6402036996	0.750142935758
-10.6309356328	0.624187392846
-10.6354754865	0.478768443163
-10.644830323	0.383594258413
-10.6673888083	0.272438246345
-10.7077134532	0.224524988379
-8.55413022876	-6.81705294205
-8.37689716387	-6.47472076683
-8.23505959507	-6.3440193192
-8.13735642171	-6.31428970346
-8.04258653463	-6.2863937268
-7.93736345847	-6.28661254843
-7.77570667375	-6.32320692237
-7.64385999041	-6.33970617786
-7.5214869061	-6.35048410393
-7.41442045092	-6.36868306729
-7.28126728779	-6.28039924804
-7.15505391846	-6.34246844841
-7.03631633687	-6.39335084044
-6.84076156568	-6.49418045139
8.840821568	-11.7437047291
8.97869091743	-11.6609986987
9.08232855382	-11.5980518822
9.20090369979	-11.5184761909
9.30650943034	-11.4394850889
9.42077740938	-11.3850482545
9.49473076719	-11.3120168409
9.59080325473	-11.2167406209
9.6680404073	-11.126890464
9.75228648251	-10.9925755955
9.8088237864	-10.9024376176
9.86904674729	-10.7967193984
10.10824011	-10.3917897405
10.1688568857	-10.281210428
10.2693829619	-10.1257961412
10.3245237336	-10.031456158
10.4248166151	-9.90088252508
10.4936448151	-9.78924515371
10.6129201482	-9.58772788673
10.7553179153	-9.38402920666
10.8292829263	-9.25472790575
10.8892038918	-9.15690822419
10.985084943	-8.90290940719
-12.0032928697	-2.29734993724
-11.8272975401	-2.401747795
-11.7004704115	-2.46192589742
-11.6210470279	-2.53295349342
-11.5061164113	-2.61020133215
-11.3826579037	-2.66452881981
-11.2830374211	-2.73172754401
-11.0431770191	-2.84763823712
-10.9390340664	-2.8570978354
-10.7964439435	-2.83268596242
2.13915044015	-6.17986655638
2.2250111867	-6.43952429198
2.20769496457	-6.58279334473
2.14019387803	-6.79483357349
2.02273000157	-7.02182144102
1.90899564905	-7.20894440187
1.78860987486	-7.38537399774
1.62173193355	-7.61049186525
1.48491138726	-7.83567894198
1.30063674639	-8.07392718158
1.14016050349	-8.25494623548
0.97900090543	-8.44210887825
0.749426133728	-8.68898922343
0.641209187057	-8.80495926081
0.373959033181	-9.07101047048
0.195798371445	-9.24481389368
0.020974778126	-9.3844797575
-0.145079754788	-9.51123053434
-0.281847647908	-9.61429295274
-0.388647435995	-9.70116226588
-0.529804069595	-9.80438703162
-0.670774300485	-9.90070713374
-0.83735185421	-10.0100175865
-1.0162141756	-10.2044641041
-1.190346525	-10.3276499336
-1.39904686662	-10.4878904823
-1.42976234558	-10.5579462273
-1.6292458441	-10.7010242098
-1.77251036422	-10.886276967
-2.20013586418	0.264231686036
-2.10776407569	-0.0186899360636
-1.91811608078	-0.331390948291
-1.80369912808	-0.502511574868
-1.71205982483	-0.704768854047
-1.47647197691	-0.975845595541
-1.40079612872	-1.12569249927
-1.26979035097	-1.31079054697
-1.11627964577	-1.50799950454
-1.03297672932	-1.61368964266
-0.853152646729	-1.78996903864
-0.761020549836	-1.88907866354
-0.677571983425	-1.94436568529
-0.565067262141	-2.03587571802
-0.356813048881	-2.24215718509
-0.263992304095	-2.32354030012
-0.193488453776	-2.37780264904
-0.0758764733472	-2.46497242414
0.0398750610874	-2.5448629917
0.363886951637	-2.71795069074
0.456745551853	-2.78852639178
0.605580416552	-2.86960666136
0.758033375706	-2.91333668456
0.987022437922	-2.93221928781
1.17568742272	-2.8938629368
1.38726670931	-2.88712028274
1.50830254987	-2.86724001899
1.62703020112	-2.86956338509
1.84498095819	-2.85243738169
2.14393898795	-2.80334776545
2.56460636353	-2.69310081786
2.74422821867	-2.64820046854
2.92103206663	-2.58428620984
3.10751493084	-2.51137260264
3.25220699565	-2.45033879174
3.29516021718	-2.43498000583
3.48782685841	-2.34454713954
3.54222076916	-2.31830253954
3.72939612333	-2.2334623537
3.86507921254	-2.16286040526
3.96840344256	-2.10919939073
4.09136758712	-2.06952569963
4.1820003581	-2.02265686137
4.35999733101	-1.92436708457
4.50393988759	-1.88343919809
4.6046474091	-1.83505331256
4.81579600929	-1.74576307794
4.98049203909	-1.65463310159
5.1723951818	-1.5874688718
5.38301108112	-1.51348451948
5.57314676309	-1.46354587
5.6759691846	-1.44380189876
5.91878013599	-1.41406078801
6.0877007543	-1.3903869029
6.20519886072	-1.36410402096
6.32452745875	-1.33769779686
6.44041843128	-1.32758649442
6.62358309072	-1.31639031888
6.75993945809	-1.29919707053
7.00172464912	-1.27591335905
7.05312325967	-1.26997327695
7.26072330237	-1.23278990316
7.44075082039	-1.18154746092
7.56343414028	-1.15552945908
7.67992673977	-1.12753783866
7.85737627379	-1.10106886066
7.97013610748	-1.07878205953
8.0599100161	-1.05242097715
8.29701596158	-0.99126780327
8.43645639721	-0.95435415314
8.57355958761	-0.899012511268
8.80289079587	-0.798523963473
8.93049725501	-0.741308253913
9.13733082318	-0.649406473044
9.2295070074	-0.607023471141
9.43837554724	-0.514242819468
9.58135712964	-0.428015085253
9.68317794553	-0.384084467172
9.8642462476	-0.310794512415
9.95399190781	-0.285333366093
10.1539287141	-0.22356632238
10.2748689632	-0.188846669762
10.4859659974	-0.123528624274
10.513542965	-0.106881950225
10.6719892948	-0.0562536348371
10.7806399467	-0.0249387516818
10.9279455467	0.0197464353251
11.1883445712	0.117902237647
11.3965580923	0.201188405939
11.7279023405	0.353685442251
11.855510334	0.419781801649
11.9555905056	0.474419034273
12.1070656514	0.533567418808
12.2104197854	0.586367988979
12.2845261718	0.624621939597
12.3760718464	0.671921406619
12.5181959756	0.710926177069
12.6256412774	0.764542383541
12.7445778848	0.818393541506
12.8316307524	0.861576387051
12.9825643327	0.929882232558
13.0971914352	1.00377636515
13.2631242894	1.08279279373
13.4183404035	1.1851980329
13.5431174915	1.33632169653
7.29129149597	-6.98738482716
6.98828783749	-7.10653105974
6.8627507275	-7.21535102952
6.66678064778	-7.34973100722
6.51395166424	-7.48223913359
6.35838080742	-7.6167254331
6.06127015265	-7.8500118674
3.17862268995	-9.91900485309
2.908034903	-10.0716053349
2.68567204302	-10.1538082577
2.56664281984	-10.2209254987
2.3778250092	-10.3100702465
2.15189290854	-10.4377512269
1.86017202484	-10.5479905244
1.66096221231	-10.6354802137
1.33265997988	-10.7745561604
1.02814423134	-10.8987872089
0.962615605573	-10.9267883948
0.64832447806	-11.0245849623
0.328614808406	-11.1287189821
0.120419218257	-11.1963247926
-0.129633432784	-11.2877365261
-0.42425186339	-11.3643027754
-0.521357773695	-11.3835836233
-0.664325051414	-11.4011173206
-0.962494048732	-11.4957761446
-1.18287776521	-11.5338373697
-7.20087280127	5.50215515339
-7.31560483296	5.27425433736
-7.40027870161	5.0691766233
-7.45586390369	4.91630389373
-7.50866188063	4.77227940409
-7.55139029356	4.63218787635
-7.59302956227	4.45813158185
-7.63336492903	4.34173305153
-7.69364629475	4.16308283121
-7.74717271568	4.0119289069
-7.8082130942	3.84246198203
-7.85151683999	3.72835013567
-7.89250305949	3.60675966365
-7.94369658052	3.52990850538
-8.06617404582	3.26221390575
-8.1192924857	3.11621213833
-8.17747039402	2.89851427126
-8.18479563108	2.65827727847
11.1680932581	-11.3460195781
11.1912654572	-11.3335995324
11.2307123487	-11.3085460856
11.2548807867	-11.2917933634
11.3054548699	-11.257439428
11.3522435895	-11.2257492308
11.3868699205	-11.1999528898
11.4168132397	-11.177781028
11.496820514	-11.1154051973
11.5455276899	-11.0787400003
11.5873126093	-11.0453803176
11.5976653952	-11.0373883604
11.6296085262	-11.0086053058
-4.36708276644	3.33064196697
-4.54366492573	3.04305405095
-4.58656927734	2.9819814319
-4.65103091158	2.91109267752
-4.8805705005	2.80648718201
-5.19163461802	2.65268185632
-5.43034286228	2.54590984348
-5.51033714851	2.50944557813
-5.6466212191	2.44219019243
-5.7738751545	2.43444323693
-5.87396049911	2.41941556574
-6.03809789362	2.34554758019
-6.15794395015	2.33817471443
-6.36032192308	2.33699091088
-6.50117568821	2.33401501363
-6.67023331946	2.34519880073
-6.82952626976	2.36837972637
-6.89172218179	2.37855196766
-7.10489682331	2.43263245758
-7.25388912144	2.44328297585
-7.53769452985	2.39424495285
-7.83057682575	2.44887386825
-7.96161770763	2.53804258722
-8.17941578651	2.66189896229
-9.7371465987	7.52806420481
-9.61555811991	7.67098488703
-9.50578563686	7.78643748561
-9.42478360505	7.84757150279
-9.30736145174	7.9283699599
-9.19379961747	8.02945326182
-9.04378733255	8.16892137686
-9.01351990187	8.19683449564
-8.84556617234	8.34819213321
-8.68686464101	8.48517300313
-8.59083545801	8.56337221522
-8.44508883733	8.68399545989
-8.3524649039	8.75449020419
-8.17508273461	8.89557468319
-8.02791269531	9.01835357611
-7.77554065797	9.21309317575
-7.43548678969	9.45151860824
-7.10136103787	9.73480160597
-6.31257535666	10.2718183307
-5.57119913006	10.7461934045
-5.24968481727	10.9282094369
-4.97170475088	11.1324975216
-4.81169220049	11.2447757374
-4.51706169014	11.4514440411
-4.28165346216	11.6035763566
-4.08464362543	11.7276416884
-3.86624246634	11.8886131427
-3.7216249304	11.9909590089
-3.50408038093	12.1475969082
-3.35391261894	12.2547221943
-3.16344149801	12.4287895899
-3.08817820528	12.4727013312
-3.0146841096	12.5253869225
-2.82483274305	12.6608092384
-2.60114725977	12.8068899229
-2.38116120626	12.9593025303
-2.23600665416	13.0861811706
-2.12364106849	13.1628152671
-2.00280426286	13.2442580311
-1.8112768846	13.3637600896
-1.75902517302	13.4715727838
-1.59440128511	13.5708162076
-1.50270682202	13.6346024896
-1.39647235984	13.7018029344
-1.21580155912	13.8091629346
-1.04017518296	13.9169680236
-0.829754872579	14.0440002673
-0.7073691835	14.1023815092
-0.619099221637	14.1583177333
-0.490925241865	14.2385768214
-0.36144827758	14.3183648027
-0.21268077687	14.4049735267
0.066005850672	14.5146762253
0.218963734705	14.6014295951
0.377774655113	14.6836399007
0.481364213995	14.7371981354
0.6425756112	14.8137225099
0.832349615119	14.8980790895
1.07340752145	15.00305939
1.33774635032	15.1104948005
1.50714777517	15.1765909144
1.71221970088	15.2576548594
1.83539739201	15.3063618764
2.13056475951	15.4145845551
2.40999566001	15.5219568168
2.53297534652	15.6010702811
2.76511136195	15.6987891429
2.97773056894	15.7874960642
3.15838007464	15.8579743388
3.3300782172	15.9204947805
3.62731037308	15.9964757118
3.81139706871	16.0610821774
3.93273636672	16.1014957382
4.03765414409	16.1372506577
4.12038082925	16.1644419415
4.315727834	16.223418534
4.40879796854	16.2541982937
4.49331502169	16.2789609421
4.71006598144	16.3459610276
4.85725981673	16.3893266064
4.90516995161	16.402229296
5.11253637085	16.4562942989
5.35488081208	16.5166120356
5.56917008057	16.5692891927
5.73050461016	16.5997378375
5.93898662947	16.6144607629
6.10376618814	16.634730079
6.24217060788	16.6512562011
6.45755659784	16.6617806983
6.68664544361	16.680122492
6.93863323914	16.6963855342
7.06404130009	16.703339145
7.13535361189	16.706232669
7.24093271876	16.7118958662
7.43044532037	16.721988943
7.51008371769	16.7474792451
7.75966990678	16.6500271402
7.88457749222	16.6642089763
8.02741075136	16.6965131213
8.32792190985	16.6166332857
8.48961170876	16.5776840561
8.6110298557	16.3659187648
8.74486022635	16.3442857914
8.76390184733	16.3090559871
8.86065900089	16.1880565467
7.66392371422	-4.63097989485
7.56839726311	-4.8029780778
7.54592164101	-4.86498619382
7.45520781146	-5.12068450433
7.42112797235	-5.45060215954
7.39569799802	-5.51971276829
7.38013709173	-5.56869891557
7.3498760805	-5.70724438539
7.31142223255	-5.98229713493
7.26392386166	-6.19432069789
7.23759164233	-6.41983933671
7.20808162611	-6.63982799124
7.20829540765	-6.66481249091
7.22759537322	-6.84203068279
7.29129149596	-6.98738482716
9.55494939791	-4.13610149273
9.27485184425	-4.16532949493
9.12459302613	-4.15081624168
9.09299893711	-4.15550418047
9.03752543453	-4.16719679005
8.8382077272	-4.22945939031
8.6839475633	-4.27029035857
8.5671017869	-4.30076050251
8.37815782634	-4.34295285539
8.16691824109	-4.3779108308
8.14198444162	-4.389840966
7.97370444004	-4.44721895019
7.92470230842	-4.50997845656
7.66388328137	-4.63106133246
13.7167507256	-5.35930297935
13.5578467214	-5.68240522868
13.3498592717	-6.00000546592
13.192764805	-6.23237197298
13.0407912814	-6.43615621008
12.8292945102	-6.69518217508
10.1273679579	1.33500905238
10.1836906259	1.35574863148
10.2426714528	1.37218451733
10.3364633592	1.41026486816
10.4038605188	1.43508535655
10.5013203349	1.47452519601
10.6442248929	1.53907503672
10.875325436	1.64574765241
11.0082982405	1.71827045657
11.0964669166	1.76153980811
11.1952602931	1.80449781076
11.2247397703	1.81913559185
11.3610323246	1.88328523092
11.4927071047	1.95164781917
11.6078201701	2.00025761525
11.8217705792	2.07704726797
11.9382446562	2.11322637944
12.1499635497	2.19554294054
12.3653762451	2.25855933657
12.4704269183	2.28376754318
12.5060705194	2.28035594977
12.6344938886	2.32321723268
12.7830273586	2.36963491085
13.2155643499	2.50367057497
16.8786454762	-3.02032713273
16.8786459232	-3.02032580849
16.8786461154	-3.02032220067
12.6453069822	-2.06971818189
12.6821366569	-2.08243522004
15.1902145211	-1.26656918226
15.0625703061	-1.31670227848
14.8905279895	-1.35603237267
14.7239436176	-1.3598357126
14.3736005475	-1.41111278725
14.1854187582	-1.47133268878
14.0910971209	-1.49953219309
13.9704721774	-1.54743660366
13.8155286171	-1.642200715
13.7251590007	-1.6937805675
13.6002257064	-1.75577736051
13.4514180597	-1.8009882605
13.3423337182	-1.83545528367
13.2224306393	-1.87082132419
13.0919258876	-1.91412683032
12.9399549562	-1.96592107707
12.8792209399	-1.96290005229
12.7592755613	-2.02583282225
12.6811282362	-2.08194096775
0.0369624489458	12.4518517856
0.154951268914	12.6278154918
0.239110796494	12.7050841546
0.329565768873	12.7717259844
0.594329683559	12.9660338922
0.671615998509	13.0141722962
0.796899093229	13.0928234019
0.956201468193	13.2785738533
1.09141532952	13.337446775
1.22203639874	13.4000821319
1.39364021213	13.4855680313
1.62346399984	13.5703305238
1.79466347783	13.6134087786
1.95997462565	13.6719709214
2.11978787535	13.7251545227
2.25707620699	13.7956016564
2.39532334253	13.8309874504
2.58579884742	13.8748708436
2.7153419034	13.8781142986
2.83956932756	13.9155339512
3.1099652964	13.9594928746
3.18011844471	13.9708090131
3.42508856218	13.9861251588
3.79595294006	14.0782983562
13.5931024962	3.00140504656
13.8390339357	2.91853689737
14.0175091762	2.96977847162
14.1376057093	3.00809299503
14.3259061871	3.08493963046
14.5376551091	3.24198843249
14.76424474	3.47020304635
14.833015822	3.55223253357
14.9082663555	3.62910724805
14.9509387234	3.69310242415
14.9763398535	3.75736997931
15.0206472377	3.84101861472
15.0929565782	3.99913949203
15.1479908305	4.12826866601
15.2292673514	4.34297839572
15.3025348006	4.56805599888
15.3224124748	4.65714334417
15.3357803045	4.79954697841
15.3770632203	4.99351299832
15.407684811	5.17258606945
15.4179292168	5.24409152699
15.4297576213	5.36719198907
15.4547495725	5.50265202613
15.4601801893	5.6286960745
15.4585917826	5.89870915529
15.4569120082	6.02284496277
15.4472815993	6.13216823125
15.4392386312	6.20631421365
15.4212155543	6.30182039948
15.4127278173	6.37806356086
15.4072224167	6.40806783421
15.3738779552	6.47289779674
15.3234941698	6.65897489057
12.3855307897	14.8808239436
12.2965676516	15.0376889861
12.2218187046	15.1498712403
12.0928479763	15.131559417
12.0095839283	15.274629417
11.9172242333	15.380609179
11.8245532776	15.4794707849
11.7339153272	15.5733010735
11.6655426355	15.6250775255
11.5656174928	15.6702733264
11.4702611211	15.7407271472
11.4008197025	15.8393759891
11.2762657469	15.9445538627
11.2139505653	16.0035293778
11.1537876288	16.0498210423
11.1019441409	16.0983340897
10.9636503504	16.160607536
10.754151137	16.2566362799
10.6829379631	16.293240971
10.614831733	16.3290772357
10.5530352793	16.3563755625
10.3760700842	16.4045281769
10.3172415	16.4008701627
10.1829870124	16.4347634554
10.110639915	16.4317707286
10.1004555507	16.377262303
10.0961239344	16.2316773471
10.0529766142	15.9989980737
10.008810853	15.8446352252
9.92223751748	15.8460114852
9.85368936603	15.8157139431
9.82586986231	15.7679761846
9.80233780224	15.7319582503
9.72620528155	15.639920751
9.5808236483	15.3980398815
9.65669012863	9.17244742457
9.75348044524	8.94013955873
9.82213750341	8.80911899529
9.94703137518	8.4745526565
10.0574549686	8.18382020331
10.1518431383	8.0078511955
10.1790057418	7.8572028662
10.2639888292	7.60337675731
10.3895410131	7.30444808707
10.5136300099	7.04584164764
10.6153542359	6.82091686266
10.7126734141	6.66148330095
10.801225643	6.43273953175
10.87371122	6.26247442953
10.9964362472	5.9682904448
11.1173346277	5.73378192743
11.2704014877	5.35605190801
11.3309911249	5.1610657776
11.402748576	4.96262143049
11.4501679104	4.7956691222
-8.93768719194	-8.96897238303
-8.95756332464	-8.86050020919
-8.80340355567	-8.59521270572
-8.73319871189	-8.44375600802
-8.62197508313	-8.27213917596
-8.56080329573	-8.11745458062
-8.59073226359	-8.06072780473
-8.57041089307	-7.99995150091
-8.45139167655	-7.62168040336
-8.48622190743	-7.31519043063
-8.55193722347	-7.05921964403
-8.55486252651	-6.99417949769
-8.55410384433	-6.81709738591
0.675336346655	-5.6359151276
0.613635659591	-5.87600451823
0.442316295044	-5.96698745286
0.327364866447	-6.14547583871
0.194004840939	-6.34194985455
0.10702547258	-6.44484272978
0.0257312763729	-6.57524332193
-0.0819324089191	-6.73264867157
-0.211865235539	-6.94628842346
-0.265543895083	-7.0423168192
-0.408783528662	-7.15933576094
-0.486837608917	-7.23545891913
-0.570937912944	-7.3032813059
-0.730262644491	-7.39551918719
-0.864625872833	-7.39264851551
-0.931984385029	-7.43904012485
-0.994361155495	-7.45991952549
-1.13564237882	-7.49239905889
-1.20489657104	-7.50569149972
-1.27423642392	-7.51526653367
-1.4679888064	-7.55986301627
-1.63235510944	-7.59452842485
-1.76186942284	-7.57209664256
-1.98931016799	-7.57509298964
-2.21535626329	-7.56040451614
-2.21533973249	-7.56040204863
-2.44037829922	-7.77906128708
-2.50301728396	-7.90098076171
-2.58841292844	-8.03669753151
-2.6484767079	-8.1317155747
-2.71967312273	-8.16154499232
-2.84185402751	-8.35155403957
-3.01069082927	-8.61598826189
-3.12401951121	-8.78141354012
-3.3189432079	-9.0517609987
-5.81919234702	-14.1904301194
-6.05109447166	-14.2427384982
-6.16125384619	-14.2736968114
-6.31143612199	-14.3096172443
-6.47212287688	-14.343288475
-6.54432701412	-14.3583412203
-6.79577691164	-14.4110453074
-7.00701809864	-14.4640151665
-7.09453462667	-14.4720436058
-7.25634258068	-14.5030747423
-7.38141772686	-14.539473059
-7.53882997886	-14.5260838884
-7.72864278318	-14.5564368787
-7.80702378404	-14.5597980704
-7.98007491874	-14.6149012457
-8.23066070847	-14.6274477141
-8.37241807751	-14.6159694519
-8.51451410286	-14.5868677236
-8.67228330028	-14.5437120455
-11.4351223536	3.46547744304
-11.6870516055	3.34839884378
-11.8158160386	3.33801458553
-11.9574532095	3.27465185301
-12.1244298942	3.17585116944
-12.2588202082	3.04930133547
-12.503177004	2.73348695556
-12.1259404047	-0.86587362141
-12.1676263654	-1.14697045361
-12.2128911207	-1.3102586801
-12.2438569188	-1.42327934135
-12.1805858938	-1.6139205225
-12.1554560482	-1.78653697761
-12.0964528287	-2.06572902041
-12.0033039485	-2.29737597898
-3.41861285415	0.742172102543
-3.50811902185	0.789074936781
-3.70777508078	0.855275613701
-3.93201770363	0.919148672059
-4.24260036443	0.99157597625
-4.33300447183	1.00899254505
-4.52167063627	1.04397355249
-4.73155934361	1.04795659543
-5.00538060312	1.0806328963
-5.15068599932	1.05820642824
-5.23584648936	1.05129995276
-5.44299757486	1.00639377297
-5.52315011779	0.984721246069
-5.68687511539	0.932065812689
-5.78941935295	0.891544948328
-5.90815379501	0.833710214083
-6.06175474966	0.693602400959
-6.16529461863	0.568493084098
-6.22127746282	0.498768010115
-6.23223122402	0.416917954627
-6.26471022671	0.315083485482
-6.25003183848	0.101129813046
-6.10558359448	-0.144249815688
-6.05412769904	-0.232521478527
-6.00926648077	-0.302248318639
-5.86977059637	-0.556811713857
-5.73948907612	-0.72934220496
-5.58596825139	-0.926229896179
-5.45037067571	-1.09454027371
-5.35393163475	-1.18567122349
-5.32022626466	-1.21410391161
-5.21257783471	-1.30482715023
-4.91598070939	-1.63458617807
-4.81957043998	-1.74590556327
-4.72565510174	-1.82866234088
-4.55531941961	-1.94331289856
-4.37092968628	-2.11588951421
-4.22756943647	-2.24106960028
-4.12132132293	-2.2699840473
-4.0006713296	-2.34677447658
-3.88502812527	-2.42050344645
-3.76854314394	-2.48438168101
-3.7069552879	-2.51751430905
-3.63763990843	-2.55160421203
-3.38337501798	-2.69046036331
-3.21898121817	-2.76018511048
-3.06703969275	-2.83640590663
-2.93248418097	-2.87983082271
-2.70049073485	-2.93395182118
-2.39106147222	-3.03898011545
-2.22467122095	-3.1136704687
-2.07873051905	-3.1656370301
-1.89759111332	-3.24370794446
-1.7872479204	-3.28923837745
-1.68843482362	-3.33420268759
-1.60801054342	-3.37103997718
-1.48782264406	-3.42469336639
-1.38397871117	-3.46101615846
-1.15837375538	-3.55447369211
-0.94406642785	-3.72298508661
-0.860251978758	-3.7873656695
-0.697933775557	-3.93013426414
-0.606092196622	-3.95523709906
-0.521408047588	-4.02495261556
-0.40682655329	-4.12595712113
-0.304532776215	-4.21103131636
-0.204015001137	-4.30863759269
-0.123287201438	-4.41305354436
-0.0492551168728	-4.51265997655
0.00689462749886	-4.5976129564
0.0868610364443	-4.75822639959
0.129440328221	-4.88561412674
0.174922529857	-4.98731750985
0.229739972018	-5.10448848629
0.371597180608	-5.16066764509
0.474204057063	-5.27747273058
0.525603868381	-5.34994030861
0.609101497594	-5.45786632142
0.674741924024	-5.63605489095
9.63952670943	-5.83691900228
9.75206826156	-5.83216786255
9.80206445634	-5.90142959071
9.94332754732	-5.8949428373
10.1942649368	-5.92393456704
10.4949998547	-5.96616899197
10.6729366038	-5.96848440559
10.8118481044	-5.95042013875
10.9457934552	-5.96575858373
11.0769552796	-5.98192905722
11.1680299245	-5.99162660682
11.1971267866	-5.99482524778
11.3054479322	-6.01659217277
11.4593783672	-6.05485299526
11.7232693136	-6.13346897864
11.9195124088	-6.20642128471
12.0223673833	-6.23821415893
12.0931324039	-6.27903932198
12.2556279168	-6.38952195004
12.4857112342	-6.49566690335
12.6087276479	-6.57457950787
12.7315079857	-6.61357118172
12.8292945102	-6.69518217508
9.58025981317	15.3980804554
9.61694246205	15.1510877324
9.65265312566	15.048719562
9.69556042687	14.8622102794
9.66745206332	14.6926283065
9.6699513237	14.6475834143
9.6976844101	14.5341016184
9.72553544678	14.3133173229
9.7085398063	14.2032295625
9.6899656724	14.0975250899
9.66105575273	13.9889104233
9.63800835188	13.8752412815
9.60078574815	13.6480479196
9.50585635375	13.5156186861
9.49354953098	13.4097811129
9.48655175269	13.3290065288
9.47377299365	13.2048871353
9.46501903944	13.1064600017
9.45223400165	12.9727892855
9.4478306457	12.8409916826
9.41813155131	12.6380285799
9.39812860724	12.4711161796
9.38263103416	12.2902302018
9.36539378111	12.0119903479
9.36856459959	11.8317639596
9.37442432215	11.6321100028
9.35246280362	11.4282293733
9.36935351253	11.2356954783
9.38373101316	11.0674275119
9.39586110162	10.9228527882
9.40878943755	10.7908648545
9.41085404491	10.6620097068
9.43536886929	10.4670672072
9.52404066918	10.1246338113
9.53323303525	10.0790390729
9.54885650223	9.94288162493
9.57446171873	9.78543342076
9.59064316509	9.64966453355
9.63416524629	9.43825790289
9.65669117903	9.17245243605
-3.43176253915	0.75024248109
-3.41861285415	0.742172102543
-1.77245041662	-10.8862051151
-1.89511566783	-10.8864459962
-2.01767066296	-10.9210066442
-2.26626992854	-11.0059099726
-2.41001960907	-11.0022557446
-2.43441898855	-11.0135208043
-2.61507594235	-11.0430827138
-2.79519049665	-11.1040558027
-3.06506981694	-11.1885287984
-3.24140613901	-11.2912322739
-3.47223097376	-11.3895106798
-3.72190875258	-11.4864239267
-3.81846819717	-11.5322808399
-4.04132465931	-11.6546162048
-4.29192122092	-11.8005515405
-4.35699311567	-11.8225567274
-4.46957833002	-11.8904252919
-4.57704440619	-11.9624609647
-4.79399159397	-12.1042829285
-4.9157715661	-12.200014925
-5.09539383605	-12.1592320565
-5.27012586928	-12.3122690505
-5.37622043487	-12.4140625074
-5.45743368842	-12.4795314534
-10.797628925	-2.83127463263
-10.7713612434	-3.09993720935
-10.7151613595	-3.19866824256
-10.6113583909	-3.43107925594
-10.5426247596	-3.58031266769
-10.5048942524	-3.66557881765
-10.4726185085	-3.82833156806
-10.2809888445	-4.0956595188
-10.2089534254	-4.2665496162
-10.1333141338	-4.45546012119
-10.0399158022	-4.79256922083
-10.033143446	-4.81339400326
-9.997856782	-4.91893843903
-9.95376115391	-5.08632045297
-9.89363952055	-5.2648143732
-9.84896496308	-5.52881205328
-9.84303096156	-5.70481386345
-9.85639784069	-5.86945289896
-9.88553790221	-6.09190481026
-9.93994007051	-6.15949359779
-9.98601641984	-6.24574704985
-10.1560558445	-6.51625728479
-10.3616001399	-6.77220338524
-10.4922390328	-6.92412400324
-10.6277110845	-7.04684675522
-10.8372454877	-7.18835890289
-10.9013838915	-7.14512198871
-11.0883640487	-7.22571485336
-11.2774522577	-7.31633787361
-11.4501904903	-7.36426486857
-11.5870017489	-7.40050925386
-11.7378398984	-7.51831405843
13.6986700492	-5.42030274614
13.7167649467	-5.35932785735
-8.76872208588	-13.1730778979
-8.97859043719	-13.1292224823
-9.12052669704	-13.1246573021
-9.30322392762	-13.1155342645
-9.45312248195	-13.1179518128
-9.54675975541	-13.1147383959
-9.83505819585	-13.1026548242
-10.2744816987	-13.0551206222
-10.612274685	-13.0114694225
-10.6933577485	-12.994284331
-10.8677127326	-12.9231783063
-10.9851620145	-12.90118956
-11.1695745802	-12.869353206
-11.2903240248	-12.8484669904
-11.4206573531	-12.8335443742
-11.5957748511	-12.8187224038
-11.7233276923	-12.7359667725
-11.8793421425	-12.6525847609
-11.9855268013	-12.6443338177
-12.0592022064	-12.615135044
-12.1350395121	-12.5892573048
-12.2465574026	-12.530445147
-12.3198075885	-12.4954142683
-12.5113487502	-12.4359498534
-1.18278394203	-11.5338187713
-1.33282529002	-11.8009945816
-1.48682273122	-11.8951851863
-1.7409333975	-12.0314599242
-1.899757193	-12.1043702206
-2.06679057755	-12.1634594228
-2.21155666891	-12.2161202658
-2.42282358413	-12.2942641117
-2.60089815758	-12.3630482323
-2.81975842482	-12.4132288953
-2.98058375927	-12.3761640081
-3.06957971111	-12.3894862889
-3.22566511842	-12.4124343963
-3.39561267096	-12.439188351
-3.555561745	-12.4647941851
-3.71989559611	-12.4913820873
-3.85113236976	-12.5372849555
-3.97082172253	-12.5720555819
-4.32775873051	-12.6415359412
-4.85715540339	-12.6623148228
-5.03496599819	-12.62820893
-5.21642190709	-12.5649937243
-5.3350187317	-12.5153610098
-5.39075201071	-12.4849267238
-5.45764970774	-12.4796814556
-11.5813790731	1.17001628819
-11.1961177564	1.28205703421
-11.0829310149	1.3094884829
-10.9189640252	1.35075779113
-10.715238765	1.33318451149
6.37363844681	1.02971608884
6.56272051307	1.05200499692
6.67126140783	1.06878918292
6.76433031205	1.0847597482
6.9170860536	1.12158374502
7.03305855955	1.11368344884
7.18206503496	1.13071533972
7.28647509786	1.14826383566
7.3789487019	1.17944251552
7.55718880841	1.2266740238
7.72672862337	1.27874977545
7.89410693602	1.3270129458
8.08589985689	1.39534867019
8.20648348735	1.50962258201
8.37366570583	1.52318372424
8.50907446662	1.60074895541
8.60204421793	1.66630420457
8.7353934083	1.78333800038
8.84022294324	1.91966259304
8.96707010835	2.12332979004
9.06828291033	2.28750212789
9.12768239117	2.36639814385
9.18273427357	2.46639110751
9.198666914	2.49906288561
9.33743225141	2.79707654206
9.42047258392	2.95678651891
3.93918357955	12.7154499762
3.8677237878	12.6283487761
3.841036448	12.5071614269
3.79145273781	12.4191884515
3.76000062838	12.3504789006
3.68080385431	12.2725656261
3.60748052566	12.2040501364
3.51185298821	12.0854299996
3.47740301368	11.9888923739
3.39727275423	11.8800678121
3.27777129225	11.8217529111
3.09262418041	11.7433269523
2.92631722625	11.6797081744
2.88212924861	11.6614928427
2.79012001795	11.6278072569
2.71654247514	11.5988959058
2.59334301027	11.5018691644
2.42809164132	11.4745336655
2.31036726491	11.4550551656
2.24171281219	11.4497828405
2.13555924626	11.444576868
2.01878119916	11.4691630998
1.8671785564	11.475048106
1.71254970814	11.4597653341
1.53473932084	11.4920546281
1.34024674045	11.5551764189
1.21179245316	11.6146342026
1.20274632002	11.6183467691
1.05011596635	11.6706580649
0.961458885546	11.7036013028
0.762160713385	11.8715851596
0.683445098427	11.9377054399
0.62820147034	11.9888514713
0.493628133192	12.1209263212
0.339056590024	12.2490615804
0.273101119518	12.3564548311
0.0378852934575	12.4520722921
5.78400761577	11.4701089056
5.65105959988	11.5761886825
5.57100651281	11.6301131436
5.47915074858	11.6550851433
5.26562961639	11.801039162
5.1255430181	11.8593953052
5.02320905449	11.9876016484
4.75908917023	12.136117975
4.64263927018	12.245094331
4.58348064819	12.3136160043
4.47925079196	12.4390020471
4.31672980379	12.60297746
4.27837081455	12.6399083664
4.13263653306	12.6726972705
3.93922453056	12.715427392
3.12866436107	0.989472114258
2.88605247848	0.860549825117
2.78412274977	0.812921216848
2.60271737214	0.740428788705
2.37831092832	0.636505146258
2.18172614908	0.539988470333
2.04012264291	0.500821420223
1.93366299156	0.488841449591
1.80362726614	0.46024022026
1.7179689101	0.462092259145
1.60701816716	0.461464770869
1.47066687314	0.47187333756
1.30332551915	0.482851610239
1.03370236988	0.5128228294
0.878756580997	0.501560109373
0.776906105983	0.515253665065
0.606215974925	0.536463490863
0.433991206759	0.562068330557
0.205351989271	0.609042415875
-0.0092481058323	0.656632854878
-0.0680771002917	0.639940781159
-0.385043058446	0.696650575604
-0.551081817484	0.724787079569
-0.684236306624	0.741677194652
-0.781814327439	0.731520558715
-0.952437402435	0.741152992276
-1.01930045095	0.723919142499
-1.21027464043	0.689364198756
-1.33521377762	0.657072432482
-1.47348377131	0.619237294722
-1.59055787647	0.555301879057
-1.81803299008	0.496229516504
-1.88930960403	0.453400699447
-2.0400844897	0.360311606844
-2.20008563548	0.264215616974
6.19228557141	4.75714053874
6.05263098357	4.87692127762
5.83847610501	4.98455672486
5.70726639098	5.05176667691
5.54263818762	5.1398947816
5.41116876571	5.19334435408
5.23034130302	5.27420700782
5.09373546682	5.32218602935
4.94005167288	5.36632809588
4.76415025708	5.41227596971
4.52236240234	5.46664900356
4.3468523806	5.49126647426
4.1999156073	5.51668671718
4.06740246673	5.53152719093
3.98179823021	5.54066256417
3.76881225104	5.56501567451
3.58552598517	5.58846448772
3.36520463837	5.59425208311
3.28023179978	5.59739632765
3.06101348957	5.60003779745
2.89557696441	5.60733507595
2.78839574596	5.60852574848
2.57483856585	5.5984119998
2.35339482625	5.58591432641
2.11358798771	5.57407579034
1.86447049294	5.55402305745
1.71221603752	5.54320685775
1.53133962396	5.52343896737
1.32092964054	5.47764919492
1.15631324185	5.460733261
1.0915451023	5.45782310132
0.959317760219	5.44882121523
0.842255781391	5.43648035252
0.731477795097	5.44882708476
0.601899429422	5.47036436572
0.373954929967	5.44757528762
0.0659006648238	5.46365166099
-0.0698411058062	5.46566187828
-0.223884192682	5.43724981649
-0.354910791173	5.4202257833
-0.41908748602	5.43170222715
-0.500859859526	5.4471508484
-0.668399859575	5.48581916804
-0.811204487202	5.51795037062
-0.91040442716	5.53582519939
-1.07538035302	5.57638270842
-1.20884119158	5.61541642499
-1.35478665078	5.66054960709
-1.50251169064	5.7118005934
-1.65766243274	5.7661632107
-1.75055904932	5.81998304102
-1.87594542827	5.86109259042
-1.97862377175	5.90870836464
-2.10066756509	5.96106270549
-2.21162638721	6.02634094104
-2.36607974339	6.122468311
-2.58232536088	6.26774361719
-2.76838784081	6.38298589803
-2.88372325865	6.47538275176
-2.97300451972	6.54478984997
-3.1586748854	6.65981608399
-3.22140050523	6.71802963305
-3.39100080385	6.82619910954
-3.49501208922	6.92386849446
-3.6212622511	7.08347236561
-3.71575118382	7.19570768941
-3.80722737823	7.32008033583
-3.87053956811	7.41539713969
-3.9324555761	7.51243191673
-4.05889708918	7.54006682756
-4.14491859957	7.62708611668
-4.22707947111	7.7132588942
-4.28808596193	7.77404797231
-4.52792444032	8.00318138902
-4.65355631891	8.23590089307
9.42129019246	2.95661954825
9.29601091798	3.0752582258
9.25606146606	3.137624471
9.11287569715	3.32148317619
8.91780451572	3.50802410396
8.65910712171	3.80513968681
8.58181674845	3.86863016812
8.48118881149	3.94934767797
8.30669223425	4.06910373198
8.16376484205	4.17229978966
8.05941987872	4.2341993831
7.86193990062	4.33521245799
7.61567461735	4.44184221747
7.52972403651	4.47489568725
7.42491570842	4.51631823048
7.20360677699	4.59293740333
6.99809036382	4.65489976384
6.83836491956	4.67589163107
6.66128534359	4.71244952363
6.45463650834	4.76847840987
6.35025670092	4.77569038925
6.19226420465	4.75715260504
8.86033868671	16.1863158317
8.9733161152	16.0902157622
9.06312797973	15.9174393729
9.19522921399	15.7442545318
9.29339866584	15.7009374409
9.35273054382	15.5736801191
9.58084393994	15.3980435241
-16.7826882189	-8.38136123003
-16.7346557094	-8.5080465291
-16.7241376008	-8.6762424641
-16.7051120898	-8.78139720952
-16.676633308	-8.87021802322
-16.6530054999	-8.94324969858
-16.6096964041	-9.06226287846
-16.5506000237	-9.22938589134
-16.4924822027	-9.35849039713
-16.3996145715	-9.55077398202
-16.3391535659	-9.66559929358
-16.2805466042	-9.86193062588
-16.2006991811	-10.0026163077
-16.056715466	-10.2471689536
-15.9006214907	-10.5217831044
-15.816516066	-10.6683244616
-15.7561924755	-10.769921485
-15.639360686	-10.9672923417
-15.5477896253	-11.1027675652
-15.4372150699	-11.2898409985
-15.3890334704	-11.3701682343
-15.2593589377	-11.6057754488
-15.1992034036	-11.6922372438
-15.1902046117	-11.7089933177
-15.1033569493	-11.8808882491
-15.030795944	-12.037627607
-14.9921755049	-12.1365359297
-14.7677579847	-12.3284514733
7.15731436454	14.9658642935
7.02410483791	14.9801232613
6.85417055723	14.9985327778
6.71296857781	15.01925505
6.57555281302	15.0311124747
6.39795711547	15.0085373197
6.28017415362	15.0016868903
6.17199712668	14.9898723328
6.07026233761	14.9799276148
5.90151338887	14.9432485325
5.88518658261	14.8250395753
5.73872606754	14.8104148162
5.57758426943	14.7829391831
5.43497086051	14.74303361
5.24728649205	14.6936713955
5.13303921871	14.6586908327
5.05734044077	14.6349655197
5.00229761019	14.6148519018
4.92584210792	14.5858075411
4.80178672006	14.5204231823
4.66103243908	14.462457455
4.5880791761	14.4298962906
4.49011829905	14.3851324893
4.27250602069	14.2869478147
4.09087983763	14.1949998116
3.79698988579	14.0779310912
-12.5113675304	-12.4360285418
-12.6331282989	-12.5021634773
-12.812169828	-12.55808668
-12.8768409246	-12.5578206534
-12.9747471581	-12.5665601573
-13.0365071028	-12.6497359108
-13.1541923253	-12.6461836976
-13.2622519374	-12.6404810317
-13.4015946433	-12.6224586764
-13.540972246	-12.6076485414
-13.6644106272	-12.6481278344
-13.7834267209	-12.6181264753
-13.8545005614	-12.6013674952
-14.0526959896	-12.4593050557
-14.172739327	-12.4290074442
-14.4692950113	-12.33501248
-14.5312862243	-12.3168267305
-14.622774444	-12.3056435621
-14.7660670574	-12.327748418
-8.67194304251	-14.5436351496
-8.69141733846	-14.3041058137
-8.69665164389	-14.2182581554
-8.6653832065	-13.9999979444
-8.63507877183	-13.8524336124
-8.63983946942	-13.6404551727
-8.62976338801	-13.5000212436
-8.62501646024	-13.4074715077
-8.65593553271	-13.3314606583
-8.76970737011	-13.1741764426
-13.4187058466	-3.72474580114
-13.2263982728	-4.06267326493
-13.154620053	-4.20358155897
-13.0205558494	-4.44591881687
-12.8819638218	-4.77009736403
-12.751901945	-4.98096291113
-12.7093323581	-5.06235302198
-12.665184477	-5.25931018673
-12.4647910891	-5.66650086134
-12.3863699152	-5.80112653938
-12.2857329354	-6.00720456684
-12.250807989	-6.07209633153
-12.1421384517	-6.29010621982
-12.0885833987	-6.38411924074
-12.0348501606	-6.48489399504
-11.9668720747	-6.75793186018
-11.9212131955	-7.04618292606
-11.861815183	-7.21570407645
-11.7368032359	-7.51748169506
-13.418705845	-3.72474580115
-13.2522764504	-3.70383396009
-13.1042228802	-3.58446808216
-12.943644085	-3.32821221922
-12.8297515537	-3.14581194951
-12.6601394676	-3.02076680406
-12.6051140622	-2.94713400861
-12.4491489539	-2.70270942657
-12.2473622192	-2.45357820767
-12.1812336585	-2.42131649026
-12.0033302114	-2.29735838757
-10.715232059	1.33320828495
-10.4177751241	1.45556869617
-10.2507805386	1.51498046664
-10.1715151652	1.5524200306
-10.0643655419	1.62191112427
-9.8625421113	1.7081446719
-9.68303554125	1.80250826049
-9.51851192013	1.87020125352
-9.38652813694	1.95498084323
-9.18140548609	2.08103809515
-8.97464893152	2.15220697055
-8.79641652679	2.25488681039
-8.72825136461	2.26511782467
-8.65944503961	2.2963678806
-8.54175875757	2.40520236249
-8.44169976477	2.47487112062
-8.36005805029	2.5537736246
-8.18656744194	2.65852307146
-8.55401422984	-6.81719615001
-8.72635384919	-6.88979466294
-8.90746647272	-7.01739232142
-9.01345961542	-7.13306299876
-9.07725508051	-7.20601367944
-9.16060017274	-7.28640311317
-9.23170042392	-7.39815759343
-9.26359879222	-7.4441727987
-9.29058353609	-7.48743750573
-9.35253667758	-7.52393949968
-9.41842986247	-7.61328219013
-9.48464638241	-7.71432067814
-9.56986938106	-7.87096276702
-9.62820560757	-7.96997942531
-9.70445620876	-8.10520672654
-9.76075577919	-8.22638192217
-9.79475271382	-8.30869632976
-9.84852746073	-8.5843901094
-9.9049639456	-8.82503354469
-9.94450731176	-9.03375324687
-9.95242167808	-9.1290611452
-9.99414949069	-9.41933682495
-10.0104233473	-9.5612494864
-10.0393449785	-9.70033318772
-10.108259776	-9.8235167752
-10.1735864609	-9.90980922544
-10.2187947148	-9.95528277321
-10.3190903384	-10.0493320724
-10.4053136945	-10.1277870941
-10.5502929275	-10.2046494632
-10.6799129653	-10.2612512687
-10.7779557321	-10.3254532135
-10.9001726281	-10.372117236
-11.0382706038	-10.4077126708
-11.2121517832	-10.4065582946
-11.3969731166	-10.4107034357
-11.6590866133	-10.4470664446
-11.8368196659	-10.4708022069
-11.9094517745	-10.4802752282
-12.0484099787	-10.4787004566
-12.2883025173	-10.4329812991
-12.3900525521	-10.43645451
-12.7192635804	-10.3619927568
-12.9567377497	-10.3191314379
-13.0272913684	-10.3502826016
-13.0292574025	-10.4059675995
-13.0045861177	-10.432358574
-12.9578460454	-10.4429788085
2.13910596411	-6.17992993734
1.93462390008	-6.06286453956
1.793777416	-5.97673017812
1.62826283379	-5.93449623618
1.50172997175	-5.87411554997
1.22816507759	-5.80169875738
1.10802533273	-5.79447388937
0.897937748847	-5.75328438094
0.674553622863	-5.63586605981
2.13917450215	-6.17987380983
2.48444920652	-6.04781480531
2.59204246712	-6.00505526367
2.74416873268	-5.92297545792
2.8985211202	-5.81467472536
3.04727532525	-5.7433161676
3.16056315758	-5.72697766512
3.33812130673	-5.60421074589
3.55684984383	-5.4454098424
3.80267677311	-5.29333917784
3.93009054132	-5.21980768907
4.13560927573	-5.11112143956
4.23698018873	-5.05452577991
4.44698829526	-4.95597244693
4.66488220674	-4.8630299434
4.78187842626	-4.81803358365
5.06643830936	-4.71950452787
5.20122168589	-4.68336059044
5.54154581067	-4.59889732882
5.75113988025	-4.55811749729
5.97731972986	-4.53605957855
6.18029837691	-4.50088165425
6.33165796884	-4.50915601262
6.56419289557	-4.48467628888
6.68990971735	-4.48526308251
6.9244215116	-4.4869942003
7.01936432395	-4.48788346561
7.13717108962	-4.4962569956
7.26597180972	-4.51434940742
7.4229030359	-4.55864979765
7.66388022812	-4.63107747359
-2.20007936541	0.264212699499
-2.50707829355	0.420442751173
-2.65539016285	0.442771725776
-2.77194843573	0.47907354868
-2.94725824038	0.507509442843
-3.07953396781	0.582386354013
-3.41857795674	0.742185641577
7.29129149598	-6.98738482716
7.53781968001	-6.89268897268
7.64924870834	-6.85394086135
7.78224454928	-6.80530953654
7.99119032629	-6.71561673886
8.26706532364	-6.55685854946
8.48080955857	-6.43313304194
8.61125814158	-6.34966175083
8.70135673635	-6.26533955522
8.89193942602	-6.2058505258
9.05313139681	-6.09981347428
9.1555365348	-6.03238335901
9.28630806321	-5.95445349337
9.63958688752	-5.83691524931
-7.20090856824	5.50213255883
-7.15188996046	5.41315216724
-7.10451521935	5.3211609939
-6.88129746309	5.22668498914
-6.72616235324	5.15407181299
-6.54751803013	4.99563975172
-6.37079341491	4.96716295591
-6.13662189513	4.73699750024
-6.13225003381	4.73103815998
-6.07213253398	4.71935723666
-6.00421806669	4.70174072766
-5.83542887491	4.64272185383
-5.77290867001	4.62110474495
-5.66123775985	4.6133889395
-5.52010481976	4.57875249158
-5.43940554101	4.5460576927
-5.36819376548	4.51174633623
-5.31287957067	4.48205033325
-5.07997577455	4.35383176389
-4.94378876837	4.27766394351
-4.70955229595	4.11114229403
-4.47257561883	3.83743831273
-4.42259219616	3.77585379114
-4.40664427092	3.72506769191
-4.34125650273	3.61126776305
-4.32642740006	3.55240802216
-4.3670516993	3.33067817228
-7.20087976249	5.50215119189
-7.14698043307	5.64319722135
-7.08664902159	5.77476552622
-7.02637201241	5.9094214935
-7.02140547328	6.00996797345
-6.95757226604	6.11639085363
-6.88951736955	6.19556084262
-6.76366651353	6.38092751282
-6.62465795921	6.56231977075
-6.44721107166	6.769535459
-6.32554761208	6.87805593256
-6.15205817076	7.03828368436
-6.04098420788	7.13803390438
-5.96194612054	7.20605238515
-5.86603595748	7.30210924095
-5.77040836746	7.36666433043
-5.67470893482	7.45097195818
-5.58046031438	7.50998823689
-5.43455183692	7.64786050037
-5.35863049358	7.710798288
-5.20816548398	7.82739768508
-5.06264997842	7.94025795765
-4.92999051712	8.04053627257
-4.91068301798	8.05162693666
-4.65354280161	8.23590976151
10.985010788	-8.90292220202
11.1494233895	-8.7750594202
11.242010395	-8.67051109161
11.297570278	-8.57199487976
11.4171024991	-8.45963949703
11.4981865395	-8.37582726229
11.598117593	-8.28190958847
11.7186623655	-8.18650506231
11.7869887334	-8.09911374918
11.8618968335	-7.99996119054
11.9810123159	-7.85373004004
12.0797553254	-7.70583526576
12.1811488391	-7.57040542004
12.3164040428	-7.41703535061
12.5671682753	-7.10444463805
12.6456955166	-7.00172518699
12.7140113581	-6.88807438916
12.8292945102	-6.69518217508
10.9850206128	-8.90288630244
10.6856392364	-8.93181330264
10.4209259613	-8.9919647149
10.2483904867	-9.0765207785
9.93496046511	-9.19236722438
9.8084238694	-9.248130113
9.61262856671	-9.35400038984
9.52229146685	-9.39720838803
9.27905896717	-9.5228148883
8.94931515379	-9.71359493799
8.74389592376	-9.80343647446
8.62018223199	-9.87083755909
8.46985345439	-9.95147165058
8.29459493594	-10.0586871766
8.2591083355	-10.111615408
8.08665570056	-10.2207285998
7.9706789674	-10.2931715544
7.88899526204	-10.3848966311
7.72582270216	-10.4729233324
7.56413136409	-10.5545693546
7.41757096001	-10.6101907213
7.28435153649	-10.664219095
7.14223656428	-10.7097501201
6.94967355761	-10.7638688887
6.69541995777	-10.8102325849
-5.77712637898	-9.16238484936
-5.84244957041	-9.16054977825
-5.97496519807	-9.14698661279
-6.08663365153	-9.13610909589
-6.25403325039	-9.12527844937
-6.3244982686	-9.1234544961
-6.40021082028	-9.11717997457
-6.53387479512	-9.1078836759
-6.65889788811	-9.09879587098
-6.77055918809	-9.09109238264
-6.90747813299	-9.08192734291
-7.02097225796	-9.07380762677
-7.24784108161	-9.08354364061
-7.36471755326	-9.07637182014
-7.49895674661	-9.06039760039
-7.59380345579	-8.99326459086
-7.72058118911	-8.9964472691
-7.8613616728	-9.00354121378
-8.03957631846	-9.02768727384
-8.14884987698	-9.08322767515
-8.29789375569	-9.09690672269
-8.45699983323	-9.08755773232
-8.57261257955	-9.06933536272
-8.76800411473	-9.0356013086
-8.9378682533	-8.96330031038
-4.36704754858	3.33068489662
-4.16436758998	3.32741403793
-4.05278044676	3.32354581576
-3.83859364704	3.36425327918
-3.65000258635	3.40457653274
-3.5976702934	3.41697931364
-3.48944490757	3.43807650917
-3.36187890588	3.46715640238
-3.23891180962	3.49163170428
-3.05321826049	3.52734505376
-2.81642690871	3.53445126064
-2.63812644898	3.57022402381
-2.45982706642	3.59942004048
-2.32002702118	3.5891541434
-2.20563207865	3.59712858286
-2.04562093879	3.63661604063
-1.95121794678	3.66151468118
-1.86679868876	3.66855778864
-1.71202583466	3.67148233992
-1.5913535788	3.68325441049
-1.46502128738	3.69864931616
-1.22568368919	3.72324904168
-1.051710932	3.73069838001
-0.856777353936	3.74348669585
-0.711890115123	3.74864586318
-0.599716830818	3.74804421053
-0.47707011807	3.74959304434
-0.298535297359	3.71863416768
-0.190313862657	3.70707991732
-0.078624238924	3.69793254055
0.0665487318079	3.72081561178
0.215575713014	3.70216438594
0.315468674522	3.68318723068
0.397467951619	3.66569026998
0.527643138076	3.63109404916
0.685821850586	3.58887485397
0.923364591205	3.49762797642
1.20501185693	3.37420452504
1.39051830249	3.27358019957
1.5074078301	3.175441428
1.69684108735	3.00279389599
1.83902432831	2.86892818116
1.88868221874	2.84638455128
1.96941937227	2.76759760983
2.10212220647	2.62379218625
2.26705567485	2.41481028286
2.34987317348	2.31760188442
2.42720540648	2.18782482291
2.53026429691	2.03763132774
2.64287124285	1.82107708142
2.72324328487	1.71880530294
2.79723681506	1.62430006379
2.88574731256	1.52924825219
2.96941220149	1.44461394622
3.00230730034	1.38549590362
3.068383634	1.1920606277
3.12866100259	0.989445281897
-9.73707812917	7.52803631257
-9.81759753492	7.55639098027
-9.92532941192	7.55881404448
-10.0366684966	7.51194846786
-10.417436779	7.38535169611
-10.565110091	7.24091340021
-10.6586316329	7.11729824996
-10.7615327444	7.04758535073
-10.8377508221	6.97801161545
-10.8945292657	6.92463616389
-10.9750313319	6.84774280894
-11.0944978609	6.71078658516
-11.2022533937	6.5880472673
-11.377035415	6.38593238047
-11.4652865982	6.313229084
-11.5561070947	6.19763726462
-11.7037291742	5.9947031303
-11.772627068	5.87304352148
-10.5773604044	-1.27553607038
-10.5935074636	-1.43022292468
-10.6351775083	-1.5451371265
-10.6071147564	-1.59883760679
-10.5599504341	-1.68760493369
-10.5137416246	-1.83580491368
-10.5453652284	-2.10151647259
-10.5720385006	-2.24109216586
-10.5908887966	-2.33193090062
-10.6317841802	-2.46254814037
-10.6856102923	-2.56838087642
-10.7226019308	-2.64677773562
-10.7949447423	-2.83425320164
-9.73707812917	7.52803631257
-9.67341148258	7.33667205593
-9.66702873846	7.22343793215
-9.6849629415	7.09584385598
-9.74239351339	6.89879830144
-9.8061753912	6.73886363439
-9.95993164663	6.45797507979
-9.99250601049	6.36692106088
-10.0186872465	6.29543083442
-10.1100661261	6.01623603721
-10.2281087028	5.75747536369
-10.2829629792	5.63570885571
-10.3456366188	5.51169288906
-10.435433986	5.34209144925
-10.4996686649	5.2190110099
-10.650457702	4.98441103106
-10.7044324888	4.83292317043
-10.7774752825	4.69189507885
-10.8353286265	4.57968129441
-10.9035844295	4.43904697262
-11.080210147	4.13209046479
-11.1339076723	4.02484902178
-11.1874045227	3.90228752799
-11.2492786423	3.81101923434
-11.3048465246	3.73247220276
-11.4350376203	3.46545560826
9.55494939791	-4.13610149273
9.60547960565	-4.32689694024
9.67706765451	-4.43726679578
9.70937449111	-4.57838526433
9.7039558386	-4.78680060567
9.69735525724	-4.95902965159
9.72096302848	-5.10753032432
9.66088579526	-5.31129589277
9.62302133074	-5.44784611302
9.67432811856	-5.59896514894
9.67221467671	-5.65962049961
9.63952671057	-5.83691898031
9.5549493979	-4.13610149273
9.67654567991	-4.06774517098
9.76774183912	-3.99112560525
9.80532191393	-3.87742313496
10.0025710791	-3.85077655872
10.1572288532	-3.74359392339
10.2703096408	-3.6360298238
10.3790100861	-3.55678048642
10.4513051215	-3.509042879
10.5492559369	-3.37317253953
10.6855900822	-3.29264934541
10.8887811251	-3.13557519463
11.0235005704	-3.00868175382
11.1056897129	-2.93918985982
11.2290906276	-2.86314220426
11.453977296	-2.71560050746
11.6401925061	-2.56561038972
11.7262791858	-2.50969200346
11.9100095135	-2.40979393085
12.0222232796	-2.35506607844
12.1411963377	-2.28763177849
12.3987818813	-2.17498456504
12.4971945607	-2.13670033535
12.5765803486	-2.10163975991
12.6787380654	-2.07276208704
13.7167460377	-5.35929617093
13.832322732	-5.20055546924
13.9206510383	-5.0643744714
13.9861360115	-4.94750720637
14.1127816153	-4.77884853041
14.1877620786	-4.64521461087
14.27739604	-4.48718103161
14.3957612005	-4.26126098337
14.5114270979	-4.03800087477
14.5775011583	-3.90432300592
14.6619141028	-3.72504344422
14.7052053232	-3.60997633649
14.8051033763	-3.41675803879
14.871548083	-3.23557576397
14.9569780156	-2.97968134027
15.0247527225	-2.78379682061
15.0840822636	-2.6057736654
15.092096987	-2.49116728834
15.1189320021	-2.391964263
15.1839089317	-2.20095951125
15.2058045789	-2.10297012442
15.2291436559	-1.962285443
15.2447720141	-1.78299901267
15.2414938877	-1.63333868901
15.2247418212	-1.47194232394
15.1902066543	-1.26659226177
15.1902550206	-1.26666006332
15.1428585624	-1.08697498901
15.1092607794	-0.932494663487
15.0597551835	-0.807488162408
15.0486536115	-0.613303362487
15.0626687242	-0.479593274135
15.0170230301	-0.360119890001
14.9876061649	-0.306723278785
14.8875047354	-0.131492518157
14.8114173622	0.0260488176062
14.7389955167	0.133286401899
14.7130287591	0.193511437172
14.6839329444	0.302855656516
14.6255842855	0.411799102269
14.565400265	0.461577938176
14.4623563343	0.619335815333
14.399881795	0.707914814712
14.2479557102	0.840675271857
14.1740809908	1.00799857362
14.101303747	1.05921313983
13.9930938092	1.08420892302
13.8710866902	1.1247889195
13.8227614371	1.16542306639
13.5431191105	1.33631749479
13.2155140335	2.50363380814
13.2391624753	2.2095711491
13.3441274863	2.04975902433
13.3709329123	1.94556394071
13.4648611138	1.61718676642
13.5431175176	1.33632123299
13.2155164396	2.50367127134
13.3990620607	2.65958601135
13.4792469036	2.72313555153
13.5020614896	2.74381652935
13.5931024962	3.00140504656
0.0370852777235	12.4518108991
-0.159432852434	12.3506050887
-0.28495855981	12.2791409868
-0.505862131714	12.1663427599
-0.656199432113	12.1685196809
-0.703821440996	12.1241483791
-0.750688040256	12.078210626
-0.84577601865	12.0034608958
-0.970756155075	11.8930460737
-1.07918001943	11.8498396078
-1.22170649766	11.769337943
-1.37944443993	11.6649870633
-1.63623737131	11.5180979458
-1.80888978228	11.390970828
-1.96405952041	11.2714134213
-2.15105850092	11.1222575995
-2.33215234638	10.9613330444
-2.47966019431	10.838003237
-2.51945780125	10.7935043022
-2.65440852916	10.6615120435
-2.90365480219	10.4061851876
-3.15166578482	10.1668564489
-3.28063026562	10.0356189768
-3.38525011327	9.92793171009
-3.45966892893	9.83139013688
-3.61424131186	9.66182898726
-3.73144244472	9.48985242535
-3.79292015812	9.36388841123
-3.87297238745	9.25307293257
-3.96422207023	9.14215370804
-4.07431940218	9.00615009872
-4.17878663887	8.8630725637
-4.23416646355	8.77505466446
-4.32478368842	8.71421780748
-4.33533819265	8.69883985806
-4.3622045842	8.65011131099
-4.47381550163	8.5197927908
-4.6535010321	8.23592443608
13.5930903831	3.00141633252
13.4733706346	3.16257784284
13.3626704918	3.27304615481
13.2368492689	3.36553264575
13.0368944377	3.61612375014
12.9157033799	3.67581111626
12.8255740872	3.75775116317
12.6987351981	3.84962907821
12.5522008431	3.94356350344
12.454223678	4.0049093749
12.2918848025	4.09961931402
12.0886083573	4.25595319441
11.848036899	4.42620371537
11.6274806293	4.59584902156
11.552462228	4.68627725054
11.4518074615	4.79499274783
9.65669415875	9.17247794714
9.49832512339	9.20927875494
9.3740972218	9.18805123862
9.2517931722	9.15231038399
9.14654707934	9.15352627997
8.93979999888	9.08725247189
8.81722199306	9.06933209333
8.73854721537	9.021800894
8.49374499951	8.99340144822
8.28785987603	9.00898579489
8.21490489753	8.99968983952
8.09350926066	8.98616210146
7.97131184347	8.96882134871
7.85330280238	8.94378764591
7.63320987754	8.92566357084
7.39331184739	8.91003683199
7.04965671682	8.98658085153
7.00023880854	9.00036501924
6.92128038012	9.04497491073
6.72785103142	9.12106395934
6.64536101219	9.20493840149
6.58428711829	9.27477730279
6.54239947893	9.32956628738
6.48166359464	9.41499241462
6.41460552056	9.45739917616
6.33688641516	9.58061534203
6.27535152955	9.7368266351
6.23019467583	9.86216280459
6.19218492628	9.97317043936
6.15761444904	10.1137219468
6.08882144505	10.2512820547
6.02247855485	10.4166993883
5.9799622152	10.5482802702
5.94580366991	10.77628308
5.87045101571	11.0629070013
5.86800457988	11.1812378895
5.86409448495	11.2637258408
5.78393284929	11.4688252377
3.79698988579	14.0779310912
3.79780032503	13.8976574228
3.83793240119	13.784876506
3.85022296717	13.701673527
3.87383832129	13.5009953284
3.90622313883	13.3326735691
3.96990161284	13.1061122467
3.92854220027	12.8559302515
3.9391730228	12.7154531331
-8.93837486618	-8.9664561325
-9.16028781332	-9.04054974996
-9.29536377102	-9.0627645422
-9.57471366225	-8.99473561191
-10.4948223043	-8.74873025594
-10.8166616321	-8.75292381021
-10.9845713692	-8.78940839304
-11.1900706092	-8.86609932629
-11.3899617415	-8.94300744965
-11.5336738403	-9.05082717856
-11.6644690372	-9.13379544464
-11.7974862787	-9.24048919419
-11.9415255589	-9.37488084937
-12.1412412869	-9.47061085208
-12.2526406425	-9.55161638722
-12.2807379087	-9.57803975403
-12.446234783	-9.76062063722
-12.5591794936	-9.94631539042
-12.7036055738	-10.1731498149
-12.8193644285	-10.303468191
-12.9578460454	-10.4429788085
-2.21567350469	-7.56040300326
-2.3443154374	-7.34270020884
-2.35887062225	-7.3093571002
-2.39201469311	-7.2040259276
-2.41391055939	-7.1232023829
-2.48241166383	-7.04909554326
-2.48999577653	-6.89415387424
-2.58991417915	-6.80222550817
-2.60429475895	-6.6980586536
-2.64946678856	-6.58078376971
-2.68153239252	-6.45799125546
-2.71492744805	-6.33342433406
-2.75268227304	-6.22100570341
-2.7887780115	-6.05053330364
-2.86338750814	-5.89591980686
-2.92711795462	-5.73829809498
-2.98698488463	-5.6115361612
-3.03713735748	-5.50583984328
-3.10239358873	-5.42048906318
-3.15762876274	-5.33029798668
-3.22910263284	-5.22747943517
-3.31177036068	-5.1136907402
-3.40258894032	-5.00211260653
-3.48930593768	-4.91122958277
-3.54893411776	-4.85478101016
-3.61201050938	-4.7927566884
-3.68058556223	-4.72178326404
-3.77055412945	-4.64709767861
-3.85917499953	-4.57718423739
-3.94845184778	-4.51017881611
-4.05055134295	-4.43270649408
-4.19054816461	-4.35532566822
-4.30353668048	-4.28838596442
-4.42474123411	-4.21383399918
-4.57248281373	-4.13590015803
-4.71313146579	-4.05714462931
-4.77236047614	-4.03275413842
-4.8209599833	-3.99742807146
-4.99283084023	-3.93142722185
-5.14012344934	-3.87823987908
-5.32152767493	-3.81667745423
-5.47716391809	-3.7738602199
-5.50489975331	-3.76982320561
-5.5683766159	-3.76304724707
-5.61673277747	-3.75885087392
-5.73511836024	-3.75219777657
-5.86060174223	-3.75009673933
-5.95142469224	-3.77173708565
-6.09510280528	-3.79349396022
-18.0128087755	-7.93586251115
-17.9468631607	-8.00389041686
-17.9329468291	-8.01535732202
-17.8114887556	-8.08462804679
-17.7263379044	-8.13100486494
-17.6769685122	-8.156049443
-17.6002066615	-8.25090673724
-17.4174002433	-8.3402326011
-17.2733612373	-8.4316601344
-17.1540275282	-8.45385460274
-16.9836086565	-8.44884730688
-16.7827277118	-8.3813632209
-11.4350555054	3.46544307975
-11.4451867439	3.2912055465
-11.4712820658	3.1400859415
-11.5154172578	2.94006673836
-11.5901003194	2.76157266411
-11.6368828301	2.56791033134
-11.7157894722	2.37693794275
-11.7983645041	2.20305560862
-11.8392631845	2.05771013872
-11.8532273545	1.970174299
-11.8360478766	1.61406333938
-11.8060222949	1.49921995401
-11.7923897839	1.46726252837
-11.7292531769	1.36442670496
-11.6498561436	1.27872403336
-11.5814071999	1.17001904382
-1.7724781955	-10.8862178332
-1.66326874431	-11.0487833822
-1.52484876576	-11.1811346087
-1.40453055063	-11.262460532
-1.32454029299	-11.3246583696
-1.18276953966	-11.5338117497
-8.76954893423	-13.1745039288
-8.58631382116	-13.1159173817
-8.32760894529	-13.0654024472
-8.10363878424	-13.0235737671
-7.86634033024	-12.9573861622
-7.58491706453	-12.8965523498
-7.24354687126	-12.8242426067
-6.9335994532	-12.759989017
-6.56620559013	-12.701501478
-6.35662036258	-12.6720449692
-6.13289899862	-12.5917258933
-5.99900292299	-12.5799758947
-5.81819957117	-12.544291995
-5.70798545786	-12.5291087511
-5.45763288488	-12.4799414381
6.37361267618	1.02977563582
6.3661337933	1.27923334541
6.3582816805	1.36047455144
6.35373991672	1.50387005415
6.35444811733	1.61305886434
6.35546053194	1.72262562097
6.36249779039	2.11738301687
6.37172088334	2.26516477633
6.35801973443	2.47961800038
6.30510484991	2.83954076885
6.29674101221	2.92552993123
6.26489912132	3.02886444452
6.25579261524	3.17883123606
6.27174185436	3.3500595455
6.26305970223	3.42569413463
6.25516611395	3.56746110834
6.23504037447	3.80033976548
6.19856377177	4.08416626459
6.15110624076	4.32770761344
6.14601356867	4.43879210377
6.14767756456	4.58493357309
6.19230946664	4.75720738969
6.37364394972	1.02969853672
6.17578867658	0.949060196186
5.96622436931	0.873325324139
5.76614109216	0.841555373193
5.64074279433	0.796087909984
5.50013992565	0.787718266122
5.35674921005	0.769428588983
5.09381032844	0.732959790887
4.90530145305	0.718180024971
4.68749429369	0.705960022283
4.58066472689	0.704036086954
4.44702981068	0.707838216636
4.32534461295	0.713346010892
4.08824760849	0.751723361933
3.88169549443	0.739701285995
3.69878923629	0.766082723025
3.65338230875	0.775540146159
3.55336567216	0.818630388675
3.47960932385	0.884532134576
3.40101430845	0.93077012395
3.1286430208	0.989472689073
5.78401020569	11.4702068552
6.00128639883	11.4651300154
6.16053035032	11.5480465648
6.32157235192	11.6332710311
6.42921280005	11.7449265919
6.58528236309	11.8489099217
6.67634979833	11.9359035837
6.77981153798	12.0549325222
6.87966424675	12.1615839929
6.98889618842	12.3133119712
7.14787949474	12.5198923844
7.22788545108	12.6793467045
7.30604903825	12.8607301014
7.32056146569	12.9306081824
7.35231989519	13.1216681954
7.37778131142	13.3271101808
7.35915580917	13.4655328501
7.34042896276	13.6679034796
7.29086373155	13.8037999806
7.26536723248	13.8873635799
7.32104477671	14.0221898338
7.37021202677	14.1527917355
7.36817516124	14.2384010974
7.33992320127	14.3446700953
7.26512926203	14.5475929076
7.18358212506	14.6886773371
7.15766983551	14.9659078158
-11.7387697134	-7.51741679951
-11.8212679037	-7.56889279762
-11.8654750777	-7.64280894801
-11.9642487804	-7.86699131315
-12.0060681273	-8.02878297225
-12.1281916999	-8.20094516913
-12.2708368795	-8.37512747193
-12.3711196386	-8.50487200395
-12.5128323541	-8.68085159299
-12.6478498864	-8.84828297413
-12.912649246	-9.0881849498
-13.0510358551	-9.24201053762
-13.1789627225	-9.29235260224
-13.338479617	-9.37836530701
-13.4966730026	-9.42227141075
-13.6729088036	-9.45541219687
-13.8867736109	-9.38021500758
-13.9479894544	-9.38231309421
-14.1216294943	-9.25144701176
-14.2905740173	-9.00784410741
-14.3646493088	-8.87724524883
-14.5137165242	-8.57001615469
-14.5852222689	-8.41262760706
-14.6208885951	-8.2922685245
-14.6990893832	-8.02120309539
-14.7585360703	-7.85206315878
-14.7872656849	-7.70578921871
-14.8260167632	-7.573521479
-14.8782654847	-7.39950944732
-14.919083763	-7.2602444092
-14.9962650052	-7.00230281921
-15.0612495769	-6.77378860772
-15.1093954945	-6.56230010734
-15.1907241044	-6.36554692578
-15.2582770958	-6.242085436
-15.3343078279	-6.10434724745
-15.4250694048	-5.87145521565
-15.5285470138	-5.7720815116
-15.6076089241	-5.75448342786
-15.7030853862	-5.75138199973
-15.9219160301	-5.73485070045
-16.0094986199	-5.75782605764
-16.1453848579	-5.69830265389
-16.2201792758	-5.73222150401
-16.3245939338	-5.82657506119
-16.3559876326	-5.8397740648
-16.4253955653	-5.92692312548
-16.4890198589	-6.01599231821
-16.5417954463	-6.1242087841
-16.5865196841	-6.22714530317
-16.6316864002	-6.36461368625
-16.682995381	-6.57561986629
-16.7168135913	-6.84238816936
-16.743380079	-7.05127947155
-16.7416912233	-7.28327039762
-16.7414428425	-7.46853659118
-16.7126873589	-7.70218353221
-16.7149032997	-7.94317152453
-16.7085878012	-8.05995912755
-16.7233532545	-8.19390866321
-16.7823012822	-8.38236508397
11.451183422	4.79592111362
11.3817347063	4.6662465999
11.2482904745	4.49217990058
11.1577197231	4.30990112319
11.073411052	4.20629787886
10.9912631616	4.10989406221
10.8721466156	4.04493212925
10.8664361648	3.8914669803
10.7072722514	3.80166767595
10.6407370829	3.75426981891
10.4591011408	3.59591257361
10.3315433697	3.52606614771
10.2621116799	3.47855004508
10.1778535653	3.35153108019
10.0469403859	3.2609614367
9.92288195974	3.17582850641
9.78916965376	3.09440228599
9.66294935961	3.02328711501
9.42047420821	2.95677708962
8.86421589905	16.2009491295
8.66117392312	16.0257792793
8.58930039539	15.8223968581
8.54975607049	15.7660424278
8.47164995607	15.6698330879
8.36446650216	15.5851141676
8.21254213057	15.448587802
8.12637245794	15.3892009945
8.09257095885	15.1836546092
8.00365442244	15.1563521995
7.88688978912	15.2165026791
7.81767860424	15.1611098217
7.67009380709	15.1876914127
7.57397949489	15.177188311
7.56870372969	15.1539250588
7.35867959045	15.1269862985
7.14723702108	14.968150257
