2008 0 0
6.11627211982	17.2752100935
6.14605805377	17.1919786576
6.15731146977	17.0695710823
6.08120063441	16.8669658706
5.98757362033	16.7099688583
5.96201008243	16.5451405425
5.95827974868	16.4762989545
5.96379455064	16.2586013828
5.96830814491	16.0944730907
5.97917927002	16.0207641108
5.95597109501	15.8688625197
5.9165486132	15.6703292223
5.73658433166	15.6386625762
5.67210547425	15.6150229381
5.60398611305	15.5670289103
5.51640633684	15.5168904791
5.15324399175	15.7018950283
-4.23027573098	13.3035415898
-4.47205715234	13.3279457149
-4.68667950015	13.257715954
-4.73091888927	13.2512893501
-4.85348675821	13.1978731232
-5.14794572427	13.0295583578
-5.29395664767	12.9206339329
-5.41801483543	12.7601435614
-5.44781780972	12.73541024
-5.56429309679	12.6010816319
-5.73446765927	12.4271505622
-5.87286976401	12.2776745866
-6.02460487002	12.0944116848
-6.17818913123	11.9194460296
-6.25305164367	11.8107001986
-6.32909780668	11.6963975238
-6.38944339277	11.5007260446
-6.47778998231	11.3326065353
-6.64114646525	11.0845125242
-6.68694704467	10.8858533982
-6.7805271649	10.5694944809
-6.82193745053	10.4113112149
-6.84200895286	10.2307302837
-6.82913853523	9.96769308583
-6.79261078103	9.79905609877
-6.69723193609	9.47314964713
6.70322020613	9.69519355133
6.61663158538	9.50213197591
6.52096048883	9.35475138255
6.40484352339	9.15936710213
6.274956228	8.98343078704
6.14442709648	8.81750890633
6.07372782599	8.72737390857
5.92780717457	8.55417490487
5.67806484888	8.35676580421
5.54347514832	8.22740917216
5.399656173	8.10995110939
5.26466649238	8.01278983043
5.09796301459	7.89610997667
4.94462440738	7.71468816855
4.70550105429	7.53820311211
4.67072899088	7.51242356883
4.41742639949	7.32386922817
4.20529114923	7.16891723175
4.03168851161	7.06140906723
3.94129977286	7.0644195941
3.89743976634	7.03801653516
3.71208711595	6.95729585683
3.44671299368	6.94279829983
3.22895572027	6.86787267819
3.06569435433	6.81773440511
2.85328331702	6.76934399251
2.69830716484	6.74025334136
2.58876949213	6.72105771536
2.50174874748	6.70008035942
2.36928956646	6.67914558733
2.26329146609	6.66931237588
1.94334225562	6.65491613277
1.78709333789	6.65759344268
1.65557243517	6.6672831219
1.45209583676	6.68663893789
1.27746979467	6.71547735139
0.967229594301	6.77508800623
0.66190179458	6.82876369015
0.436964577936	6.89874613908
0.177813903782	6.96964184132
0.080607166975	7.01416548615
-0.06872734618	7.08224698385
-0.199717128266	7.14278584127
-0.418544422831	7.26234609983
-0.618106112359	7.36808516987
-0.761637263802	7.44331992859
-1.02921197607	7.60102578765
-1.22935312732	7.75105158213
-1.45874357494	7.80243481879
-1.58914816786	7.88292523756
-1.76027679254	7.9792009145
-1.91136304627	8.06220295508
-2.13682607917	8.18082274937
4.62778856832	13.9034361481
4.84808957927	13.9829103897
5.01196765089	14.0326713156
5.11782395448	14.0673454455
5.19876345787	14.0941439467
5.38095064752	14.1409608932
5.58747709695	14.1933168453
5.88723670275	14.2134473332
6.19019298129	14.1999623919
6.40134297026	14.1209710009
6.6489009462	14.0560037929
6.74666995792	14.0007913675
6.93761041962	13.9052704403
7.11194781085	13.7600742044
7.22409169894	13.6524364612
7.31724851468	13.5625216531
7.47726588684	13.4219473168
7.68988842963	13.2892819752
7.76123315079	13.1910732287
7.9127072698	12.9906288478
8.0942508139	12.795457443
8.17211682663	12.6936736386
8.3270386731	12.4858101021
8.45280644506	12.291524819
8.55159924527	12.1337737258
8.62816272399	11.9950026199
8.72769149884	11.8121425464
8.79039886336	11.6756566494
8.81597766769	11.5525327219
8.86952071687	11.4863843601
8.96387542597	11.3978398491
9.01576831025	11.2885604665
9.11179984271	11.1956549525
9.14294953089	11.1124843406
9.21609522726	10.8441810296
9.17450095256	10.6574955473
9.15102106239	10.5432683009
9.13582649987	10.473575286
9.09769724635	10.3893793884
9.04476841334	10.2829231878
8.84500484467	10.0479290771
8.74851840331	9.94217606571
8.64784975682	9.85007907591
8.58640714064	9.7936497718
8.44635306132	9.6485390772
8.30304239664	9.55670884231
8.17853436313	9.48882958014
7.95897349832	9.42179051927
7.7982871562	9.32605568034
7.69583844895	9.30741176804
7.48458745509	9.28705086477
7.25722359103	9.36358408774
7.0901364948	9.44134918109
6.96718182067	9.46280026735
6.83961988617	9.51795553
6.70322020695	9.6951935521
7.33723161154	7.15929365144
7.2945511322	7.15289015157
7.23960258421	7.14966190132
7.124604561	7.1354834621
6.81008076585	7.0687929877
6.54246361011	6.99908601031
6.24238903513	6.89875547798
5.96730456745	6.79712513309
5.75457499824	6.76800994959
5.60387006989	6.72199220319
5.49818505354	6.66359884449
5.41037440924	6.62688705652
5.23460754589	6.55146153641
5.08558648565	6.47803123863
5.0447165253	6.41401863987
4.94409191614	6.33887017875
4.70937159734	6.19853938074
4.64631700078	6.09855618911
4.6091786967	6.01734357735
4.47730409779	5.66237720634
4.45467666861	5.40794100021
4.38620893785	5.19590569504
-2.13786492698	8.18094605358
-2.22392444927	8.38640807462
-2.27356382702	8.64088193082
-2.31483292281	8.77150473458
-2.36095850893	8.93632187309
-2.39382141272	9.06855741908
-2.3567769744	9.26558233367
-2.4166703604	9.45977046133
-2.49570071961	9.7522524209
-2.54676074431	9.98275345228
-2.59641297957	10.2694760113
-2.62236858992	10.4605911045
-2.64041861149	10.6022051942
-2.65773156245	10.7528880303
-2.6688307352	10.9238571215
-2.68825243668	11.109048592
-2.7080628604	11.2680182143
-2.70951241094	11.333312465
-2.72287257163	11.4368883602
-2.75951814022	11.6616680031
-2.77050166462	11.7580251653
-2.77978059801	11.9159418724
-2.80073602256	12.0966869799
-2.81768525929	12.198337247
-2.81949476244	12.3170055754
-2.81001640885	12.442684967
-2.86457815685	12.5391635749
-2.89068576062	12.6478111482
-2.91982344645	12.8043687054
-2.93637629223	12.9466609767
-2.94672422184	13.0306850833
-3.00548502414	13.2017882446
-3.08185092515	13.3418374673
-3.21126069017	13.5742462088
-3.31638396095	13.6690134983
-3.40092402795	13.9434034421
8.7524404699	6.45762107017
8.75279170419	6.45031748259
8.8169246925	6.42143690841
8.86836900438	6.38293062244
8.99422534071	6.30118363114
9.18284597684	6.19115603254
9.29952509221	6.08812752333
9.40082390732	5.99072220872
9.55446192909	5.86911498649
9.65057514259	5.74795369495
9.78544418012	5.57662136216
9.87125888041	5.43017869886
10.0086418586	5.16930131479
3.39240558392	1.21310643477
3.02972495981	1.3631253292
2.92528860217	1.42428186733
2.70932468137	1.52738259775
2.56692188211	1.57775741269
2.31277025499	1.69224305734
2.25683212286	1.71963564126
2.10706870255	1.79743975785
1.75515846613	1.94467876716
1.52400615191	1.97282521368
1.36743570989	1.99797732496
1.2402716287	2.01679397571
1.11314800474	2.03238708106
0.830553559044	2.04550127998
0.639129839718	2.03259206165
0.487401198638	2.01341365885
0.195662706364	1.9743791697
0.0682744635721	1.95627450211
-0.130714397368	1.92320516226
-0.38443328924	1.87020972349
-0.59277816832	1.83971165116
-0.725635503063	1.79527987899
-0.930549987586	1.71300879181
-1.11989224002	1.63509215901
-1.18409654959	1.60280020234
-1.25500326507	1.56255614507
-1.49999647928	1.41373682189
-1.5724621118	1.35677017448
-1.64541508493	1.28114471717
-1.78360566743	1.17644519213
-1.93093362406	1.01703337329
-2.02620759001	0.901724831943
-2.21601671089	0.693793832141
-2.32719221763	0.579999833408
-2.4378678157	0.452375181466
-2.56963889639	0.304860842739
-2.73624437001	0.102648508779
-2.8798943788	-0.0748073655596
-2.97374721233	-0.186367728105
-3.03007407573	-0.245572648266
-3.11965918826	-0.35782498583
-3.19634525119	-0.447010486673
-3.28013972737	-0.549261247867
-3.45449605854	-0.766186816765
-3.65711286407	-0.987435189651
-3.75355871024	-1.10083308159
-3.87690469053	-1.22700539305
-4.09002081067	-1.4234916633
-4.22803198338	-1.55519986072
-4.34261452977	-1.69924561761
-4.37697076491	-1.72982024315
-4.50663065096	-1.83532516358
-4.70495041531	-1.9925573564
-4.9832929474	-2.20532431982
-5.13758239943	-2.31458166517
-5.25596327017	-2.39459217074
-5.38947352398	-2.48552426389
-5.43115404299	-2.51299539844
-5.686048945	-2.65132502655
-5.90906132428	-2.77921031195
-6.05278443366	-2.8814758364
-6.14370305862	-2.9551983705
-6.3375873347	-3.10596829588
-6.54720974242	-3.30170386088
-6.68601376194	-3.44697255271
-6.78264256448	-3.55691148791
-6.91554057143	-3.71556176801
-7.0282645447	-3.87585148967
-6.19599127865	2.58611989852
-6.21297530881	2.59313113427
-6.27129941736	2.61511676988
-6.40280231909	2.64494184256
-6.48323316752	2.67278745747
-6.59389915285	2.71934868697
-6.72409507275	2.76772232219
-6.86106741288	2.83624411364
-7.14980537263	3.02672089365
-7.39909500017	3.13115420333
-15.6780499875	3.87205897123
-15.6765889054	3.88576357792
-15.6671226207	3.95498438458
-15.6596675602	4.00693451008
-15.6570067473	4.02342351029
-15.6407974934	4.11180692217
-15.6075512008	4.31039544709
-15.589236525	4.41653986682
-15.5729670691	4.4888711439
-15.5525899857	4.60527157716
-15.5449755022	4.65104905099
-8.35682485795	2.03244768532
-8.58183096006	1.73254048818
-8.63555264882	1.59067415777
-8.70772350495	1.48064383717
-8.7411481373	1.43520807925
-8.86182336509	1.31933709877
-9.00463805901	1.11587648434
-9.1296617664	0.894384934277
-9.22565257848	0.739879594174
-9.33358788346	0.59782319927
-9.40705977667	0.507487088443
-9.56963514713	0.295755582561
-9.66393356924	0.187573330432
-9.67214904738	0.0558289029223
-9.82884643126	-0.092883915919
-9.95591543055	-0.165751936333
-10.2037392184	-0.170848235334
-14.6651347274	0.0629883611553
-14.7085845378	-0.137901111672
-14.7499468062	-0.389005916701
-14.786299013	-0.615937354351
-14.8085024215	-0.728546517834
-14.8150449808	-0.921209440354
-14.7981901289	-1.15299605825
-14.7884556393	-1.27801186805
-14.7780792946	-1.4848299179
-14.7579640684	-1.7081026846
-14.7794976598	-1.82683501299
-14.7693107098	-1.96418705571
-14.749363567	-2.10098105638
-14.7384152086	-2.22072259808
-14.726984771	-2.40611766568
-14.7183256652	-2.5150060729
-14.7032617095	-2.64418586332
-14.6661738922	-2.82848178358
-14.6432084365	-3.0087141554
-14.6294069226	-3.1065007063
-14.5904868872	-3.22065733818
-14.5745853934	-3.2982252562
-14.5614966756	-3.47900867481
-14.4974051369	-3.57033765153
-14.4599359028	-3.65136100953
-14.4145275169	-3.82818668622
-14.3845977397	-3.91932936928
-14.3614979027	-4.08425160691
-14.3006272922	-4.2254226729
-14.2455059216	-4.33009706164
-14.1892703092	-4.44832481154
-14.0545541536	-4.6687906764
-13.9473872821	-4.80615504671
-16.3050642221	-1.76458982898
-16.305057589	-1.76459649491
-16.305039954	-1.76459192529
-7.02827654008	-3.87582781739
-6.95462027623	-3.93116926345
-4.99979240104	-4.39468735189
-4.86925900007	-4.556414445
-4.74845162174	-4.71721916175
-4.66791383436	-4.79300803758
-4.57826406725	-4.89738561634
-4.39399906455	-5.07836554946
-4.28068660097	-5.19636122116
-4.20439556523	-5.42891159431
-4.1325264118	-5.4830174086
-4.03464477625	-5.54572338384
-3.85662868366	-5.67507830179
-3.74517568365	-5.77697901554
-3.62605107182	-5.87226004399
-3.49836275684	-5.9768071706
-3.39237350644	-6.06174381832
-3.25502083633	-6.17570747624
-3.14907280111	-6.27316311782
-2.92938022094	-6.54878510853
-2.77631037748	-6.73884329193
-2.70520256364	-6.82086649457
-2.52894986704	-7.04309819567
-2.33444949674	-7.26025876517
-2.19260387296	-7.46760761212
4.21086766631	-6.21409850307
4.31651992298	-6.43892832765
4.40582656282	-6.55180185447
4.48135330219	-6.75156312678
4.59972071113	-6.83543524203
4.66896262217	-6.88844235016
4.81301593082	-7.07097659797
4.95180887603	-7.30766607604
4.99121002443	-7.43137947296
5.01059178857	-7.55560681481
5.13044733769	-7.75521098697
-7.22562358474	-5.72335787734
-7.22732710105	-5.72428545024
-7.22667665875	-5.72452501783
8.17976796763	-8.05508856122
8.31840634433	-7.91177321111
8.40490296251	-7.69081122287
8.44594160139	-7.55885976742
8.47940636623	-7.45971052122
8.51884616927	-7.36074548152
8.59182966653	-7.23416707117
8.63687256881	-7.05592096644
8.65764716296	-6.86969313685
8.71013810619	-6.60035759462
8.75907485445	-6.4959705133
8.89736433487	-6.29250888597
8.94723939155	-6.14072351292
8.9523981722	-5.96935934031
9.01278235561	-5.82804815467
9.05222908989	-5.71772009264
9.05460908305	-5.60002186283
9.08767556184	-5.50054199957
9.14530891394	-5.33516847026
9.20505494654	-5.15171089992
9.24928878036	-4.90521642331
9.25642688604	-4.77926493379
9.32045602433	-4.55172768976
5.13047562855	-7.75519993988
5.38532865288	-7.75868496379
5.49294048318	-7.814077289
5.72562981466	-7.91453772233
5.94959094632	-7.97374046771
6.05286236385	-7.99558761393
6.33757686813	-7.98995504192
6.43507861162	-8.01042125156
6.5616482877	-8.02066564775
6.64627090065	-8.07296990067
6.83383974183	-8.08573423835
7.11709805569	-8.05713683316
7.18366581507	-8.05044718755
7.3285838835	-8.08450397753
7.64522517571	-8.06089163084
7.89400738516	-7.99583780173
8.17976837214	-8.05511472152
-8.32991430757	-10.0542150075
-8.25628048708	-10.0988832152
-8.13202627588	-10.1666544897
-8.0069957251	-10.2312687341
-7.82823017582	-10.3670104207
-7.61807775712	-10.4620279725
-7.40409222353	-10.4932871146
-7.31891690456	-10.4941866071
-7.12844759797	-10.4857372956
-6.85432105338	-10.4767547566
5.01198377829	-19.8032915291
5.00321484033	-19.7834885188
4.99166430489	-19.7623485625
4.97117119675	-19.7172606793
4.94734187263	-19.6432686445
4.93229454642	-19.5865784247
4.90819226697	-19.4610196459
4.90462959674	-19.3627488375
4.91239971205	-19.2361483351
4.85465771035	-19.148619037
4.83740415323	-19.0727540222
4.83031720058	-18.9231979798
4.77726359248	-18.8442173635
4.70415179303	-18.8483455167
4.62621843558	-18.8233389908
4.55861517796	-18.8185804664
4.44467005835	-18.8472892958
4.12202232208	-18.996276938
4.01863014464	-18.9960300051
3.95484448171	-18.9779731974
3.88885337764	-18.9543701816
3.82460083161	-18.9209663929
3.762043919	-18.8338116659
3.88039780567	-18.4531895453
3.92654157791	-18.3039843
3.81938003775	-18.2242759409
-6.85432078081	-10.4767522484
-6.52740936104	-10.678891014
-6.37148583781	-10.8528190643
-6.26182703842	-10.9503642911
-6.11032324121	-11.0544607569
-5.87484836661	-11.2015397684
-5.71744626383	-11.3268760584
-5.49068126793	-11.4700004143
-5.2197036837	-11.6459476245
-4.84120292649	-11.8694183
-4.67533435164	-11.9812655814
-4.44764875483	-12.100227183
-4.26363721334	-12.228904526
-4.0610019808	-12.3724728406
-3.90508514933	-12.4918279734
-3.80972820459	-12.5679807149
-3.67398203434	-12.6227115021
-3.4662091267	-12.7771517117
-3.30137266826	-12.9032335499
-3.1737199187	-13.0255754376
-2.99963519783	-13.1500388058
-2.75807711534	-13.2880490535
5.52957960459	-12.7016682889
5.49460625358	-12.7242659267
4.75392615589	-13.1100859081
4.62295197571	-13.0105633155
4.44703554202	-12.8632773488
4.32041784232	-12.6907983928
4.16022291639	-12.6203740945
4.01416278277	-12.4868009507
3.87918461963	-12.3992964839
3.72855527827	-12.3054769075
3.62628974689	-12.2259344126
3.51277657612	-12.1354911776
-2.75944129416	-13.287909257
-2.45501858948	-13.5624923313
-2.29418640629	-13.6826928035
-2.10028303216	-13.8507298517
-1.92709340968	-13.9978853981
-1.87632449681	-14.1108485617
-1.79131830159	-14.1791802979
-1.65188466319	-14.3467737128
-1.54500691953	-14.4551700524
-1.51693036478	-14.4800315148
-1.37748777831	-14.62745765
-1.32552586857	-14.6840901106
-1.2505981781	-14.7789039109
-1.11545194033	-14.9396284006
-1.06392176922	-15.0090077579
-0.993716068255	-15.0875754191
-0.682467154049	-15.4913573912
-0.532176156847	-15.7140964877
-0.407987458328	-15.7895395292
-0.311694763826	-15.9182622911
-0.227031881049	-16.0483112632
-0.147753751661	-16.1786914804
-0.0823504677334	-16.2870264014
-0.0270108924726	-16.3726467602
0.0802741426193	-16.5348382518
0.214173150652	-16.676829036
0.329650958012	-16.8500338498
0.463598121239	-17.049013738
0.559595067994	-17.2153973723
0.659131795632	-17.2687885819
0.751037584431	-17.3389313992
0.790028651905	-17.4294353857
0.813060924564	-17.5814174515
0.929075086138	-17.7246587637
1.00845252549	-17.875980578
1.02832966108	-17.9162288161
1.09205640643	-17.9459085838
1.15912313585	-17.9364639182
1.24810336586	-18.1310194754
1.29667161991	-18.1771860726
1.3681642459	-18.2008946304
1.48258663815	-18.2588151437
1.60263083603	-18.3052439886
1.76538643253	-18.3852846293
1.90012585412	-18.4197107928
2.14189589732	-18.1018409249
3.41322574432	14.9542107022
3.52898321061	15.0097003592
3.59560865844	15.0205252639
3.62689562532	15.0352856873
3.70700108956	15.0391732048
3.80431519964	15.0460475405
3.89334226789	15.0477186138
4.02838627374	15.0424970902
4.15237381941	15.0362284014
4.240479036	15.0296684863
4.40236214423	15.0227191127
4.50428271782	15.0346283751
4.66819863096	15.0208559451
4.84273091785	14.9694794125
4.96142217688	14.9660846445
5.08147614428	14.9720786161
5.14563471549	15.0009395389
5.35792841831	15.0147460095
5.42874876574	15.1163955082
5.43512775949	15.195886384
5.15326158079	15.7018684101
-7.02604304756	4.17751243814
-6.87156428735	4.10260699907
1.66025280598	15.3973218106
1.64250974173	15.209601612
1.55316977451	14.9734173884
1.49047270666	14.8752530977
1.46204967288	14.8289221564
1.38314939315	14.6971314444
1.32071764881	14.573366845
1.24989439201	14.4387210614
1.15097728058	14.2157413613
1.13040608635	14.1782528284
1.04336530831	14.0308215231
0.946199225185	13.8573696387
0.903179604414	13.7710013498
0.843162722293	13.6296396842
0.798593813476	13.50585902
0.759127815494	13.4153167638
0.73815569296	13.3223841474
0.691401416085	13.186959694
0.64323592189	13.055657711
0.580574178511	12.9393647155
0.516522492215	12.6951589101
0.47321501549	12.5980643432
0.407494751352	12.4850547242
0.358756265202	12.4153144671
0.282949402879	12.3474088133
0.126823349466	12.2119110438
-14.0498468154	7.01481173011
-14.137946715	6.85516775951
-14.1729538686	6.73980659048
-14.2301770896	6.62792612545
-14.2750190746	6.50417713973
-14.3963212613	6.24660024207
-14.4453333896	6.11432064796
-14.4890826549	5.98402919967
-14.5291224007	5.8597247382
-14.5451710281	5.69594798499
-14.5631834587	5.57575478121
-14.5728727947	5.46972131541
-14.5774515882	5.31101645794
-14.5216281209	5.08567222247
-14.4801384168	4.96823597906
-14.4662534897	4.91322061094
-14.3828529613	4.7619994212
-14.297071231	4.44511953061
-14.2784244879	4.3215438245
-14.252814646	4.20442362281
-14.2300168556	3.95781091301
-14.1644928449	3.75454719285
-14.0473803378	3.61028706408
-10.5195822977	-1.17740107113
-10.4414285243	-0.888110448935
-10.3540561097	-0.775437658649
-10.349452673	-0.642873852549
-10.2596107747	-0.33942257978
-10.2053401312	-0.170489704592
5.15326830481	15.7018596395
4.92864499694	15.8627054186
4.76679064932	15.9389537915
4.56626460858	15.9775032048
4.41365039027	16.0107331371
4.13604549847	16.0481502129
3.84847375342	16.0582919295
3.5870054556	16.1257211353
3.36109529893	16.0806624169
3.20671911412	16.0432865352
3.0191639915	15.9837951389
2.77820895984	15.8395599092
2.50477251941	15.8647059346
2.37408929842	15.8036096646
2.17079648627	15.7117624277
2.03237499093	15.6427808203
1.84360121611	15.6040721656
1.66047330154	15.397125569
-9.76871535468	3.94486693712
-9.66198185196	3.69848372084
-9.57093559231	3.61830121541
-9.45676407806	3.51493820212
-9.40366545	3.43996681785
-9.3511643861	3.26454651489
-9.29361659072	3.13576699011
-9.23862493668	3.04197830481
-9.24563095584	2.86515972189
-9.16380230566	2.73793064594
-9.01223445289	2.56686484791
-8.83613187204	2.4087327366
-8.60111326663	2.26814033079
-8.45816760166	2.17774576267
-8.3567786759	2.03243422206
11.5145582378	5.16379388272
11.2605331555	5.33978505567
11.0041856129	5.52994350761
10.8465765636	5.70172931168
10.7819551779	5.73517053866
10.6233374471	5.79252641059
10.4326557419	5.84322165704
-6.59952996453	4.4596587037
-6.27579661534	4.50885967037
-6.13250545577	4.52818648894
-6.0176074995	4.56956490452
-5.8904170537	4.60817637496
-5.75203875222	4.5901010802
-5.61828696816	4.62548962578
-5.31041839767	4.7225864499
-4.98755045123	4.75690525352
-4.85128586648	4.78034623563
-4.72102230237	4.84426425795
-4.59492337867	4.83626196761
-4.35896079746	4.83203322036
-4.15839085055	4.85879399479
-3.80815105504	4.8687068074
-3.70817218873	4.87212465108
-3.58574733415	4.90366113421
-3.37929736262	4.94389829124
-6.91714960077	-7.9149457645
-7.03295381435	-8.02591135062
-7.14260374978	-8.09158911362
-7.26568534073	-8.22316815688
-7.32028439819	-8.31175480561
-7.30979089401	-8.54917673215
-7.32985992416	-8.60992753841
-7.3390185349	-8.68800997775
-7.32991152689	-8.90105763866
-7.35537033482	-9.10930290247
-7.29367810245	-9.25354486107
-7.20541045148	-9.37746129209
-7.16045327249	-9.44759957091
-7.07070391403	-9.62165843406
-6.99965479306	-9.79064446691
-6.93498832213	-9.9051612831
-6.89752429219	-10.0206368588
-6.83099690872	-10.2305470441
-6.8543210582	-10.4767549274
1.69351123824	-12.2106908805
1.45861124589	-12.3811097129
1.32061713913	-12.5195194246
1.10226283753	-12.7328659197
1.10662007606	-12.8116131943
1.01487828201	-12.9445869287
0.963457118178	-13.143487704
0.822936719778	-13.2701045132
0.74944731432	-13.4208631533
0.684310300183	-13.4831526922
0.569440978374	-13.5702113231
0.543141838358	-13.6818056188
0.503964658986	-13.7697428048
0.481949274926	-13.8895926856
0.483085410246	-14.0209614365
0.515254591285	-14.1310690201
0.564255560332	-14.3071877366
0.593964685054	-14.3804593116
0.680607893928	-14.5427821202
0.765284793663	-14.6879916254
0.902493750267	-14.8449470589
1.10940704412	-15.1109116574
1.14861836595	-15.1475980153
1.25477647186	-15.2392999425
1.41384831918	-15.3399875304
1.50771935768	-15.3812680834
1.62707474866	-15.4252777403
1.72770627093	-15.4342069207
1.83724954361	-15.4925638283
2.0457892247	-15.615901078
2.14411238232	-15.640442585
2.19428046943	-15.6879727609
2.34757139451	-15.7769347638
-14.0473803385	3.6102870633
-14.1131397707	3.33615842548
-14.198047802	3.0834985193
-14.2113435425	2.99987505733
-14.3195298375	2.80923993682
-14.3533323069	2.61667558988
-14.4077241448	2.54134714504
-14.4283293175	2.42312662804
-14.4517923594	2.27085840942
-14.465016302	2.16635809557
-14.4952087933	1.89010849407
-14.4943143415	1.6513481029
-14.4730983813	1.51710217136
-14.4807572552	1.47296812031
-14.4974247979	1.29021996772
-14.5192463437	1.15310800433
-14.5414065406	1.02361403519
-14.5647274754	0.81200548773
-14.6047292276	0.67881883624
-14.5919612621	0.60400847
-14.596259826	0.511396097206
-14.6489536995	0.366598458142
-14.6651046334	0.0629720619951
-3.37930912549	4.94391132272
-3.197457694	4.86734861731
-2.99557027618	4.69205749317
-2.88357562956	4.61684419782
-2.75827053834	4.52625756663
-2.59214829801	4.42939282123
-2.39642194335	4.32329745561
-2.23828536063	4.20898932477
-2.05298434159	4.09683612246
-1.89400309535	3.99603198277
-1.71568712648	3.88276767278
-1.57352467289	3.81171984024
-1.48524547725	3.76882309088
-1.30058006051	3.68529861596
-1.10216518181	3.62398871649
-0.963753550983	3.60666459736
-0.790951675128	3.59274494058
-0.62537609861	3.57891673894
-0.484567918381	3.57511515329
-0.237554032092	3.60612539496
-0.0297043056887	3.62133534431
0.179860085967	3.61796878593
0.331791570049	3.64437851709
0.489309794559	3.67322384609
0.638632667471	3.68930117618
0.75179372546	3.71748917876
0.872604010228	3.75280149358
1.17221108074	3.85312343378
1.38348141989	3.93447630851
1.73290653739	4.06647519296
1.90640406543	4.14277573407
2.00412486388	4.18609585016
2.16235941283	4.2537416129
2.34063738522	4.32014386367
2.46504095986	4.36805126741
2.58081279533	4.40625190207
2.8520369879	4.50587079719
3.05250652031	4.57733064967
3.22049379026	4.62976783503
3.40090747718	4.66648661234
3.57250272821	4.73922131153
3.87326891771	4.86808589642
4.01720699236	4.92659457764
4.14070926427	4.99337621218
4.38622323989	5.19600665983
9.69112320579	2.69661667503
9.78423696161	2.59485273148
9.84747850648	2.47241881716
9.96422082575	2.31387522384
10.0177764682	2.10525461721
10.0423931637	2.00097930541
10.1205415806	1.80686323452
10.119918982	1.63021785589
10.1495716961	1.50871005435
10.1715138067	1.37093735074
10.1934302742	1.24612703503
10.2603858742	1.14165543859
10.2490765371	0.995457267795
10.3548853394	0.696112862909
10.3927729797	0.536606827944
10.4102817338	0.428772304053
10.4294560164	0.334534447821
10.4565794561	0.181918665701
10.4352131304	-0.0710090648928
10.3672962268	-0.257943513619
3.50849792157	-12.1392178388
3.18792135611	-12.1069500982
2.95487300783	-12.1291148881
2.78098006189	-12.1502851253
2.56446252872	-12.1057958928
2.36144375431	-12.1286187613
2.29864715625	-12.1783883191
2.16542742091	-12.1444467589
1.94514851833	-12.158480591
1.693497716	-12.2106772866
10.3672962254	-0.257943524829
10.1308826492	-0.31767103095
9.98347587164	-0.346405157446
9.74271404836	-0.369638419132
9.56525843484	-0.487641106178
9.3776710103	-0.55205169075
9.17116992654	-0.625503651021
8.93755067353	-0.718629624893
8.74443013202	-0.780536725453
8.54854237886	-0.829094577829
8.37848130654	-0.874258030166
8.18592731488	-0.926014821203
8.09291079686	-0.955332816455
7.98090575693	-0.988117864754
7.7836576449	-1.03508504975
7.70573310269	-1.07280158446
7.57851153384	-1.01205702934
7.44886452437	-1.01716643039
7.30177271141	-1.02427420305
7.17402220587	-1.03180926378
7.07682791242	-1.01639928592
6.89554703192	-1.05109717549
6.71308729948	-1.06061161384
6.46378905047	-1.0298807814
6.29234877008	-0.975734770099
6.0150136796	-0.852779554507
2.34717683838	-15.7786459043
2.59578328808	-15.7371700118
2.65214523651	-15.6741622304
2.76167782832	-15.5865682184
2.946496095	-15.4944781888
3.05438862395	-15.3911533633
3.1265433262	-15.2911761471
3.21176438659	-15.2032394451
3.26640220423	-15.0544325035
3.40176122963	-14.9356575442
3.49603101205	-14.8595194307
3.6140840624	-14.7520069903
3.75065024373	-14.6079637875
3.8278382048	-14.5258691196
3.96297606153	-14.4154413341
4.06119204064	-14.3148614196
4.13567563199	-14.2032743237
4.12843413459	-14.1276235417
4.2235015268	-14.0500961446
4.48577379111	-13.7892178029
4.5809957837	-13.6616782162
4.66000725466	-13.5402773805
4.75194141988	-13.3361306323
4.75388543997	-13.1100386227
9.3210387516	-4.5514586504
9.16362138685	-4.58562833867
8.96487040852	-4.58336177805
8.86590762881	-4.53654343172
8.76849473332	-4.50126544082
8.56019594567	-4.44436200491
8.45981733318	-4.40294712575
8.33018610939	-4.36841773699
8.20242615613	-4.33641730139
8.01390841523	-4.31569620265
7.88139897768	-4.28538604025
7.69981012973	-4.22420296571
7.6288430529	-4.20803910648
7.45490064386	-4.15987878906
7.33567358695	-4.14362684244
7.12402335737	-4.1225583218
6.887861995	-4.10911083605
6.67619837942	-4.14901320078
6.56875712395	-4.16026655152
6.45659549174	-4.17179793609
6.27894855183	-4.20811407805
6.0734128994	-4.27943246252
5.74683845117	-4.37742692234
5.62666784019	-4.45217190559
5.47946091327	-4.57503257117
5.29620886515	-4.6874532934
5.07110602527	-4.82066072228
4.89847971263	-4.96210455995
4.83429327658	-5.01548232668
4.72717208568	-5.11621166555
4.62053275571	-5.20438970427
4.48365320148	-5.3323719803
4.40876346834	-5.44724411525
4.33886650117	-5.61384607167
4.2685130686	-5.72920435475
4.25450385659	-5.94321404518
4.21082536218	-6.2141238874
3.81401392386	-18.2246468302
3.95633571715	-18.0971374094
4.1484745865	-17.9597317575
4.19137776819	-17.9231015022
4.25906096535	-17.8600688875
4.37004517971	-17.757496981
4.51577190336	-17.4660494235
4.62679472057	-17.30541915
4.66554321322	-17.2693758552
4.80235850271	-17.0069160645
4.97599737919	-16.743297321
5.07241731403	-16.5673367898
5.1340563576	-16.4104853145
5.20356765728	-16.2941118977
5.29328831771	-16.117217303
5.46593685695	-15.826191899
5.58733654573	-15.5594951681
5.66063779915	-15.4101497664
5.79268887844	-15.178613222
5.89438601653	-14.9935840431
5.98510870222	-14.8368848538
6.1046467879	-14.6429058203
6.28816452921	-14.3797745643
6.62040439668	-13.8969819205
6.71902680332	-13.7445981761
6.92050129401	-13.4352899024
7.08564799581	-13.2046533419
7.21037620486	-13.0074040668
7.31256375484	-12.8584666685
7.45074195238	-12.6062253161
7.64215377996	-12.3013506849
7.84506492788	-11.9744040974
7.88493713687	-11.9347876164
7.98140509548	-11.7782365861
8.14024191713	-11.5231473929
8.23718502972	-11.3901665649
8.40113771634	-11.1396545646
8.53228603801	-10.8790383752
8.58697188577	-10.7587912437
8.69286596224	-10.5970429174
8.76129941846	-10.4815215365
8.84547910813	-10.3588472528
8.99643158016	-10.1452612288
9.04373979823	-10.0590910673
9.10727071312	-9.94563602292
9.19228456126	-9.78841701085
9.23214488519	-9.65443944126
9.32078215222	-9.51603278393
9.39285593685	-9.40715261833
9.51347711249	-9.16978070643
9.57216903338	-9.06014209407
9.60152661838	-8.99903276225
9.72200476434	-8.79102487476
9.82710010462	-8.5764811494
9.94404978293	-8.40162394129
9.98645871558	-8.31814062487
10.0636084638	-8.1618798875
10.1726090712	-7.91104828691
10.2508197615	-7.73178507744
10.3349840592	-7.58153851706
10.3707043018	-7.4992557985
10.4913014633	-7.23775894529
10.5800725199	-7.05485482521
10.6536267274	-6.89837022992
10.817547392	-6.57261550126
10.9533748768	-6.27005282695
10.9836839546	-6.19606276329
11.0590559354	-6.03302336741
11.1419241378	-5.82821633893
11.2510942301	-5.53939220676
11.3491627835	-5.25701450452
11.3586956203	-5.23127356723
11.4313917319	-5.02843578157
11.5144387235	-4.79256796932
11.5857213823	-4.58426691204
11.6587009597	-4.35461158836
11.6681487078	-4.32556642134
11.7550466415	-4.03000424938
11.8015085874	-3.8642172023
11.8314299632	-3.68868995027
11.8715518964	-3.48290505023
11.8890748857	-3.30724449264
11.9388532833	-3.08137520265
11.9660315564	-2.95759376771
11.9796379151	-2.90028777947
12.0414508278	-2.62646893162
12.1190600134	-2.28376150851
12.1497636871	-2.13877899133
12.1777465486	-1.98702840052
12.2028711073	-1.84782006459
12.254738048	-1.70838309441
12.3065276632	-1.43177521052
12.3226809767	-1.25386465204
12.3445560268	-1.07154583982
12.3637364128	-0.86760031327
12.3845704179	-0.579377460923
12.3948444325	0.019750180647
12.3312120791	1.22449310725
12.2470020151	1.87171500049
12.2384651473	2.31371397684
12.2300715685	2.7421645813
12.1784114313	3.17481713703
12.1589486572	3.2821691038
12.1254400814	3.6039725293
12.0831458148	3.73129862976
12.0415544303	3.98215682377
12.0092628783	4.11644301178
12.0040412337	4.27856940632
11.9626201473	4.45913973411
11.9125992781	4.58592214968
11.8869420577	4.6371314328
11.8463481688	4.69860530248
11.7056822631	4.85122508241
11.5145129009	5.16386270202
2.00732923058	-18.4499446688
2.26270526173	-17.9751090779
2.30170147432	-17.8760379951
2.29493887804	-17.7294140319
2.22903622695	-17.5815416709
2.21598493529	-17.4022074802
2.34060632883	-17.2786633483
2.32778323126	-17.1980258672
2.27283696504	-17.1010331303
2.09480799041	-16.973882293
2.14689046696	-16.882585694
2.21101701902	-16.7579753749
2.32439190296	-16.6754929926
2.51533709508	-16.5439868472
2.55213286799	-16.4443669517
2.39906235632	-16.3235806539
2.45946140934	-16.2290614645
2.46677751765	-16.0606664908
2.49242228597	-15.9862414775
2.34803041055	-15.7728864132
-1.43791207741	-2.4401565174
-1.32939040328	-2.60293846761
-1.26527026322	-2.71139689618
-1.18427604658	-2.89594601668
-1.06244358952	-2.95710535133
-0.988997477381	-2.98989551462
-0.911904548969	-3.01091936597
-0.748892729037	-3.0484750731
-0.372056551393	-3.21489729427
-0.210009033992	-3.26202775452
-0.101815643337	-3.28755264254
0.0247331868285	-3.30358044048
0.295074170796	-3.31865501399
0.477501394883	-3.34841727437
0.71522146531	-3.38181129113
0.852925625512	-3.39249116997
1.03572132769	-3.40388970685
1.18039564065	-3.39967121135
1.49460374894	-3.35891755968
1.63575376104	-3.33102049838
1.76263217324	-3.30495593081
1.92922180858	-3.25976787247
2.0716918889	-3.2074308075
2.20978723623	-3.15408224634
2.32614640019	-3.09321110114
2.45381198325	-3.0285533886
2.63940716636	-2.91934981587
2.6555735876	-2.90840641292
2.79862863062	-2.82612825103
2.93229187279	-2.73389021058
3.06256686658	-2.62280519801
3.23783979884	-2.49384289662
3.45238214815	-2.35273559147
3.62077118096	-2.29979606404
3.78965348108	-2.19944392057
3.93674209794	-2.09326902826
4.04174303405	-2.02342942106
4.2302634725	-1.90943088409
4.35230397962	-1.85411507202
4.53123870556	-1.74132070994
4.72549212704	-1.63945990325
4.77666892383	-1.60901103217
4.83941302181	-1.56883698238
4.98424678285	-1.47302490003
5.12681546952	-1.35849566766
5.28715192051	-1.23976601217
5.44429112736	-1.19771588691
5.57712329758	-1.11091147432
5.71263991546	-1.02228763385
5.79007472086	-0.969609735603
6.01505035712	-0.852901322395
-7.39909500017	3.13115420333
-7.45269974882	3.38468729206
-7.40941425513	3.52957325638
-7.30929161275	3.67451818778
-7.21699468353	3.83891039203
-7.17010988753	4.00427860584
-7.08357170338	4.07547584916
-6.8714884617	4.10255369252
-6.69724024612	9.47320425098
-6.41256137252	9.79803596555
-6.31280087878	9.90128902353
-6.14558679534	10.0235604727
-6.02399634817	10.1314455281
-5.94978112195	10.2016712846
-5.88177802551	10.2631200996
-5.66106033703	10.5382167757
-5.6133614271	10.6093253486
-5.46129709269	10.7291238509
-5.33766034672	10.9520603058
-5.27500003487	11.0631431137
-5.20223163273	11.1630392761
-5.14042466789	11.2284288779
-5.07520600849	11.35162676
-5.01444904218	11.4532073801
-4.94533852385	11.5814754983
-4.91155628634	11.6519555237
-4.82164428512	11.8581171752
-4.73489581375	12.061774108
-4.64686763975	12.2899065284
-4.55675881552	12.4713478802
-4.51524561783	12.6355919562
-4.39707450004	12.8619063402
-4.28800365922	13.0661658895
-4.23043101068	13.3038461267
-13.9462302432	-4.80517559613
-13.880741498	-4.97146139851
-13.7694016621	-5.14192712567
-13.6296968077	-5.24427010275
-13.4972107891	-5.34919760407
-13.4148814555	-5.42541003654
-13.3331141984	-5.48358250177
-13.2713411452	-5.53308318644
-13.0942825334	-5.63890658451
-13.0103246833	-5.68607004663
-12.9056535327	-5.74573508221
-12.7385793778	-5.82689312136
-12.5673485255	-5.92161007262
-12.3718310957	-6.03495836887
-12.2100530732	-6.11805571789
-12.0682368541	-6.18972787277
-11.9122026544	-6.26819045042
-11.7241153092	-6.33514612209
-11.5622925717	-6.40264454702
-11.4280239589	-6.43745984864
-11.2863173023	-6.4539871711
-11.1675163844	-6.50426579125
-11.0801745092	-6.53783562817
-10.9844711142	-6.55919715058
-10.8357502477	-6.56357964468
-10.5931338489	-6.59299254671
-10.4445410116	-6.59740696618
-10.3783728753	-6.60157296328
-10.2700280322	-6.59423488489
-10.1294191222	-6.57214934248
-9.89031032647	-6.51463300136
-9.72980304343	-6.49439729057
-9.61835595709	-6.46117826645
-9.50482533757	-6.40004564171
-9.37163972732	-6.31908554359
-9.27031282842	-6.2568569976
-9.20959523266	-6.14340390742
-9.1558743162	-6.07767379691
-9.08857666669	-5.99386399594
-9.02158937388	-5.91312558572
-8.98785151455	-5.88317806309
-8.835524523	-5.68663546457
-8.77828548068	-5.60383084547
-8.70843972127	-5.49830587317
-8.60682880397	-5.30859547209
-8.5179510725	-5.16512272931
-8.45526887667	-5.09338390713
-8.36346384639	-4.95362569469
-8.2857970133	-4.84657238457
-8.21084645578	-4.74907322749
-8.04818204445	-4.55036102878
-7.94281265911	-4.42426916511
-7.74445840571	-4.23081620625
-7.54867936627	-4.11402599423
-7.43544973207	-4.09602611631
-7.31228920385	-4.02932874984
-7.22769594459	-3.97326910698
-7.02824678336	-3.87579196107
6.11662299484	17.2729199213
6.39266989071	17.1719123049
6.54497741233	17.0866852397
6.63540057814	17.0183800244
6.87564684468	16.8327965418
6.93562226424	16.761829156
7.04871612876	16.6418582258
7.12717833102	16.5351718919
7.20154220948	16.4283090233
7.25502091753	16.3044766783
7.29819798116	16.2298156692
7.38750131511	16.1184254684
7.43580475627	16.0029586823
7.48814793666	15.8994337568
7.54537568778	15.7419321745
7.57407770072	15.6682336724
7.62891720751	15.4313894235
7.73377933335	15.1124661414
7.80930205224	14.830114182
7.85901644269	14.5350626183
7.11363028295	12.350157759
7.07023940156	11.9095456357
7.04705439552	11.6921030989
7.0200722774	11.4431646375
7.01028830926	11.2277743371
6.98850943908	11.030642497
6.96665008465	10.8663584322
6.94881369146	10.6914986559
6.89689027335	10.5703674238
6.8840396733	10.5056491444
6.86853278971	10.4326629522
6.80640987481	10.290026437
6.71721517062	9.96517785168
6.70322020654	9.69519355957
6.11671239479	17.2730593447
5.87203484123	17.4175660296
5.74027317102	17.4609400476
5.5277647337	17.5645002145
5.4647935116	17.5738720007
5.35855627347	17.6003118573
5.12885490449	17.6775383842
4.97385810524	17.6938509873
4.92692125932	17.701803666
4.69947305837	17.7302644946
4.42325393087	17.7668969709
4.27525407548	17.7713120331
4.09367196513	17.7742953074
4.0049054311	17.7737918733
3.65223858727	17.7986018235
-2.39179861133	15.0871996841
-2.54690136766	14.8574354171
-2.66958558261	14.6078570784
-2.7856948784	14.4864010353
-2.86019439594	14.4589654306
-2.98020700498	14.3107600502
-3.11396326374	14.2008889182
-3.18549387402	14.1354565289
-3.25835743895	14.0712980197
-3.40098601969	13.9434045425
-4.23043087345	13.3038458795
-3.987951981	13.4270070406
-3.88218659471	13.5124533034
-3.79268601353	13.5858119079
-3.67636714449	13.6760588866
-3.40100843473	13.94341566
4.62779985089	13.9034194084
4.39735180872	13.9723362501
4.10396193608	13.9749358394
3.87685379776	13.9739677587
3.73674047261	13.9749467469
3.49764015229	14.0622496818
3.31792261467	14.0970928178
3.15632970036	14.1140738716
2.93105545961	14.1346711763
2.69328117065	14.1313940339
2.5989382466	14.1070034785
2.55099250356	14.0498736033
2.42133984067	13.9725646465
2.21849476675	13.8187635895
2.06517404957	13.6650669974
1.99169466459	13.5902700686
1.93128350467	13.4677096077
1.85903958301	13.2804298041
1.85288788736	13.2146737918
1.84444858514	13.1146136001
1.86492102351	12.9304649954
1.84701237122	12.784979805
1.86353441215	12.7408242352
1.85628937443	12.6194812506
1.86668125411	12.5105276767
1.90101269862	12.359120465
1.96601338645	12.2103004348
2.0889994482	12.0411091464
2.23639687164	11.9099639331
2.38397982783	11.7854650114
2.49754242661	11.7074968563
2.68708632742	11.5910338554
2.82035253703	11.5210302918
2.98359826389	11.4217972352
3.0963370858	11.3518049267
3.20184141407	11.290457765
3.31378520227	11.2345471511
3.46193432564	11.1625139263
3.52284827156	11.1249261415
3.5841516132	11.0928728908
3.64758886568	11.0487893673
3.8006955802	10.9633475361
4.02868502892	10.8522734853
11.8906013754	8.30567340085
11.9083997649	8.20561409643
11.9250669458	8.09904229862
11.9393124325	7.9441419426
11.9267497947	7.83169792986
11.8971380598	7.68372893781
11.9178234245	7.50948341177
11.9530372304	7.36401635816
11.9850625164	7.15120454621
12.0285107273	6.87238368908
12.0568438858	6.62399760485
12.0351928654	6.48449554019
12.0377639905	6.03602344293
12.0103518438	5.703331205
11.9446464472	5.48423785597
11.8992147109	5.38407801753
11.8199321145	5.36865410427
11.6511813618	5.28402421926
11.5145301305	5.163825929
4.6277516218	13.9033717158
4.67761279163	13.5880485212
4.76112961933	13.2900091171
4.8225324453	13.0266307166
4.91014609979	12.861838258
5.04208281194	12.6906515068
5.16200951895	12.4803148467
5.25986084814	12.3794795931
5.30775685231	12.3274229667
5.39409647486	12.2411357684
5.51291812606	12.117284112
5.62649047274	11.986487843
10.1512311443	9.54297846903
10.1918132909	9.39880431925
10.184132908	9.2121355194
10.1701460602	9.07380003759
10.1620333055	9.02238505052
10.0743363829	8.79280842322
10.0718911482	8.7235844812
10.0608171772	8.66080657178
10.0550612797	8.57184241927
10.0512830717	8.49103751152
10.0295304782	8.32279767959
10.0716959563	8.10893993555
10.0866400624	7.97739998555
10.1014142186	7.73522947324
10.126484387	7.56361211299
10.219171721	7.11174417345
10.2903950419	6.81498098724
10.3715941175	6.54475569426
10.407991274	6.21986579343
10.4130272051	6.01486378187
10.43229566	5.84405838743
-2.13788245667	8.18087112557
-2.338198735	8.1053207885
-2.48247014585	7.97921935181
-2.56245926689	7.94246763298
-2.65984565058	7.83792604669
-2.76832225407	7.77273048562
-2.84380662836	7.69127911863
-2.93605050885	7.54011970261
-2.99155595428	7.47840782768
-3.05477951675	7.39023956824
-3.12984946645	7.28460897376
-3.17872775552	7.20272100012
-3.1959380911	7.11640902006
-3.23634925512	6.97358939903
-3.26114861036	6.81659856135
-3.28295494317	6.61835399045
-3.30350163019	6.43290213838
-3.32729259424	6.09693327467
-3.32346629623	5.86706587503
-3.32570630992	5.62126939698
-3.3145908812	5.1657996307
-3.3793465734	4.94319054858
4.38625833211	5.19593119025
4.65453863316	5.02550702644
4.86187111497	4.94515498554
5.11463307444	4.91598723971
5.21137233145	4.90716431668
5.32737193757	4.89181103999
5.48684577819	4.84597987866
5.60004065449	4.7450876738
5.71239695732	4.71396271575
5.75115425077	4.69887364624
5.85637796687	4.66095080883
6.02795170889	4.59747223115
6.14216541018	4.52842026209
6.29422114747	4.43691776525
6.46512045669	4.31898013652
6.62416081718	4.13908137199
6.70242051046	4.08993228033
6.73638974921	3.96685127596
6.74804971857	3.94261634553
6.82033817602	3.76207377071
6.8759804364	3.63663967457
6.89787689923	3.56632403398
6.89726853478	3.41948372787
6.85834214381	3.20393536212
6.83740478226	3.11199915299
6.79930786739	2.98282112726
6.73313304877	2.76247533221
6.62772334719	2.66337709573
6.56751662853	2.58818701734
6.48435726668	2.48701082745
6.38426368176	2.38847401188
6.26544375895	2.29358979267
6.08560630953	2.13897200121
5.9854925576	2.03198383266
5.89585231586	1.97885250312
5.77872207646	1.91403960198
5.47051200006	1.75586185178
5.33416102874	1.68800791445
5.24280963196	1.63610153723
5.14927406614	1.59432627271
4.85443080473	1.46563465327
4.73472192007	1.42409017341
4.523633161	1.34453724543
4.28383636244	1.30548377173
4.07186428029	1.2731486508
3.82213823397	1.20246541661
3.60524696538	1.14299544578
3.3924026502	1.2132860073
3.39211742901	1.2139210686
3.34675233776	1.05927613963
3.21973475689	0.940605674886
3.08017546422	0.820239619629
2.95767528966	0.706802238376
2.78247846793	0.57612975225
2.59536634295	0.437460233766
2.50270199753	0.375785055838
2.34455026867	0.271901257074
2.10799116546	0.123155468098
2.02247582804	0.0606059502735
1.95743901173	0.0251562438267
1.77475447003	-0.0669460915846
1.67002896419	-0.1082906521
1.47188792811	-0.195506256039
1.28859912276	-0.298724947364
1.15119862454	-0.357505448656
1.05404833111	-0.397170556431
0.950779740807	-0.444793137283
0.723810840555	-0.541487089986
0.487258723084	-0.654970213
0.350375383859	-0.766302486121
0.256877428952	-0.815391907535
-0.0698993920761	-1.03116645089
-0.22187764745	-1.12604399092
-0.268090464779	-1.15800692326
-0.352759040536	-1.21916561793
-0.529822728546	-1.35228738956
-0.652420030848	-1.45595728322
-0.761239680193	-1.56240366807
-0.913734253916	-1.67348808362
-1.01450506519	-1.83995943276
-1.09029601502	-1.90922465942
-1.24193623238	-1.96642386178
-1.34540797186	-2.05232714633
-1.35741134265	-2.2051724739
-1.43791285707	-2.44015844092
-8.35674421229	2.03239500836
-8.19329352374	2.16362903354
-8.08261478555	2.35804684714
-8.00849928085	2.47339921047
-7.91384224235	2.58319205604
-7.80420468965	2.86516314463
-7.73481250916	2.97972086123
-7.69307600077	3.03889262519
-7.61993430955	3.12802546693
-7.39909500017	3.13115420333
-14.6651346694	0.0629883689766
-14.4996250184	-0.00598119614763
-14.38100775	-0.0339312884838
-14.067849048	-0.16017700846
-13.9432947886	-0.146564045925
-13.8487137562	-0.173287646127
-13.7718337432	-0.187529303852
-13.6535930631	-0.213635704113
-13.5398842615	-0.312488637686
-13.398897543	-0.299140533151
-13.329475257	-0.331785356325
-13.1889746953	-0.395825367601
-13.0941362712	-0.441498489824
-12.9572581018	-0.505328074849
-12.749773371	-0.580505564872
-12.6305394065	-0.654166577877
-12.5558472378	-0.655823927978
-12.4554445373	-0.68915409491
-12.313561285	-0.744937540424
-12.1862961491	-0.790437832204
-11.9876152107	-0.884110216519
-11.8349580568	-0.946329656686
-11.6615075915	-0.86499673561
-11.5145597258	-0.926161200517
-11.3555739988	-1.00022131655
-11.2288147538	-1.04368632531
-11.1282132859	-1.06152522547
-10.9655750769	-1.05841782359
-10.7204072227	-1.1443407616
-10.5222230757	-1.16893543009
-5.00014633427	-4.39430584706
-5.149522759	-4.47795673072
-5.31147785003	-4.607439587
-5.43265821608	-4.71963431467
-5.5777670802	-4.83370406525
-5.73612089452	-4.97339247557
-5.9050896221	-5.16403116866
-5.99654944059	-5.23710450185
-6.15398987711	-5.38682193448
-6.23670116806	-5.47096890601
-6.29135860409	-5.53539832788
-6.33720394989	-5.59924973107
-6.46087102714	-5.83360811858
-6.52685515902	-6.03789868309
-6.73701115958	-6.34304273727
-6.85956785233	-6.53251673464
-7.00631816386	-6.81610326064
-7.06768072791	-6.98497717591
-7.10221008836	-7.08570660099
-7.11495432941	-7.30359949725
-7.07652841933	-7.47440173562
-7.07216131636	-7.57732317265
-7.03561857311	-7.78687207876
-6.91708867981	-7.91497861328
-5.00018766193	-4.3935286606
-4.83272464863	-4.23128563629
-4.76606454867	-4.14050753779
-4.64435404496	-4.0197235586
-4.59081299499	-3.85678920923
-4.52468665055	-3.79932915101
-4.48514800452	-3.76496368118
-4.35249632017	-3.62952172515
-4.23458158953	-3.49053459089
-4.12940900972	-3.44480376626
-3.96451665584	-3.35660489047
-3.87874316347	-3.24589909084
-3.73606779834	-3.21980624735
-3.53380431458	-3.09999618952
-3.36291461638	-3.02724217159
-3.05323415051	-2.88218339827
-2.86253731667	-2.80847123399
-2.71165481389	-2.76815644652
-2.58470778362	-2.74747094975
-2.37641280544	-2.69331268203
-2.27066724977	-2.67034983683
-2.1111899856	-2.63496602858
-1.88151252893	-2.67528560705
-1.74905111643	-2.54183911641
-1.53077513636	-2.48564271916
-1.43791925275	-2.44016693868
4.21081715233	-6.21409611603
4.03972368606	-6.13526380252
3.95127800519	-6.07503924262
3.62795763277	-6.03551201768
3.4580304941	-6.08160133184
3.29321271901	-6.10037671538
3.10270299106	-6.1393653457
3.00125638335	-6.16909297776
2.88253543817	-6.20367892667
2.74436549753	-6.2415010765
2.49285910881	-6.31880145498
2.19009121858	-6.39825090769
2.07301754181	-6.44253692866
1.92796310588	-6.50569929673
1.81432730876	-6.53718235205
1.58052819629	-6.62007820649
1.39731930165	-6.6822233984
0.943582482823	-6.82059718834
0.557617647603	-6.9290179835
0.297915351236	-7.00490615996
0.143130046082	-7.05082667531
-0.0263346089869	-7.10359075145
-0.138820931952	-7.13724249537
-0.44911141952	-7.22009502302
-0.611106346368	-7.25963751156
-0.684453930996	-7.2810158218
-0.799108466622	-7.3039251391
-0.964849971715	-7.33554462507
-1.24954221264	-7.39199548265
-1.50352117871	-7.42022418025
-1.74179727933	-7.4402984628
-1.91826512674	-7.45996230435
-2.19260339015	-7.46760763172
8.17980916479	-8.05513989698
8.22170985115	-8.31215396512
8.2144930648	-8.33736803696
8.16208349379	-8.50358888774
8.11878482546	-8.61071279145
8.04147866174	-8.84674381276
7.9632861736	-9.11051996941
7.85890468208	-9.34746634907
7.81390520103	-9.47467306415
7.72522834617	-9.6205765857
7.57013868091	-9.93100352637
7.50899109927	-10.0456475151
7.43672959275	-10.1972646928
7.36473648499	-10.3743502999
7.27714778289	-10.521291646
7.20189381904	-10.6634203672
7.06865970305	-10.8773920556
6.92094263514	-11.074830247
6.81235746962	-11.2500372433
6.73948430294	-11.340615333
6.62351119711	-11.5099560724
6.35547579967	-11.8440776553
6.21777937459	-11.9973200772
6.1273578128	-12.0972221188
6.02916175365	-12.2064962555
5.92432260399	-12.3049809699
5.76146661994	-12.4561093361
5.59680967313	-12.6235270541
5.49379867393	-12.7229923404
5.13047562848	-7.75519993953
4.94092876514	-8.06729404625
4.88158622964	-8.22325698818
4.84498079524	-8.33069235326
4.76717253503	-8.51551756379
4.65535654807	-8.71575736788
4.5544611164	-8.89068537233
4.50689493304	-9.01437164653
4.44955598946	-9.17629786768
4.40511124407	-9.30078216587
4.33252726503	-9.44351063054
4.28873928072	-9.51651592545
4.20684614952	-9.6832621264
4.10718575073	-9.930348888
4.01223697438	-10.1907496034
3.9080565932	-10.4713794379
3.85709531627	-10.6101319242
3.81132740445	-10.749764137
3.66558263144	-11.2293122341
3.61528850038	-11.4677475427
3.57653568822	-11.6703493058
3.58067904951	-11.7890445715
3.56798954783	-11.8289580561
3.51245416653	-12.1378582388
4.75413882389	-13.1100593988
4.9313173701	-13.0384992855
4.97853037257	-13.0136042693
5.09602912468	-13.0068127699
5.27500842858	-12.9523375008
5.37252608768	-12.8331259196
5.49500290129	-12.723737652
-2.75814642434	-13.2879879511
-2.67272956732	-13.1366081512
-2.5422594036	-12.9975786881
-2.50680892456	-12.9411751369
-2.38924602446	-12.6485180523
-2.33376133514	-12.5556731931
-2.2857129725	-12.4951587021
-2.22259209852	-12.34614507
-2.18512034273	-12.252114297
-2.15347267769	-12.1782182821
-2.06197220292	-12.0033125881
-1.92289357896	-11.7573114226
-1.82611525702	-11.5804552425
-1.68471861653	-11.3909734862
-1.57823519116	-11.2784773904
-1.49018335338	-11.1860853382
-1.40578526752	-11.0945162365
-1.32017916486	-11.0074434775
-1.16587677285	-10.8882958123
-1.09715090842	-10.8533948508
-0.87252287658	-10.7643919374
-0.713931401288	-10.7388449789
-0.574286030005	-10.7280989973
-0.427686424323	-10.7617687459
-0.292562110372	-10.8010953164
-0.166908285019	-10.8455941484
-0.0318487650302	-10.892670147
0.0561124089098	-10.9403327235
0.384096353244	-11.1179732224
0.547264088268	-11.2148128324
0.614511084347	-11.2688993303
0.709041319029	-11.3440785859
0.771964699349	-11.3900193115
0.8452897797	-11.445319236
1.03362962051	-11.5229451023
1.1121652996	-11.5984721913
1.24061154101	-11.6838235222
1.41873545865	-11.79107612
1.4990534067	-11.8985421858
1.69351317826	-12.2106939269
1.66012575621	15.3969577916
1.5164289765	15.5971095466
1.34823116324	15.6563920626
1.24187832212	15.6610420393
0.995093770986	15.6055832006
0.800733267659	15.5494221116
0.661178893235	15.4942030517
0.5098145354	15.4419649142
0.334262802446	15.3876165306
0.150433235506	15.2983764823
0.0483945969712	15.2489128035
-0.0473720514823	15.2048512681
-0.157665773735	15.1499495299
-0.267689273928	15.0957433658
-0.409695998896	15.0265107995
-0.548094309175	14.9513928905
-0.754761576663	14.8427610677
-0.913855703392	14.7624565218
-1.03523412184	14.6065701352
-1.12557885729	14.5102856703
-9.84983768025	9.6644609519
-9.97214498518	9.4919767166
-10.0814840607	9.36242540129
-10.1817561347	9.24024827431
-10.3085436372	9.08875144269
-10.4849102996	8.87338793205
-10.5720099792	8.76441060367
-10.7393709191	8.55748113697
-10.897993298	8.35775532172
-11.0090841989	8.20908756997
-11.105883229	8.08570658356
-11.1799017108	7.98804690858
-11.3131079577	7.84237451236
-11.3857858633	7.74089071469
-11.4699344663	7.65237470756
-11.5762247894	7.51349153381
-11.6939549541	7.33681721489
-11.8073504156	7.17977997641
-11.9216819569	6.98671509659
-12.0028692243	6.85315740285
-12.1837342907	6.58026049799
-12.2893638152	6.3869304317
-12.3559479703	6.26584450404
-12.4110453855	6.16160406545
-12.4768608988	6.03725657309
-12.5417581928	5.9205925446
-12.5990118523	5.81452312834
-12.7655033868	5.4879304779
-12.9442282788	5.14040150438
-13.0657877156	4.95054145184
-13.2206869048	4.67851733925
-13.2677415903	4.60341493088
-13.4392831025	4.32297288073
-13.5956140195	4.04157609155
-13.7302713264	3.83963396982
-13.8398330961	3.689021914
-14.0471741686	3.60956827425
-10.5240370321	-1.17502096292
-10.4892368003	-1.40225699234
-10.4507382267	-1.47976865447
-10.4624477087	-1.66984645739
-10.5192151553	-1.90239375373
-10.6399164604	-2.00958678509
-10.6584067299	-2.12857548633
-10.6590956068	-2.23836584753
-10.6664751927	-2.46526507899
-10.6580710992	-2.63195990424
-10.6533445109	-2.7383823129
-10.7026795983	-2.87851079528
-10.7209362893	-3.0234464959
-10.7475469449	-3.11613422226
-10.7922594343	-3.25830665435
-10.8451011524	-3.37000228608
-10.9187004836	-3.50158822776
-11.0149556066	-3.61536569589
-11.0710017013	-3.65105689592
-11.1649006603	-3.77165554322
-11.3290119369	-3.90738715162
-11.4919271367	-4.02788811111
-11.5733775436	-4.10420295443
-11.7092338861	-4.17291656525
-11.7666350481	-4.19514440037
-11.8463081677	-4.21185873785
-12.0451337368	-4.27249101357
-12.2540039469	-4.30468873275
-12.5402312952	-4.34964007141
-12.7596796613	-4.37786538358
-12.9431844673	-4.39003933802
-13.0573461787	-4.38947966905
-13.1767437303	-4.4001828982
-13.316719515	-4.43520815317
-13.4809364717	-4.47856521674
-13.5657913898	-4.50651141059
-13.6838510311	-4.56075928411
-13.8348125055	-4.66594868474
-13.946225901	-4.80517756936
-9.76716735787	3.94474874742
-9.92383763627	3.76355763
-9.95792367288	3.76697910221
-10.0493091084	3.72948575136
-10.1894867835	3.53278302606
-10.2745903506	3.23234732746
-10.2993172853	3.12801783274
-10.331009434	2.94511553347
-10.357612442	2.8241891567
-10.3835463174	2.75702750532
-10.428847852	2.55513931852
-10.4574554825	2.30072349662
-10.4923053389	2.03926999575
-10.4927547548	2.03149671489
-10.5102781262	1.82472836905
-10.5201562006	1.66202376233
-10.5211961694	1.57049281578
-10.5076778851	1.34891073184
-10.5136082235	1.11010526524
-10.4372351898	0.890609858948
-10.3994865059	0.598969017085
-10.434503252	0.33629690895
-10.3544663612	0.0246773286255
-10.2040336307	-0.1703993753
-9.76822727124	3.94417208785
-9.71176467023	4.24475478567
-9.63735930958	4.4359864741
-9.58257974212	4.52851402613
-9.56353503329	4.60522518924
-9.51710817948	4.77258377387
-9.4121336922	5.09144050777
-9.35608853666	5.23929777138
-9.2772557799	5.42659004162
-9.20263420119	5.63400645236
-9.12213869747	5.7901968208
-9.00603170822	6.11617807075
-8.89608600644	6.38273280555
-8.73837900327	6.7506961516
-8.61330225154	7.03812220443
-8.53304341611	7.20744521825
-8.40562655776	7.4841156516
-8.31599930467	7.66905237976
-8.24152885412	7.81221990549
-8.11276605143	8.05761310075
-7.97278450018	8.26909357613
-7.8917399386	8.3748589859
-7.79074637902	8.52604279935
-7.66241162821	8.69354447186
-7.51481471451	8.91901485886
-7.41199898113	9.06377055188
-7.32790184987	9.15906942785
-7.24599981143	9.22807940633
-7.12082768979	9.33256145954
-6.69307761335	9.47151130465
-6.60006520159	4.45993132056
-6.7674432051	4.25155140465
-6.86927795196	4.20226084665
-7.107912725	4.24248654131
-6.59910182511	4.45870277824
-6.61400049622	4.72822646335
-6.64567295895	4.85430734652
-6.65850051868	4.9933934021
-6.71205188957	5.12308662445
-6.69565375817	5.18260615702
-6.70527632642	5.32842689002
-6.73219257114	5.43575280461
-6.62765196355	5.65870182571
-6.64440515769	5.79821790116
-6.67489073482	6.01883510667
-6.69267160185	6.22576350327
-6.7023466076	6.34517289259
-6.73753968864	6.47033172426
-6.75034860198	6.60823317903
-6.73796669086	6.76211880214
-6.73280301591	6.90283628359
-6.72649891264	6.99512358016
-6.74690710016	7.1499651293
-6.72478424819	7.35458238208
-6.71330391352	7.50172422971
-6.68906275085	7.65695418997
-6.65560706555	7.8568937633
-6.61846419926	8.07217179123
-6.60084438593	8.19094000108
-6.55403021238	8.49737220667
-6.54682167649	8.62334590605
-6.50284632168	8.88718803065
-6.54513484436	9.08137255361
-6.57258307534	9.23396818056
-6.69717348758	9.47356524478
-6.91714960079	-7.91494576456
-6.72524267588	-7.99897482797
-6.42211294697	-8.06299027112
-6.13615184857	-8.20854785758
-6.0512718477	-8.23805925228
-5.93247179419	-8.28079757205
-5.65720585127	-8.36576869175
-5.52509845678	-8.39143081811
-5.38074748755	-8.42540323631
-5.22445170116	-8.46057223493
-5.09821815832	-8.48404547456
-4.91129859953	-8.49916972087
-4.677633214	-8.53083868789
-4.46009542932	-8.52974251171
-4.36664350397	-8.51648849509
-4.24534632782	-8.48574578206
-4.12864471453	-8.46515182424
-4.04047357856	-8.44499963205
-3.92322156925	-8.40221930654
-3.78531326414	-8.35548303988
-3.62384516985	-8.28967758878
-3.54301660844	-8.24268947833
-3.25262615531	-8.1060186971
-3.07791773541	-7.97964129646
-2.89993121918	-7.87397240951
-2.69584437053	-7.75319575108
-2.52270620961	-7.65132220242
-2.35586912407	-7.58361717786
-2.19260339022	-7.46760762903
9.69110568543	2.69656570996
9.68576039714	2.93919162282
9.70273050339	3.06093688559
9.76094636558	3.26741471476
9.79673535228	3.41151203973
9.81307029855	3.47290543916
9.85141294157	3.73252060815
9.87134716223	3.88380626366
9.90404099598	4.06343061296
9.9374178777	4.22083396577
9.94360411064	4.29190733688
9.91436232838	4.42123956383
9.93034907198	4.6473648107
9.98125053264	4.86061104284
9.98730933419	4.9844554235
10.0086284634	5.16932517698
9.69112738882	2.69662422589
9.34498870227	2.59807415151
9.18670636854	2.47716386632
9.08565565884	2.36659801412
8.84529874008	2.22537040992
8.70551576408	2.17254483785
8.49509030965	2.04522292575
8.31417353097	1.95863250536
8.1617286454	1.88967236111
8.03889326945	1.82946203081
7.91736910356	1.74120979194
7.74696662415	1.62807518453
7.55952941945	1.45009057815
7.36411547514	1.28302702474
7.26089649074	1.17950370943
7.09662449161	1.05460930519
7.04045576172	0.983970661903
6.95687831089	0.889144701248
6.82286434755	0.732869328844
6.78518100233	0.69003365086
6.72066314367	0.632754167654
6.68026595985	0.492002570174
6.59479874744	0.325866561429
6.51989832331	0.226336562979
6.41045190856	0.0630756347208
6.30411913976	-0.0946554108764
6.23461753124	-0.294830825229
6.16175522146	-0.415676155021
6.14802319645	-0.459134133925
6.06492323958	-0.632336737881
6.01503868797	-0.852875169391
10.3672962256	-0.257943522079
10.4362675102	-0.375875314576
10.5361333994	-0.581226770167
10.5444152656	-0.652167737463
10.5453508241	-0.78594389972
10.5482211943	-0.932687207983
10.5207868995	-1.07006403311
10.4992991971	-1.2528755365
10.4113040821	-1.66290200979
10.3944444196	-1.79430221211
10.3700670825	-1.91087862299
10.2962456297	-2.12927864695
10.1914495197	-2.37917175304
10.1408311965	-2.56760770649
10.0495629848	-2.80815248605
9.99822585558	-2.97576516051
9.96432858167	-3.06296735751
9.92261287312	-3.17284091316
9.84721142952	-3.35846031238
9.79013087255	-3.49765923448
9.74010839192	-3.6289318955
9.61854647814	-3.84696584012
9.53786372402	-4.05905667929
9.49528306008	-4.18343847202
9.4468337835	-4.27068220549
9.41483414985	-4.38639170275
9.32031456357	-4.55118898103
10.4347644939	5.84897660065
10.3403629725	5.63893901464
10.207233302	5.45765918047
10.0086432802	5.16931500931
3.81397816086	-18.2256665191
3.72791143925	-18.1970294443
3.62908131639	-18.0963972392
3.47551383745	-18.1455645694
3.24186425316	-18.3057517589
3.09012936572	-18.4484542346
2.96575199166	-18.4821615462
2.86859714521	-18.4900427644
2.78561030258	-18.5000828898
2.67800301385	-18.5071567038
2.6057690479	-18.5074842972
2.52084634404	-18.5120297036
2.401590251	-18.5087626109
2.31588054299	-18.4942098653
2.24414792856	-18.4013531955
2.14156882997	-18.0958271066
