2534 0 0
-4.60097518097	13.0668823025
-4.42728962766	13.1444254827
-4.29387980565	13.1936922357
-4.17478963952	13.2313250887
-4.03889475016	13.2483884197
-3.80996148491	13.2659389297
-3.73757107112	13.2694533562
-3.63468154937	13.273132015
-3.50485466052	13.2739319185
-3.33199794443	13.2902920805
-3.19326919126	13.2852880526
-3.09874011426	13.2670876501
-2.89804191991	13.2543877803
-2.69462706396	13.2421069879
-2.5736458805	13.2336343104
-2.47431354375	13.237138011
-2.36713987553	13.2257989563
-2.21204901816	13.2037815029
-2.09962347867	13.1857786135
-1.94155537971	13.1692943815
-1.80052899574	13.1466090904
-1.57929474458	13.1017994518
-1.46854878652	13.0874315338
-1.33699347809	13.0491018156
-1.06765665518	13.0000920959
-0.947266695355	12.9737939741
-0.741669508981	12.9081787148
-0.571887852479	12.863080666
-0.380924677147	12.804483357
-0.160037227904	12.7343114813
0.129035809045	12.6293075245
0.520467115217	12.4748908656
0.63783975656	12.4265539051
0.90787561973	12.3027991017
1.01311377125	12.2537441858
1.15121776008	12.1823615939
1.58092198499	11.9671594404
1.89225739743	11.8137639078
2.01342920504	11.7553286688
2.149646964	11.694920708
2.37306893173	11.5957127521
2.70145157984	11.4559152733
2.78028684553	11.421874909
2.91561963021	11.3448793938
3.13304188781	11.2350389756
3.27301099643	11.1760127618
3.37000207921	11.1430923653
3.48655453054	11.0842741242
3.58531898301	11.037694718
3.73838551643	10.9330803933
3.82877767488	10.8132287579
-3.08160609091	11.0781836493
-3.06503510171	10.9414790951
-3.02987346747	10.8111400164
-2.94294687698	10.6251396546
-2.82987539812	10.4060334109
-2.79164234132	10.3279197741
-2.69497060365	10.2013608884
-2.6628300576	10.0953261408
-2.6055504218	10.0227790118
-2.57274198414	9.98756024242
-2.4952120718	9.91245260111
-2.43298592062	9.85948090186
-2.36856944381	9.79453481585
-2.26228534632	9.66663609636
-2.16090548766	9.56430128506
-2.09176575111	9.49105808581
-1.97809522046	9.41016956653
-1.90064678148	9.3490117531
-1.80420416756	9.24040189039
-1.72743966274	9.16406022555
-1.63047098116	9.05388659371
-1.53645417937	8.97090053049
-1.4527720158	8.91861910929
-1.39002942472	8.751746708
-0.803138020548	11.2327646547
-0.657497827894	11.2696677128
-0.5214046871	11.275096769
-0.431509333328	11.2670761616
-0.292841803079	11.2378756523
-0.195370927765	11.2144451189
-0.108362192021	11.1848028417
-0.0451811207765	11.1600153785
0.0508075392765	11.1103812198
0.141120130013	11.0572564842
0.219974947912	11.005917104
0.279176304914	10.9652110556
0.363869217359	10.9077129578
0.52779075287	10.828500916
0.624791790901	10.7515440005
0.711337091545	10.6931428715
0.861437832186	10.5747081752
1.04757077247	10.4121593886
1.14650003092	10.3252475469
1.28797661539	10.2328034813
1.31891734616	10.206499408
1.44689331862	10.0947682021
1.59183842772	9.94581327844
1.67710981398	9.85294724359
1.79748288591	9.72063053133
1.88577365212	9.5647707457
-1.38990584926	8.75234461848
-1.47041753905	8.64493928216
-1.54062706325	8.55264202987
-1.70082675323	8.44183821504
-1.80425729983	8.38415034227
-1.88873755206	8.34828040922
-2.03636371685	8.303901897
-2.20371479747	8.25017546518
-2.26709417393	8.23041440964
-2.34331393729	8.21229707685
-2.43962290127	8.14984284637
-2.60272369934	8.14740131549
-2.70369968205	8.15365786415
-2.74229609246	8.15013980025
-2.95068161689	8.15710277596
-3.01313429798	8.1611878242
-3.25976376881	8.17781898188
-3.44255253421	8.18638273347
-3.58022646026	8.17681376233
-3.71952596414	8.17906934221
-3.89724824205	8.16849518564
-3.99782963637	8.1772630956
-4.100125633	8.178957933
-4.22694626538	8.18563107237
-4.31763958185	8.19402241861
-4.49915334023	8.21314318075
-4.5609642549	8.22354748526
-4.69019966774	8.23946467181
-4.80198327058	8.25616566467
-4.93015329174	8.28340056781
-5.05861706974	8.30875596205
-5.21806208189	8.37067053161
-5.40101047345	8.4237410893
-5.5215998018	8.46793683172
-5.6407744883	8.51361278566
-5.70976550277	8.54169272532
-5.84884219016	8.59729206586
-5.9801649489	8.65819104186
-6.04581848586	8.69008646817
-6.14616524077	8.7412347166
-6.32319012778	8.8199840263
-6.42198531784	8.8397079833
-6.48911042461	8.90306389756
-6.60296182993	8.9959693697
-6.71792938061	9.0559658606
-6.85135625448	9.10724820953
-6.94714909286	9.15843772706
-7.02904499738	9.19486026885
-7.16059529506	9.24565362262
-9.24771733892	7.46233905887
-9.16999939088	7.40489894324
-8.96924152922	7.3307266255
-8.80164690841	7.28566688178
-8.57807121383	7.24295355125
-8.45589214004	7.22917527465
-8.40766414294	7.23327969355
-8.25262313641	7.24685291398
-8.00443053906	7.24642695902
-7.89208991989	7.23702897004
-7.77994547459	7.22907373071
-7.55393231451	7.22173240223
-7.39744922225	7.21356180336
-7.27979526546	7.21230359619
-7.07915322894	7.21495583311
-6.82429174475	7.22585007043
-6.71289152737	7.23141960066
-6.64545653091	7.20258131641
-6.47321671972	7.17851296331
-6.31507307234	7.17173707474
-6.17788479455	7.22858671918
-6.06693238255	7.25561472416
-5.96820340632	7.27273956908
-5.75475374372	7.30306366136
-5.67153753705	7.30751676186
-5.44845727796	7.29172527815
-5.29672989287	7.25490888823
-5.19752481274	7.2377095812
-5.07113362299	7.18031105777
-4.82877177541	7.02103952802
-4.74277533592	6.95726358308
-4.71214537042	6.92906627332
-4.65948207786	6.83851128688
-4.61209751265	6.66489894589
-4.60270528103	6.58463133087
-4.57296922122	6.2673565513
-4.55825867649	6.134217528
-4.55362506865	6.01136158712
-4.7414742039	5.91349380483
-0.645654483993	6.88580059665
-0.631044446016	7.11856905905
-0.595663296187	7.24558370465
-0.604908539381	7.35341357664
-0.619047678708	7.49716353305
-0.752529474325	7.73981628717
-4.7414473527	5.91351356579
-5.0284499885	5.94656507774
-5.16214123056	5.96397938637
-5.33995410143	5.98526798557
-5.43940700967	5.98234779939
-5.50177800683	5.97556907956
-5.63850743062	5.97161966647
-5.76167166902	5.96743094937
-6.05526787528	5.95980324347
-6.29743661575	5.9562278614
-6.50382635881	5.96930885719
-6.75672194959	5.96758820578
-6.99729992655	5.92141255666
-7.09934099559	5.8909098952
-7.19511613511	5.86057825467
-7.26503167662	5.82809809464
-7.32814723173	5.80486227618
-7.41366772781	5.76577968668
-7.54326103566	5.69165306074
-7.62927551785	5.50333421348
-0.237905359528	6.58059250482
-0.0691303043347	6.6343857307
0.0103300055363	6.63070553718
0.15024129054	6.64417160268
0.268775979556	6.68686739097
0.367301096113	6.68990760878
0.454105409621	6.69452714711
0.699780670613	6.71090872716
0.947754898982	6.7044432024
1.11134513643	6.71915376778
1.28286863493	6.71986694796
1.43445655962	6.71200699442
1.58986913755	6.72395552211
1.69104700514	6.73436868012
1.81396662332	6.76974299452
1.9569488702	6.80400677711
2.03279203445	6.82984144425
2.11498004871	6.90028261985
2.2077632942	6.99723712086
2.29557151983	7.15147032002
2.34741627139	7.29548352214
2.36598965527	7.43604454378
2.36641694592	7.51843724883
2.35171668591	7.65259615102
2.32646861154	7.77280291295
2.30780828602	7.84455688441
2.29368523661	7.89066134919
2.27783557982	7.99560027031
2.21552999392	8.14211513282
2.14828128031	8.26599360599
2.11242048346	8.34012489552
2.03409358071	8.51945657359
1.96845726198	8.6788185027
1.91258073407	8.84145522687
1.88164283256	8.96628883057
1.86659922	9.15570396045
1.89561441969	9.28211464505
1.87752459443	9.41648173602
1.88578577746	9.5647611256
2.13453478645	4.79008430051
2.36657440024	4.6184079148
2.47353423403	4.48641145033
2.61120571473	4.35518108031
-5.54483793006	2.36491974804
-5.48214388132	2.3504687296
-5.42374402971	2.33212043575
-5.24731273824	2.27942218382
-5.15493638061	2.24364902841
-4.95440925661	2.09749723737
-4.77804133676	2.04342790601
-4.64335898558	2.00588095219
-4.54810644173	1.98711802527
-4.3901268903	1.91726283313
-4.29114867515	1.8631891795
-4.13856463006	1.78339340531
-4.056483927	1.74674655282
-3.96097127368	1.68671111839
-3.88498409084	1.61994678839
-3.78353721946	1.56503643181
-3.71106225648	1.50606352828
-3.5673301546	1.37593321352
-3.46881682929	1.24843904822
-3.3821843108	1.10948298348
-3.34561144844	1.06104170581
-3.28366603359	0.93995184676
-3.26256208689	0.773693150806
-3.27313863424	0.615850763399
-3.30714896875	0.494386944939
-3.33158863648	0.406374189774
-3.34128333403	0.30618761122
-3.39685526702	0.0961171616734
-3.4863608736	-0.0309549045933
-3.57295066119	-0.157577454352
-3.67521834633	-0.2867073938
-3.73164361677	-0.357542402416
-3.77963649139	-0.413738711607
-3.81440739183	-0.466068867395
-3.86244065678	-0.515387810243
-4.08812924289	-0.623525347734
-2.43137041875	2.96529006615
-2.20293790948	3.14787874849
-2.10163305925	3.18195378288
-2.03644386071	3.2235151474
-1.89953104398	3.25549080394
-1.78691678246	3.29831484456
-1.62537501912	3.37257112416
-1.46479532173	3.45011522634
-1.35731499594	3.48696524084
-1.25536486399	3.54514287313
-1.15726624495	3.62068689937
-1.00613675553	3.72979139872
-0.931954957259	3.77624643939
-0.831043442864	3.84193710913
-0.687192383961	3.9199984209
-0.599327225317	3.98510396144
-0.458496376622	4.09964061377
-0.365208621163	4.1835069639
-0.208265711113	4.34193043797
-0.0952739696742	4.4698481819
0.0251666081653	4.64144797092
0.117349919353	4.76246543506
0.108499659141	4.93044717575
0.101619310365	5.03855080496
0.100521674766	5.11959528404
0.103280232421	5.1505737867
0.0697752021303	5.32831837401
0.0433523423603	5.43933966985
-0.025936855463	5.59385474294
-0.0744437190535	5.70010034553
-0.189276024138	5.89632669926
-0.230308340637	6.00020280369
-0.248933120891	6.09295367275
-0.277172239964	6.24791651351
-0.281825253015	6.37806108417
-0.237905359532	6.5805925048
-6.5404917258	1.1398356911
-6.40806215964	1.12005576994
-6.12916775746	1.09238506187
-6.02817935216	1.09801649922
-11.7647833438	14.6237960042
-11.7648160133	14.6237897621
-11.7648160215	14.6237898388
2.10625992261	-3.43665931167
2.25149336969	-3.55817317851
2.37024191272	-3.65095536423
2.50648616183	-3.73699093884
2.61365528406	-3.82044600654
2.67835587912	-3.87969833637
2.75243901572	-3.96575454152
2.88919269286	-4.11579612472
3.00379212471	-4.26578833562
3.06673272028	-4.34901567582
3.11718708966	-4.41840602616
3.18309067759	-4.50907570854
3.2686828484	-4.62759643921
3.32300212183	-4.69691916882
3.42653269163	-4.805038634
3.48191694922	-4.83225645493
3.61979293544	-4.93111824938
8.14444276227	-1.12502632627
8.16018911968	-1.18054669122
8.17910716944	-1.24714146581
8.20425931418	-1.28759351905
8.23940997933	-1.3960237431
8.26712092234	-1.48916220464
8.29520752802	-1.57709102233
8.33119304192	-1.72131973051
8.37666183737	-1.92233592337
8.41248553851	-2.10195593927
8.4729442794	-2.5998098018
8.50457398125	-2.9100091339
8.49831714392	-3.02489269802
8.51057481106	-3.08109905798
8.5196038232	-3.2138137368
8.53359852471	-3.43037485582
8.5360201172	-3.73856519775
8.5409397535	-3.96672781495
8.56446658207	-4.11775191007
8.54099715798	-4.29967944897
8.5282560607	-4.52728933278
8.52307449229	-4.67389682965
8.50417746687	-4.93250246362
8.47382673485	-5.18055108294
8.47505896166	-5.2817836529
8.4561349746	-5.63116783563
8.44143619986	-5.81697298325
8.3937423427	-6.07419451734
8.40530540662	-6.18369323502
8.38806171242	-6.44430404839
4.5647094629	-2.20006219415
4.55806704203	-2.03870131096
4.54799372878	-1.9213472998
4.54123097817	-1.74784657457
4.52441241621	-1.66824574325
4.5309265686	-1.53264888037
4.53755455407	-1.46515650245
4.57046129695	-1.34622582627
4.58139884567	-1.24983807022
4.58415210087	-1.17288707384
4.59079029107	-1.05058393207
4.60534875584	-0.962089368407
4.62814252143	-0.779127229553
4.65060582404	-0.595358676775
4.66626711775	-0.42090762961
4.68487325578	-0.254290768963
4.69077509588	-0.195885727291
4.70152245929	-0.0713507269697
4.72055445767	0.149428239446
6.62746151308	5.84679280034
6.55844622794	5.93236160418
6.34478625155	6.10026882123
6.29840411471	6.09002807555
6.28899827513	1.00955928885
6.41332293963	0.80955032574
6.5633774012	0.60942547932
6.69697499077	0.404112458403
6.76577471576	0.224188805718
6.85405640755	0.0768952568169
7.03744946208	-0.112795491333
7.03743526359	-0.112801210249
7.15453308409	-0.13474443393
7.23032869629	-0.0811072374488
7.31147654036	-0.0273588969606
7.39779932724	0.0473014715885
7.46424003824	0.167187744864
7.43583952626	0.379836069889
7.39748151059	0.54906769229
7.29544658438	0.842957095518
7.26261675408	0.942565160628
7.21184920009	1.08872922879
7.16429904801	1.22227286996
7.11980122659	1.32070251009
7.07002703856	1.43953292412
7.04185430844	1.52500476025
6.99413384253	1.74698296888
6.93807268432	1.91484174152
6.88780763606	2.04642987128
6.82377245733	2.19725818687
-5.61857393261	-3.56203370313
-5.49735365674	-3.46296221275
-5.34109135148	-3.39919483655
-5.25649382108	-3.37745148056
-5.11726637176	-3.3678439586
-5.02185779695	-3.34757499727
-4.85355605453	-3.29406445044
-4.75116879067	-3.24997926894
-4.67644029079	-3.18624711031
-4.65554745901	-3.18171164329
-4.57433175169	-3.16967099531
-4.43356031657	-3.17226052044
-4.37414943572	-3.16980188391
-4.26190627443	-3.18311456154
-4.13314086648	-3.20632881925
-4.01748892263	-3.23184230506
-3.91117392587	-3.27293005436
-3.7843419956	-3.33484782253
-3.6317973463	-3.41389788915
-3.51852055326	-3.48905137843
-3.3934018643	-3.54562854975
-3.30602301983	-3.59326080115
-3.23973473236	-3.63487775336
-3.15353281972	-3.68099015485
-3.0687357027	-3.727459073
-2.96502166947	-3.79494810408
-2.84949415273	-3.85144067176
-2.73698183906	-3.90303609616
-2.60391431768	-3.96067298879
12.2480227786	0.895759474796
12.2442806928	0.816021645838
12.2318026373	0.731241125434
12.2203399827	0.660762281989
12.2056612303	0.58832776813
12.1938956817	0.54066894817
12.1664795123	0.490389826875
12.1444854785	0.418968479942
12.1115371247	0.342839631809
12.0695368441	0.271803072817
12.0447959594	0.203038198787
12.0136882955	0.131285972718
11.9736211462	0.0424782227612
11.9043720458	-0.154207450822
11.9027297119	-0.16592514648
11.8582929039	-0.278090173867
11.7962982541	-0.369464175846
11.7291992453	-0.460547970486
11.6574785523	-0.547301387302
11.5847137979	-0.649245070342
11.5148783002	-0.734641542396
11.4464151161	-0.809155226163
11.3744935557	-0.907239372273
11.3384025815	-0.951043046631
11.2543566092	-1.02329223021
11.2195817858	-1.07999640851
11.0612634274	-1.15191439529
11.0612935077	-1.15190206534
11.1394109776	-1.39186664344
11.1378050076	-1.54881796635
11.1715684782	-1.69561741751
11.2117658835	-1.95024276361
11.238519356	-2.09696103237
11.254733288	-2.22584945
11.2519164918	-2.32303385305
11.2683891438	-2.50404755195
11.2943125054	-2.68877471983
11.2384573488	-2.96997415531
9.12258447476	-10.8079368838
9.06064992684	-10.921232381
9.01816525024	-10.9750341398
8.94295446153	-11.0751529527
8.86882657743	-11.1799908704
8.68518679102	-11.4736141634
8.64254595807	-11.5406780595
8.57527701444	-11.6423361244
8.50824249304	-11.7375389041
8.4759851868	-11.8252496012
8.42083143465	-11.913375254
8.35483476851	-12.0146887486
8.33997898364	-12.064135453
8.33709006257	-12.0902603313
8.28952383885	-12.1545463276
8.24519048234	-12.2050004336
8.21882322774	-12.2514410134
8.20767034442	-12.3064189257
8.16663431934	-12.368550566
8.10700154149	-12.4519343526
8.07494806916	-12.4996740875
8.03538462155	-12.5536759152
7.99564081155	-12.6054904147
7.95983806161	-12.6527655076
7.92377406279	-12.6982004817
7.88656329241	-12.7456623512
7.84083415455	-12.799383584
7.79331295735	-12.8521458798
7.69506178955	-12.9683656613
7.62730480437	-13.0343128042
7.52766178542	-13.0986257719
7.44399352993	-13.1580008512
7.33265488086	-13.239463071
7.190090403	-13.3407931467
7.13438431975	-13.3777518476
4.98530512262	-16.6886770744
4.58786243943	-16.7030860527
4.26447114777	-16.7040986409
3.97662826284	-16.7249893838
3.79513110125	-16.6836600014
3.32206429548	-16.711274829
3.09835568818	-16.6945462274
2.84969238168	-16.6740854919
2.65222179166	-16.6530312382
2.37037433856	-16.6024736272
2.07712595517	-16.5841879911
1.78835799779	-16.532698244
1.3872504112	-16.465646933
1.06546884648	-16.405074598
0.925928242809	-16.3744204168
0.747769624665	-16.3455250561
0.484877362622	-16.3177620546
0.177521771341	-16.2299419364
-0.0792050071145	-16.1469821565
-0.22226347534	-16.0949371904
-0.313604679334	-16.0596927341
-0.528825035556	-15.9695264543
-0.674229566819	-15.9076255787
-0.967742994745	-15.763124116
-1.2473863339	-15.5789694479
-1.63408081164	-15.258218418
-1.8062430352	-15.1141559135
-2.08010648778	-14.883964149
-2.29032904432	-14.7105802999
-2.41458749517	-14.6033623903
-2.58206571458	-14.4627961437
-2.77778373967	-14.3005748717
-2.9288244586	-14.1595950337
-3.01425779781	-14.0778942599
-3.11650322434	-13.987649795
-3.20262743903	-13.9082943099
-3.28878501543	-13.82962001
-3.40717754398	-13.717211459
-3.45883779671	-13.6669654532
-3.55433414708	-13.5712249988
-3.63371036674	-13.494056588
-3.66835582371	-13.4579235168
-3.75258555757	-13.3735316662
-3.8268707475	-13.2834769927
-11.1955193035	-3.56847689189
-11.2590321107	-3.43196205597
-11.2616085652	-3.42142729227
-11.3289066319	-3.26689849486
-11.3843179758	-3.12875849168
-11.4452682694	-2.98921702822
-11.4803137865	-2.90321145161
-11.5028485408	-2.82132350196
-11.5717795173	-2.64742630269
-11.6357748633	-2.46541715078
-11.6632538038	-2.38124957824
-11.7235485395	-2.19701826601
-11.8071250889	-1.92619351154
-11.8977162905	-1.64674923186
-11.9716295283	-1.3834446122
-12.0181231473	-1.1859734774
-12.0383774093	-1.09937249468
-12.0512066448	-1.02314164208
-12.0620363774	-0.905441509554
-12.0770521388	-0.799434787031
-12.0879777537	-0.695892017177
-12.1436709913	-0.491485322588
-12.1801356937	-0.374950765112
-12.1929225086	-0.26821531297
-12.1947597844	-0.25239750956
-12.2072595679	-0.15139932649
-12.2218869972	-0.051863848623
-12.2275327692	0.07391427952
-12.1998938589	0.199905912809
-12.2198184911	0.410640396308
-12.2447107945	0.650588914607
-12.2621376974	0.830797847441
-12.2624208521	0.834530108424
-12.2757610217	1.12172313033
-12.2896030777	1.34115791186
-12.2988355524	1.53735450706
-12.3179131523	1.73286086978
-12.3220243064	1.89078302582
-12.3164223506	2.02690355204
-12.2875887521	2.36899199389
11.2384475647	-2.96960109902
11.3827256573	-3.11809602253
11.4166806792	-3.12452678787
11.5205846922	-3.21685672689
11.6407556167	-3.249486391
11.7848849291	-3.37362480906
11.9048324055	-3.45975693844
11.9637040348	-3.58598183637
11.9934232439	-3.64757529219
12.0268384267	-3.74577695701
12.0673734428	-3.86602371144
12.0941013738	-3.96420624148
12.1121002257	-4.03174636736
12.1250567869	-4.19319631571
12.1413397167	-4.35171248413
12.14552742	-4.4277110926
12.1512046341	-4.51632345409
12.1661927068	-4.70106247002
12.1706599495	-4.76496902925
12.1730554404	-4.88232352025
12.1869985156	-5.15888299472
-8.18737462361	-6.16621686153
-8.1812025435	-6.15907598013
-8.15207172085	-6.1163827918
-8.13751844457	-6.02193821317
-8.12989560995	-5.9930062138
-8.11678144581	-5.9496528478
-8.06432140732	-5.84840247702
-7.99589531197	-5.67750574464
-7.92700296784	-5.58165186048
-7.90797252559	-5.55217813266
-7.81342222546	-5.41070027892
1.42834647445	-11.0202408373
1.58216258984	-11.1766618899
1.68076687874	-11.287855339
1.8421982874	-11.4249081184
1.8421982874	-11.4249081184
2.10913294168	-11.4560697812
2.19708590632	-11.4576824176
2.31823746278	-11.469480529
2.4503702832	-11.471461147
2.64555234752	-11.4858212127
2.92857313223	-11.4518653283
3.16302584071	-11.4359009742
3.22872360833	-11.4185945954
3.37647622488	-11.380195764
5.04805909648	-11.9705840109
5.06245905358	-12.1140194132
5.1042030304	-12.2244193273
5.13580135494	-12.3242360243
5.16052187117	-12.4170304788
5.1946829177	-12.5811594748
5.23345532436	-12.6789179783
5.26188878073	-12.8368102316
5.27477656731	-12.9135630658
5.27352300225	-12.9725226024
5.27601320967	-13.1210550528
5.29079183495	-13.2156074743
5.33023283186	-13.2428892758
5.42727127704	-13.3727369745
5.46889516868	-13.4896904747
5.49358034474	-13.5581664947
5.53192491198	-13.6552500092
5.56176942637	-13.7919916004
5.61634130683	-13.8961182813
5.63921202194	-13.9527090449
5.72882074328	-14.1386512445
5.6949268326	-14.3676698213
2.24881252084	-14.7051459928
2.23493506448	-14.5573600476
2.15120264565	-14.3914988178
2.03699131123	-14.2342750047
1.87988974843	-14.080637485
1.80480664606	-13.9721781458
1.75699414845	-13.9070408773
1.56931224146	-13.684905526
1.49762933531	-13.6068813436
1.48401308729	-13.5904137145
1.45147909724	-13.5535522258
1.3606985218	-13.4276479497
1.32481437374	-13.3754816978
1.16142540165	-13.2142991581
1.09001093976	-13.1339507081
1.01358905835	-13.0368569407
0.970587916658	-12.9811079548
0.88297418145	-12.8525637261
0.791066560081	-12.7228778101
0.69389017486	-12.5775457119
0.64981012232	-12.5028333789
0.570990454017	-12.3628800533
0.531490942344	-12.2915427768
0.502963322411	-12.2361093842
0.458393086862	-12.1053113891
0.396039797792	-11.8977413428
0.362491533361	-11.7787405263
0.33733714936	-11.6770854594
0.336593963172	-11.5647770243
0.308283552391	-11.4727230485
0.275916774097	-11.3727846944
0.235857493019	-11.2637052962
0.198726210957	-11.1774585582
0.16183066884	-11.1032120176
0.110264767022	-11.0139495536
0.0456012580591	-10.9185721078
-0.113396973284	-10.730170093
-0.205272466139	-10.6591879997
-0.336682374523	-10.5504270608
-0.627084302613	-10.3008435522
-3.72401599227	-6.89392744206
-3.76630299994	-6.84111365046
-3.8649564672	-6.71343583754
-4.00758884048	-6.53122309901
-4.05590283331	-6.4748891084
-4.16009550419	-6.34376055185
-4.17921827801	-6.31891812532
-4.26583216342	-6.21038434252
-4.33012095295	-6.12634830167
-4.39024076102	-6.04230318955
-4.45042754661	-5.95879156857
-4.50220606761	-5.88570358285
-4.55227001153	-5.81530848892
-4.61957249868	-5.71862115795
-4.65811169584	-5.66504018564
-4.74117297033	-5.54351292595
-4.81577539398	-5.41950909339
-4.93086289664	-5.24162121706
-5.04993696102	-5.07688296782
-5.08912313084	-5.01785604829
-5.19685755495	-4.83624594804
-5.25609558127	-4.73762176551
-5.31152271171	-4.64221387609
-5.33962845397	-4.58821162414
-5.37645657784	-4.50928381505
-5.42301036179	-4.42037150152
-5.46286354574	-4.35099791748
-5.48519226856	-4.27874603678
-5.49983511267	-4.21020865266
-5.54395418253	-4.02902270255
-5.56903234676	-3.9272354452
-5.60500105894	-3.78443749188
-5.61424797418	-3.68806502583
-5.61857211034	-3.56203159185
5.38836492874	-14.6639605492
5.44380338431	-14.8077282073
5.46733455153	-14.8773751408
5.48100532545	-14.9612874519
5.54133061579	-15.1295288432
5.56922939448	-15.2238687975
5.59958270589	-15.3340459585
5.63112267822	-15.4234471014
5.68271145791	-15.5623193976
5.74282627874	-15.6574769358
5.78902796561	-15.7368352747
5.79603439521	-15.7549687205
5.76159858849	-15.811779474
3.07619081767	-14.6627662683
3.07078756844	-14.469270698
3.08153969617	-14.305358772
3.0930771905	-14.2285355755
3.09967651347	-14.1039348637
3.07961243811	-13.9537216316
3.05687967721	-13.7821911803
3.0568754902	-13.6400774253
3.05449603188	-13.5888683939
3.0399642719	-13.4008959459
2.98957547576	-13.2618505451
2.94686945438	-13.1969825482
2.88491225815	-13.1465322621
2.80466370702	-12.9876466806
2.75979052283	-12.9089792125
2.66724152619	-12.8367290397
2.61327041469	-12.7731351048
2.49010322415	-12.6736036728
2.41145206353	-12.6132511236
2.33447587676	-12.5559649278
2.23379517667	-12.4772779253
2.12395352602	-12.3964836018
2.07954474782	-12.3580140465
1.98044532543	-12.264090716
1.89193762951	-12.1718874026
1.78625373984	-12.0696960054
1.7403814007	-11.8310885673
1.74112128354	-11.7024467686
1.76467183473	-11.6052793566
1.78857022745	-11.5494493901
1.8421982874	-11.4249081184
3.20555719424	-14.7863593363
3.21188852847	-14.9525313825
3.25737354739	-15.0354321954
3.31863157463	-15.1294839011
3.47564654212	-15.2648684063
3.58460904712	-15.3815865926
3.70128328508	-15.3982550556
3.95757668408	-15.5701577197
4.10015690326	-15.6145650911
4.31668619089	-15.726963086
4.5588752348	-15.8309135358
4.69861420031	-15.8466530904
4.86197959192	-15.8791783163
5.02759155522	-15.9050500452
5.14697066142	-15.9210669144
5.32597906254	-15.9236321233
5.59654078929	-15.8570355091
5.76168435409	-15.8117640207
-0.805073551697	7.91147875201
-0.7524681576	7.739817042
6.82109070425	2.36747820382
6.7995290501	2.29728303426
6.82377245733	2.19725818687
-6.1296570078	12.2799406334
-6.10794885042	12.1233003493
-6.09308368481	12.0048063333
-6.10255886526	11.8968876499
-6.10643488139	11.8250314552
-6.11340343071	11.6851420626
-6.18371633786	11.4790007075
-6.22020258443	11.3848453954
-6.24591358023	11.3225827748
-6.284110833	11.2224543214
-6.32021574454	11.1146270814
-6.37659153271	11.0165885745
-6.44557520549	10.8784874857
-6.46251662596	10.8454237485
-6.56601274592	10.6305638011
-6.64577757937	10.4727661615
-6.69857109819	10.3695798322
-6.81630154433	10.1862639018
-6.88496344957	10.0098188473
-6.90406907913	9.94184370584
-6.96519163244	9.80379831161
-6.97660899402	9.76855505658
-6.99170367466	9.63405134795
-7.04806300641	9.50637651796
-7.09364610344	9.41149741505
-7.16059529506	9.24565362262
-0.752477018804	7.73982361044
-1.00261480007	7.75128783461
-1.02332474642	7.73845585133
-1.1775424825	7.62142473923
-1.25060726479	7.47606610207
-1.17146919194	7.23354680906
-1.08928696871	7.1451305904
-0.95009847111	7.01142296277
-0.646608473339	6.885640945
-8.96143162092	13.367957286
-8.83009784777	13.3222977602
-8.76886366571	13.2942836255
-8.66295851562	13.2146740742
-8.50899903501	13.1848708198
-8.47442119651	13.1434066695
-8.41647617546	13.0960405815
-8.37304007554	13.0407765343
-8.29901702257	12.9290367201
-8.25640138025	12.8449800494
-8.19725384309	12.7988255149
-8.10922309587	12.7392381268
-8.08414980343	12.6438192169
-8.05946809801	12.5610115281
-8.01861796091	12.4430209869
-7.97465095517	12.3647417639
-7.91622176335	12.2226371032
-7.86985327912	12.1203903642
-7.80950090164	12.0459749696
-7.73863798091	11.9733226461
-7.68989415303	11.9163562427
-7.62197207405	11.8799990538
-7.46192798957	11.845191312
-7.3829755662	11.8322123499
-7.27979467233	11.8803585268
-7.2128833236	11.9046339861
-7.06476781122	11.9890168572
-6.95172294841	12.0482932794
-6.81346687456	12.1175728556
-6.61529596079	12.2264091115
-6.54190947833	12.2318540915
-6.49178603289	12.256301367
-6.4380351032	12.2730580505
-6.36928351288	12.2912843881
-6.26700664098	12.2986331294
-6.12965571297	12.2799365193
-6.0281686927	1.09805025888
-5.97210770013	1.18458405025
-5.92550897821	1.26606921704
-5.8332025346	1.45983429227
-5.81016138346	1.66152122999
-5.75716538421	1.79842914726
-5.7263673631	1.85398737236
-5.68715919094	1.96139445154
-5.64092095271	2.10599380359
-5.60506461793	2.18043070797
-5.54483795362	2.36491974549
1.57864619914	-4.37622202597
1.72635331124	-4.19738888796
1.79504338034	-4.04075583364
1.87312824348	-3.88693403087
1.91368846904	-3.82988170863
1.96508733162	-3.68373096026
2.01342297233	-3.6052305002
2.0332574796	-3.56161300987
2.10628613264	-3.43668510424
5.31000063665	3.32755795396
5.07593695695	3.45335024054
4.95830877902	3.52405611062
4.79054856307	3.6370771549
4.64510006893	3.70334517729
4.40603713121	3.80145325853
4.31085210109	3.84441213855
4.19499983659	3.89252421411
3.9968684535	3.95463888903
3.85255130419	4.00530241406
3.65492151494	4.06788692203
3.46209975016	4.12854097619
3.2664285972	4.19225958257
3.12379851111	4.23749263147
2.95805984986	4.28614002067
2.86362190957	4.31415456011
2.72911593962	4.35333850284
2.61150686623	4.35411594977
8.15060893984	-7.65319295679
8.13236641716	-7.75098100385
8.18500856625	-7.90529625299
8.35370744801	-8.21336578955
8.49701791996	-8.42726377844
8.54357037339	-8.52918011011
8.60796280313	-8.67547002956
8.65714474285	-8.8643599949
8.7365854666	-9.06473682784
8.80188858319	-9.22780520598
8.7838300216	-9.29364634832
8.85224980666	-9.61094745826
8.89981665216	-9.79919391536
8.93092364675	-9.93290682031
8.95633133279	-10.0100879418
8.9764995122	-10.0943528546
8.9967592536	-10.1479857378
9.00878746992	-10.1994042065
9.03063568712	-10.3291132277
9.05306542602	-10.4424640407
9.07042185749	-10.5436321966
9.11183462445	-10.6691947628
9.12259022489	-10.8079195642
-7.81342747442	-5.41069807914
-7.63153720804	-5.51282627651
-7.55000192073	-5.59068867177
-7.47759146158	-5.69584395788
-7.40966530503	-5.81468657824
-7.34762813604	-5.92238809116
-7.28538872359	-6.04360182602
-7.24337574766	-6.13688067837
-7.13950204161	-6.34561858426
-7.06049192442	-6.48565714614
-2.53024564742	-11.8387462436
-2.21394991971	-12.1947006286
-2.14627853717	-12.2542609651
-2.02548682696	-12.3886672605
-1.96918047383	-12.4506129997
-1.85953529122	-12.5869816154
-1.64469771777	-12.8408181454
-1.61678847243	-12.8735821883
-1.5519715573	-12.9511851271
-1.4537664111	-13.0700032601
-1.37505105433	-13.1662348086
-1.31209511034	-13.2437980918
-1.22773572771	-13.3486747217
-1.19628836616	-13.3956914719
-1.10958981992	-13.4333200333
-1.0009774449	-13.5572998676
-0.8334046582	-13.7378869913
-0.749609515723	-13.8428821512
-0.707861970164	-13.9163599739
-0.59568070006	-14.0162127261
-0.439418192528	-14.1122809385
-9.39268275255	7.51343030963
-9.36541456441	7.5052401044
-9.24771733892	7.46233905887
-7.62927551812	5.50333420788
-7.78052878092	5.5404272148
-7.91277578191	5.57524516661
-8.05346484677	5.59433691613
-8.17897432658	5.59922392786
-8.25282371132	5.58361238802
-8.28275641645	5.58245741587
-8.39264458927	5.57781551827
-8.50510050785	5.57454224399
-8.58754861255	5.58999322486
-8.69562383776	5.58031160919
-8.78147285153	5.55767046329
-8.85947009754	5.56800961845
-8.98308821794	5.53726299748
-9.07886678232	5.47335795534
-9.15730359556	5.40877697823
-9.25213648702	5.35560733189
-9.39447706041	5.29295210898
3.06661738289	9.24659231621
3.20643670175	9.30044165125
3.3513765981	9.38104461624
3.46702159975	9.58495398512
3.54552091375	9.74581633979
3.58228192071	9.82295084856
3.56295346285	9.93484176283
3.58359989122	10.0073166144
3.6153990906	10.1528787483
3.65196882877	10.3905596366
3.69907473524	10.5036124393
3.77707903468	10.6809246765
3.82876801334	10.8132282236
-11.4555273781	10.8295014356
-11.457221394	11.0211539232
-11.450298525	11.1154920422
-11.4410002755	11.2033464129
-11.419881682	11.3738514467
-11.3781316111	11.5283298688
-11.328121599	11.7929276941
-11.275790559	12.112308496
-11.2069710381	12.4139760725
-11.1600330734	12.5605853657
-11.124426993	12.7026703634
-11.0780549353	12.873936162
-11.044781532	12.9995019784
-11.0336721045	13.0369563587
-11.0152672935	13.0947064152
-11.0004733173	13.1330757251
-10.9834935965	13.1742705654
-10.9221032218	13.2744514904
-10.8492483403	13.4087651548
-10.828570405	13.5008553385
-10.796862454	13.6346398084
-10.7692056751	13.7152173524
-10.7290131164	13.7995171156
-10.6809225608	13.9196392718
-10.5916129157	14.0928870996
-10.5477751159	14.176453228
-10.510024716	14.2310293406
-10.4798534172	14.2825263579
-10.4223151244	14.3991903535
-10.3597192365	14.4971770813
-10.3298156642	14.5368523229
-10.2540902143	14.6019798276
2.15398158346	1.91982046422
2.21059378792	1.9592915271
2.31091043416	1.97436708882
2.41232510035	2.02937234811
2.80132264038	2.14421219048
3.0221464789	2.18287780643
3.49698598815	2.32570877566
3.71206177434	2.32877594128
3.85919997382	2.32267385348
4.05984506334	2.34107747652
4.21963660281	2.34461427849
4.56645965515	2.34132073194
6.59765172554	3.16727301953
6.71043571934	3.12404912981
6.85492629667	3.05330263964
6.9040162194	2.99309773204
6.96400389575	2.94022419338
7.0569599181	2.8525457223
7.14859336979	2.78582729664
7.25735006663	2.65164405937
7.36185506351	2.46708472879
7.45761773678	2.2952132444
7.50728005305	2.21716462106
7.59381910653	2.07002678467
7.71880719501	1.7796407316
7.80936116038	1.57573289531
7.90954015111	1.46667996407
4.74126877779	-4.95281693997
4.6406174279	-5.14647218446
4.63080175305	-5.24008171112
4.62613066955	-5.27336876405
4.60884272866	-5.34680028898
4.59719991116	-5.4347642993
4.57028361689	-5.52523143182
4.53720551002	-5.59461075074
4.4989925458	-5.66377837738
4.46412270646	-5.72551900529
4.46434514147	-5.81589331834
4.26058564665	-5.95958882574
5.42192540252	-6.95755059328
5.38722782775	-7.07981996866
5.30204681852	-7.23497528842
5.19935916631	-7.38712720175
5.09579273666	-7.4798794278
4.96957652875	-7.52434109707
4.79890636522	-7.55102701427
4.69050729691	-7.55745167793
4.42337649705	-7.53857317836
4.19045955157	-7.48638053485
4.00026929619	-7.43130096476
3.81896833993	-7.36685112352
3.7284983272	-7.33564101602
3.53932770349	-7.24333731181
3.33641793706	-7.15498310696
3.19450056278	-7.06536798183
3.07717330277	-6.99281028347
2.97629911772	-6.90376909155
2.86349200077	-6.80892161542
2.79121567629	-6.74855974019
2.6982241626	-6.66310045778
2.65287024159	-6.61574012804
2.56864403088	-6.50988873417
2.48019028244	-6.40062646659
2.39053022384	-6.27324505226
2.29143509155	-6.12789625788
2.22911445156	-6.04256743217
2.16961799642	-5.943783085
2.0742853201	-5.79009448727
1.9936882271	-5.5942223071
1.9406191211	-5.45913279548
1.89571956203	-5.3926788381
1.87027769025	-5.33589354732
1.82485525002	-5.1961898024
1.7906959095	-5.08501517035
1.75013306232	-4.93045029652
1.66193244242	-4.65242133714
1.63824171454	-4.55215044947
1.62087758945	-4.48152680928
1.57865663774	-4.37621690323
5.76239808031	-15.8096567693
6.08583196876	-15.7572558718
6.16202890735	-15.7377748018
6.23282546767	-15.7160134946
6.31184868446	-15.7083885764
6.44944754319	-15.717648455
6.60331124893	-15.6727543114
6.73917587592	-15.6344347482
6.81314736386	-15.6133939975
6.90493343834	-15.5851369819
6.99135286664	-15.5607363989
7.01498916485	-15.5540819507
7.06798089395	-15.5355667238
7.20945441225	-15.4810262433
7.31051950787	-15.4424969434
7.38042478868	-15.4156936552
7.41028011552	-15.4058527132
7.55676749287	-15.3723548563
7.69830223121	-15.3401585398
7.85721614182	-15.237008749
7.91897928291	-15.1885324314
7.97534317647	-15.1383735761
8.01836043616	-15.0882804323
8.06022529641	-15.0264015573
8.08778844483	-14.9652695245
8.12522615275	-14.8928388757
8.12829602008	-14.839395862
8.14289652151	-14.7341758921
8.12794946856	-14.6703050465
8.10169158951	-14.6473335252
7.99298274175	-14.5577262645
6.2595586392	1.05996171628
6.28899711406	1.00958259991
-6.50302476224	-2.10140596773
-6.49704786462	-2.11469890284
-6.46437244447	-2.21007366112
-6.42293535752	-2.30477386814
-6.37480417992	-2.41466900267
-6.36973879855	-2.42311233947
-6.31459446707	-2.51073649581
-6.26151244715	-2.60211184339
-6.22810224472	-2.657557256
-6.16987372183	-2.78032440053
-6.12191760206	-2.866552236
-6.06267589121	-2.93987607162
-5.99237390115	-3.02563490202
-5.91693361152	-3.1370568608
-5.80569397685	-3.27256894611
-5.73718012279	-3.3684765827
-5.72069923551	-3.38773734529
-5.61858932037	-3.56205518443
-10.2542614289	14.6020433831
-10.1213554483	14.539778469
-10.0426237173	14.4931208703
-9.91796563443	14.4774689261
-9.79175381407	14.4249236339
-9.69903267074	14.3294615248
-9.65234500858	14.303402203
-9.46672374641	14.2820058204
-9.32336081526	14.1434459857
-9.25641173004	14.0824863171
-9.17438549663	14.0002774238
-9.13541525481	13.9551948158
-9.08655067887	13.8958672708
-9.03001414298	13.8001490103
-9.00649860439	13.738685648
-8.99471335631	13.6864463758
-8.97669367809	13.5779398598
-8.96143162093	13.367957286
4.11328707368	10.6968225504
4.20572160733	10.7676457458
4.2956628049	10.8660403184
4.32797111051	10.8907021749
4.45456861632	10.9327346367
4.56122918925	10.9455681672
4.80695149771	10.9395919578
4.94576066806	10.9164778508
5.06903070147	10.8981181515
5.1412374445	10.8805618011
5.21392351278	10.8568994721
5.31124414058	10.8242755941
5.36389981065	10.807731518
5.48138965579	10.7434847835
5.54755795125	10.6631953894
5.62485816133	10.6061201053
5.7097346919	10.5228455641
5.78819687377	10.4534042095
5.83432970887	10.4047312756
1.99444907055	-1.8476133478
2.03227282537	-2.0374345223
2.05186414349	-2.10537184036
2.10450568286	-2.27575546333
2.18600091341	-2.41528820711
2.2079585752	-2.47261882008
2.1960970389	-2.54920916328
2.17588093795	-2.62396928667
2.16352886935	-2.83627416528
2.15177870427	-3.06789506622
2.13636271609	-3.20307427943
2.12121007764	-3.30566140948
2.10625659248	-3.43665716158
7.90948326715	1.46672642292
7.92260864701	1.29907698167
7.97109866187	1.13508780648
8.06163861424	0.865049709937
8.10457671456	0.721269475126
8.17242385288	0.589848445045
8.24166810162	0.470434900414
8.42393292907	0.206944123218
-0.439450202663	-14.1122855272
-0.553047574491	-14.2061837405
-0.549813277288	-14.3024711004
-0.522733660434	-14.4373438298
-0.534219851811	-14.5496701332
-0.464646192976	-14.6655470699
-0.444688423026	-14.742304657
-0.403183850826	-14.8806709964
-0.311035489218	-14.9648543733
-0.227733321258	-15.0251505934
-0.164476929203	-15.0584737774
-0.0797199961812	-15.0880937929
0.0209411025309	-15.1084533595
0.165059066098	-15.1251580997
0.253130381067	-15.1080271678
0.475127604642	-15.0799143299
0.548012420369	-15.0550148582
0.646443631259	-15.0026354877
0.712949741747	-14.9475657039
0.748328658018	-14.9038052551
0.783039787344	-14.821066041
0.850523031226	-14.7171155465
4.11367546779	-4.62944644464
3.93982877954	-4.70083016815
3.88371824264	-4.75041326895
3.80670909798	-4.78696457802
3.71280986556	-4.82046743385
3.61976247287	-4.93112810863
10.3646841155	-4.60352418365
10.4911306985	-4.39318675785
10.6407641025	-4.16515605274
10.7233207288	-4.02096604084
10.7976489761	-3.88384736871
10.8627317463	-3.76233209892
10.9005607976	-3.64942656929
10.9444832738	-3.57118658864
11.0156571065	-3.43468491405
11.0649651821	-3.28358792018
11.2383756644	-2.97059554188
4.26058491471	-5.95958963249
4.14611008334	-5.96044578147
4.06829067764	-5.89660143675
3.96639627853	-5.82849661388
3.88912724098	-5.7763790617
3.83786383489	-5.7299867645
3.79582753169	-5.69687500115
3.73281645406	-5.60802682779
3.71327692315	-5.50437630158
3.68248366085	-5.27013388696
3.63765804299	-5.08934165898
3.61976035867	-4.93112925339
10.670152601	2.42255687275
10.6951872381	2.27598659162
10.7336782423	2.15407508408
10.7568318476	2.09387100405
10.7762693674	2.03392585238
10.8266587645	1.80480265678
10.7990794718	1.70724601694
10.7810397337	1.67124402271
10.7588478807	1.56094917414
10.7166112932	1.48779192913
10.6962240959	1.4592571722
10.6683788851	1.38741723641
10.6163164395	1.30967821922
10.5799462597	1.21309925988
10.4705730504	1.14936746765
10.4217362196	1.1254671801
10.2876014104	1.08607387643
10.2224571335	1.07211777762
10.1445282715	1.06572658636
10.1321569589	1.05367649913
10.0103719123	1.05740175952
9.80722712607	1.08740213264
9.63168657732	1.09616244258
9.53459140302	1.13032535734
9.3906591894	1.17158122742
9.3024936684	1.20090708553
9.18860314611	1.25115007004
9.07378569158	1.32925550595
8.99061886046	1.37732487358
8.86392960798	1.4301229474
8.82264753574	1.43544318504
8.76666172882	1.46175895906
8.61889895651	1.51226096278
8.42852896668	1.57510761328
8.21864138335	1.57872196823
8.08121907972	1.55583879946
8.01329538715	1.5228283876
7.9094844321	1.46673541355
-10.7759658185	6.48409455571
-10.5826601064	6.4501602914
-10.4871884207	6.42919783606
-10.3872226578	6.40917412506
-10.2601215782	6.3775878995
-10.1788051856	6.33895929635
-10.0551549281	6.26095548718
-9.99089486927	6.1766214744
-9.88188694356	6.0784403886
-9.78673931548	5.94425364941
-9.69937387465	5.79934005018
-9.60147057646	5.6765043435
-9.55996548778	5.60967128754
-9.51575481445	5.53390476779
-9.46074301721	5.40968384385
-9.3944740173	5.29294865869
1.60973277535	1.92609403762
1.35095710129	1.90573944362
1.19115156772	1.85618238235
1.10336663578	1.85094629806
0.901588388721	1.82335851853
0.794926167537	1.79661881945
0.493296816007	1.76931398752
0.238849769853	1.73386317994
0.00854407382574	1.70017678605
-0.222137526472	1.67133918203
-0.562651194237	1.62811527392
-0.78802344225	1.59986209392
-1.08692235659	1.59751459072
-1.27192700418	1.59728991408
-1.52600310643	1.60815503563
-1.64907807938	1.62641856377
-1.82481962951	1.67412790518
-1.99075040674	1.74747868209
-2.18058463753	1.9051710016
-2.2444721608	1.97922871779
-2.29198751296	2.04919632957
-2.32676471272	2.10697506179
-2.42343240438	2.27811868633
-2.47973060858	2.39218468331
-2.5230560305	2.55738271904
-2.54088135135	2.73016104507
-2.51369796699	2.79082601143
-2.43146662574	2.96530488707
8.42393422715	0.206965970613
8.36316711457	0.0703731507976
8.35297119521	-0.0911118672908
8.3577717146	-0.331014708584
8.39867004466	-0.474985596945
8.44689265236	-0.627304670897
8.5373204896	-0.775673628655
8.69653847925	-1.07042261173
8.74961045143	-1.21464067757
8.87634877906	-1.58072787795
8.98347702515	-1.98683125307
9.06635069288	-2.34790595906
9.1180460669	-2.47591798665
9.1824487672	-2.6693755826
9.25736781467	-2.89179461651
9.30528060332	-3.08168109899
9.33964866338	-3.18518882111
9.41445063967	-3.42185138814
9.46797979951	-3.5372874473
9.60416344359	-3.8359677487
9.71211177086	-4.05501804795
9.80505185645	-4.21256248331
9.89469666779	-4.3201997877
10.0300676138	-4.44403459364
10.1001333705	-4.49469834928
10.1981636484	-4.56230202437
10.3646814049	-4.60325248598
10.460175608	-6.00325353531
10.4042346352	-5.87902934014
10.3945941277	-5.79355231831
10.3760125847	-5.70074116158
10.352187037	-5.59354260887
10.327399697	-5.45512124106
10.3358266405	-5.31105743373
10.3301030764	-5.1601663868
10.3349194403	-5.00659124835
10.3268352221	-4.90717103151
10.3646481172	-4.60353244778
0.850542829235	-14.7170992756
0.668901694664	-14.5979631748
0.559170137827	-14.5397366546
0.445435194471	-14.4328517965
0.310499073329	-14.3639293032
0.201260594915	-14.3061541535
0.0650683274778	-14.2335422155
-0.0615271206376	-14.1918499492
-0.151381326904	-14.157796645
-0.268122900128	-14.1229628976
-0.439450202659	-14.1122855272
-8.35287828453	8.54721786695
-8.52355061438	8.32780138471
-8.73000681819	8.12901977423
-8.78604161006	8.04880186047
-8.87380637144	7.96497715133
-8.99677010257	7.8622864681
-9.0619919181	7.7864816779
-9.12965235719	7.69087708111
-9.18590707282	7.60356082199
-9.20951718283	7.53823452432
-9.24768704182	7.46231085077
-6.66783020868	4.06651473919
-6.99834597329	4.27033633516
-7.03418864339	4.3419580826
-7.11701621409	4.42317780267
-7.18615028507	4.47229941756
-7.20885701878	4.49625057989
-7.28730592268	4.7114992171
-7.35246586231	4.80614341035
-7.42025683261	4.89409120397
-7.47766706726	5.02115704291
-7.56527104409	5.16541225029
-7.60494429345	5.29530417708
-7.6292755181	5.50333421334
-9.78539030782	2.50212904797
-9.86713843125	2.5153405657
-10.0298864064	2.44467315997
-10.1116480427	2.40451996306
-10.2872271751	2.2865205814
-10.4094402748	2.18667718371
-10.5146336593	2.07905246609
-10.6168824686	1.97754439904
-10.6961140659	1.89248909711
-10.7299867658	1.85746734049
-10.7917655993	1.77811599596
-10.8573696245	1.67925806396
-10.8837468846	1.6429572714
-10.9382889358	1.57610373802
-11.0033753279	1.46129517604
-11.0260681617	1.37628844494
-11.0757454188	1.23194887194
-11.063551105	1.16784567293
-11.0660314324	1.04400014617
-11.0710342843	0.946789194513
-11.0696751834	0.700897430542
-11.0648715652	0.602643111794
-11.0623913666	0.538357698052
-11.0560571565	0.446143728319
-11.0261115947	0.359165090818
-10.9937880793	0.261827887508
-10.952156749	0.129125208301
-10.9020448807	-0.0174742105847
-10.8978426841	-0.0285215432009
-10.8670067667	-0.118533613792
-10.8308595989	-0.221566398627
-10.805903203	-0.284135227221
-10.768001791	-0.391677866023
-10.7255478242	-0.526600014755
-10.6724187712	-0.661087257533
-10.617658353	-0.798354498515
-10.5872174623	-0.85433582326
-10.5395333393	-0.934516321048
-10.4973985409	-1.02609776425
-10.3645495678	-1.28006463135
-10.2799598403	-1.37485932245
-10.1728128808	-1.50240431263
-10.004350189	-1.65633886142
-9.86572887926	-1.76185817054
-9.80212965109	-1.83663192112
-9.76068504849	-1.85869784381
-9.70135461789	-1.89046798572
-9.50541791635	-1.99545106936
6.29840305423	6.09003034516
6.22173750171	6.23175514357
6.15082378437	6.32860254874
6.07616833558	6.45378238565
5.94571089097	6.72564074538
5.85411979517	6.98713823678
5.74566695186	7.1674039816
5.70461582025	7.25694692359
5.66929320935	7.3161948224
5.61796540716	7.41086285644
5.5344389777	7.57869395474
5.4898531238	7.73735200456
5.46126411618	7.81987440698
5.42897313381	7.91036731949
5.40557043282	8.0157976578
5.37139643025	8.1667251386
5.32221804114	8.2961751796
5.3194654243	8.39183701021
5.29404815052	8.50765024281
5.26649551119	8.61886070452
5.24230108591	8.71493823677
5.21242865807	8.7821702761
5.19150945966	8.85080976586
5.16288713103	8.93865164201
5.12813941155	9.03570222616
5.08348874125	9.11763897724
5.04585636434	9.21216824489
5.02488782246	9.28357713121
4.99023349265	9.36847009076
4.9437761351	9.43813203593
4.92027332829	9.48483857172
4.7693341387	9.7157775125
4.72178982669	9.79111848468
4.68251043296	9.87262120306
4.63156161406	9.97274793594
4.55161843786	10.0909320072
4.49055937079	10.183515941
4.37979900552	10.3804175354
4.29643871971	10.4906327888
4.11304696708	10.6985460765
-9.39444500232	5.29291724694
-9.42245281395	5.19793861949
-9.46330867632	5.11989912399
-9.48309088425	5.04444026254
-9.50225935079	4.95696528203
-9.53621367918	4.83448369459
-9.55088159725	4.74345884288
-9.58030130634	4.59772225975
-9.63798242382	4.41794899718
-9.64328397838	4.35169785613
-9.66108978347	4.18498006071
-9.67179950242	4.09313841944
-9.68926798652	3.94134065046
-9.69799366365	3.84661297273
-9.71677216503	3.73372007371
-9.72440938161	3.62239025032
-9.76647579922	3.47627221179
-9.7712086397	3.37696256164
-9.77646999974	3.30307212822
-9.78502900692	3.20731571576
-9.77847360312	3.0082740875
-9.77735026578	2.91608832338
-9.77563095438	2.82142413575
-9.77497011575	2.65350862599
-9.77374360473	2.58867439953
-9.78541560343	2.5021331419
7.99300960825	-14.5577998658
8.21768737165	-14.5517702543
8.37446620544	-14.5433961748
8.5697802118	-14.451137081
8.72488088902	-14.3597260382
8.83367251125	-14.268064497
8.87829449649	-14.2354947501
8.93546656426	-14.1693717579
8.9832225233	-14.1105869234
9.01278224902	-14.071791199
9.08218274556	-13.943363715
9.14692771911	-13.8516890799
9.18857741942	-13.7741343179
9.22207142023	-13.711821679
9.24063586935	-13.6754215542
9.28709369089	-13.5779777356
9.3763342198	-13.4378271364
9.42556364837	-13.2900968876
9.47948251906	-13.0946862192
9.50705984952	-12.9986486262
9.53533106344	-12.8678535818
9.56772994065	-12.7005881728
9.57849787812	-12.6183684733
9.59375011374	-12.4578639601
9.60156369473	-12.3365679046
9.60075464929	-12.2653065618
9.6045762114	-12.1694758331
9.59248441567	-12.0095110912
9.58917066025	-11.9813058925
9.56768502779	-11.8438198215
9.52156666627	-11.6578836894
9.48759715157	-11.5523157771
9.42131185739	-11.3902264257
9.36456907787	-11.2701258222
9.32820236282	-11.1894209499
9.26352646736	-11.0661168255
9.19983961581	-10.9351041105
9.12263044022	-10.8079334603
3.37647622488	-11.380195764
3.39603161438	-11.1973673452
3.40987177896	-11.1095062937
3.42665424641	-11.0497447857
3.45858020706	-10.9525259511
3.50617737294	-10.8338932384
3.65355781201	-10.65807001
3.75690764729	-10.5228648231
3.86297606594	-10.433134052
12.2720552135	-5.29305751347
12.1726417652	-5.16601811953
-7.16059529507	9.24565362262
-7.26924810251	9.17721946801
-7.33280950705	9.13261479668
-7.39206748917	9.09806914843
-7.55400438354	9.00269428685
-7.68100957329	8.93418135394
-7.82099604258	8.86838106392
-8.01228537888	8.76483812713
-8.12399191251	8.70682229816
-8.35315077946	8.54688050461
-4.60097283662	13.0669448163
-4.69267746444	13.0118458494
-4.78565511972	13.0131159871
-4.88068281505	12.9975842965
-5.00191696788	12.9822395728
-5.10683078163	13.019857493
-5.27736750769	12.9882338254
-5.33459189314	12.9751023569
-5.38860878468	12.9555951701
-5.47534140427	12.8998014987
-5.55034914009	12.8526332214
-5.6067604358	12.8150890262
-5.66341461906	12.777376841
-5.76981620398	12.7261037451
-5.86110085424	12.6708889385
-5.92591498404	12.6063636399
-5.99213977781	12.5115605651
-6.04039655459	12.4402034168
-6.11071376113	12.4012458964
-6.12965432874	12.2799634089
-4.60098329007	13.0669395299
-4.5129532077	12.9429964884
-4.50008150467	12.8791125761
-4.49024872082	12.7398052422
-4.4633651018	12.6419973027
-4.43737509911	12.5455617762
-4.39594289086	12.4306826009
-4.28170479116	12.2460107531
-4.247766979	12.169294618
-4.23636966042	12.1433971702
-4.15317473349	11.995196447
-4.12915208226	11.8925605779
-4.09167740258	11.8318353628
-4.04499743937	11.7760930141
-4.011271891	11.7241534803
-3.98052417799	11.6790583607
-3.9090214574	11.583691839
-3.84211047207	11.518472909
-3.78762627242	11.4676688912
-3.71624544989	11.3861461546
-3.64635517642	11.3205620134
-3.54420458537	11.2430634777
-3.48760731297	11.2350861764
-3.39824968887	11.1867457686
-3.29359134385	11.134417176
-3.19080119402	11.097814716
-3.08160609093	11.0781836493
-3.0816060909	11.0781836493
-2.96968570243	11.2143390257
-2.88554357362	11.2688453707
-2.76514952769	11.3333155475
-2.66913084844	11.3795666577
-2.51339723295	11.4444180718
-2.35778209374	11.4703725501
-2.27979877673	11.4828348266
-2.21165056983	11.4918702402
-2.06013155025	11.5026298181
-1.94565549936	11.5242690841
-1.76013791271	11.4805038551
-1.58179186625	11.4459276074
-1.46976250295	11.4442839378
-1.38740162976	11.4240028695
-1.16149308516	11.3627351488
-0.973726266605	11.3399212865
-0.803136281993	11.2327525921
-0.803138169502	11.2327513872
-0.787032024145	11.0566004205
-0.792306785019	10.9495965953
-0.791647037604	10.8057712024
-0.75490941945	10.5625997456
-0.72486414791	10.4393111161
-0.690430526544	10.3188988721
-0.669379285264	10.188606793
-0.657776098443	10.1179754128
-0.673399317145	10.0490957054
-0.637322565689	9.87339591117
-0.614015479891	9.76514231517
-0.639283974939	9.57183031372
-0.66053424345	9.44393882795
-0.675019283228	9.30927507705
-0.686540320113	9.17367665415
-0.679100003612	9.07026793334
-0.780243364845	8.99008638927
-0.839658617049	8.94557167892
-0.879694911727	8.92022244994
-0.974227112729	8.88708244235
-1.1299539215	8.83793847872
-1.251550023	8.7977278484
-1.39007227754	8.75175499617
-0.646655361484	6.88565553038
-0.758392014403	6.67070814602
-0.773995791631	6.63834642005
-0.789096699637	6.62285566052
-0.92775036574	6.48650478572
-1.02557175373	6.41191589169
-1.0865050001	6.36430625478
-1.20664417374	6.28592987749
-1.27631413136	6.24425792537
-1.48818298529	6.11734055164
-1.68738048392	5.96578637263
-1.74220467035	5.86102624845
-1.83245744007	5.78765732063
-1.92171361951	5.71160357795
-1.94400932772	5.69162928576
-2.03303217568	5.61033875505
-2.21583523396	5.41656303132
-2.36629425139	5.26805016718
-2.48140137604	5.11077431859
-2.53557583442	5.05119789606
-2.60070488356	4.98618321265
-2.72109668775	4.81301170782
-2.77928451112	4.71979318196
-2.84947379895	4.59856078662
-2.97224771614	4.20572755431
-3.01647023249	4.04665503722
-3.05475669928	3.88345554702
-3.01203505061	3.56311711819
-2.983147729	3.42988101024
-2.95537257466	3.35279583956
-2.86323105934	3.23906053938
-2.78484361052	3.20670072776
-2.59043195713	3.12461575071
-2.43137736489	2.96530264907
-0.646858946235	6.88566486839
-0.442277881974	6.71528352053
-0.2386052755	6.57862113109
-4.74147124306	5.91351332196
-4.6593792141	5.74829408206
-4.70407517531	5.65016324088
-4.72746421829	5.54785874772
-4.7613317033	5.44239963448
-4.80298553999	5.3331394343
-4.86354200565	5.18224773246
-4.94714221079	5.03548683421
-4.98179432452	4.98753794078
-5.02802286851	4.91403248729
-5.09524648966	4.80311714752
-5.15897396058	4.75746354607
-5.41028718422	4.62389517175
-5.65182817775	4.49676846709
-5.85002539262	4.35957051517
-5.98783773467	4.29079753715
-6.13529257771	4.21957404792
-6.31070018643	4.13457562769
-6.38574645712	4.09541047996
-6.45940512531	4.06721704274
-6.6678278347	4.06651644688
-5.54483792663	2.36491974813
-5.63669183915	2.44217590509
-5.73528482273	2.52099559611
-5.92750414263	2.65150232789
-5.9977362777	2.71309768742
-6.08542186976	2.82553766413
-6.23169519686	2.95951391592
-6.29424325062	2.99458911919
-6.30891703252	3.01493384213
-6.33515702087	3.07093568153
-6.36354991257	3.13581037412
-6.40069284446	3.22369477818
-6.4348238883	3.29860985343
-6.46101000793	3.44368872769
-6.56168922966	3.53508020024
-6.59926175855	3.60748762884
-6.62983137434	3.75380203707
-6.64919012553	3.83246129939
-6.66781018095	4.06652995672
-4.08812924341	-0.623525347737
-4.02917805347	-0.743042022409
-3.98789637618	-0.831168694901
-4.07706124013	-0.944355408898
-4.15581289929	-1.12872066742
-4.20306298017	-1.35786979848
-4.23141255284	-1.4565287087
-4.22710071941	-1.52578149347
-4.15522181511	-1.61562916746
-4.14125791276	-1.69717915983
-4.10967284016	-1.76395719049
-4.08880911089	-1.81380030896
-4.08244505264	-1.85756423763
-3.99026190995	-1.96211702911
-3.89358899758	-2.03297443689
-3.7929424475	-2.09627491886
-3.62172319582	-2.15499217621
-3.51126712548	-2.17775079147
-3.36297923536	-2.19310508393
-3.27451805848	-2.21203157509
-3.18074701505	-2.21012422147
-3.06017480932	-2.20187461692
-2.87871241038	-2.19056482552
-2.73176614626	-2.17736371984
-2.67097283287	-2.16990550855
-2.50156484043	-2.14232244245
-2.39788156322	-2.17882227775
-2.29415140354	-2.14295208179
-2.19190145091	-2.10438383052
-2.08672654217	-2.06450559651
-1.94141420611	-1.95212424183
10.8281214062	2.70150465826
10.7973857061	2.63033706501
10.7780753745	2.59375631959
10.6702529977	2.42258936118
-4.08812924341	-0.623525347737
-4.21939698894	-0.598821978323
-4.33215544694	-0.533784360347
-4.43129784315	-0.437842439142
-4.55561455596	-0.335152034422
-4.62355579845	-0.276057969382
-4.67027823639	-0.230938755185
-4.71827289878	-0.188727374761
-4.84024264377	-0.088576313974
-4.90785379659	-0.0245875409836
-4.99853892041	0.0541215205687
-5.07010159915	0.128970959383
-5.16941741278	0.224586210138
-5.22980625015	0.281574047453
-5.30487646634	0.350472161787
-5.4156560604	0.441516047347
-5.46986703055	0.532050845967
-5.53999788511	0.585546908348
-5.56324490297	0.652692951052
-5.65263337666	0.73898320532
-5.76421556286	0.835206278748
-5.83994115144	0.912173581466
-5.89694922507	0.9666762807
-5.97286905319	1.0286039973
-6.02818101776	1.09801348991
4.56470281657	-2.20006159556
4.43059572344	-2.21154157366
4.34801066194	-2.31704609708
4.19596145176	-2.57597867738
4.10668739403	-2.68472170197
4.07345999633	-2.73951656628
4.01072721635	-2.84368442829
3.96105710032	-2.95251198669
3.92002730895	-3.04206477666
3.8784521972	-3.15234123658
3.86521262071	-3.23600742392
3.83950430276	-3.3315247326
3.85275235693	-3.48709156967
3.86767161167	-3.57616004726
3.89982723858	-3.70463953756
3.91428331314	-3.75338186952
3.97644618409	-3.87508575498
4.03440037218	-4.01059139341
4.07379241749	-4.16220378847
4.0883458542	-4.32993799678
4.08288178561	-4.46956826853
4.11373086666	-4.62944691634
4.56470281563	-2.20006159547
4.67648296252	-2.33201030333
4.75017026666	-2.43186507199
4.85477760831	-2.61414874195
4.88796340254	-2.67017601207
4.93864550803	-2.76900831458
4.99880681328	-2.88183883031
5.05544369665	-3.00622982664
5.09281714871	-3.11739881719
5.11738019082	-3.16076996445
5.17426836109	-3.28555611837
5.21561031441	-3.42648601215
5.26008120573	-3.543461598
5.28412799191	-3.68039512902
5.29784449893	-3.80136070492
5.32290180758	-3.91432005583
5.32027865777	-4.04819367289
5.31834494157	-4.11014457768
5.26831847951	-4.22663092093
5.2260968649	-4.31416379643
5.15152086767	-4.43611581062
5.07358700241	-4.57626641722
4.99396955191	-4.67079822648
4.99673910392	-4.70731624173
4.97328821455	-4.75250399928
4.88057942767	-4.8333142941
4.7413155276	-4.95281441822
6.28901355064	1.00958265934
6.21501844469	1.14726973636
6.04606644263	1.40855276446
5.90329655932	1.6757936264
5.80523126695	1.93660797091
5.73622607708	2.14997990781
5.62579351122	2.51176414379
5.60359456634	2.63388229084
5.58280850919	2.77313014337
5.52866959095	3.13458703978
5.47782054456	3.20531653925
5.39919429171	3.26410672414
5.30998974692	3.32760419044
7.03746193991	-0.112795281924
7.09258245928	-0.494510490578
7.160428776	-0.702463232635
7.16838430699	-0.855785994195
7.16552742413	-0.956705321468
7.15670018945	-1.02764439994
7.16773707767	-1.23346157065
7.20731554759	-1.5879628963
7.22709807646	-1.7305455192
7.2458750588	-1.87298439279
7.29274708596	-2.08149212131
7.33481138144	-2.29626336164
7.36346449733	-2.47625127377
7.37812970387	-2.63029334774
7.40098808472	-2.7402528917
7.41149066719	-2.88986318944
7.40306747438	-2.97119157207
7.40569835438	-3.0797411635
7.40066650894	-3.18655354006
7.39197887372	-3.30118660545
7.38772992351	-3.43826804133
7.36609818732	-3.55861586194
7.32895055669	-3.86376309203
7.31251864929	-3.96067225365
7.28987939494	-4.0655826519
7.2499924924	-4.22149372926
7.22189877289	-4.33551974299
7.20130292904	-4.44676576317
7.17296652076	-4.53633765522
7.14502972264	-4.61457614834
7.11561864042	-4.70003792309
7.07706762511	-4.79191078652
7.05585049282	-4.84459371664
7.03355776866	-4.89965551687
6.98020469888	-5.0204943364
6.95526825542	-5.07503020818
6.91631187584	-5.1592937158
6.87748594928	-5.23578550231
6.83455976893	-5.28581468868
6.79859315531	-5.3586638892
6.7356011427	-5.48592659297
6.72162083692	-5.54837271036
6.69543270648	-5.60180129071
6.64144680568	-5.71222063133
6.57439803301	-5.79510364507
6.55292147247	-5.86271094396
6.49333139445	-5.98291380564
6.45610173877	-6.05804916257
6.41915589741	-6.12767035832
6.37917152757	-6.20749826652
6.30164210054	-6.30189417993
6.2760075636	-6.35322657355
6.23566804271	-6.42609675835
6.22002616967	-6.52317612669
6.13850476277	-6.57090454895
6.06501987634	-6.66601101857
5.98432536023	-6.74850829068
5.92623325437	-6.79953356377
5.86334522842	-6.85441569272
5.75976954457	-6.93300177381
5.67307667553	-6.96088269412
5.62684450146	-6.93103920851
5.51213476378	-6.95569156438
5.42192249435	-6.95758208552
11.061290596	-1.15190260026
10.8794301975	-0.967786173608
10.7769969851	-0.835897940178
10.597545739	-0.712257352053
10.4625130347	-0.645785193517
10.3153992557	-0.522733146311
10.1642357351	-0.418286032582
9.99125687075	-0.311014544075
9.8687605549	-0.274974372263
9.75377472637	-0.237342680932
9.55860746831	-0.20055030107
9.36758951795	-0.145257871856
9.25600222336	-0.113049100172
9.21919647591	-0.0813607925971
9.17114967102	-0.0607373443052
9.1459203849	-0.0512316262514
8.68791365311	0.127609408283
8.42392821843	0.206979054527
8.38806789843	-6.44429905516
8.28200256717	-6.73310491456
8.25286188629	-6.8922071434
8.22563097669	-7.01200037113
8.19435555198	-7.19277240127
8.17864851407	-7.32968657352
8.17295636254	-7.40993864735
8.16048785254	-7.41683946097
8.15060893984	-7.65319295679
8.38812646237	-6.44424463215
8.49063829558	-6.41292639183
8.57964837894	-6.43277602683
8.67540546494	-6.41034557035
8.79946882234	-6.46936412828
8.90622799443	-6.50144372872
9.05955158534	-6.52085037138
9.21982972669	-6.56796266533
9.31074773141	-6.64133262853
9.47522046313	-6.72003949632
9.62105291853	-6.8007775097
9.7199352438	-6.83101783959
9.78678604259	-6.81824953472
9.90680303408	-6.76148347666
10.0500532965	-6.66392179061
10.2099493577	-6.55668065947
10.2550192214	-6.50866400475
10.3383876264	-6.36292825977
10.3085927744	-6.23990388068
10.3551752626	-6.17265433259
10.4601804107	-6.00325163419
12.1875371838	-5.15868669399
12.0373674605	-5.20019894562
11.9984852676	-5.24010342198
11.8889375334	-5.3773475888
11.8122916209	-5.53278801969
11.739687604	-5.61240887492
11.6522589821	-5.75170939787
11.5452243229	-5.85033923004
11.4507030145	-5.88355664383
11.3785534064	-5.93390622509
11.2827857468	-5.98730486027
11.1664644157	-6.01565443442
10.9023665923	-6.05521169487
10.7256262393	-6.03063032773
10.6053117862	-5.99096424373
10.4606268713	-6.00328584273
5.04808555072	-11.9705828005
5.09010030539	-11.901547601
5.18101138863	-11.808793242
5.29983629694	-11.6882482085
5.42580526277	-11.604077433
5.5153402947	-11.5124473809
5.72868157827	-11.2985863671
5.80612316644	-11.2189514387
5.87103054076	-11.1582990717
5.96976695157	-11.0736417603
6.10666534456	-10.940393075
6.16187826365	-10.8844002046
6.26664085482	-10.8129030503
6.37399259555	-10.6981509395
6.48311332435	-10.5793964595
6.55990503825	-10.4940886832
6.64589917982	-10.3981035483
6.74471805297	-10.2932221357
6.83424640358	-10.1996431042
6.8659313364	-10.1480634266
6.9979139374	-10.0042309645
7.07873455491	-9.9092212371
7.20563617456	-9.7517894195
7.31376687063	-9.61210562409
7.39292564857	-9.50736620708
7.46764388632	-9.40023772248
7.53615040283	-9.29680624115
7.64313324227	-9.1515612279
7.6996463817	-9.09280718122
7.83304710539	-8.87245163914
7.85955707649	-8.77932087132
7.90059220026	-8.69129789566
7.96339722752	-8.5546991919
8.00315035583	-8.44868059268
8.07350692332	-8.28789445077
8.1126034115	-8.19406402482
8.15477242011	-8.11474141049
8.20239024643	-7.99241001034
8.18489790869	-7.72534294043
8.15060893984	-7.65319295679
5.04808389488	-11.9705943254
4.92910958464	-11.9867521519
4.83847557431	-11.9659470702
4.73809405005	-11.9447366759
4.6471792962	-11.9241758596
4.56946306276	-11.9080748112
4.50175999738	-11.935722201
4.36822273648	-11.8959539951
4.18968107043	-11.8572483282
3.98647826831	-11.775058433
3.88262642293	-11.733390018
3.80210605978	-11.7086440849
3.70895634974	-11.640419112
3.53342674238	-11.5055284434
3.37647622488	-11.380195764
2.24881290286	-14.7051395402
2.35376374564	-14.666067825
2.43776832778	-14.7196166212
2.49526447719	-14.7432150812
2.61437696517	-14.7670390657
2.7586486925	-14.772278576
2.90173153746	-14.710943426
3.07622710335	-14.6626995967
2.24882315972	-14.7051034529
2.16274660534	-14.725727198
2.01503933941	-14.748200595
1.94230265096	-14.7850834229
1.78833382144	-14.8106996907
1.64163167999	-14.8220796318
1.52977997753	-14.8352229285
1.41211994542	-14.8324208296
1.29547183287	-14.8143086463
1.08928181214	-14.7950275279
0.850523894429	-14.7171137352
5.6949268326	-14.3676698213
5.45613538008	-14.6186338836
5.38836492859	-14.6639605447
5.6949268326	-14.3676698213
5.90246771228	-14.3570289941
5.99126224452	-14.3850393339
6.07901500236	-14.4110243366
6.14154701831	-14.4246787954
6.29344724115	-14.4638605751
6.34717808299	-14.485041147
6.46321421536	-14.5070016174
6.556182324	-14.5317607188
6.71373543984	-14.5382631528
6.81160548533	-14.5534756167
6.93047429199	-14.5355865091
7.02197896472	-14.5305115936
7.13487010082	-14.5263083239
7.16737083846	-14.5222971269
7.34869071726	-14.5219554179
7.4920014568	-14.5017316988
7.58681703324	-14.5147882328
7.6856234178	-14.5054309041
7.78687688299	-14.5237879192
7.86666513071	-14.5285410938
7.9929827431	-14.5577262667
5.38836492874	-14.6639605492
5.29035351019	-14.6866176764
5.20714665876	-14.6855403487
5.04590025197	-14.6749351692
4.84161864966	-14.6394682392
4.66504462343	-14.622429772
4.49506058676	-14.6047738668
4.34049960705	-14.6561849749
4.24943255827	-14.6490050133
4.17564316644	-14.6550910471
4.12417156973	-14.6562755491
3.97902594658	-14.6571408249
3.82807767798	-14.6247564914
3.74119966849	-14.6569573009
3.660378454	-14.6932775626
3.51083729929	-14.6467787181
3.36475449812	-14.6945655856
3.20604474954	-14.7842442717
3.07622252383	-14.6627116685
3.204762853	-14.7864893838
-12.2876025127	2.36894103765
-12.4538723443	2.67415024817
-12.5699476108	2.97591667226
-12.5992957353	3.09872566103
-12.6449805049	3.27793539627
-12.6694279325	3.50337935847
-12.6990769328	3.80448997956
-12.6990673336	3.97997450164
-12.7010912592	4.16293867965
-12.6998189744	4.36438864662
-12.6919255494	4.81095842845
-12.4019420288	7.56143727028
-12.3570268626	7.78459313759
-12.3186735686	8.07050842808
-12.3020519634	8.14611556557
-12.2234579707	8.50831152587
-12.1666857954	8.81099819112
-12.1148520323	9.12325533946
-12.0270398591	9.49322883862
-11.9486292162	9.80305698874
-11.8343320781	10.1781579246
-11.7559603835	10.3942433984
-11.6773391316	10.5745069477
-11.6271992545	10.652351229
-11.5879203114	10.7105687238
-11.4554797065	10.8294937638
-12.2875781911	2.3689766659
-12.1462010398	2.51364663262
-12.090781901	2.59697062341
-12.0241050878	2.68027345557
-11.9606812364	2.78420610773
-11.8587378124	2.92060315492
-11.8060069918	2.99915515237
-11.759311442	3.06934291873
-11.7415255398	3.12215700813
-11.6918181896	3.22331629927
-11.6565580488	3.37271984231
-11.6363955992	3.44085296747
-11.5747700739	3.68970623495
-11.5768245623	3.75309093957
-11.5432136101	3.89844950099
-11.5235615385	4.05204531874
-11.4907672151	4.36371996785
-11.4244359725	4.70843215987
-11.3477790048	5.11074911629
-11.3028412893	5.31445113074
-11.2629621127	5.49544212249
-11.1907613866	5.80254843159
-11.1593808564	5.90912201162
-11.0847732392	6.13730163383
-10.9354737486	6.34287008535
-10.7776008327	6.48244257828
-8.96143162094	13.367957286
-9.1027001639	13.1675635304
-9.16450602584	13.0954333555
-9.22531316348	13.0144366025
-9.3023920091	12.9331659017
-9.33888482961	12.8543784603
-9.38645465614	12.7938593906
-9.44745778196	12.6812110664
-9.52923071861	12.4769009755
-9.5608284807	12.3199813247
-9.56388983102	12.2347453002
-9.55309325347	12.1328277367
-9.54285564225	11.9770027144
-9.51773118415	11.9081464301
-9.47937507403	11.8256763555
-9.38351440339	11.7156263262
-9.29749243942	11.637901625
-9.23089267605	11.5522699419
-9.16182845449	11.4956321242
-9.07377311833	11.3676475207
-8.99551712272	11.3497839701
-8.9174074771	11.3149742112
-8.855348775	11.2676796057
-8.78415427852	11.2247173417
-8.62253091474	11.1077258222
-8.60041023274	11.0567559977
-8.58201912287	10.988229189
-8.55587990081	10.9402525927
-8.53479314498	10.9000377697
-8.52760362485	10.7921478447
-8.53302140863	10.6727383265
-8.53571614607	10.600870055
-8.55238150963	10.5170612255
-8.57319662383	10.4432253487
-8.60587636955	10.3550967864
-8.64969708508	10.2755755688
-8.6631072272	10.2346392517
-8.68514792188	10.1643150904
-8.73258453176	9.99976364596
-8.77805394437	9.83117239268
-8.81414764429	9.5826923023
-8.83974902644	9.47476004472
-8.84793795754	9.37824503252
-8.80621353294	9.22866722695
-8.77689726657	9.12362693347
-8.70084896885	8.999487737
-8.58815373532	8.87964814109
-8.50296932189	8.80696319956
-8.4478909581	8.76830715804
-8.42409429415	8.75270305401
-8.37856565153	8.69822370408
-8.35315077946	8.54688050461
1.57864561665	-4.37620889596
1.47738823175	-4.33907359613
1.35012737315	-4.23999947237
1.24005154247	-4.17527814083
1.11293901327	-4.10759312295
0.996784887293	-3.99938602334
0.93727510969	-3.92248516958
0.860801808044	-3.79153662555
-10.037731391	15.9540811171
-10.1260538694	15.8474193945
-10.1908555662	15.7631892775
-10.2415511201	15.6533947894
-10.2522481625	15.6320118371
-10.2901901083	15.5266524357
-10.2980349808	15.4214846261
-10.3092766322	15.348725496
-10.3109464445	15.2145490777
-10.3098228371	15.1225379446
-10.298166751	15.0418559184
-10.2946065136	15.0106868933
-10.2823292793	14.8928278854
-10.3163527274	14.7905492008
-10.3204927984	14.716174927
-10.254153552	14.6020071667
5.30999969554	3.32756237017
5.48283550495	3.19069300855
5.55242291533	3.14581878379
5.64031242829	3.09152513887
5.70786582239	3.05233319356
5.86769178815	2.95042609082
6.09853390388	2.82673516955
6.28952359173	2.71635158552
6.38947531088	2.63540134741
6.50616883606	2.54646911781
6.55738375676	2.5320090011
6.65339664011	2.44992803968
6.72202580463	2.33175560842
6.82375272436	2.19726410923
-7.81342132167	-5.41070054454
-7.85195921288	-5.19714355953
-7.99977653236	-4.92135575992
-7.99830973522	-4.910354967
-8.03020030634	-4.83930020375
-8.0760529142	-4.76211468262
-8.13459357535	-4.67290166467
-8.19574407187	-4.54308445529
-8.26648556132	-4.38904749744
-8.33189405947	-4.23594381256
-8.36398557789	-4.16788851693
-8.43697998379	-4.02097938015
-8.49526214254	-3.90299158624
-8.55830238444	-3.754715047
-8.64388149741	-3.59237318365
-8.75703385975	-3.37268791151
-8.83406068235	-3.21344777578
-8.91926463606	-3.03319634254
-9.05192146852	-2.8565449969
-9.08661034528	-2.78367750564
-9.14982180802	-2.66778957142
-9.14206913456	-2.60894839531
-9.14610782531	-2.56811397214
-9.19430026105	-2.46020440802
-9.22864461875	-2.36262589725
-9.29009214893	-2.25227126859
-9.39307415516	-2.10300286169
-9.50539885805	-1.9954174075
3.06669516545	9.24681543882
3.16836519543	9.10180679687
3.31612213974	8.95019435899
3.38589933412	8.85951904459
3.44651666327	8.76093893678
3.51718319573	8.62301267071
3.57430952254	8.49663132966
3.61687894292	8.40813505126
3.70331021511	8.1451329052
3.71320082719	8.0024280758
3.71948641371	7.88351628131
3.74922188913	7.80693130754
3.75923279697	7.70154011495
3.77196313034	7.52421277542
3.74226714568	7.42038095188
3.75574879656	7.31069139783
3.76366049099	7.19898563557
3.78669335313	7.04891345475
3.79779681338	6.96533853174
3.82876338797	6.84295217823
3.84805452297	6.731591498
3.89430572236	6.61528337012
3.91524937307	6.54531474986
3.96825103235	6.46224177339
4.02452775704	6.33829924983
4.09458931332	6.1862270983
4.1433941027	6.08319229101
4.20987669738	5.96940471358
4.24961982856	5.91150826635
4.29652156776	5.84235448503
4.38128755616	5.73982861778
4.49214123386	5.62811683862
4.68219174437	5.43850848194
4.76043127289	5.37175302133
4.83666377485	5.31581870889
5.01072258097	5.20824140343
5.14801011776	5.15213759638
5.23767871482	5.18227702521
5.40057706293	5.18991707485
5.49025227154	5.19664059627
5.60260900542	5.24574860394
5.70670502087	5.29372851443
5.78074181705	5.32519364459
5.84356952378	5.35985634368
5.91148974016	5.38818145575
6.027559072	5.49078945099
6.06173519078	5.53650637342
6.11968776953	5.65517058044
6.19350782167	5.76492346182
6.26886733813	5.88240783563
6.27724963394	5.96313263181
6.29839857694	6.09004531795
3.0666343468	9.24652829481
2.87463185771	9.2920939252
2.76752467145	9.33447408239
2.68958983552	9.35769444417
2.50020809432	9.46038370713
2.28968371162	9.51163335957
2.19303491459	9.5381488141
2.05757134594	9.55177945399
1.88579291488	9.56474279035
-11.4554719793	10.8294864926
-11.3831452091	10.726727898
-11.3515118038	10.6907247458
-11.2945958504	10.6080578904
-11.1853152461	10.4778347833
-11.1300145342	10.3889107787
-11.049224711	10.2540755895
-11.0141406011	10.1738166805
-10.9705267597	10.0448187823
-10.9537846804	9.87182750483
-10.9242789021	9.68943333658
-10.8907835211	9.50800492361
-10.9045081421	9.32614045892
-10.899467333	9.26853813395
-10.8851487991	9.08989100742
-10.8773694045	8.95181695427
-10.8567897191	8.80069223734
-10.843010497	8.58638811973
-10.8301029203	8.37857708043
-10.8401211265	8.1936457269
-10.8357068089	8.0406707648
-10.8343994563	7.79631397255
-10.813803554	7.28584543268
-10.8386354774	7.05799989112
-10.8562023698	6.90415256633
-10.8502461604	6.8103072924
-10.8553127627	6.71192988002
-10.7776034746	6.48250387719
2.15396472322	1.91974901278
2.47359572879	1.84803276017
2.55111525444	1.84707165622
2.84724703584	1.79242617883
9.05329902602	3.05205269812
9.23132944413	2.97585146019
9.35572051143	2.91417623467
9.44178298944	2.86182033614
9.53409364713	2.79914438043
9.62112584665	2.76260575819
9.72042534905	2.72531046934
9.82734087224	2.65339252858
9.89713518239	2.62064269852
9.99908870538	2.58882651996
10.2041666459	2.5458021209
10.3488917349	2.49227055896
10.4821928935	2.46234149801
10.6701898983	2.42258990349
2.15398158329	1.91982046413
1.83040636547	1.92407153539
1.60976979571	1.92608154185
4.74144631146	-4.95381805036
4.62479450252	-4.89022462635
4.46175866606	-4.81722374339
4.3691686246	-4.78396425656
4.25337592811	-4.72157657666
4.11367060523	-4.62947575098
5.42192543436	-6.9575462305
5.27163924949	-6.92021362257
5.03774468021	-6.82520374044
4.99250095319	-6.79142410093
4.94268812198	-6.8159998119
4.87063670283	-6.78359802237
4.80227342208	-6.75181012509
4.78078212756	-6.66422321491
4.74556118246	-6.6213612516
4.70729319927	-6.57700791098
4.66886202442	-6.53576838308
4.62925302679	-6.48574625231
4.58639878889	-6.42631585503
4.53461389057	-6.35876191146
4.46939884946	-6.27329935318
4.36346216488	-6.2071240483
4.28488200861	-6.08133975795
4.26058273695	-5.95960224021
4.11357201514	10.6967801722
3.92890033446	10.7736171846
3.82876921719	10.8132178593
2.61117904081	4.35547241239
2.56646540254	4.28187900421
2.47340474752	4.24336831037
2.38712523398	4.19542884093
2.31071709007	4.15559888072
2.19907871558	4.09405477275
2.05287611806	4.03018121044
1.94262748909	3.95224648119
1.87573933475	3.88776558383
1.78681016711	3.78665661541
1.73767655643	3.72591193095
1.67874070402	3.61836543941
1.60229440336	3.44883178978
1.57258831864	3.38885894094
1.53676463334	3.27123657361
1.50185537344	3.1263958624
1.48871718388	3.02362376572
1.43899894076	2.87803648657
1.47201599345	2.72417679171
1.46525625353	2.46206314216
1.46261027382	2.31677109981
1.45422615559	2.16779992231
1.45405562518	2.05787584893
1.60970034363	1.92610777859
-9.78541560343	2.5021331419
-9.73165919327	2.39504829841
-9.69021150395	2.2979582955
-9.63910902015	2.22636190742
-9.6072044544	2.14261173287
-9.54756032345	2.00776781688
-9.49686266442	1.85468143713
-9.47870867021	1.80147708248
-9.45107836892	1.69320976842
-9.43262088457	1.63094362206
-9.37265204324	1.40106289031
-9.32439863233	1.24639838264
-9.2835563088	1.12128538801
-9.24146971685	0.99005306313
-9.21392534691	0.890871649873
-9.18577846678	0.752995728584
-9.15457622005	0.651418933014
-9.1189277334	0.542721773801
-9.10944765706	0.489663570115
-9.08690657352	0.391706457558
-9.05762673344	0.243687713831
-9.03696309495	0.142242888487
-9.0200641439	0.0232786183234
-9.01334244388	-0.075366387755
-9.01019986081	-0.160508988609
-9.01152798686	-0.211686135634
-9.01569589055	-0.315775638079
-9.02608298783	-0.488960817427
-9.02830133376	-0.583717563893
-9.04982704443	-0.681989288184
-9.06043236025	-0.738898237919
-9.081669045	-0.869056276787
-9.09512740491	-0.952698062456
-9.09953508686	-0.965712726364
-9.14399551144	-1.08187253601
-9.15218691245	-1.13781167255
-9.17926558017	-1.21702524658
-9.24340509235	-1.43319023396
-9.24862403014	-1.51232389641
-9.27530324094	-1.63631375324
-9.3067656989	-1.73851633507
-9.35596445894	-1.83630304522
-9.40463718844	-1.91888936276
-9.50542198605	-1.99544793074
