143 0 117
5.2669 -27.8796 0.61847 
8.79457 -23.4531 10.1093
4.54256 -27.0885 -0.463203 
20.2658 -10.4014 -7.25403
-4.98229 -27.3239 -1.23362 
-8.7133 -28.3376 2.93069
8.79457 -23.4531 10.1093 
5.14791 -17.5975 13.7692
-7.46798 -23.0908 2.75198 
-7.73121 -18.6638 -2.16175
15.5657 -22.7354 2.2928 
20.2115 -13.2922 -0.313227
-17.4616 -21.9797 1.69087 
4.02736 -19.8182 2.0733 
1.24289 -17.9931 5.65679
-6.10089 -17.9006 11.9919 
-3.10211 -19.9349 8.2966
5.14791 -17.5975 13.7692 
16.0215 -14.143 8.74136
6.69366 -18.7896 -2.17408 
7.88397 -20.9065 2.39569
-2.20983 -17.3799 6.63242 
9.65766 -17.79 2.15478 
16.0215 -14.143 8.74136 
8.68448 -14.4738 -5.26635 
8.68448 -14.4738 -5.26635
-11.6276 -11.2879 -8.23695 
-8.22748 -0.796027 -15.8492
0.708064 -10.5366 5.33679 
0.913989 -10.7105 8.38171
6.38862 -10.9067 -4.88068 
6.38862 -10.9067 -4.88068
0.913989 -10.7105 8.38171 
1.11441 -6.23299 10.253
-20.3546 -9.83678 -9.27269 
-17.4978 -3.07459 -15.7482
20.2658 -10.4014 -7.25403 
17.2578 -2.92624 -14.7942
-0.862207 -7.22856 -8.43316 
-0.710447 -7.24198 -8.43397
-6.55941 -6.20746 15.3119 
-2.07661 -0.386809 14.8263
8.16393 -2.57614 -14.5382 
12.0661 -10.7408 -9.34244
-19.3096 -1.6591 4.05736 
-19.0474 10.1298 -1.91084
9.581 -0.79734 -17.5108 
8.16393 -2.57614 -14.5382
-9.07601 -0.385247 -16.9765 
-15.7793 6.66216 -5.57986 
-12.8402 14.0025 -10.3798
0.523413 7.0913 -9.49571 
0.523424 7.0913 -9.49571
15.9967 7.99335 -5.55562 
11.7349 13.6229 -9.4275
6.68095 7.24431 14.8506 
5.38077 18.9816 9.77095
-19.0474 10.1298 -1.91084 
-7.99955 10.291 12.7572
-7.99955 10.291 12.7572 
1.37553 10.3267 7.03747 
16.715 11.0569 4.6099 
6.68095 7.24431 14.8506
-16.3697 16.8019 -7.6225 
-13.2786 21.8277 -1.32798
16.0382 18.3879 -7.01402 
19.098 10.2344 -1.25021
5.38077 18.9816 9.77095 
16.715 11.0569 4.6099
1.3033 21.6307 1.89162 
2.1404 25.8693 1.15976
-3.96212 28.2855 -3.71033 
-2.11764 27.1374 1.29965
2.43079 27.9873 -2.39531 
-10.2467 -16.793 1.66666 
-7.46798 -23.0908 2.75198
-12.8402 14.0025 -10.3798 
-16.3697 16.8019 -7.6225
-12.3543 -19.7454 -6.60585 
-13.8134 -20.9665 -6.43315
4.39711 -19.6208 1.70541 
4.02736 -19.8182 2.0733
-20.7062 -13.6044 0.169762 
-15.9644 -13.5827 8.39415
-1.75295 -0.375917 14.555 
-0.667965 23.801 -0.316899 
-0.671581 23.7413 -0.362658
7.88397 -20.9065 2.39569 
4.54256 -27.0885 -0.463203
1.95721 -19.4161 9.30441 
-15.9644 -13.5827 8.39415 
-17.2358 -6.70147 7.18799
-3.38633 -11.8993 11.7563 
-2.20983 -17.3799 6.63242
-1.27763 -6.75501 9.91669 
-4.4412 -19.2326 2.23634
16.2721 -7.17815 8.17784 
5.86603 7.19247 -16.3988 
1.6167 -12.3329 10.0147 
2.25278 -11.4422 12.5002 
-17.2358 -6.70147 7.18799 
-10.768 10.9717 -16.6991
-10.768 10.9717 -16.6991 
-6.00197 5.10671 -16.2107
9.79138 10.9773 -16.4689 
5.86603 7.19247 -16.3988
-0.721591 23.0489 -0.681782 
-1.29811 23.6668 -4.80378
-17.4978 -3.07459 -15.7482 
-1.29811 23.6668 -4.80378 
-13.8134 -20.9665 -6.43315 
-20.3546 -9.83678 -9.27269
18.4294 -0.973 4.51627 
16.2721 -7.17815 8.17784
13.0672 23.3656 -1.21715 
2.43079 27.9873 -2.39531
2.1404 25.8693 1.15976 
-19.2496 -1.20977 4.35982 
-19.257 -1.27823 4.32134
-5.67853 22.3587 7.24261 
6.55013 22.1067 6.98873 
7.1942 -6.26004 17.2911 
2.25278 -11.4422 12.5002
-8.7133 -28.3376 2.93069 
-10.5066 -23.1916 8.69331
19.098 10.2344 -1.25021 
15.5657 -22.7354 2.2928
-20.7062 -13.6044 0.169762
1.95721 -19.4161 9.30441
1.24289 -17.9931 5.65679 
1.6167 -12.3329 10.0147
-3.38633 -11.8993 11.7563
7.1942 -6.26004 17.2911
13.0672 23.3656 -1.21715
-3.10211 -19.9349 8.2966 
-1.27763 -6.75501 9.91669
-0.721591 23.0489 -0.681782
9.79138 10.9773 -16.4689
-0.671581 23.7413 -0.362658 
-8.22748 -0.796027 -15.8492 
6.55013 22.1067 6.98873
-13.2786 21.8277 -1.32798 
-5.67853 22.3587 7.24261
0 1
2 3
4 5
6 7
8 9
10 11
12 5
13 14
15 16
17 18
19 20
21 16
22 20
23 11
24 25
26 27
28 29
30 31
32 33
34 35
36 37
38 39
40 41
42 43
44 45
46 47
48 27
49 50
51 52
53 54
55 56
57 58
59 41
60 33
61 62
63 64
65 66
67 68
69 70
71 72
73 54
74 75
76 77
78 79
80 81
82 83
84 41
85 86
87 88
89 7
90 91
92 93
94 95
96 18
97 47
98 14
99 33
100 101
102 103
104 105
106 107
108 101
109 50
110 111
112 113
114 115
116 115
117 118
119 58
120 56
121 122
123 124
125 68
0 126
0 88
4 79
4 75
6 126
12 127
12 124
13 128
129 128
15 83
15 124
21 95
32 130
34 127
36 11
40 131
40 118
44 118
44 91
46 37
46 105
48 35
48 103
55 132
57 77
65 54
65 133
71 64
71 107
134 95
92 135
94 136
96 137
138 72
138 136
98 122
139 103
104 37
112 66
112 132
114 140
116 140
141 142
119 72
