79 0 61
-8.68559 -28.5766 2.64107 
-4.9295 -27.5349 -1.13837
-4.9295 -27.5349 -1.13837 
-7.56395 -23.2194 2.92568
-7.56395 -23.2194 2.92568 
-7.79308 -18.567 -2.21076
-12.19 -19.6114 -6.39955 
-14.545 -21.0669 -6.41867
-2.83608 -19.6223 8.49417 
-4.48373 -19.4741 2.32651
-10.091 -16.3565 1.48552 
-20.713 -13.7921 0.294581 
-17.6149 -21.9177 1.29222
-11.1164 -11.8319 -7.53521 
-8.06955 -0.698883 -15.7779
-20.4739 -9.74786 -9.07627 
-17.4587 -3.21825 -15.7583
-3.64334 -7.04267 -8.29653 
-3.66611 -6.9648 -8.36562
-6.53798 -6.33346 15.3338 
-19.4184 -1.31342 4.0502
-1.15187 -4.99401 8.57003 
-1.66833 0.674727 -9.53312 
-1.66832 0.674743 -9.53312
-16.9855 2.41599 -16.3882 
-17.0574 2.49564 -16.2272
-1.69728 7.90775 -9.17298 
-1.69728 7.90775 -9.17298
-19.1973 9.90169 -1.98329 
-7.6337 10.7703 12.8847
-12.5716 13.7083 -10.3494 
-15.7214 6.75385 -5.66215
-15.0372 21.0952 -4.72634 
-16.5146 16.8874 -7.35785
-13.3515 21.8899 -1.44 
-5.75557 22.5531 7.06614
-0.684226 22.8295 -1.17339 
-1.15187 -4.99401 8.57003
-3.64721 28.2932 -3.75552 
-1.15376 22.9285 -4.84266
-16.2225 -13.349 8.1334 
-6.21548 -17.7441 12.212
-14.9756 21.1806 -4.59118 
-15.0372 21.0952 -4.72634
-2.41271 27.2334 1.81817 
-3.64721 28.2932 -3.75552
-2.22434 -17.2865 6.35954 
-2.83608 -19.6223 8.49417
-3.63778 -12.1487 11.8817 
-2.98892 -2.83744 15.6706 
-2.99298 -2.85629 15.6724
-8.9565 -0.282616 -16.9483 
-1.15376 22.9285 -4.84266 
-0.684226 22.8295 -1.17339
-6.21548 -17.7441 12.212 
-10.724 10.9992 -16.7385 
-16.9855 2.41599 -16.3882
-17.6149 -21.9177 1.29222 
-8.68559 -28.5766 2.64107
-5.9641 5.47342 -16.3058 
-8.9565 -0.282616 -16.9483
-17.1365 -6.8052 7.51186 
-10.3966 -23.3827 8.69525 
-7.6337 10.7703 12.8847 
-20.4739 -9.74786 -9.07627
-16.2225 -13.349 8.1334
-3.63778 -12.1487 11.8817
-17.4587 -3.21825 -15.7583 
-19.4184 -1.31342 4.0502 
-19.1973 9.90169 -1.98329
-13.3515 21.8899 -1.44
-5.75557 22.5531 7.06614 
-2.41271 27.2334 1.81817
-17.1365 -6.8052 7.51186
-4.48373 -19.4741 2.32651 
-2.22434 -17.2865 6.35954
-2.99298 -2.85629 15.6724 
-10.3966 -23.3827 8.69525
-5.9641 5.47342 -16.3058
0 1
2 3
4 5
6 7
8 9
10 3
11 12
13 14
15 16
17 18
19 20
21 9
22 23
24 25
26 27
28 29
30 31
32 33
34 35
36 37
38 39
40 41
42 43
44 45
46 47
48 37
49 50
51 16
52 53
54 47
55 56
57 58
59 60
61 20
62 58
63 35
2 7
11 64
11 65
15 7
19 50
19 66
67 56
68 69
28 33
30 39
30 33
32 70
34 45
71 72
36 72
40 73
74 75
46 66
51 14
76 29
54 77
55 73
55 78
57 77
59 14
