64 0 48
-10.3959 -5.75072 -1.51999 
-10.8405 -3.68354 0.373058
-1.63504 -5.28049 0.907313 
-1.55656 -5.25846 0.992921
-1.60675 -5.27322 0.935557 
-1.85317 -3.60802 6.82764 
-1.54033 -7.81272 4.78056
-0.812432 -2.57695 5.89562 
-1.88286 -3.02066 6.91128
-9.49611 -2.27138 -5.50345 
-9.2685 -2.25023 -5.63792
-3.55489 -2.31942 -4.0795 
-3.55489 -2.31942 -4.0795
-0.862883 0.239816 3.77455 
-0.862883 0.239816 3.77455
-0.888574 3.19859 -5.86185 
-0.813674 3.63466 -5.86386
-0.852866 4.33639 3.30311 
-0.852865 4.33641 3.3031
-0.639886 7.54396 0.897244 
-0.63971 7.5444 0.89642
-0.456254 7.76926 -2.08807 
-0.456253 7.76926 -2.08807
-3.72935 8.08186 4.99196 
-7.33343 1.59766 5.63987
-0.626801 9.01408 -1.12817 
-0.615558 9.71325 -2.24432
-6.05036 8.71205 -3.45203 
-1.66875 12.0718 -0.849552
-1.20327 9.68864 -3.88831 
-1.91162 8.58138 -4.65527
-4.84121 10.9867 -0.691292 
-3.78043 11.9723 1.49106
-1.3915 11.1119 -3.83123 
-1.20327 9.68864 -3.88831
-1.66875 12.0718 -0.849552 
-2.58254 12.1184 1.90076 
-0.700616 -4.86944 3.20938 
-2.09791 -4.59632 -1.41605 
-0.939418 6.53809 -4.58065 
-3.78043 11.9723 1.49106 
-3.72935 8.08186 4.99196
-9.06192 -1.81801 3.64691 
-7.03672 -9.76823 1.61291
-5.81326 -4.66334 -3.5156 
-8.73877 -8.34107 -0.499656
-3.05278 -1.23453 7.45176 
-3.08265 8.36375 4.93631
-3.20007 -10.4595 1.26587 
-1.88286 -3.02066 6.91128 
-1.85317 -3.60802 6.82764
-7.03672 -9.76823 1.61291 
-3.08265 8.36375 4.93631 
-2.58254 12.1184 1.90076
-9.49611 -2.27138 -5.50345
-0.700616 -4.86944 3.20938
-9.2685 -2.25023 -5.63792 
-5.81326 -4.66334 -3.5156
-9.06192 -1.81801 3.64691
-1.55656 -5.25846 0.992921 
-10.8405 -3.68354 0.373058 
-7.33343 1.59766 5.63987 
-3.05278 -1.23453 7.45176
-3.20007 -10.4595 1.26587
0 1
2 3
4 3
5 6
7 8
9 10
11 12
13 14
15 16
17 18
19 20
21 22
23 24
25 26
27 28
29 30
31 32
33 34
35 26
36 32
37 6
38 12
39 30
40 41
42 43
44 45
46 47
48 6
49 50
51 45
52 53
0 54
0 45
5 55
9 1
56 57
56 58
23 47
27 24
27 30
29 26
35 53
59 55
60 58
61 62
44 63
46 8
48 43
