49 0 39
7.30882 -10.507 -0.411417 
5.81361 -11.4739 0.296478
0.870118 -8.55343 4.63275 
5.26817 -7.89357 4.61099
0.657588 -7.93473 4.85304 
0.870118 -8.55343 4.63275
8.76852 -6.93407 2.14485 
10.6324 -4.67214 -1.58823
-0.475553 -1.54308 4.91951 
0.41149 -1.11478 7.21938
10.547 -2.09945 -3.90737 
0.27144 -0.0417479 7.02958 
-0.505461 0.711718 5.24314
5.83305 -0.150089 6.19057 
2.00233 -3.80189 7.13185
1.10645 3.35251 -5.5785 
0.623755 -4.75956 -1.39224
1.11129 6.19825 5.86896 
1.14586 11.0313 3.50978
6.74903 8.64164 -0.185387 
0.533472 11.6167 -0.14132 
4.53339 8.81407 -2.9957
3.81239 -10.1524 -1.49978 
4.85423 -11.8755 0.244889
5.8885 -6.9158 4.6522 
2.00233 -3.80189 7.13185 
0.657588 -7.93473 4.85304
11.4369 -0.774123 -3.30241 
10.547 -2.09945 -3.90737
4.30887 -5.39485 -2.53265 
7.95785 -9.47225 -1.4485
7.68935 6.88129 0.566746 
7.77033 1.90436 4.22484
7.95785 -9.47225 -1.4485 
7.77033 1.90436 4.22484 
5.83305 -0.150089 6.19057
5.81361 -11.4739 0.296478 
10.186 -2.0608 -4.42489 
4.30887 -5.39485 -2.53265
8.76852 -6.93407 2.14485
5.8885 -6.9158 4.6522
10.186 -2.0608 -4.42489
0.41149 -1.11478 7.21938 
0.27144 -0.0417479 7.02958
1.11129 6.19825 5.86896
7.68935 6.88129 0.566746
1.14586 11.0313 3.50978 
0.533472 11.6167 -0.14132
4.85423 -11.8755 0.244889 
0 1
2 3
4 5
6 7
8 9
10 7
11 12
13 14
15 16
17 18
19 18
20 21
22 23
24 3
25 26
27 28
29 30
31 32
33 7
34 35
36 3
37 38
0 30
0 39
2 23
4 38
6 40
10 41
42 43
42 14
11 44
13 44
19 45
19 21
46 47
20 21
24 41
31 32
48 1
