2832 0 0
-18.0477459708	-3.56259000385
-17.8684996061	-3.40484103555
-17.7091363368	-3.20587709022
-17.631190174	-3.0702947314
-17.5534502223	-2.90298310245
-17.5146545238	-2.79516109276
-17.4851316892	-2.70914926881
-17.42537344	-2.55398498193
-17.3528856878	-2.45241753149
-17.2777689789	-2.3121511863
-17.221166892	-2.23955886696
-17.1962760749	-2.20965487098
-17.1151364341	-2.15070173001
-16.9874524981	-2.18573021244
-16.9169495779	-2.193165472
-16.8406007368	-2.2151717634
-16.7012961726	-2.29458927646
-16.6061418903	-2.35281071402
-16.477352616	-2.48218723581
-16.3446351775	-2.67204598217
-16.3180021904	-2.71162935536
-16.2485659056	-2.84904930117
-16.1640566089	-2.97688692648
-16.0968060727	-3.07452536097
-16.0579466138	-3.14121731743
-15.9385026579	-3.26525433966
-15.7872662354	-3.47547330463
-15.7041053523	-3.66297396345
-15.5990056284	-3.84758041505
-15.4449857723	-4.03034817617
-18.5122850939	-0.812198320228
-18.5614665625	-0.867746283161
-19.2038716026	-1.57802159991
-19.4773204239	-1.75454838601
-19.6041601804	-1.89929309081
-19.7415528745	-2.0458373017
-19.8255905057	-2.17750412673
-19.8684987936	-2.26129068697
-19.9352466584	-2.38615999999
-20.004010393	-2.54801627261
-20.0507130622	-2.68689660102
-20.16768548	-2.94714620702
-13.8154120495	-9.63977726424
-13.6670412181	-9.81544987302
-13.597289474	-9.90683009013
-13.5260741654	-9.98393181579
-13.4289810548	-10.1019871969
-13.2333507496	-10.2752513699
-13.142094832	-10.351203288
-13.0638313513	-10.4133906417
-12.9397601862	-10.5065446628
-12.8240969954	-10.5937859965
-12.7084000408	-10.6704297828
-12.5797897267	-10.7798063193
-12.5114902767	-10.8270502489
-12.4030372146	-10.8999810974
-12.2924977648	-10.9730166996
-12.1426225748	-11.0627435244
-12.1340906256	-11.0684193359
-11.8896408138	-11.1758956286
-11.6146241787	-11.2953618398
-11.4560574595	-11.3664208195
-11.2604231444	-11.44384344
-11.1845063912	-11.5223748696
-10.9701862535	-11.6257001663
-9.87370596866	16.2848454882
-10.0330422084	16.069762922
-10.1452974767	15.9186874117
-10.2561365765	15.760887237
-10.2867767403	15.7125072721
-10.3720340882	15.5778990219
-10.4482689244	15.4555119986
-10.6011900346	15.253150895
-10.7020282234	15.091335692
-10.7729022934	14.9936397965
-10.8496086894	14.8710812398
-10.998230989	14.7422209803
-9.59432280789	12.6315648909
-9.45536067977	13.0811324989
-9.39415616287	13.2530309079
-9.47060607516	13.4876540721
-9.49952994968	13.6054592305
-9.52759431362	13.8087082189
-9.55217995869	13.9276343752
-9.57216827177	13.9958031819
-9.60909069323	14.1215393993
-9.61746001238	14.150783729
-9.15239744334	11.6949865513
-9.27957980263	11.8993795685
-9.42074980501	12.0885494833
-9.49532357831	12.3055619078
-9.55960236982	12.4160179434
-9.59432275567	12.6315645882
-7.13528148951	12.8284565212
-7.28796667259	12.9288899931
-7.4061310499	12.9913170654
-7.49711966541	13.0392202425
-7.59397886281	13.0894285046
-7.7198259683	13.1516754936
-7.89271343387	13.2560794145
-8.00167898564	13.3077266035
-8.23761876904	13.4815768648
-8.43270057486	13.6500208559
-8.5454987445	13.7993060791
-8.59268987479	13.8989712681
-8.60745031477	13.9893944827
-8.61169257791	14.0806785898
-8.62016452985	14.1876195056
-8.60404169645	14.2882554357
-8.57530639426	14.3893689295
-8.54494036421	14.5308149166
-8.48700629067	14.6492054177
-8.45702086904	14.7667449758
-8.42768519296	14.8643059727
-8.31354347605	14.9811426368
-8.22988569591	15.0612987781
-8.13933909122	15.1547356055
-8.01427087269	15.3310638872
-7.92364484981	15.4580862745
-7.88565941441	15.5418758808
-7.73029519976	15.590131231
-13.470621365	-2.64198795457
-13.445080476	-2.45747164114
-13.3293521447	-2.04040656404
-13.2735312643	-1.86146788256
-13.2353128904	-1.74078276766
-13.1562161678	-1.45117085714
-13.073760349	-1.27133749206
-12.9197741857	-0.95541532162
-12.8285567965	-0.786433469843
-12.7248041294	-0.621233791196
-10.2523675407	-1.98608139813
-10.2919693735	-1.86604698051
-10.3758366523	-1.66589798111
-10.4557484252	-1.46095995694
-10.4876401273	-1.36170605297
-10.4988633701	-1.31774217392
-10.5384303856	-1.15008305313
-10.6139947598	-0.970153426813
-10.6632912091	-0.82985352493
-10.758513048	-0.669017856987
-10.811926776	-0.571788269276
-10.8996800412	-0.447631882685
-11.1106223397	-0.208744221899
-4.00561796307	6.67993671669
-3.99143069828	6.48753023485
-3.98574549204	6.37690004642
-4.03910953905	6.27889075874
-8.90905962966	9.317756133
-8.93829924515	9.38771883581
-10.9701755519	-11.6256511154
-10.8523417305	-11.5917130735
-10.653131905	-11.56511529
-10.3050032626	-11.4941141166
-10.1473628044	-11.4142994018
-10.0667838217	-11.373315437
-9.90457884117	-11.2634119727
-9.68226316236	-11.1745254769
-9.55605058693	-11.0654593442
-9.45062530963	-10.9958555984
-9.28273053241	-10.9557781316
-9.18221999947	-10.904268753
-8.9233552626	-10.9165777238
-2.88568350193	13.1815601394
-3.04125121844	13.2606851869
-3.24561850949	13.3752607905
-3.36392627542	13.470560659
-3.48500861307	13.5551458657
-3.54392372744	13.6398438642
-3.65415850884	13.7471058146
-3.76314480105	13.8699008785
-3.86319039611	13.9849021961
-3.96372875939	14.0815869439
-4.03956736548	14.1475884139
-10.5701916429	-13.7203835295
-10.2807582718	-14.026959366
-9.97978768385	-14.2399855904
-9.83421711818	-14.3163852486
-9.57713405978	-14.4263539294
-9.30773182424	-14.5817292342
-9.07586824089	-14.6818152814
-8.90995222379	-14.7767305505
-8.76681935942	-14.8406704669
-8.60237197005	-14.9104042834
-8.4420310501	-14.9814090397
-8.24473315609	-15.0569747632
-7.45708346162	-15.2850070811
-7.10992240209	-15.3821774166
-6.7279341208	-15.5111413552
-6.65128214796	-15.5044419624
-6.48134534375	-15.5219272105
-6.27503612654	-15.3304038384
-8.92337295557	-10.916540337
-8.84509579436	-10.6033504859
-8.82164356308	-10.4231734486
-8.7601369692	-10.2000906787
-8.75118159267	-10.0849215613
-8.71560883994	-9.96751289062
-8.74978823877	-9.87545286962
-8.80067800427	-9.7718066935
-8.84785051233	-9.59846500384
-8.86370475569	-9.48342881676
-8.78302098482	-9.32303176787
-8.77150012531	-9.12355377502
-8.75903373951	-8.95526983067
-8.75084037101	-8.72178156236
-8.73449097697	-8.58173553623
-8.6968968306	-8.23800676347
-8.69261416144	-7.71774570509
-8.69491695705	-7.47347465487
-8.69313134962	-7.32881719683
-8.72881111746	-7.15305852763
-8.72384119883	-6.99882773979
-8.72069692812	-6.60728756155
-8.71813156421	-6.27915928056
-8.71611779651	-6.152145682
-8.73507119846	-5.95853826
-8.77161407863	-5.74123056291
-8.78108730483	-5.52799726023
-8.79108511816	-5.35937171259
-8.81342014198	-5.23861761869
-8.82131190175	-5.05284011676
-8.83423859408	-4.88189894132
-8.84533170181	-4.69826314525
-8.85691231387	-4.4982660466
-8.85703548852	-4.41476973685
-8.8349383817	-4.21187776477
-8.81891762076	-3.85920460129
-8.81132179856	-3.71215679395
-8.76097339022	-3.53487198506
-8.68065606475	-3.30171942912
-8.63707121547	-3.21570599468
-8.57715969836	-3.12927177135
-8.48119048684	-3.03552208072
-8.32699068577	-2.94475318631
-8.25784408375	-2.89620860484
-8.15598761353	-2.87901762795
-7.91293080081	-2.94019932068
-7.79132456609	-2.99014514447
-7.18336585252	-3.33435846347
-6.78514619642	-3.64998272585
-6.73241672054	-3.71240050529
-6.62594088851	-3.84019089144
-6.53345509416	-3.97943860159
-6.41475504154	-4.18299716137
-6.34521767245	-4.31953332245
-6.29389241567	-4.43144637194
-6.25422703791	-4.52842967776
-6.23550287263	-4.60066270238
-6.16807272659	-4.80254888354
-6.15627093232	-4.86993353286
-6.10601255376	-5.15082184148
-6.09758644283	-5.2951722783
-6.08827450222	-5.44940494149
-6.09003679332	-5.64715042686
-6.05163314561	-5.93251942468
-6.0319660905	-6.07741414112
-6.02922988629	-6.15518822625
-6.03027916583	-6.17789630053
-6.05266974472	-6.28420611186
-6.15796486224	-6.4536513191
-6.16417827843	-6.68987127763
-12.3599811254	-5.64274471446
-12.359958745	-5.64277529252
-12.3599587449	-5.64277529257
2.60055486012	13.7397054419
2.50697443535	13.5889497906
2.41462365709	13.5086211148
2.32442133255	13.4146572492
2.18415296951	13.209652961
2.13842609869	13.1182182279
2.07699815876	13.0426993928
1.91667125025	12.8120575921
1.79595605175	12.6191867453
1.72801866037	12.5066571102
1.67043909698	12.4055565797
1.61600520206	12.2804373218
1.43842587261	12.0462602911
1.30724356966	11.8689846894
1.21828624702	11.7483880322
1.11539987101	11.6089024619
0.972698232727	11.4108021404
0.905286237173	11.3171719367
0.788119992278	11.177267195
0.693747368756	11.0535931149
0.584598646964	10.9091540239
0.53513586015	10.8372275668
0.39490086318	10.6490779224
0.289480171573	10.5146110527
0.221240497226	10.429438349
0.139926656089	10.3283871736
0.0433720276952	10.2076071035
-0.190828441602	9.91145051655
-0.268874983275	9.81240484102
-0.358649534258	9.69645620593
-0.44379022509	9.58192517594
-0.495218723958	9.52095882821
-0.568890433943	9.4161060313
-0.639602764308	9.30723092748
-0.831414229185	9.00078966859
-0.882000756208	8.90355497368
-0.9597036773	8.77494729305
-1.09920551051	8.72789377107
-1.17389576921	8.58394714461
-1.22540155632	8.43661065196
-1.28800555782	8.26928820368
-1.33685146093	8.13136920429
-1.35738828957	8.07223363962
-1.39896766157	7.982525997
-1.41461427691	7.88247462391
-1.38673773145	7.78900027509
-1.32117597867	7.60978192528
-1.25634862682	7.51206763566
-1.13781943754	7.35913054187
-1.02496488811	7.30198154976
-0.861533452929	7.26750085556
-0.650977565447	7.2380005694
-0.493100631547	7.24976024917
-0.364277340156	7.2632248984
-0.269009188847	7.26795463006
-0.193578353492	7.28450759765
-0.055343328195	7.35896609437
0.125019334991	7.4560780902
0.238682497359	7.49729318534
0.331948676413	7.56572722123
0.508552223689	7.73643822393
0.70191437396	7.88466894978
0.766523077848	8.05011947181
0.894548121129	8.19099682784
1.04076028687	8.35238239216
1.1017890368	8.46935153169
1.19667803387	8.60156793349
1.27271409233	8.71310607722
1.37570412508	8.82484662153
1.44516967218	8.91850180076
1.50420527424	8.99676999067
1.57992131112	9.09207934299
1.7318882362	9.42024809654
-6.2444179542	2.41559683156
-6.34723264085	2.58071970384
-6.5151300293	2.73053412139
-6.72787037175	2.89618046067
-6.99364125204	3.04377159665
-7.141044966	3.16670191749
-7.42908306603	3.31670004633
-7.66007840848	3.44336947125
-7.69870662903	3.45886469133
-7.82280079652	3.50382166797
-8.10881098736	3.59108377733
-8.38137676906	3.63249523693
-8.59765188198	3.63129028663
-8.79596720784	3.61244910464
-9.02276076664	3.55630265775
-9.18623980742	3.51592342056
-9.41915917822	3.43208524316
-9.61615368109	3.35316892055
-9.73295548308	3.29426498449
-9.91572990334	3.21626663493
-8.13098410843	-11.8879973839
-7.98916379891	-11.6926742437
-7.83543234675	-11.4893850728
-7.48986636726	-11.4030766487
-7.21154928393	-11.2511429867
5.57818923933	15.2586863864
5.43856323529	15.4227103472
5.33226860566	15.5110577919
5.21674095543	15.5709536519
5.14680031046	15.606038349
4.89085862212	15.7354979101
4.78262532845	15.7735809778
4.592386807	15.8455919346
4.45863710075	15.8706381777
4.18815787109	15.9565864547
3.78131036535	16.0734845947
3.49218527812	16.1433502406
3.34829758426	16.1770241806
2.98801990664	16.286632895
2.63897700633	16.3816713604
2.28849802898	16.4841533733
2.02343125306	16.5526074233
1.97788267958	16.5647693344
1.88484525028	16.590183742
1.6533275309	16.5730023303
1.3635559001	16.5810560923
1.23906536639	16.6206683923
1.18270208846	16.6326098725
1.07486337877	16.6537466654
0.948771310683	16.6756202784
0.869317895952	16.6901297709
0.739671829984	16.7119992992
0.602054191515	16.7351546164
0.413716967046	16.7758500578
0.292376182253	16.786686317
-0.0881455886867	16.8512125961
-0.265851244002	16.8399630921
-0.572521345368	16.8062482399
-1.73930256457	16.1511269264
-2.17580900099	16.1740055869
-2.72510226094	16.2344891448
-3.06299257304	16.2988495059
-3.3118601564	16.3318621553
-3.56811909936	16.3613005625
-3.69861129594	16.3726877647
-3.77973323318	16.3848369509
-3.86613577289	16.3921556979
-3.96620393595	16.3971023883
-4.08939616108	16.4008699597
-4.34314042336	16.3995102367
-4.52273483737	16.3825486134
-4.71625662902	16.3655490417
-4.79615243757	16.3562732181
-4.90092944645	16.3417529363
-5.06284541711	16.3097742931
-5.24815455347	16.27674674
-5.36159850612	16.2534223773
-5.58576470258	16.2054839389
-5.73380506632	16.1776863121
-5.86151889833	16.1488469643
-5.9955213945	16.1090645981
-6.16133769326	16.0467280208
-6.22731108355	15.9943894527
-6.3733454038	15.905532116
-6.48029574647	15.8374750246
-6.6559291447	15.7109980948
-6.77037092525	15.6933573381
-6.87125290846	15.6266303581
-6.96186387695	15.5507065118
-7.10286300099	15.5204784816
-7.24783672061	15.5021900621
-7.3696523435	15.446977935
-7.47999461751	15.4634394031
-7.62956335138	15.542710263
-7.73030013422	15.5901229249
-7.79330413494	5.45618938716
-7.79091203363	5.46716564717
-7.74792415408	5.53872260597
-7.70769652111	5.68388277104
-7.68498524303	5.79978878171
-7.66872371893	5.85312998632
-7.65182025666	5.90414027327
-7.60886910265	6.00516629458
-7.55071533993	6.07343678166
-7.50330048489	6.16208330352
-7.37193879491	6.39518563593
-7.33415152942	6.46675874552
-7.30605303331	6.51203071817
-7.20270639123	6.71315601201
-7.12978928588	6.84846334844
-7.0910248796	6.97365268679
-4.94305568515	-2.1560306491
-4.81845033123	-2.04384784486
-4.75577010045	-1.97348988842
-4.65171428488	-1.88448653451
-4.54414732137	-1.80436562467
-4.38055029828	-1.65665195627
-4.27108643272	-1.60488920436
-4.2149579525	-1.57159087931
-4.12311076688	-1.51517945154
-3.97704668313	-1.43190792146
-3.83824299971	-1.35097093047
-3.80842576085	-1.33360028516
-3.70218413271	-1.26577623733
-3.43248111007	-1.13201395146
-3.17149955193	-1.01629929324
-2.98951226357	-0.968081069632
-2.80737791519	-0.924780087176
-2.65614819453	-0.895490972786
-2.50326622222	-0.87838839875
-2.36544159325	-0.888805174667
-2.02043646624	-0.928022672318
-1.80532530751	-0.977046010252
-1.69644222169	-1.01248993711
-1.61547437025	-1.04447728509
-1.44278013207	-1.1241597976
-1.32651695501	-1.1903719752
-1.15516830451	-1.30025759047
-1.04832446846	-1.37943992889
-0.933923760045	-1.46584846673
-0.832920081426	-1.55357064925
-0.625632099495	-1.74499442976
-0.458565743378	-1.88965501747
-0.210887698238	-2.13818935254
0.0290412502222	-2.36787959339
0.0975039270822	-2.43188181853
0.314688697144	-2.63726262875
0.537744725021	-2.85446396899
0.666753891274	-2.98647338609
0.733412908082	-3.05363449486
0.808663051194	-3.13220027916
1.01461778731	-3.34420603076
1.24313453851	-3.56531297552
1.49681343516	-3.80393515507
1.65231160367	-3.9455156869
1.82211488446	-4.12034480223
1.96324169975	-4.2447289883
2.16915112179	-4.4365602408
2.3241776298	-4.6035441052
2.37449787925	-4.63273283187
2.58921394887	-4.83234397455
2.73450133235	-4.94779816699
2.81173325601	-5.06905416379
1.73196163566	9.42026761324
1.62989300551	9.69882074681
1.58939364985	9.89636222285
1.60856728952	10.0352043751
1.62034098692	10.190754806
1.70835321058	10.3448532826
1.71186417976	10.4985188628
1.77015963483	10.6554921126
1.87000567527	10.935229663
1.91192657272	11.0351400771
1.99642796729	11.1890270456
2.13409298634	11.3870104135
2.26362256327	11.5129790888
2.36855937707	11.630119776
2.47434726754	11.7451819406
2.57525968955	11.8461796953
2.7584272246	11.9522360321
2.91438660215	12.0427228414
3.1894899887	12.1450315295
3.64538042831	12.3056143803
3.88847988282	12.3364463988
4.13577969886	12.3725809869
4.30435517365	12.3869275747
4.48412875909	12.3882803429
4.59021000933	12.3898958834
4.64355601258	12.3902369164
4.81359628559	12.3701674595
5.02363603056	12.3876850527
5.15934363121	12.3984840119
5.17731643367	12.3998869227
5.28760176224	12.4077562708
5.467644391	12.4258808322
5.61268275231	12.4339977743
5.74991736046	12.4375243525
5.91598724033	12.4512979928
6.11373335111	12.482584355
6.29900646639	12.4734661263
6.4262824358	12.4644358531
6.61811948952	12.4785135095
6.85831217714	12.4601799144
7.02267674486	12.442808821
7.32849662674	12.3907392327
7.55177117772	12.3435353395
7.72981540043	12.2917045335
7.90018531392	12.2566407935
8.2116171623	12.17564561
8.49720589354	12.0982196098
8.68648341634	12.0260401583
8.8055884109	12.0058628236
8.84273364956	11.991820328
9.03490829111	11.9222511224
9.24587974351	11.8403067713
9.38543701512	11.8143677786
9.64208486052	11.7288371447
9.94482311579	11.623725971
10.2872799341	11.5120821933
10.5583848853	11.3785702364
10.7443036947	11.4027597996
10.8723712795	11.381047508
11.0396809102	11.3538883545
11.2344736659	11.329280273
11.3926714074	11.3114434973
11.6664016342	11.2615038412
11.7677149258	11.2411304883
11.9089172325	11.2095227602
12.0280226409	11.1796119839
12.2059129702	11.1312278176
12.4639075043	11.0530198268
12.7159283662	10.9652594183
12.8459405204	10.9477469372
13.0670854311	10.932964885
13.1905712025	10.8817607584
13.3019695304	10.8611150701
13.4609909229	10.8155555137
13.6012644667	10.8180464244
13.751424915	10.8257982121
13.9009368991	10.8219309979
13.990931487	10.8414823998
14.2225075863	10.9179800819
14.2736822465	10.9507229815
14.3319924928	11.0046661488
14.4044879486	11.1161427408
14.4670210685	11.3059291026
14.4957644365	11.5339371632
14.4983987419	11.6631320505
14.4722678361	11.9549681791
14.4519722244	12.1379862184
14.4088177178	12.4194655933
14.3188503815	12.8307135774
14.2945345756	12.9405184545
14.2782794631	13.0219372764
14.2257136557	13.0728749989
14.1899643875	13.2384989928
14.1399922306	13.4387489473
14.1022642318	13.5354126473
14.0719119561	13.6758641275
14.0386618248	13.908811064
6.2929626531	5.53511473564
6.30320380305	5.54557112695
6.3355824425	5.57709612017
6.34791848085	5.58875237094
6.36418629149	5.60418411677
6.43708155711	5.67152648312
6.48516143201	5.71611803434
6.54909382706	5.77520656971
6.62001036662	5.84184152916
6.66680582613	5.88898218068
6.7659477857	5.97774518234
6.82307209673	6.03947588306
6.88610497122	6.09425976177
7.03643588259	6.22567628143
7.11118002527	6.28226791208
7.22923471039	6.35501904165
7.33210705416	6.41162158391
7.46730159825	6.48336884937
7.56552579253	6.51243629792
7.6490915303	6.53231142858
7.70464740854	6.53968896859
7.73404415274	6.54164247116
7.74561502781	6.54124997543
7.7753167397	6.54020396409
7.79897582596	6.5390254844
7.90172714466	6.51447571849
8.03232708811	6.42871482156
8.2963616074	6.25559081975
8.39232612208	6.1666845801
8.42523321606	6.13609311189
8.4437997547	6.11684535975
8.46687944721	6.09050571485
8.49255999054	6.05917597186
8.53417139387	6.00115073148
8.55029487949	5.96765759884
8.56731297649	5.92622642472
8.58770114741	5.87365619513
-0.679226588623	4.99832882451
-0.45052847628	5.08766211005
-0.334700817026	5.12651828911
-0.234107110773	5.16125159298
-0.137523439018	5.20556183726
-0.0277903452441	5.2639660074
0.160946071162	5.3407316547
0.260605098569	5.38849533965
0.34147822962	5.428133082
0.50714427943	5.55417002112
0.675238104775	5.62817044588
0.8645166861	5.70398052047
0.973854578125	5.76319572338
1.16048826419	5.89171541466
1.34503128977	6.00051612327
1.48622819782	6.09715331568
1.602607853	6.15742739221
1.76823770442	6.25002006937
1.89516231046	6.32332317418
2.06427986224	6.4272550069
2.18018951415	6.48902381132
2.40030451381	6.62296691021
2.57821362974	6.72133840763
2.71807170889	6.83118816182
2.88507038268	6.93278690815
3.07370085656	7.05156002847
3.18069835726	7.12747259653
3.35266301375	7.23658312719
3.48404650935	7.31099248628
3.63384017625	7.41172241329
3.80393552638	7.52797142086
4.1999569436	7.79262282118
4.37034727585	7.91292678924
4.50246739606	8.00486792394
4.5896016184	8.06533023859
4.67115733367	8.12102082149
4.85567733281	8.24673794276
4.99332508221	8.31855518882
5.15342368193	8.42063822831
5.23331907504	8.47138316916
5.37175142775	8.62684127709
5.58664203747	8.84592917987
5.61410630671	8.86708411376
5.73552826209	8.90421224909
5.84522358697	8.9356784588
6.10820300475	9.01766001275
-6.27505701008	-15.3304514061
-6.01681279839	-15.5919980678
-5.91011257073	-15.6655105971
-5.78321964808	-15.7642598103
-5.64939166363	-15.8629478405
-5.47044245023	-15.9789531713
-5.37698812785	-16.0437292637
-5.21791208666	-16.1404616857
-5.10681386877	-16.2080260974
-4.96791527556	-16.3417629082
-4.75911387618	-16.4248474068
-4.64119870787	-16.504820494
-4.39599508354	-16.5863860148
10.1933495935	14.3056419483
10.4230396479	14.1270928558
10.4997291285	14.0843839804
10.6270888466	14.0524278175
10.9485438621	13.9953667172
11.0830214987	13.9704077382
11.1569562417	13.9535480007
11.2600065451	13.9351537738
11.3722428868	13.9134574612
11.5526664656	13.8734386709
11.6845078593	13.8131981419
11.8562557391	13.7843810049
11.9071524524	13.7819019758
11.9991129067	13.7807499289
12.1051198117	13.7789579581
12.1921016787	13.7790031044
12.25834364	13.7844107504
12.4934167416	13.8199396025
12.6683861998	13.8426017578
12.7884265957	13.8757905181
12.8500939696	13.8827599338
13.0017721795	13.8271441764
13.240672416	13.8075829161
13.3143239881	13.7944210324
13.5709502918	13.8077347707
13.6246795076	13.7841360286
13.760690481	13.829761147
13.8636036016	13.8577998456
13.9348271845	13.8585913627
14.0385856356	13.9087981144
-3.33390146589	-10.6938506843
-3.55296108101	-10.5399855563
-3.67441142821	-10.4488978221
-3.80954189177	-10.3750632361
-3.97176614598	-10.1993318651
-4.21094208333	-10.0186836341
-4.33864995976	-9.87357082981
-4.67911062526	-9.54604006749
-4.84091446964	-9.36474647128
-4.94521705623	-9.21726255185
-5.03099315113	-9.08694539254
-5.15215790121	-8.86803979049
-5.22199725483	-8.69737949558
-5.29457010964	-8.55764037008
-5.34435484434	-8.48333577392
-5.40033088426	-8.36249541272
-5.52410191783	-8.136538323
-5.53428120642	-8.11233630001
-5.6371212727	-7.96895576653
-5.71117313213	-7.71689053598
-5.73795680097	-7.53788879523
-5.81596757359	-7.44484904486
-5.83255183716	-7.32098829134
-5.86324344389	-7.22698350244
-5.92649821747	-7.06779258877
-6.06895452989	-6.87197080529
-6.16418756947	-6.68990214228
6.84723357397	10.6619869941
6.85071747368	10.6616363933
6.15349682605	10.4657679743
5.94887246819	10.591232903
5.82933484098	10.6402764555
5.66940638972	10.6252785094
5.53664754506	10.633058568
5.3678856398	10.6415684838
5.08851002235	10.6142639023
4.99023614289	10.5993280531
4.82165690825	10.5803629692
4.6425155983	10.5440737561
4.43265116946	10.4920348144
4.30905407502	10.4508764818
3.93128587243	10.31391199
3.73699987879	10.1802392852
3.44063430263	10.0227013401
3.27300684198	9.91255594863
3.12507134847	9.82676817897
2.95513174051	9.76181346914
2.72838003355	9.65312111064
2.59953412178	9.5719507355
2.44897135598	9.51205181083
2.20150700231	9.42548756497
2.12491609257	9.4098133179
1.99816728536	9.40096681662
1.87180565948	9.39489003518
1.73203917059	9.42022885254
10.7381033855	9.98087539967
10.7850233278	9.96899191743
10.8572181009	9.95212066447
10.9806157438	9.92209058664
11.0914910795	9.90031738663
11.177243772	9.88323168704
11.2610495007	9.86806898547
11.3758471306	9.85039416514
11.4335165679	9.84052821295
11.624194791	9.80809725937
11.8052919107	9.75106837888
11.982561785	9.71966223547
12.3134206447	9.68072426075
12.4978316574	9.64458236208
12.5978970437	9.62729168408
12.73887983	9.6039732629
12.9149674974	9.57984516132
13.1927414145	9.55450704605
13.3084680483	9.55742041074
13.459194013	9.53999066418
13.5881442989	9.53192894113
13.7149022478	9.5288317155
13.84860726	9.52415237293
14.0084427955	9.52951612278
14.1938604866	9.50384699464
14.3837046078	9.4535363929
14.5308957021	9.40234742663
14.7019455307	9.35690308938
14.820816653	9.30589794411
14.9010699349	9.16192430978
15.0095208478	9.11215430518
15.0906168813	8.96720801567
15.139455535	8.89674126898
15.2573910397	8.69319647608
6.43280942013	8.93878729118
6.39010249418	8.93738908375
6.27385441136	8.98729319418
6.10820300478	9.01766001274
14.0370971589	13.9086951406
13.9720804631	14.1033429413
13.9127646802	14.2345047303
13.7782692941	14.4918047834
13.6686688562	14.6357007845
13.6156463086	14.7188473199
13.5872570925	14.8001194595
13.4832518195	14.9367499183
13.4770804777	14.9432526522
13.2868765368	15.1608836397
13.1321350114	15.3000757909
12.9895152976	15.374394249
12.8711250922	15.4619327701
12.7718058815	15.5254626607
12.6324212843	15.6138705011
12.54032733	15.6702542953
12.4440374715	15.744744864
12.2990827966	15.8579048245
12.1946184851	15.9148966233
12.0485476311	15.9856751873
11.8838873723	16.0646050146
11.6707802334	16.1496451608
3.33641620079	-16.3562678237
3.35365624294	-16.0024581964
3.39692095226	-15.8926494061
3.47907709398	-15.7092542284
3.52847868274	-15.5209610634
3.58880861678	-15.4173608018
3.65326086621	-15.3123466133
3.80699793264	-14.9845289399
3.86343248864	-14.8621474909
6.85070716771	-12.328599182
6.7862754383	-12.2406699353
6.68158837491	-12.1567443811
6.6016580836	-12.1403166729
6.47559740108	-12.0601593782
6.38368684488	-11.9489380009
6.32394463099	-11.8326622668
6.18060011301	-11.6917394872
6.13086461528	-11.6333830219
5.99993377169	-11.4435407757
5.85453232159	-11.2750636581
5.80366289371	-11.1621062691
5.75278697999	-11.0608963365
5.68626351952	-10.8628901692
5.65002478289	-10.7360538269
5.62008060721	-10.5620543065
5.63139014019	-10.4641869517
5.70493778256	-10.2534056973
5.75110281225	-10.1291926131
5.82192891602	-9.97097508985
5.89302780621	-9.83545513325
5.96691631939	-9.73805324718
5.99852563135	-9.70027136339
6.04753484997	-9.6188348837
6.17732824176	-9.49539449905
6.28648261189	-9.41846782839
6.39255601622	-9.33365343087
6.51439156914	-9.24619700384
6.61301803147	-9.1578778954
6.79993657236	-9.03106307219
6.92344713937	-8.94678080506
7.14520870933	-8.78989287831
7.38286767846	-8.61317249471
7.54943385152	-8.48922305197
7.84194420904	-8.25097896112
7.92139417264	-8.18615719481
8.22213497935	-7.94733130453
8.41332327856	-7.78880130064
8.45839712448	-7.74751038788
8.67290434749	-7.63142701376
8.8265472784	-7.45112553973
8.90341512452	-7.27335238281
14.6811376791	3.53452548165
14.5735473277	3.58106150563
14.4216700536	3.61090849778
14.1130323715	3.60233225505
13.9299536246	3.65990776209
13.8162615089	3.63217607151
13.6699927706	3.63115711226
13.3554047535	3.61126689649
13.2493425711	3.6075122435
13.1539727319	3.58538195098
12.9678804627	3.54215939237
12.8243026719	3.51775443894
12.7174810412	3.47621615056
12.6136938709	3.42929221459
12.4169124482	3.3039385865
12.3360384261	3.23024394906
12.2357816559	3.12721220523
12.1750430164	3.00876049809
12.1486101688	2.92500665462
12.1268611396	2.74957913828
12.133860961	2.67698377883
12.1435793236	2.53587986478
12.1581504337	2.42161342578
12.2079572327	2.17817312434
12.2265053071	2.07314319695
12.2532817615	1.88523971834
12.2965311259	1.56979255169
12.3081860576	1.42324082145
12.3366649381	1.21249185671
12.3282053973	0.681383361693
12.293226864	0.13378587723
12.2683406915	-0.186582309612
12.2418459466	-0.414655439326
12.202785461	-0.716319169984
12.1695156109	-0.957021302275
12.1327808095	-1.14240463324
12.0845599495	-1.30574354363
12.0591906777	-1.47294947699
12.0571537754	-1.644206586
12.0451399446	-1.83046055391
12.0242897443	-1.9988185419
14.5662516019	-3.99820676387
14.6447708576	-4.06916129413
14.710647457	-4.13097940438
14.731729198	-4.17163295455
14.7549679747	-4.1898887505
14.799753523	-4.2993967066
14.8397523148	-4.50882413607
14.9291405388	-4.63903470382
14.9683037669	-4.73370341492
14.8947449385	-4.95826313799
14.9085205003	-5.01236531807
14.9591504491	-5.08629835803
14.9956794968	-5.1349739906
15.0433635845	-5.17916741064
15.1794442022	-5.28259978335
15.3872237356	-5.40402938207
15.4579830394	-5.42146924697
15.5903959118	-5.45433023155
15.6215550786	-5.45743128222
15.7868724386	-5.44170229075
15.934082509	-5.46788692014
16.0800270069	-5.47349290698
16.2379531676	-5.44573986381
16.3411211784	-5.43962768832
16.4353059301	-5.43503131455
16.5476059015	-5.42931980557
16.6527776255	-5.42841488004
16.8155723039	-5.42062828884
16.8890308256	-5.4225162182
17.0044952537	-5.39571046071
17.111878857	-5.36792344573
17.2048782047	-5.33786951976
17.4168835643	-5.23733610677
17.5328710905	-5.1428407645
17.5867518859	-5.09282810862
17.644846728	-5.02714217558
17.7042140711	-4.94182404357
17.743553964	-4.86449108595
17.7945919933	-4.77924109538
17.8199158527	-4.58901279662
17.853593389	-4.42914316788
17.8834333476	-4.29552409167
17.9028600561	-4.20390222747
17.2360768277	6.70233797031
17.1990628532	6.80546372196
17.1185830877	6.99640845629
17.0496636422	7.13947670183
17.0145995161	7.20951063709
16.9114609819	7.39386593389
16.8737518659	7.46082696043
16.8382266295	7.51833975651
16.7869129288	7.59783700346
16.721448617	7.69680087445
16.6611104357	7.7598578984
16.5886745003	7.81662634592
16.5088887976	7.9119258216
16.422575855	8.07461662814
16.3195812531	8.1914263596
16.232666684	8.28049521571
16.1316503604	8.38028339839
16.0392282603	8.45897857724
15.8156247902	8.59912537961
15.7177321384	8.64724888826
15.593103817	8.69388723662
15.4696832793	8.74400339476
15.2573910397	8.693196476
13.8351411624	-4.23056758554
14.041592262	-4.19351442989
14.229551254	-4.10647483639
14.5662516019	-3.99820676389
-10.9017814167	-11.7158727739
-10.9701851791	-11.6256933261
-10.1581570756	3.30691288939
-10.1293093216	3.30613025307
-10.0461726564	3.27081799921
-9.99397601319	3.25048670991
-9.91569619701	3.21630137767
-0.482760938436	-13.9795541104
-0.428897248911	-14.0063733827
-0.394648063189	-14.0333239726
-0.335551041441	-14.0722252836
-0.136930907821	-14.2099247665
0.053849623344	-14.3449239964
0.166954919788	-14.3967814586
0.354472829943	-14.5360102345
0.471738234739	-14.6628583376
0.633577158254	-14.7251656051
0.776729050774	-14.7644235982
0.958059643738	-14.868744133
1.12907694447	-14.9928450545
1.23619447919	-15.0762460354
1.33177775801	-15.1427948657
1.52381675354	-15.2931873902
1.66472467127	-15.4132139049
1.80599125945	-15.5425859508
1.8989758018	-15.6511216489
2.06424997543	-15.8154198544
2.26912021396	-16.0497790342
2.32974668188	-16.0934869963
2.40432962908	-16.1518904114
2.57621123206	-16.2533957259
2.75423894097	-16.3247500921
2.87374537357	-16.3739587906
2.9599960354	-16.3817100323
3.01150926878	-16.383773996
3.08642932048	-16.3792793068
3.33619314405	-16.3563763984
-1.4562977855	-20.4860942558
-1.38624152613	-20.4734157964
-1.32906116715	-20.4232622618
-1.2980544828	-20.3778718574
-1.27240784748	-20.331301925
-1.11477182801	-20.0700518629
-1.06022400068	-19.9193671641
-1.05387898647	-19.9013574933
-1.0286260352	-19.8483040363
-1.03974675869	-19.7932149375
-1.00093722546	-19.7004442901
-11.1106180288	-0.208724305919
-11.2404831969	-0.158679076933
-11.468198749	-0.0917388807031
-11.6572400001	-0.0862695222323
-11.9813003247	0.00754734295445
-12.3117567708	0.0335218516456
-12.3684376728	0.0307557184922
-12.5429589908	0.00183919460922
-12.6910439352	-0.0441211994739
-12.806816857	-0.110845626362
-12.7690827189	-0.269543521062
-12.7277014245	-0.383135303952
-12.7247516735	-0.470192351783
-12.7247980059	-0.621252019321
-9.81847446839	-1.09188260165
-9.77710072097	-1.07012756775
-9.68001231003	-1.05675245395
-9.52396823684	-1.0200004905
-9.28717950922	-0.872257729481
-9.11515332675	-0.789483676122
-8.94696494013	-0.722923441533
-8.72319289871	-0.694867523739
-8.48527449528	-0.641140011872
13.4493291012	-7.76483180712
13.2678871066	-7.67101866735
13.1266586988	-7.56034746929
13.0573632667	-7.51885744876
12.8960553092	-7.5114035292
12.7726765484	-7.46555854925
12.6509444995	-7.4460950841
12.5369635205	-7.4292054174
12.4366152251	-7.42413056614
12.3625788554	-7.42527133502
12.2461432805	-7.43415745151
12.1252525603	-7.42611820004
12.0447268237	-7.4477394756
11.9055731388	-7.47289659703
11.7982063977	-7.48996468951
11.6504859827	-7.51564018942
11.5260815629	-7.56443170562
11.4029719669	-7.5703466949
11.253277686	-7.54855796554
11.0001183312	-7.53206732442
10.8387264291	-7.52076456242
10.7241720163	-7.51874931467
10.2434207608	-7.4423263539
9.99569281016	-7.41358707568
9.79550197813	-7.3915448828
9.74352745783	-7.40513941322
9.56168173748	-7.39102721593
9.39500932883	-7.35930840543
9.23859645167	-7.35026815813
9.11559849502	-7.32857048872
8.90342003555	-7.27329096444
-8.54794786545	-11.1886870781
-8.55803298948	-11.1474452486
-7.73029704565	15.5901293279
-7.86378646528	15.8288155785
-7.89857498852	15.9227190378
-7.93478368828	16.0190095556
-7.95749185178	16.0614850469
-8.04777338349	16.1612352091
-8.21043433214	16.2208680764
-8.25396494605	16.2303321957
-8.36255424275	16.2368824172
-8.4286702159	16.2465111514
-8.60082394878	16.2181002478
-8.98256318621	16.1422841902
-9.36471046581	16.1901089699
-9.60957874578	16.2052460511
-9.80680487678	16.2184349214
-9.87370596593	16.2848454885
-8.93830688132	9.38770936596
-8.97438503316	9.55601390748
-9.01706137031	9.79689670173
-9.03303836752	9.91160748542
-9.05135527611	10.1019054446
-9.07408426966	10.4109019493
-9.0957798551	10.6983695319
-9.09772080044	10.9226155357
-9.14357697089	11.0733821157
-9.16815545601	11.3717960538
-9.16840537272	11.4638766292
-9.15240012455	11.6949973751
-4.46239669936	12.1386689616
-4.60700951827	12.2376640258
-4.77258637279	12.3039108316
-4.9497695702	12.3650189819
-5.13730322647	12.4767522524
-5.37363879185	12.5416070889
-5.53681073606	12.5679419241
-5.77057136317	12.6104932088
-5.8957810386	12.6419748141
-6.04442208893	12.6460798694
-6.20275863973	12.657926904
-6.35406671253	12.6910210069
-6.46472071503	12.6736924601
-6.52448162595	12.6597594648
-6.72041936217	12.7080070137
-6.86321372736	12.7548001026
-7.13618514151	12.8279466019
-3.21339521709	5.83737010024
-3.29033106129	5.59127391027
-3.37560820043	5.28871595941
-3.3439690294	5.09045839267
-3.46441316469	4.724466181
-3.58042185112	4.51444625184
-3.62363146334	4.38903812913
-3.71138948795	4.24027258195
-3.79544076193	4.0517862131
-3.86010032263	3.88553696462
-3.90492862966	3.78092866143
-3.96504340406	3.60894207908
-4.03389604434	3.41637811658
-4.11535077638	3.25199572809
-4.10767391747	3.14856676957
-4.11090190102	3.06262232348
-4.11095455259	3.06268434638
-4.33539276445	3.15699834211
-4.65293954222	3.27222397986
-4.85054536924	3.38702722046
-4.95516924586	3.43906232119
-5.19932756527	3.58093612209
-5.52441123303	3.78268183258
-5.80852480184	3.99126280841
-5.99065250705	4.13300900327
-6.16078503133	4.29277078049
-6.30369483865	4.43971376494
-6.42822656688	4.58319449508
-6.59418550133	4.82006790736
-6.64704894116	4.96621225632
-6.71252965832	5.21305442372
-6.74712422282	5.43057753426
-6.76068599209	5.71881532563
-6.82615616815	6.27753461924
-6.89567759393	6.54464567806
-7.03921933544	6.84817130502
-7.09100863375	6.97348611157
14.6234938351	7.48651988129
14.6829174599	7.22590613175
14.7209470307	7.0503486966
14.7376033457	6.95406056966
14.7473009355	6.82460802423
14.7468540515	6.6365192175
14.7788613728	6.34798366065
14.7976028751	6.21180055667
14.784992285	5.93085022517
14.7960616316	5.84418371162
14.7983464409	5.75699877983
14.8029168348	5.57157791739
14.8037971968	5.27426554622
14.7991692745	5.09222347277
14.7940777883	4.8502444611
14.7942358527	4.59136754745
14.7853389913	4.39420373183
14.7864628781	4.08513066796
14.7696249295	3.85177828057
14.7454679883	3.70509245261
14.6811401656	3.53450759746
14.4002282212	-6.20634742413
14.3478863135	-6.28136724712
14.2986061873	-6.34049856253
14.2483690129	-6.43952271649
14.0967795192	-6.56840418216
13.9630197615	-6.63472946505
13.9914042021	-6.7447185324
13.9802897177	-6.8313970845
13.9379208646	-6.9467472302
13.9021615502	-7.04647677435
13.8648229619	-7.12361931097
13.8259318473	-7.27369775917
13.7821599147	-7.39966342503
13.7046175867	-7.53570151936
13.5950627362	-7.67165678845
13.4494274656	-7.76499363726
-8.06539546154	-12.959590491
-8.26394243901	-13.0291919324
-8.43012415911	-13.0671410036
-8.76324738326	-13.0827524135
-8.87241590857	-13.1347711669
-9.00411692116	-13.1542735816
-9.12814456763	-13.1516274459
-9.2365939414	-13.1696836946
-9.34765063508	-13.1857984004
-9.45475451196	-13.132452985
-9.57603646838	-13.1594830973
-9.67718569704	-13.2123557373
-9.76225640763	-13.2366622731
-9.87558445716	-13.26014362
-9.96503855424	-13.3366029556
-10.1392778671	-13.4261772057
-10.2197847346	-13.483452478
-10.3314107135	-13.574612391
-10.367807918	-13.60775229
-10.5702167037	-13.7203797781
11.5584109906	7.99052961468
11.5090009742	7.73139221714
11.4668523736	7.52713319382
11.4081929451	7.30944578128
11.3790903759	7.05326708366
11.3372309816	6.86079972556
11.2801747269	6.70596859829
11.240620607	6.49053491554
11.2412833863	6.39067966314
11.2247194072	6.22015265552
11.1576030042	5.99114457376
11.1191427183	5.87543806087
11.0681086491	5.73484863505
11.019497209	5.62733640825
10.9753372091	5.46703531681
10.9362199366	5.3669962074
10.8402353233	5.19016282984
10.7453363806	5.04006146658
10.5800404774	4.80588497102
10.3007209293	4.53012617107
10.1856953519	4.43107290576
10.1454141279	4.39702887036
10.0769725765	4.34155149719
10.0029900395	4.28342853742
9.90602924009	4.20991388215
9.78167756745	4.12331114385
9.66424842838	4.07583450296
9.55215196636	4.00008738712
9.3645255675	3.87791981078
9.25672684821	3.80581354231
8.76654623801	3.54390846404
8.2983110726	3.27133859687
7.88679215859	3.04094773192
7.72151087534	2.94365373676
7.12909669134	2.59444857196
6.97746829959	2.50624305192
6.77171540507	2.37563912611
6.5744308355	2.2388489555
6.32938692927	2.04121856019
6.13987362097	1.89485639084
5.96197190934	1.68148778027
5.84499400894	1.54632354055
5.72029491615	1.41186582375
5.66899411537	1.34837454433
5.54964353201	1.19260754995
5.38635479922	1.00000102187
-9.9157298837	3.21626663103
-9.96685275385	3.11254547813
-10.0588848261	3.01378847778
-10.266079576	2.82318490847
-12.3505269735	-3.01067864661
-12.6364049879	-3.14542319232
-12.8071402431	-3.17102424781
-12.9167967044	-3.16229842058
-13.0532693998	-3.12659047628
-13.1923721402	-3.07334424498
-13.2810571007	-2.96394510484
-13.3827853487	-2.8312054492
-13.4705497745	-2.64200002453
6.10820300482	9.01766001274
6.10574781829	9.16233390993
6.12141323526	9.28463934162
6.0508381976	9.43988094921
6.02919675119	9.56951907367
6.04708849752	9.61978915761
6.03558922623	9.73545723402
6.05645310448	10.0383676152
6.11233760841	10.2021646438
6.15353973204	10.4657752192
-3.4990726087	-19.3552682674
-3.29676566198	-19.3886353728
-3.0901471315	-19.4100327203
-3.01834015441	-19.4098056293
-2.91276373748	-19.3940117009
-2.80967844837	-19.5096807483
-2.75352554049	-19.5201040831
-2.71873856577	-19.5249064283
-2.58185090032	-19.5412168459
-2.49887833363	-19.5600632111
-2.35573953624	-19.5742340781
-2.28769972908	-19.6056766571
-2.1468890612	-19.6290927302
-1.94853465895	-19.5743468939
-1.77017999716	-19.562119686
-1.53428789875	-19.5305327653
-1.43486744957	-19.5345271724
-1.30263347939	-19.5677838991
-1.22395036774	-19.5906390513
-1.00094845114	-19.7004103849
1.14713612499	-12.891706801
0.869296372772	-12.8488114614
0.711875135423	-12.8145394791
0.497852146675	-12.8641503682
0.326939369972	-12.8562487559
-0.12426076058	-12.8264399643
-0.398178294486	-12.8047515581
-0.598006537643	-12.7737456881
-0.869171119862	-12.731337656
-1.03426944382	-12.6804316136
-1.20310617022	-12.586462288
-1.33816257741	-12.5569344513
-1.51810901576	-12.4968657965
-1.73714024204	-12.4075762479
-1.90956090243	-12.3189932276
-2.10533126598	-12.2070286675
-2.24240844256	-12.0940591249
-2.39794823601	-11.9853702654
-2.57353221764	-11.8380811722
-2.73124900471	-11.6215437246
-2.90153711872	-11.3901435291
-3.0602774441	-11.117495722
-3.11787729436	-11.0036816676
-3.17677322085	-10.9019049801
-3.33391679977	-10.6938413739
-12.8619550137	-7.18777675846
-12.8816261159	-6.99508795444
-12.9151605586	-6.78619205345
-12.9788734146	-6.50947907387
-13.0320961798	-6.16789041713
-13.0439554454	-6.08885093046
-13.0448275497	-6.00108702731
-13.0566996586	-5.89210871056
-13.0863594919	-5.73819870645
-13.1130389793	-5.57098072418
-13.1332944384	-5.40806847714
-13.1669551522	-5.23156701183
-13.1951350304	-5.15361118896
-13.2339269961	-5.05289878832
-13.2745677451	-4.96848799609
-13.3584922385	-4.86938438798
-13.4816545526	-4.73899059234
-13.594091979	-4.66687122677
-13.6724396521	-4.62211251383
-13.7524792238	-4.57445729818
-13.890543025	-4.49005543922
-14.1013742711	-4.38539552495
-14.2350867936	-4.33185671555
-14.3267564929	-4.2862717862
-14.5349383039	-4.22058400836
-14.7617596968	-4.17126343026
-14.9207508618	-4.13103445204
-15.1260821315	-4.07849345516
-15.2338972675	-4.0450071958
-15.4456188831	-4.03070025131
8.90342575979	-7.27297547947
8.80244343672	-7.14528488926
8.76034661576	-7.0686330284
8.72007448299	-7.00164880793
8.6920835772	-6.91693168539
8.58346483788	-6.82511473499
8.48638587556	-6.71400073173
8.29424538844	-6.52639239081
8.12853826057	-6.34900057063
7.99097645143	-6.2935505408
7.85662461172	-6.19423685015
7.77856822193	-6.13647323528
7.71736655229	-6.08244332918
7.51014865147	-5.94704429758
7.40416236216	-5.88320514567
7.32010547777	-5.82474626536
7.18690088098	-5.79105790997
7.10189380651	-5.75624430196
6.91146614528	-5.67126727083
6.69561690374	-5.56852402507
6.65063652347	-5.56640130766
6.44505025808	-5.49308009542
6.26579353347	-5.44710854126
6.15235743071	-5.41719458084
6.04900928473	-5.3916939893
5.80896720405	-5.32187379756
5.58200087632	-5.27495208346
5.40523171384	-5.25287707717
5.25812654343	-5.22809075172
5.10066589598	-5.20515546582
4.98059057242	-5.18368083394
4.39572299407	-5.10867553018
4.17689569846	-5.09059175732
3.9252989994	-5.06978805681
3.68498925249	-5.08069263556
3.51042261545	-5.06825693687
3.2837810722	-5.07922224582
3.14900232132	-5.0731603572
2.98664716342	-5.05462555742
2.81177715423	-5.06910156652
11.6707817794	16.1496385765
11.58797451	16.2386348708
11.2934585835	16.3839636122
11.1780041066	16.4471543235
11.0630308243	16.4919197021
10.9544488664	16.5363517784
10.80513898	16.6032030801
10.6691939145	16.6900831376
10.5699274428	16.7426585124
10.289343444	16.8783206206
10.1996468628	16.9214366513
10.0699670379	17.0215499883
9.90899602816	17.0791780141
9.81307087071	17.1128403574
9.75702189289	17.1312509291
9.6553660026	17.1619451367
9.52843494496	17.1629990684
9.45254873052	17.1692431506
9.27564316658	17.2154397021
9.18493958739	17.2383418258
9.10458767139	17.255568792
8.92964489635	17.292651201
8.81220578582	17.3135074774
8.76415022056	17.3210252723
-1.49746284429	13.6011058994
-1.63032018986	13.5482495762
-1.74038909406	13.5013719279
-1.84400759792	13.4612584768
-1.91170599622	13.5094682338
-2.04231509186	13.4733515036
-2.12308778196	13.4482704096
-2.18513063963	13.4132438805
-2.23728820068	13.3952646585
-2.42593607785	13.3092705998
-2.60870045471	13.2513604789
-2.73380794982	13.2261443737
-2.88557738354	13.1814281128
0.197675467445	-19.1071711915
-0.0490266480129	-19.3132650275
-0.142261227642	-19.3791923577
-0.270872766756	-19.4442542746
-0.448415064189	-19.5196884751
-0.685283491275	-19.5292028663
-0.815896771329	-19.59440042
-1.00095331212	-19.7003461181
-17.4974087911	-0.00750111796045
-17.2030114824	0.287433965273
-16.6531388875	0.530026343163
-15.9333120611	0.62017944014
-15.5692491439	0.615749741561
-15.1597082523	0.669468411618
-14.8212230128	0.717487212053
-14.1430439428	0.791146734748
-13.8446122356	0.851533626905
-13.353111889	0.924964183463
-13.0917955947	0.955483357656
-12.453757439	0.989758225719
-12.1143866058	0.92759572194
-11.6498745179	0.746068162408
-11.5085206118	0.630532519336
-11.3715037796	0.493096841859
-11.129784398	0.0816421645774
-11.0525868522	-0.144447948436
-11.1106157299	-0.208714716833
5.38633084151	1.00006048046
5.21539537266	1.03279299484
5.05953565263	1.04271000265
4.89436258759	1.06559518676
4.64824757982	1.11237040882
4.51568572413	1.12756884685
4.40036782458	1.14274350613
4.27914948052	1.1296355984
4.16331919014	1.16860235651
3.99395685341	1.19031619245
3.65768147162	1.23709710528
3.44457711264	1.25871207976
3.27898821036	1.2816727544
3.11256716164	1.29570199964
2.79066949633	1.3576721494
2.59233266225	1.40256117825
2.39594512158	1.44508657652
2.26287905001	1.48094772369
2.08350215391	1.5497952614
1.83355935389	1.61347059811
1.73315150226	1.64176608468
1.53661426447	1.67765291253
1.32288787174	1.75968771514
1.12886798303	1.84055955315
0.85849816919	1.95996589893
0.695258686152	2.04266077412
0.578197145242	2.10554438177
0.486519119386	2.16929239268
0.362015006541	2.27473298382
0.27576512388	2.33114050994
0.207971939231	2.41027006087
0.083614601437	2.59393121174
-0.0660449689706	2.88070761441
-0.147480958166	3.076881427
-0.2535796631	3.35738951275
-0.369183580493	3.59763915811
-0.401588358346	3.77235174481
-0.433135469244	3.90406006458
-0.471099317401	4.03887222733
-0.495467356011	4.16415388409
-0.567007481505	4.27884478353
-0.597294988219	4.41972580536
-0.641949937769	4.61842195402
-0.652571638596	4.7145240842
-0.65852836812	4.81793740731
-0.644106004307	4.8950167809
-0.679276561879	4.99817049833
-19.2820101819	-1.9360795614
-19.2811447601	-1.92967732525
-19.2608111673	-1.90342516271
-19.2037421293	-1.57836207948
-11.0374290205	13.0477403906
-10.8681382901	12.9574721154
-10.7386051465	12.7904403897
-10.7116356517	12.7391709029
-10.6830698903	12.6980265823
-10.6314139156	12.5614928641
-10.4945438682	12.5107206566
-10.3860796569	12.5041833169
-10.2542553764	12.4990635996
-10.1016474777	12.5226049923
-9.94438296619	12.4992177546
-9.91131532885	12.50816782
-9.5943228079	12.631564891
-8.60063876086	0.124533627906
-8.57048312051	-0.12210606408
-8.54732802734	-0.236067222798
-8.52578241194	-0.442208982912
-8.48524823513	-0.641115573703
-18.0477459492	-3.56258998105
-18.1487765231	-3.50083281397
-18.2050827256	-3.4598650213
-18.2960990886	-3.38915511325
-18.4153515659	-3.33584969464
-18.4879739202	-3.27665162819
-18.5519954555	-3.15059272831
-18.5771698894	-3.04166883436
-18.6698751433	-2.86072332718
-18.6639994906	-2.70181532028
-18.6121017046	-2.56634945861
-18.6594825866	-2.26019629078
-18.7969875745	-2.07799257984
-18.8833616256	-1.88119021972
-18.9188864733	-1.8064915287
-18.9590512075	-1.75918527092
-19.0727506064	-1.63482079348
-19.2039768043	-1.578201037
-18.0477459802	-3.56259000613
-17.9853896439	-3.61201041576
-17.9272017486	-3.63142962323
-17.8261218465	-3.70708650151
-17.7915967608	-3.80730351924
-17.7449111901	-3.90797887727
-17.7093098206	-3.98775995909
-17.6488501043	-4.05278592089
-17.5173154346	-4.18649454618
-17.3967848143	-4.35580590193
-17.328613563	-4.49743790767
-17.2824769654	-4.58535344352
-17.2086846691	-4.69913113215
-17.116982891	-4.8662135741
-17.0141177706	-5.04067955128
-16.912116059	-5.22303013494
-16.8736398815	-5.32226276289
-16.8131939957	-5.47494459302
-16.742613288	-5.68103126926
-16.6611305924	-5.90772008643
-16.5947945431	-6.09678707592
-16.5301961611	-6.24969820487
-16.471056082	-6.40892012715
-16.3942005374	-6.5533116403
-16.2896089314	-6.74416649201
-16.2151380439	-6.87836965846
-16.1555664379	-6.99280821699
-16.0687672818	-7.15240109556
-15.9422829993	-7.40931906091
-15.7098314199	-7.90008774944
-15.5071911952	-8.2151432189
-15.3758458418	-8.44966444886
-15.3208385759	-8.57036248272
-15.1574467819	-8.83376277748
-15.0382454243	-9.0283420825
-14.9240719178	-9.22865991289
-14.8155840536	-9.41955862085
-14.700721085	-9.68543951186
-14.5941555875	-9.95275354369
-14.3015643959	-10.5114297013
-13.9026124494	-11.0860498004
-13.4992246494	-11.5207088359
-13.0816758332	-11.9387021574
-12.8733402357	-12.1129374461
-12.6928813491	-12.2613863373
-12.5826689319	-12.3326989501
-12.3942218544	-12.4599395619
-12.2677459274	-12.5401669666
-12.1668043436	-12.6076539924
-12.003230724	-12.7174445056
-11.9273150444	-12.7680305658
-11.7319752847	-12.8821431505
-11.6052170314	-12.9635136173
-11.5576751337	-12.9884199885
-11.4177831941	-13.077197508
-11.2490751319	-13.1951351945
-11.124298592	-13.2776451557
-11.031135671	-13.3410020429
-10.9320093511	-13.4093422272
-10.847992328	-13.4696407564
-10.570138232	-13.7203478616
-19.2038292568	-1.5787749166
-18.9623645509	-1.26136486121
-18.7686836239	-1.03672088177
-18.6804390278	-0.938819240641
-18.561426656	-0.867781746196
-9.87370596862	16.2848454881
-9.75249663712	16.4963189937
-9.6998695323	16.5718368227
-9.58688110983	16.7112928198
-9.42888504039	16.8895856407
-9.25895523369	17.0439759706
-9.10865097283	17.1582617501
-8.99525310599	17.2326868607
-3.59676199804	17.5555058063
-3.10412582298	17.4349152138
-2.6348402052	17.2731423228
-2.57987450423	17.2550166782
-2.4284057262	17.2013338794
-2.26731229463	17.1368903937
-2.07339369173	17.0577351704
-1.96967885782	17.0124896536
-1.82170391031	16.9460500885
-1.72000607366	16.9045713995
-1.47972109098	16.7820141118
-1.35600808694	16.7012637338
-1.20842218049	16.6016475566
-1.00732854778	16.4593950781
-0.849134531989	16.3435853716
-0.709472789195	16.2485220305
-0.464839981301	16.0934624424
-0.279038993576	16.0268486987
-0.10883288723	15.9543022029
0.0808584656379	15.8766423192
0.23868493806	15.8046039711
0.494792856258	15.6962103043
0.744851891138	15.6044202055
0.878763930494	15.5418452963
0.936726818998	15.5157029513
1.06759646759	15.4342665181
1.18663812638	15.3690833735
1.44634272838	15.2029184598
1.55995048277	15.096594436
1.65699011616	15.0119409383
1.74268347971	14.886284172
1.90923605017	14.728342752
1.97376106739	14.5978149641
2.07846959761	14.5195143059
2.17156785364	14.417547235
2.33513535624	14.179343383
2.39902245254	14.060807415
2.48564119676	13.8647041505
2.60052154467	13.7397091916
-9.15240012461	11.694997375
-8.94564827824	11.746192248
-8.70829931055	11.7868415724
-8.45421472893	11.7896870806
-8.38366730775	11.7972380586
-8.28145158647	11.8015196158
-8.07965122182	11.7574047568
-7.98684527833	11.7509132239
-7.87425838108	11.7408833955
-7.6887583857	11.7151315953
-7.42942300512	11.5873260581
-7.24109830919	11.4598422623
-7.02986728025	11.2917713466
-6.91560840844	11.1534908257
-6.71049317827	10.938669942
-6.63247392118	10.8223638581
-6.593111697	10.7632335384
-6.463389617	10.5464898607
-6.388420283	10.33102927
-6.35262209135	10.0991611266
-6.36743951537	9.8309611271
-6.37438516005	9.78093045197
-6.37210950421	9.68074414829
-6.39373833921	9.57721529646
-6.46117775319	9.3789209094
-6.54865505694	8.96823834419
-6.65399566239	8.56163898859
-6.83022647106	7.9523482379
-6.93519522361	7.61466382867
-7.06064359208	7.31649250853
-7.09044485426	6.9734872652
-15.4451247418	-4.03023002905
-15.5484262901	-4.15296711864
-15.5710823478	-4.41517631326
-15.5698737364	-4.57945994427
-15.5715968202	-4.70858436183
-15.55383142	-5.04759198261
-15.5210625083	-5.2442692266
-15.4842341549	-5.37742031928
-15.4303282116	-5.57038319943
-15.3422215426	-5.66622579197
-15.2886526744	-5.79239444259
-15.2424481715	-5.89936476749
-15.1747764718	-6.03018908709
-15.0959821164	-6.10033551483
-15.016334507	-6.2417279745
-14.9449756056	-6.34402048452
-14.8664019736	-6.45470333385
-14.7486103094	-6.59039306343
-14.541259516	-6.74505483827
-14.3997747586	-6.80895787013
-14.3372933737	-6.82777126285
-14.2194461076	-6.85913289337
-13.9686821349	-6.92782878633
-13.860009513	-6.95535378496
-13.6516770019	-6.96855394353
-13.5340536074	-6.98592272951
-13.3464079933	-7.04198875445
-13.1941778299	-7.09476774591
-13.0570390227	-7.11732926793
-12.9269076318	-7.17023185432
-12.8619570103	-7.18777983955
-7.13446346262	12.8292770903
-6.95138261187	12.7155508813
-6.86638911595	12.5578717526
-6.70079654594	12.3753660056
-6.59163394652	12.2855228622
-6.42064117175	12.1201485506
-6.27954914928	12.0065720106
-6.18249711406	11.9445287344
-6.0341716652	11.851898995
-5.87116797622	11.7599446138
-5.75438759155	11.6975012787
-5.66889921908	11.6665564814
-5.53132487278	11.5886018485
-5.39326839523	11.5159571043
-5.18387549207	11.491989187
-5.08344728316	11.512650309
-5.042799433	11.5208841337
-4.9595342264	11.5648994132
-4.86681911994	11.6418889456
-4.71055964927	11.78652752
-4.5853180993	11.9239802184
-4.46238970743	12.1386901056
-13.4705836858	-2.64195342706
-13.5488451173	-2.75316101404
-13.6372519196	-2.82492013614
-13.9409108576	-2.86128546645
-14.0767967178	-2.83330613258
-14.2202184522	-2.81132846197
-14.3036267751	-2.81556750022
-14.4909311825	-2.78444685515
-14.7379199669	-2.71307058664
-14.8485807502	-2.66353650348
-15.0308941225	-2.56774888562
-15.2116155072	-2.47520618184
-15.2937133138	-2.41863393272
-15.3825164359	-2.35475101213
-15.455700768	-2.30257688748
-15.5126127258	-2.25946569411
-15.6651806643	-2.14310612786
-15.75931156	-2.03640180439
-15.8571886459	-1.89866653476
-15.9794183424	-1.79748331512
-16.0998655525	-1.64139272731
-16.146156219	-1.56263570838
-16.163081832	-1.50792758996
-16.2172579866	-1.40300038468
-16.2581993551	-1.28300274779
-16.2806343404	-1.19733743766
-16.3008793387	-1.03761662372
-16.3165155586	-0.9225362638
-16.321481589	-0.871850693555
-16.3837054082	-0.674727369628
-16.3892745002	-0.550227907733
-16.4284003898	-0.416643453811
-16.4919953803	-0.260852871164
-16.5830939726	-0.124579510642
-16.68004807	-0.047046558474
-16.7961112147	0.038478859759
-16.8342667619	0.071091828265
-16.8568596015	0.0975987539574
-17.1244549137	0.0944053573486
-17.2733462356	0.0718636647348
-17.4974261503	-0.00749059462602
-2.88557738355	13.1814281131
-2.93544550957	13.0961505218
-3.07005344756	12.9950358167
-3.16633310491	12.9318960544
-3.32634054889	12.8241751304
-3.4519983262	12.7594065346
-3.67604037975	12.6402077273
-3.90399196933	12.4677675418
-3.97661035127	12.4400976956
-4.08539005747	12.3646419972
-4.25317677781	12.2750167593
-4.46236912328	12.1385915745
-8.92334308758	-10.9165223692
-8.66075796434	-11.0242674559
-8.5577656425	-11.1470737352
2.60048957438	13.7396558599
2.86982757112	13.7881711029
3.12010702026	13.8510983281
3.32292547436	13.9118159413
3.48219382304	14.0043431032
3.59670040928	14.0341799791
3.76996736054	14.0924643409
3.86963430057	14.1062896344
3.9646254713	14.1562757323
4.05306877467	14.1918644737
4.30733520895	14.3333468878
4.42713519636	14.4197514681
4.53940254006	14.4922365738
4.72960020625	14.604844806
4.83556790588	14.6747000829
4.98450245353	14.8022229328
5.07800522419	14.879674328
5.1816052513	14.9682524356
5.40557178815	15.1240432083
5.46764191943	15.1687504553
5.57818675379	15.2586907513
-6.24384527376	2.41552544595
-6.30927387195	2.33078298135
-6.33319469274	2.30344350742
-6.55483821435	2.01864388271
-6.68687193603	1.8975326788
-6.86046452907	1.68974849406
-7.04450777697	1.50697233617
-7.19090887496	1.36326017508
-7.33479939226	1.27712877926
-7.53528324782	1.10238329404
-7.67068969262	0.988910876202
-7.83451005808	0.868201102952
-8.14149909852	0.659069297361
-8.31226674836	0.505278123593
-8.39000029765	0.399051089632
-8.48977250205	0.319153893078
-8.60060349218	0.124574797328
-6.24532067535	2.41533078304
-6.07177172086	2.42664790276
-5.89361916507	2.39468097576
-5.80223163859	2.37036367441
-5.61830024221	2.30172394306
-5.37378400194	2.18491693136
-5.20656923212	2.08191561338
-4.62655682746	1.77061523482
-4.51228634056	1.71793155172
-4.31696642523	1.63323063292
-3.68026093603	1.41096372427
-3.11209022571	1.16880694883
-2.62242204419	0.960903231542
-2.00505378036	0.7073495765
-1.49737050663	0.509601170695
-1.01053076178	0.305993516259
-0.642532835138	0.100577987745
-0.308547529532	-0.102112011922
-0.150668019806	-0.199700115121
0.159746947547	-0.416350575713
0.292742949898	-0.510419215277
0.407459184458	-0.597619507925
0.64915788853	-0.739041371053
0.761845750831	-0.819297150533
0.928471627042	-0.932008343809
1.06683032575	-1.01368491377
1.1197925063	-1.05604802078
1.2253700936	-1.09726620415
1.29498402476	-1.11498816989
1.36765789427	-1.16410458692
1.66881212905	-1.33475220407
1.87837112225	-1.4655049082
2.29687751724	-1.7073558203
2.53434231001	-1.80991918605
2.72236592053	-1.90196994992
2.85311691973	-2.02265771903
3.15032352916	-2.1929743823
3.3672304543	-2.3094037013
3.69680957679	-2.47661467891
3.95821119385	-2.62105873263
4.12881292738	-2.6990214449
4.22990959979	-2.76567084311
4.42976413231	-2.88435748568
4.55348774384	-2.94900592585
4.7922787012	-3.03073909226
5.05285597252	-3.14187304808
5.25800343629	-3.22686458178
5.44298541539	-3.2672980149
5.64549870815	-3.35761433416
5.73791829626	-3.4028108924
6.05371601517	-3.48333887351
6.28603525497	-3.6071780324
6.6396518343	-3.7911877222
6.77009938102	-3.85074972814
6.97180901387	-3.95758133709
7.25994112592	-4.1043720841
7.3324892117	-4.17495542422
7.47868343533	-4.23476772385
7.68516514588	-4.31842319925
7.9440815359	-4.42556784157
8.08148783934	-4.48691975702
8.31239883329	-4.61210368449
8.5298842442	-4.71708251282
8.62791906648	-4.76407010468
8.78389268956	-4.85402519968
9.09502400463	-5.0092039889
9.31689045398	-5.09179366674
9.43784178874	-5.15262714352
9.60962038821	-5.23412497119
9.7293726086	-5.27721403512
9.86645754461	-5.32154136423
10.0726200507	-5.38045748114
10.2178938973	-5.41993543483
10.4483631419	-5.47727223805
10.6455345563	-5.51710016404
10.8830015644	-5.56236858301
11.113101589	-5.57964525883
11.2460193229	-5.5916086134
11.3272665552	-5.57224010863
11.4697633484	-5.59052654183
11.7163364317	-5.61939193277
11.9226450624	-5.63562621543
12.2146364768	-5.68757772204
12.3945883479	-5.71062720782
12.5253224123	-5.7294821794
12.819767331	-5.77277320606
13.1709228439	-5.85559778878
13.464726997	-5.88107161646
13.8357087106	-5.94166846973
14.2969678875	-6.07396869304
14.3761684642	-6.13566040008
14.4002282212	-6.20634742413
-8.13103580235	-11.8880516333
-8.30602126559	-11.5925667474
-8.33953116701	-11.5227732858
-8.39394165006	-11.4140855969
-8.55804119875	-11.1474364724
-8.13103580233	-11.8880516333
-8.08466292424	-12.0896246088
-8.04726789208	-12.2231484319
-8.0034125512	-12.3717388773
-7.96262755846	-12.6168867614
-8.06539546173	-12.9595905043
5.57816471469	15.2586946133
5.72380511049	15.2745272182
5.93196817922	15.2676202917
6.09377052655	15.2381993576
6.24922423493	15.2052517551
6.33623318584	15.1868751604
6.4322373692	15.1799725224
6.57193977841	15.1442423785
6.79046092495	15.09569495
6.9448505132	15.0857770625
7.06767280531	15.0561213462
7.22541176263	15.002657645
7.39142455259	14.9625281389
7.54757069792	14.9238031696
7.70270731074	14.8884943341
7.82064179315	14.8514916525
8.04251884428	14.7947632384
8.18556178049	14.7646327721
8.26596455252	14.7511150465
8.41695515268	14.7128956266
8.58078144224	14.6769130795
8.71061230669	14.6113067351
8.76548654673	14.6054460275
8.92752347494	14.5545656996
9.04833310478	14.5145833799
9.16084426828	14.4768089875
9.28473394669	14.4957546664
9.37971962425	14.4715114546
9.54232714496	14.4406659184
9.78137756083	14.3964204706
9.91078219604	14.3676279712
10.0140653744	14.3405324728
10.1933679901	14.3053176984
-4.94304434635	-2.1559943507
-4.83677918701	-2.31729458863
-4.78111181133	-2.48401354577
-4.75325780447	-2.56293958987
-4.73104351707	-2.65136407465
-4.71731308193	-2.76696258411
-4.66897528609	-2.89498305265
-4.64475609928	-3.0643986495
-4.71196605729	-3.17372688211
-4.64611622047	-3.31017887099
-4.55174091511	-3.53115920615
-4.49275640151	-3.67602928381
-4.38468854736	-3.97610374132
-4.32527937266	-4.15845928939
-4.29584903675	-4.30991826376
-4.25240610882	-4.4301785166
-4.22858331563	-4.49698124369
-4.16120303034	-4.67676268515
-4.12313069373	-4.7871038125
-4.09574271406	-4.86797989828
-4.04715324577	-4.99452713982
-3.98418529323	-5.15766310453
-3.95524795812	-5.22744084723
-3.90295938904	-5.35623737757
-3.84764963468	-5.4911860639
-3.79187695928	-5.62670110697
-3.75722946485	-5.71313726169
-3.70943682147	-5.88040707765
-3.62799103846	-6.0484206989
-3.55196152947	-6.19848238946
-3.46858149213	-6.39539309387
-3.41266271207	-6.59749761896
-3.34551133775	-6.74567587197
-3.30617403311	-6.83664434794
-3.25593249413	-6.94466962596
-3.20327253425	-7.05069281645
-3.1173469196	-7.24742637442
-3.0731750562	-7.35438015375
-2.97875585493	-7.54872228835
-2.88145175466	-7.7434467325
-2.73751614137	-7.95238351185
-2.69874771611	-8.04490476022
-2.6445431945	-8.14742005927
-2.61502615209	-8.24171685986
-2.59614427014	-8.34003010356
-2.54823549988	-8.52194808847
-2.54284968034	-8.55423426841
-2.51746156949	-8.65931314041
-2.53516757866	-8.73438391952
-2.5323082799	-8.88278685283
-2.54359099697	-9.05041373999
-2.5573199274	-9.13892355028
-2.57932975701	-9.23360261742
-2.60185473925	-9.33151543519
-2.79957055668	-9.8138962922
-2.8540803444	-9.92177413617
-2.90919639172	-10.0235613356
-3.02729481789	-10.1920576153
-3.0628740688	-10.2443539029
-3.09523853659	-10.3066740655
-3.17205983301	-10.4273634979
-3.20691437421	-10.4751103621
-3.3332396825	-10.6938492041
-4.94304434636	-2.1559943507
-5.07818541413	-2.10857890838
-5.25211491278	-2.08307416059
-5.38603388061	-2.00376496785
-5.52646629229	-1.93593740371
-5.66491053526	-1.90007329046
-5.8703422822	-1.92717614935
-6.18503281192	-1.79406404388
-6.3196635288	-1.73144546128
-6.37158980654	-1.71191152254
-6.52734606987	-1.64110695322
-6.7824155425	-1.56356609572
-7.16735094544	-1.41667502269
-7.37618703759	-1.30424953014
-7.48564022279	-1.25095108209
-7.66670209506	-1.16114484463
-7.81684868985	-1.06794301589
-7.95115483083	-0.991665416869
-8.20131333287	-0.853998260368
-8.48526491427	-0.641097514972
-7.20950389298	-11.2449365364
-6.97729749146	-11.2428376742
-6.90671583024	-11.4192393095
-6.79631891441	-11.6135544734
-6.7141052329	-11.7030977652
-6.64125787433	-11.8257172296
-6.56499817536	-11.9412088694
-6.4144831955	-12.1670575015
-6.32101814458	-12.2703028794
-6.26400589871	-12.3869080794
-6.0923379015	-12.5255957643
-5.94881234695	-12.645575602
-5.82012121296	-12.7304201444
-5.71911353074	-12.8139906951
-5.61794783821	-12.891519044
-5.45676597662	-12.9984114147
-5.20118504503	-13.1581608903
-5.06693826218	-13.2424848598
-4.8211472022	-13.3601556904
-4.60466563269	-13.5171600692
-4.46472338243	-13.5958634461
-3.98345321123	-13.7733317903
-3.41455644451	-14.0388319896
-3.1064794333	-14.1789136736
-2.98620970589	-14.2509169677
-2.8680904474	-14.3056945041
-2.78134533581	-14.3546032216
-2.62359865102	-14.4307951881
-2.39372401968	-14.5407612745
-2.22155740904	-14.6583611432
-2.08002590702	-14.7245787637
-1.88132938136	-14.8091328984
-1.75112121695	-14.8743320494
-1.65613313948	-14.9211407166
-1.58469036611	-14.9552492243
-1.39067812253	-15.0501521127
-1.27426277851	-15.1066716707
-1.09373300607	-15.1943902473
-0.904826562761	-15.3054757689
-0.770262135599	-15.3867490394
-0.56219391141	-15.512781333
-0.438901436275	-15.5879910143
-0.21768901782	-15.7180247178
-0.0804985222381	-15.7952881948
0.350691070694	-16.0280351469
0.528203653439	-16.1054212158
0.719418188873	-16.1458756052
0.871767276106	-16.1972505102
0.944321866234	-16.2350878448
0.985833660197	-16.2552444843
1.03407570567	-16.3257700474
1.18883421922	-16.4209168365
1.33640760353	-16.5242783346
1.42483256938	-16.5585490177
1.61918802458	-16.7242803922
1.75607168074	-16.8661290544
1.83490989462	-16.9619758476
1.87202479655	-17.1045032572
1.87418200565	-17.2970316366
1.87625975509	-17.4091196661
1.81182885462	-17.6431289742
1.73480132854	-17.7741154164
1.65135377575	-17.8942602215
1.55657954359	-17.9610999152
1.42219252412	-18.079752561
1.29492487284	-18.2187071632
1.25968855903	-18.3208504313
1.24176330879	-18.4759834224
1.13015438619	-18.5672379856
1.07722840883	-18.6150445508
0.942964122001	-18.7134328574
0.728395669143	-18.8470705458
0.576695152476	-18.9909494669
0.386153866219	-19.0948803334
0.19767230616	-19.107211574
-7.20973116722	-11.2251948745
-7.10233318173	-10.8506991004
-7.14591039032	-10.7053102415
-7.1932785234	-10.4722190018
-7.25621447798	-10.2124059017
-7.2915494872	-9.95174140456
-7.3177562389	-9.75048524746
-7.32958473614	-9.67277421755
-7.4177516971	-9.45984737723
-7.46055991737	-9.28578143615
-7.52087479258	-9.04624505238
-7.5430883955	-8.95399905826
-7.57208052473	-8.84916611339
-7.60006104273	-8.67093904173
-7.5996988016	-8.52383593133
-7.60946217382	-8.40154019696
-7.5986417697	-8.28419426665
-7.59004353453	-8.16602377737
-7.58168834396	-8.04732836947
-7.53029528347	-7.78309756956
-7.48553204859	-7.65587850865
-7.42364204485	-7.51414931606
-7.35010475203	-7.40748530784
-7.15908170711	-7.3097915053
-7.08632216322	-7.24067885626
-6.96677766638	-7.12442394824
-6.8443107895	-7.02946993847
-6.68661778419	-6.89323127173
-6.53453798116	-6.79295883648
-6.34687497502	-6.73108262254
-6.1642098394	-6.68985440413
-0.67927656354	4.99817049795
-0.875523900099	5.08943401857
-1.12876147156	5.21815423726
-1.24759899931	5.2926028823
-1.30717425564	5.31653073361
-1.35239542964	5.33990357803
-1.43760223044	5.37704368572
-1.58676023523	5.48977196535
-1.77158155376	5.52586009298
-1.92420556659	5.57277307791
-2.02484812096	5.60053360852
-2.18303471669	5.64129262404
-2.3743000734	5.6724505032
-2.52241930942	5.68631185904
-2.65332499461	5.73537331594
-2.78989268548	5.79556472627
-2.97004792353	5.80774428025
-3.0873558928	5.81634915034
-3.21318694804	5.83721091123
-6.27486023951	-15.3303910072
-6.36751289472	-15.112599963
-6.45504070843	-14.9315352149
-6.7106599559	-14.5224174883
-6.81783718841	-14.3795985671
-6.89335126017	-14.272707894
-7.04157994483	-14.1261578677
-7.11940772418	-13.9884622156
-7.21955565949	-13.8758783193
-7.33425592795	-13.705606314
-7.40786515025	-13.5955013443
-7.50060686091	-13.5197968871
-7.630617023	-13.361426362
-7.71099744669	-13.2624631965
-7.80420389838	-13.1843618899
-8.06539546661	-12.9595905018
10.1933495933	14.3056419553
10.3203354272	14.4108080101
10.4249034325	14.5211795326
10.5233508648	14.6076818283
10.5845139871	14.6653702659
10.6284467801	14.7266338261
10.6907989326	14.7754973777
10.7619352409	14.9671142519
10.9403508998	15.1283462339
11.0592502546	15.2783142177
11.1604181473	15.4107286235
11.2407120381	15.5149184637
11.2932031672	15.5586939812
11.3731442682	15.6731264313
11.4500119658	15.8768706982
11.5230155718	15.9613160332
11.6144239042	16.0483097015
11.6708014612	16.1495937657
6.15350832009	10.4657378936
6.3064641765	10.6222118983
6.37865158822	10.6717674634
6.39148094779	10.6803630464
6.54210156582	10.6669150217
6.85062319564	10.6616378329
3.33642105732	-16.3562443528
3.57357354209	-16.5138372255
3.71970068812	-16.563536291
3.82697483796	-16.625776021
4.00566676102	-16.6604149475
4.18149013677	-16.688746371
4.32104920395	-16.6985872025
4.64727559	-16.7061229868
4.82329231895	-16.7006962809
4.98606708415	-16.6951346484
5.16771373263	-16.6876295634
5.3522532138	-16.68222562
5.51625834315	-16.663303848
5.62328295127	-16.6575405126
5.78217582141	-16.6363605794
5.86837812433	-16.6239062349
5.95869484548	-16.606316702
6.12128547506	-16.5639925397
6.24373044949	-16.5411564585
6.38703806791	-16.4987806496
6.49230991324	-16.4302682996
6.64838620897	-16.372143199
6.91728906091	-16.2659393783
7.02682811219	-16.2180642759
7.1304776854	-16.1558967997
7.21364060964	-16.1090408093
7.33021367186	-16.0532842996
7.57186763927	-15.9244228733
7.79062340349	-15.7944260261
7.92076668353	-15.7101257502
17.55813096	-6.54273430774
17.4747195034	-6.45506121242
17.3440013549	-6.40467691402
17.2752718536	-6.39247867172
17.1846530369	-6.3788784017
17.0886066318	-6.36397331093
16.9382113457	-6.40921717218
16.7448017365	-6.43326579457
16.665084085	-6.44336072931
16.5125364371	-6.45402965374
16.3821537488	-6.51116621258
16.1227103589	-6.60398273812
16.0126064334	-6.59257124787
15.9183661956	-6.58256854685
15.8398746162	-6.56522656959
15.7075817236	-6.51011016174
15.5691764044	-6.46965963329
15.4658087653	-6.44489297743
15.2018957429	-6.36990073708
15.0436230815	-6.36672618965
14.9049941595	-6.31990474681
14.7424082214	-6.26478668271
14.5688935425	-6.2398208532
14.4002282211	-6.20634742412
15.2573910397	8.69319647601
15.0342916297	8.51952111474
14.9838258094	8.37641113192
14.8869191048	8.16803553126
14.8472451903	7.99056956956
14.7861724928	7.88576728663
14.6695078356	7.79628620587
14.6235504209	7.48638868508
6.85063620109	-12.3299204772
6.67101582933	-12.5283477609
6.4748094405	-12.7044129224
6.3838172814	-12.7609922985
6.32591651709	-12.8162888215
5.9901278385	-13.0603447778
5.82240536598	-13.1619104123
5.60410823462	-13.3441669378
5.28883956669	-13.6065215348
5.0352661466	-13.8201154391
4.88583525077	-13.9856249016
4.69066667091	-14.1643549038
4.48033719606	-14.3851622883
4.30145025618	-14.496527092
4.28284871197	-14.5211555807
4.21754775945	-14.5843103744
4.12010150884	-14.6549689766
3.95436064217	-14.7615674918
3.86344410629	-14.8621344194
6.85068772594	-12.3292544939
7.01741421276	-12.2161106954
7.1486949298	-12.2251364433
7.33208084941	-12.1109916012
7.51783267806	-12.0100866585
7.57268147171	-11.9795780476
7.66684409627	-11.9291078734
7.92774650179	-11.7760976411
8.04359041387	-11.7365647091
8.16660941667	-11.6628259076
8.3584790589	-11.5497660658
8.53451874351	-11.4427291523
8.72219823091	-11.3277002243
9.20924092296	-11.0379912004
9.36341066891	-10.9322891247
9.50872348948	-10.8352271717
9.64886452666	-10.7316586822
10.3278423067	-10.2776425312
10.6437079112	-10.0611099864
11.0034097155	-9.81025697337
11.4623745592	-9.48289236942
11.7552555367	-9.28972588585
12.0387649045	-9.14373641352
12.2787108285	-9.0315734637
12.4765753951	-8.84510007321
12.5903352654	-8.7977689219
12.8504926308	-8.6519052535
12.9816770375	-8.53703409033
13.0396107129	-8.48635109634
13.1177554244	-8.39522364476
13.2048257757	-8.28812648317
13.351316326	-8.10678946704
13.4249845802	-7.98846234873
13.4624210907	-7.89548427513
13.4493291014	-7.76483180722
14.6811561121	3.53442830371
14.7500247105	3.35034670341
14.784424135	3.25953820664
14.7964468083	3.07142790166
14.8066286488	2.85883438219
14.8196348373	2.41830359593
14.8520455228	2.10846203506
14.8545857798	1.78433958687
14.854372634	1.61173966124
14.8566868027	1.25934883062
14.8642111653	0.841371401581
14.8650759707	0.578041201738
14.8691719354	-0.0345490921511
14.8758602735	-0.3329151094
14.8882920152	-0.552245017816
14.9055207125	-0.792901894551
14.9256000933	-1.18717648387
14.9401006009	-1.40734340627
14.9447567986	-1.48959693175
14.9476699878	-1.72568421365
14.9548854565	-2.07222528104
14.9565592263	-2.24535323446
14.9462551174	-2.49162204212
14.9287586001	-2.78798065577
14.8980658788	-3.02325523648
14.9184685917	-3.18746967998
14.8918879127	-3.30101182181
14.8352107721	-3.52265912771
14.7656601043	-3.67553529978
14.6482960272	-3.84657710705
14.5662516019	-3.99820676388
13.8351411474	-4.23056761768
13.7619275403	-3.96842878077
13.6814042293	-3.81800652976
13.5741708136	-3.63415312287
13.4016941141	-3.38992746597
13.3909983419	-3.28380022881
13.2906116847	-3.17452147299
13.2128471562	-3.09668934904
13.1475144065	-3.03092932612
13.0444473794	-2.92278666969
12.908116698	-2.78500218654
12.7981286138	-2.68163025003
12.5318692359	-2.44686608842
12.3649550897	-2.30514075838
12.2466820548	-2.22158053583
12.1569212992	-2.16049880899
12.0242897448	-1.99881854191
13.8351411622	-4.23056758559
13.7940955217	-4.38395983113
13.7413705147	-4.52889554341
13.7101994006	-4.60408160948
13.6099222359	-4.79820369236
13.3858228852	-5.00965700514
13.2480261077	-5.06322274843
12.9690814408	-5.06219559405
12.7863097147	-5.05585506986
12.5066434161	-4.9509892694
12.3105889725	-4.8761272853
12.2060892538	-4.85441805411
12.0400408587	-4.74987704402
11.8790446959	-4.64080968042
11.7839916743	-4.57801912656
11.4902891454	-4.36061493724
11.3668640256	-4.27873139053
11.2251092769	-4.19687858426
11.1059192514	-4.13405228527
10.9112597339	-4.14148964284
10.8126177736	-4.09370320283
10.613916313	-3.99178385591
10.5040656461	-3.94394811895
10.4362961848	-3.91081085105
10.3115765199	-3.85927767583
10.1837834198	-3.82244574849
10.0295430686	-3.71512178925
9.80433101819	-3.61075354574
9.58386247581	-3.53544119889
9.43827239431	-3.489637607
9.28033833685	-3.43934393459
9.13266093403	-3.41007612974
9.03087954254	-3.36837509938
8.86258643524	-3.31204604308
8.61771619416	-3.22843813694
8.39976185511	-3.1584870388
8.18984907776	-3.11121368994
7.98512011726	-3.03445967981
7.76851690851	-2.96137546564
7.60104486619	-2.90430278761
7.48744380536	-2.85315461414
7.33780849865	-2.78836590936
7.23917816614	-2.75493968665
7.12007910599	-2.70875757538
6.95383874104	-2.64186029034
6.77133350033	-2.56782196361
6.61421585453	-2.50043534464
6.42666551732	-2.42788260315
6.0194030515	-2.27808888628
5.73417835215	-2.20792033041
5.52219609759	-2.15080350821
5.45907205352	-2.13177929385
5.18020923764	-2.05802105273
4.9420567284	-1.9783136341
4.83741872668	-1.93176644412
4.61306830122	-1.80709367158
4.50923237697	-1.76845414369
4.37913786728	-1.66937395446
4.21482966011	-1.53930451231
4.07543056556	-1.44477460947
3.93935320043	-1.35271823511
3.67172453355	-1.20085089648
3.4501346036	-1.06569558315
3.43651985778	-1.05769938125
3.22140691692	-0.93820759212
2.97553613111	-0.801967471476
2.79704236623	-0.716254122357
2.70245203161	-0.679608212787
2.62177606156	-0.647462322116
2.44406781287	-0.565145476494
2.26458489661	-0.482226007759
2.0261622741	-0.363934490062
1.88050793812	-0.276634793654
1.77455078059	-0.228099976768
1.60839706977	-0.136579897632
1.45258573353	-0.0656799292054
1.30482971038	-0.00639801668479
1.19923462701	0.0783911923929
1.0140166513	0.160413332238
0.695639671699	0.331732627048
0.483138844697	0.416580422989
0.0896399911285	0.58032322724
-0.200288598546	0.726502024723
-0.535175242469	0.908580160333
-0.917682278935	1.11547650841
-1.28880323348	1.3181466296
-1.59773330233	1.51319796206
-1.97337329312	1.69187439705
-2.14029086738	1.79567693413
-2.5352347065	2.01489625277
-2.72479337352	2.12492411167
-2.82275467854	2.18214818345
-3.45614709091	2.5683512124
-3.61545777703	2.66469869551
-3.83882996636	2.80857425198
-3.97586787508	2.94523500508
-4.11090067863	3.06261109292
-12.7248801177	-0.621164525051
-12.5748472924	-0.495156705752
-12.417915027	-0.399251084708
-12.2478957715	-0.242198253083
-12.1035877831	-0.078368946283
-12.005027855	0.0101059694545
-11.0030098383	0.548909486184
-10.4940625603	0.590967998804
-10.1179758347	0.561419772944
-9.99057131205	0.528105210755
-9.79177040044	0.475988901251
-9.52746609214	0.441472783954
-9.29220236189	0.4055455394
-9.08177132201	0.365148740126
-8.90572101216	0.321744838415
-8.77593549695	0.271771146863
-8.60063943785	0.124554424725
-8.93829924235	9.38771883621
-8.91818130844	9.29827487056
-8.86434317802	9.18943299726
-8.79858514427	9.04409001359
-8.75212823317	8.95658824996
-8.73080350518	8.9212399396
-8.55825099301	8.6967640862
-8.42347425344	8.56257487174
-8.29612308741	8.46359446898
-5.24351899532	7.05997209576
-5.03976184697	6.88105748299
-4.79601563943	6.68449435304
-4.72337649655	6.64834028623
-4.45167578481	6.46738786461
-4.34028173728	6.42324503071
-4.26171289356	6.40038799369
-4.03914790858	6.2788718042
-3.21346057856	5.83723056267
-3.42450708774	5.9446792058
-3.5745485061	6.01090689616
-3.69371090377	6.07077682639
-3.86492029269	6.1624475592
-4.03700961203	6.27881916492
3.8634453691	-14.8621331207
3.7441859472	-14.8471628418
3.63034110743	-14.8537815257
3.4300884579	-14.8427963857
3.25465513564	-14.8096326867
3.18236539541	-14.7768378782
3.00726804395	-14.688131363
2.88845590667	-14.622301121
2.76152994359	-14.5956686776
2.64402332344	-14.5142708845
2.55500328149	-14.3907104859
2.47275943081	-14.3061978754
2.40432375833	-14.2444585824
2.28785133218	-14.1177713598
2.19057349372	-14.0286833168
2.12543178992	-13.9907757131
2.10325917498	-13.9650410486
2.01926517825	-13.8521721743
1.88555234957	-13.6743168651
1.80351448833	-13.590652274
1.55431979818	-13.2547176291
1.44150553109	-13.1702903067
1.14722824638	-12.8917087957
14.6234943938	7.4865240389
14.4767651867	7.62973662681
14.4133965532	7.68228949573
14.3417613653	7.7094070692
14.2381415091	7.77960212272
14.0995250731	7.87367515678
14.0109035888	7.91722581954
13.9413712076	7.95554126014
13.7399474257	8.08414797075
13.5717088877	8.08140543475
13.3644052869	8.09192591938
13.1441523243	8.05512302743
12.986763109	8.05452212078
12.7567144858	8.05704455101
12.6633319785	8.05101912577
12.5453827437	8.05769664932
12.3783178437	8.03936316927
12.142933464	8.01973765025
11.964592426	8.00286867415
11.8539877318	8.01604251576
11.7892889417	8.01315050957
11.5583858307	7.99049042431
11.5584109906	7.9905296147
11.4195936668	8.06442096847
11.2957144283	8.14833337251
11.2192637739	8.22228627177
10.9447657853	8.42957107541
10.7721598808	8.66175245109
10.5083628291	8.87008131226
10.3407052854	9.02163275995
10.1525452804	9.19305090901
9.95035515406	9.39608076195
9.72127990903	9.60442304116
9.50582043498	9.71169251601
9.39323016966	9.80150659148
9.18396504003	9.94221791905
9.0106830631	10.0645131214
8.788078736	10.148617001
8.39891212479	10.3227516521
8.30791475638	10.3565853483
8.14424818163	10.4115677419
7.80896979553	10.5006899557
7.64043923818	10.542137192
7.31777305783	10.598271259
7.01343474165	10.6512362262
6.85064962693	10.6616196014
-3.4990726091	-19.3552682713
-3.74546422567	-19.4478322213
-3.93953776401	-19.4667147736
-4.07793914426	-19.4612276221
-4.22616294138	-19.4462044505
-4.38448167767	-19.4304397806
-4.5078484443	-19.4053359708
-4.63195512942	-19.3915667575
-4.77542880159	-19.3734635713
-5.01026373123	-19.3247173935
-5.15801271412	-19.2884869965
-5.31955509369	-19.2405044714
-5.56839592883	-19.1470092067
-5.73162532477	-19.079990847
-12.1592597596	-8.21746848515
-12.2565901002	-8.08495071534
-12.369216748	-7.97661323797
-12.4278205136	-7.88572456377
-12.4818505337	-7.81067097627
-12.5993732604	-7.64937360043
-12.6560421294	-7.54917619196
-12.747046637	-7.39117411132
-12.7973852327	-7.30037424587
-12.8619506635	-7.18777700541
-3.49907260897	-19.3552682691
-3.48453897046	-19.2360884559
-3.49005602009	-19.0819355085
-3.49555639047	-18.9312997695
-3.63288442866	-18.6524233742
-3.75853703471	-18.3644957592
-3.81805239135	-18.2753518862
-3.89452230467	-18.1066817009
-3.95959945053	-17.9674777088
-4.08099547128	-17.7637994141
-4.15935601235	-17.6295102975
-4.22410524409	-17.4954452156
-4.28805407359	-17.37257141
-4.33300927943	-17.2547352256
-4.33232459505	-17.2455080285
-4.39364173336	-16.9796728383
-4.41580893501	-16.8865135522
-4.3817186878	-16.7935379585
-4.39598392598	-16.58637578
1.14725838544	-12.8917236401
1.1819259797	-12.6929569609
1.23411514264	-12.6021443038
1.25304178195	-12.5320449209
1.30715196645	-12.3948212701
1.38221353651	-12.2740152035
1.43497976057	-12.1488161819
1.49514850651	-12.0279640133
1.54762708106	-11.8995796509
1.62576748094	-11.7719377982
1.70299009475	-11.5859636241
1.75684675069	-11.3798630436
1.81922195142	-11.2503931796
1.84975315238	-11.1440891846
1.90836160348	-10.9844052619
1.96462485958	-10.7718910482
2.03330008822	-10.4387962642
2.05578113869	-10.3145802879
2.07339246125	-10.1996361332
2.10208169518	-10.032942919
2.11820097167	-9.86129156254
2.12344435003	-9.79269028307
2.13104967674	-9.64321878604
2.14030441745	-9.55689342769
2.14595782355	-9.41209440475
2.14897827171	-9.28676179426
2.15257711435	-9.17317573307
2.15569226971	-9.12078479655
2.15867163219	-9.00254313189
2.16185518348	-8.89697847427
2.17435152621	-8.66793017814
2.19821372382	-8.28618103028
2.22314579972	-8.1130425181
2.2455259121	-7.99850969174
2.28271375561	-7.78454693893
2.32878395977	-7.44317140871
2.35961718495	-7.2691031466
2.40643677895	-7.02075308217
2.46342972113	-6.74001139082
2.47978807868	-6.60972716811
2.52542089097	-6.38972203892
2.59524227872	-6.12836257146
2.66172018784	-5.87704878156
2.72324795744	-5.63754300984
2.74646106021	-5.51156608052
2.77092103078	-5.38868991541
2.7903274746	-5.32349145643
2.7983028003	-5.18676230414
2.81175900825	-5.0690927834
12.0242897435	-1.99881854189
11.9382699737	-2.04749454459
11.8064275261	-2.07728301944
11.5751854367	-2.1329851986
11.4414080007	-2.13717630465
11.2762342592	-2.17238081027
11.1643748562	-2.2025020591
10.9923363325	-2.24939795567
10.8936167782	-2.26846909098
10.6678877064	-2.28325027367
10.4667279424	-2.29339970975
10.2744674142	-2.28369899235
9.96135009123	-2.24122411636
9.83176551763	-2.22266687506
9.55073890768	-2.18516892165
9.3363886242	-2.13045791394
9.19005889776	-2.09464236089
8.94647985741	-2.00816652706
8.80028967296	-1.93616893043
8.59895502972	-1.82529390319
8.48379347156	-1.76875677573
8.25311659515	-1.6542581779
8.05387590292	-1.53460163546
7.9517769504	-1.47658588651
7.73919261389	-1.37914262476
7.6094847514	-1.29375011126
7.25552492977	-1.04640746558
7.0437835503	-0.864736695239
6.923738629	-0.760631247839
6.78123860357	-0.635389471358
6.6540476712	-0.520282396007
6.57401477765	-0.44454809876
6.39119554764	-0.264439592847
6.2688998509	-0.135030619597
6.15573315348	-0.0217161712112
6.02604677421	0.109937629849
5.84287609381	0.300062063252
5.61398957484	0.542140887125
5.51851453073	0.646429917437
5.46236353103	0.735897394918
5.43681419382	0.812462988505
5.38634875638	0.999952594149
0.197634329381	-19.1076167548
0.0922445036619	-18.9670966883
-0.00272326786553	-18.8088236701
-0.0294895693643	-18.7395325288
-0.0708343262565	-18.6554999091
-0.100998216235	-18.5481194732
-0.282370609913	-18.3620899583
-0.364789539348	-18.2745058794
-0.493129435768	-18.1777956577
-0.543381910606	-18.1633143599
-0.711636374832	-17.9830661327
-0.84661874227	-17.8532368164
-0.944860446532	-17.8042950646
-1.03263593732	-17.7286090168
-1.11195515296	-17.6688936768
-1.33434246345	-17.5068055573
-1.3707050447	-17.4816786119
-1.49973456426	-17.3999744688
-1.66107043773	-17.3038143517
-1.82450752208	-17.2115808242
-2.04278382373	-17.0528707068
-2.16536618941	-16.9982942279
-2.26466443431	-16.9615211602
-2.64084141629	-16.8487260033
-2.99125521	-16.7421935895
-3.21428398918	-16.6919298384
-3.36444177218	-16.6447786133
-3.52968238391	-16.6194979781
-3.60183514561	-16.6163563786
-3.67008705052	-16.6115606515
-3.74888064665	-16.6234300012
-3.88809992417	-16.6143462963
-3.9784004746	-16.6277862664
-4.39592582998	-16.5863207212
-17.4974137705	-0.00751439068585
-17.7451094183	-0.188670543822
-17.8288418917	-0.248436404401
-17.8972657687	-0.303303107871
-17.9906127737	-0.376956817917
-18.0709667487	-0.436122042665
-18.2220734351	-0.509100203307
-18.3023739013	-0.58616554949
-18.5614240214	-0.867783866762
-11.036616996	13.0461883925
-11.1253033744	12.9426108392
-11.2960717307	12.7002447345
-11.3993982488	12.6910478158
-11.5591196937	12.675629091
-11.6120407541	12.6912427566
-11.8253051866	12.7766563512
-11.9423556406	12.8692876687
-12.0144124661	13.0160830624
-12.0541664752	13.2550191041
-11.986633697	13.5503258748
-11.9519080113	13.6618441851
-11.880100841	13.7800704845
-11.788193426	13.9601725101
-11.70012065	14.1106674528
-11.5745886965	14.2288110238
-11.4678409258	14.3343698315
-11.3866913335	14.4003920668
-11.2416191037	14.5065543662
-11.2291765044	14.5350571383
-10.9982295111	14.7422369443
-11.0366222871	13.0488825107
-11.0320973914	13.3105919203
-10.9728186555	13.4708178241
-10.9642060536	13.6747630965
-10.9643669939	13.774431307
-10.9877316747	13.9510296493
-11.0085721658	14.1846481865
-11.0457873101	14.3315249818
-11.0785879507	14.5097469946
-10.9982309903	14.7422209806
