2832 0 0
1.40395852804	14.4412834573
1.31190246998	14.3831225566
1.15197380921	14.3096033282
1.02323286675	14.2562824443
0.885167475672	14.1977924841
0.792835751402	14.1619218749
0.737921444911	14.1054058836
0.668210677434	14.0277126743
0.630235145715	13.9590026114
0.588625263237	13.9153916766
0.577991466435	13.8633284347
0.572009823283	13.840305627
0.570907954547	13.7765949301
0.590517345371	13.7048958686
0.640176287751	13.6435024599
0.682351399179	13.5931268475
0.781530665653	13.482810105
0.86276091235	13.4283760564
0.975544345414	13.3622680536
1.16335775146	13.2765633816
1.20787354892	13.2587374333
1.30732534616	13.2155233369
1.43543246817	13.1574303735
1.54629466753	13.1273194953
1.60262721153	13.090845903
1.69988944483	13.0150104036
1.87848576498	12.9262082987
2.02758986803	12.8203972866
2.20809300261	12.710023002
2.39115243842	12.6086909828
-0.298060992601	14.8874089106
-0.252147915918	14.9437625179
1.05774745778	15.8007781604
1.54103682427	15.8324115167
1.79828940635	15.8167390144
2.01235699302	15.795872109
2.24086911101	15.8007373225
2.36986619404	15.7594348665
2.5837732414	15.6852803319
2.85932789663	15.5937300298
3.14516565537	15.4933351163
3.9837069908	15.0220010202
5.58387678644	14.0177374388
6.14962893929	13.5948615589
6.38931134803	13.3982160269
6.61378944963	13.1605087252
6.88866225002	12.835315388
7.15507264304	12.452690249
7.26549437933	12.2541955618
7.31618510759	12.1005524958
7.37725021943	11.900053223
7.4264110163	11.7039559097
7.48048190483	11.5532595456
7.53495025185	11.3708383191
7.56125835762	11.292552967
7.6050377479	11.1829209886
7.65789702036	11.0355764462
7.72743792052	10.877832495
7.73173036207	10.8689676333
7.84154674382	10.6613384828
7.95625547283	10.4851554692
8.00712287221	10.3273971905
8.09041760399	10.1767462988
8.12317317091	10.0987832954
8.21097410838	9.93429811184
-13.282209962	6.02726208875
-13.058807516	6.25911813285
-12.9875974595	6.39478059629
-12.8442175997	6.50713196703
-12.8032095117	6.53706883765
-12.6900979275	6.61465953993
-12.6065222097	6.6916632623
-12.4273878757	6.81854108459
-12.3114792552	6.91317036891
-12.2376512057	6.9915130854
-12.1606411462	7.06139417602
-12.0483178436	7.17033037334
-10.0942299356	6.49227841272
-10.4159351692	6.30283985888
-10.5751271527	6.22867844328
-10.7499970829	6.21768932984
-10.8285483907	6.22810555501
-10.9783506796	6.25927544667
-11.106164968	6.25808833383
-11.1697297314	6.2617050983
-11.3069048602	6.27241290081
-11.3403559249	6.27420924663
-9.38686065515	6.15362733667
-9.52967468244	6.24404460588
-9.67576682318	6.35524518484
-9.81034941413	6.4518465493
-9.91121637148	6.48060673629
-10.0939427436	6.49234350278
-10.315397007	4.41355864574
-10.3518253174	4.56091875252
-10.4087935766	4.665797423
-10.4327164636	4.75315019593
-10.4555977448	4.83498860655
-10.4856085868	4.93839486687
-10.5543097821	5.02040540664
-10.6014522643	5.11574843781
-10.7013021866	5.32560051809
-10.8253071692	5.49115794299
-10.9532703053	5.56928744524
-11.0216351191	5.59769836539
-11.0852731263	5.61127621945
-11.1388943371	5.63988018433
-11.2215746237	5.6526540161
-11.2966257704	5.64347013129
-11.3656921559	5.62203873689
-11.4730728896	5.58650615093
-11.5873535992	5.54601561014
-11.6624756263	5.49348191591
-11.7419663364	5.43032056596
-11.7952914991	5.33550488559
-11.858441688	5.2607499567
-11.9260022942	5.17293159708
-12.0806854838	5.0705886214
-12.1755062015	4.97248806081
-12.2376872169	4.93067868097
-12.3043990745	4.82775652933
1.39791441191	10.9946671073
1.23451925253	10.972290784
0.853306686368	10.8657983165
0.679384102941	10.8219401157
0.55905772621	10.7622391091
0.304725564076	10.6864709796
0.131590291079	10.627617871
-0.203548674335	10.5222841055
-0.372033454812	10.4986474341
-0.536872634427	10.4304750318
0.225611317794	8.53927179383
0.0952906084297	8.60086014856
-0.0868823877867	8.69886723475
-0.260952416525	8.74807839454
-0.337842976358	8.77141155108
-0.372274663242	8.78024098592
-0.475469953475	8.78346620075
-0.631878675138	8.86196419161
-0.72433689191	8.91423016738
-0.886936627247	8.98830716498
-0.969868629597	9.03877836739
-1.10154631098	9.11819874812
-1.26531976552	9.30713762547
-5.56996402092	2.5732208642
-5.40311420188	2.56786024708
-5.3064006539	2.59772519805
-5.2138793579	2.64245787151
-7.44028278736	6.00946274014
-7.51736160611	6.04796234828
8.21096371815	9.93432052291
8.19800881423	9.83054252321
8.18980162391	9.65923774004
8.15134998754	9.37395187706
8.15969792296	9.23900360814
8.14562414091	9.18620754105
8.07655456596	9.05674387743
7.95846090744	8.88622007387
7.87972311329	8.79614776659
7.81024265729	8.71694686837
7.77390303446	8.59331367034
7.77257216798	8.49142595567
7.75214537823	8.25038847642
-10.5053024342	1.04846600513
-10.5290478276	1.14926563882
-10.6587865011	1.2970825345
-10.7328908636	1.39079257927
-10.8209183341	1.48939981362
-10.8796084954	1.54224117758
-10.9780706702	1.63957156267
-11.0879656425	1.73473638269
-11.2250229323	1.78633885112
-11.2920446938	1.91198891723
-11.3411668158	1.96595166738
9.79464943415	9.53865292457
10.0196887353	9.33922244425
10.1872508521	9.15996796351
10.2376876442	9.03592389151
10.360025907	8.82258271541
10.4885910158	8.60351626627
10.571232131	8.45198973743
10.5609947898	8.32907520909
10.6048185505	8.26794133488
10.6714694589	8.14227178715
10.7301609691	8.03607608813
10.8202389646	7.87702860332
11.057240096	7.32973747272
11.1298682908	7.12253338598
11.2218410914	6.7923165016
11.2613296161	6.61512105903
11.275888845	6.48096720183
11.1427967394	6.32479372793
7.75214537609	8.25038831362
7.51872353917	8.20517842133
7.35506001535	8.21453629009
7.18569958085	8.20473059818
7.09280926215	8.19310323949
6.98093154199	8.17416289552
6.90585597628	8.16931094648
6.78938773189	8.13962587913
6.74571637574	8.12151621966
6.66718588163	8.11176078476
6.53488171158	8.08357062946
6.37181744884	8.01016841079
6.23388829618	7.9792082804
6.01519444573	7.92662736221
5.91208646706	7.90039053532
5.66341485802	7.83153117251
5.24623877238	7.76033174759
4.98283868386	7.70158957686
4.89820296483	7.68288243436
4.80028062498	7.65400714126
4.6697364047	7.6144558361
4.3399864224	7.55578074202
4.04834005735	7.51616183653
3.91877582299	7.49730156923
3.76577545567	7.48634148553
3.55700110803	7.46771179065
3.37073695193	7.44703603294
3.2351784003	7.43619410111
3.17935093297	7.43217296742
3.00058234144	7.39180238791
2.85997475272	7.39578230272
2.70534151154	7.37812310627
2.52818343516	7.35932060135
2.43331094044	7.34330742692
2.23518414514	7.32535841232
1.89466933642	7.28148199505
1.79989533998	7.2479109327
1.65700797882	7.20000745834
1.46893268954	7.13127574482
1.39939552858	7.08570361673
1.32688634961	7.03735093747
1.23701542579	6.9694812189
1.17011344756	6.84912685531
1.14015985706	6.79653883921
1.13228230041	6.71834006425
1.19827986424	6.56624776162
1.24614271624	6.47413181854
1.5868246317	6.05047823093
1.88450652068	5.76853587368
1.93764392115	5.73376458156
2.04253027497	5.66254577377
2.17297432921	5.60562670666
2.37349614165	5.51156430214
2.48798376338	5.46653846513
2.60190297804	5.42664194605
2.70597773251	5.39866205564
2.76134689583	5.40236634933
2.92330613836	5.37275806121
2.97699212762	5.36613245344
3.21948786779	5.34871822519
3.33573153872	5.34838630164
3.46514088376	5.34699159876
3.64100142248	5.36164205669
3.85138092459	5.39917553762
3.96310187912	5.41658306653
4.01404084566	5.4237959942
4.03372040398	5.43384339188
4.12525844417	5.47054511263
4.2604167344	5.45360465582
4.45847910993	5.49763427997
3.74434819763	10.1241032379
3.74437623219	10.1240839606
3.74437451723	10.1241053632
-10.6755390786	-3.30432761995
-10.5561523903	-3.21112269959
-10.5000836015	-3.1222053964
-10.4408396362	-3.06563383024
-10.3215519583	-2.91166828023
-10.2768693863	-2.84643124189
-10.227105002	-2.77601627672
-10.0825533824	-2.5888952375
-9.96430338591	-2.50904014935
-9.8933386319	-2.41958522538
-9.86332911239	-2.34761457481
-9.77360927111	-2.25778890204
-9.61560347151	-2.10666511936
-9.48799302407	-1.98510221755
-9.41207615918	-1.91788722856
-9.31761756286	-1.83179493317
-9.1889239799	-1.71759466998
-9.12397603339	-1.66953935279
-9.0334152407	-1.59451526095
-8.90299697324	-1.46349652183
-8.78528130859	-1.36816708162
-8.71717891876	-1.30813312774
-8.55901926139	-1.1700265618
-8.42621884753	-1.07784297104
-8.35984244293	-1.02934109885
-8.31394736768	-0.969483256593
-8.21999570726	-0.883169250994
-7.99085434716	-0.719021532722
-7.91050628291	-0.634841646647
-7.82659285511	-0.539104052324
-7.75197714858	-0.455783665904
-7.68718794736	-0.382507472792
-7.61557718762	-0.302298226574
-7.54587042648	-0.224663261864
-7.36056171445	-0.0170133307631
-7.27696211851	0.0738356351832
-7.1635457966	0.145219612212
-7.08343916698	0.208628615805
-6.98837959969	0.285161106447
-6.86771294873	0.368789596602
-6.72879062156	0.445209041368
-6.64501222598	0.466250359573
-6.60717735279	0.486140468318
-6.51367452507	0.520710271168
-6.41108024371	0.542896631283
-6.31595834012	0.540079802427
-6.16485576508	0.503162532432
-6.09557235019	0.456601038943
-5.98661428272	0.346675995249
-5.93006976496	0.252024955825
-5.88784811992	0.117526059083
-5.84208954305	-0.04344132875
-5.83346792044	-0.170997908592
-5.83734241932	-0.297165707681
-5.85311302349	-0.394694195338
-5.83004573469	-0.46113818351
-5.88312879643	-0.606650651978
-5.9218847835	-0.76898112141
-5.97663446443	-0.866789897276
-6.02717545718	-0.943681353283
-6.15331532589	-1.10142416611
-6.29572683021	-1.29480671495
-6.39967387604	-1.43686623525
-6.49968478955	-1.53395289471
-6.61227653945	-1.64933863006
-6.71021350756	-1.73746647998
-6.80334000699	-1.81497473472
-6.89630818385	-1.88220428655
-6.95044744738	-1.96248387318
-7.02501775274	-2.02415134686
-7.11093887425	-2.06481272419
-7.18553368564	-2.09144492328
-7.42884516485	-2.26329155835
-2.17472325792	4.55235170991
-2.29962464196	4.60627418123
-2.4515711006	4.69763200233
-2.62752172489	4.82898415154
-2.79793268988	5.011080207
-2.8879618801	5.11680433278
-3.01775892593	5.30566812304
-3.11778996691	5.49452979983
-3.13263957871	5.52006666467
-3.17656742324	5.60197346248
-3.26981271827	5.76197220237
-3.31513592051	5.9551547031
-3.32898408118	6.12317053429
-3.31835894487	6.2893656973
-3.29530479597	6.4828869455
-3.24948314274	6.63575700721
1.22325046065	9.28903381479
1.39155267086	9.41511349033
1.4720285387	9.47103062084
1.57785722943	9.5091528799
8.52045209498	7.53180780477
8.40898420097	7.42532074448
8.25554696603	7.31907106535
8.15550168223	7.00983049764
7.94671168761	6.85454469823
-11.4373592186	-5.79458069873
-11.5876751266	-5.69121094046
-11.6644425582	-5.6370828239
-11.7280238539	-5.5434576795
-11.7598119526	-5.48212251789
-11.8814223662	-5.26976854391
-11.9259887879	-5.17886535855
-11.9901238165	-5.05371875488
-12.0409608886	-4.93623713706
-12.1490470256	-4.6740622818
-12.2661793702	-4.3551703353
-12.359449539	-4.08664076686
-12.4116652652	-3.93122462602
-12.5232881	-3.60160420682
-12.6004244298	-3.37282504367
-12.657442909	-3.15747573146
-12.7430677872	-2.95853205074
-12.760619412	-2.90458503327
-12.7910917712	-2.80564521193
-12.8532451871	-2.58453486747
-12.933151701	-2.26631901752
-12.9636809368	-2.11184091651
-12.9735536554	-2.05500079482
-12.9868066224	-1.9785003014
-13.003181334	-1.87130580933
-13.0140661331	-1.79098932207
-13.0286329512	-1.67049002748
-13.0282703495	-1.54086298511
-13.0717130231	-1.35520281309
-13.079852842	-1.2507047136
-13.0528833163	-0.922322382486
-13.0036410101	-0.729196722269
-12.8640127176	-0.377756344575
-12.8202645184	0.0437357187615
-12.8021257263	0.345685971075
-12.8441830257	0.788077807985
-12.8759812117	1.01845620724
-12.8961962115	1.27827921494
-12.9127126951	1.51421222325
-12.9214220722	1.6239444151
-12.9288871289	1.71918088044
-12.9336495073	1.80979528439
-12.9388445323	1.87343776389
-12.9404036927	1.97217093903
-12.9358622511	2.15497366737
-12.92718002	2.32857876293
-12.9074035804	2.47121266776
-12.9030796932	2.53472948245
-12.8956925586	2.61341228778
-12.8701735653	2.75520678648
-12.8436480223	2.89661349361
-12.8280548962	2.97873747078
-12.8413323868	3.09965278939
-12.8223169062	3.22946797744
-12.7944732198	3.33414665778
-12.7563778755	3.42855755016
-12.7190169634	3.53428274246
-12.6860566123	3.63241913917
-12.6336535756	3.76989903932
-12.5897686539	3.85632116879
-12.5112048198	3.98087789028
-12.4013155792	4.08273514552
-12.3326540517	4.16415920184
-12.2851419086	4.23596867007
-12.2668879574	4.36443985271
-12.2481108166	4.45353270741
-12.2360533933	4.55521557864
-12.2193971681	4.64971554152
-12.2707065351	4.75666353455
-12.3043914984	4.82776246988
-4.66726299836	5.28653717074
-4.67862573	5.28783941043
-4.75627381598	5.29629526237
-4.87613779212	5.29107435223
-4.97632387696	5.26143720473
-5.01814316491	5.24606064747
-5.06008004758	5.22945905435
-5.15512671713	5.18688845558
-5.22032652021	5.15480131224
-5.30298591904	5.10550336476
-5.48488979133	4.9873940833
-5.5595011869	4.94078801256
-5.59742917235	4.91512285566
-5.7273743531	4.81143030995
-5.8689456888	4.73275843597
-5.96528659287	4.67239155984
0.980557139962	4.23405100598
0.916615186341	4.10714172154
0.863573539481	4.04618647239
0.788921245742	3.95347342573
0.717164147971	3.88156117753
0.633680804847	3.69285039265
0.58920303685	3.58793252982
0.571705464916	3.53570716005
0.553392788394	3.44621914852
0.499031052787	3.3310761267
0.441258657018	3.20348234179
0.431253890686	3.17828941053
0.370278022249	3.07880771707
0.310931477662	2.85846365336
0.293457212684	2.62618036447
0.25517646865	2.46171275726
0.240605584546	2.33023258156
0.239746732655	2.20733188015
0.250190070164	2.13263968135
0.27337106558	2.00357167578
0.335222802095	1.74721020832
0.392221790997	1.54323720446
0.430958416519	1.45396717791
0.474705615877	1.35524977415
0.543457926999	1.23159988307
0.558918406608	1.1817937485
0.671854354246	1.03900108635
0.747556723076	0.95345119288
0.827512188261	0.886456334627
0.913999310814	0.811873961661
1.07703677701	0.643998096064
1.25893519816	0.497613007518
1.45026608391	0.323601352948
1.64103677742	0.180163251591
1.69778073673	0.127489675537
1.89100912126	-0.0410413097728
2.08097548672	-0.213898403226
2.20923684203	-0.329475990576
2.26052336408	-0.374305375253
2.30949261292	-0.426678253087
2.47438078695	-0.567774395595
2.67210670826	-0.731841906327
2.8701266028	-0.902751196362
2.98598705258	-1.01152494629
3.11970550651	-1.15636395364
3.20904224795	-1.23417514363
3.37320642003	-1.36801343564
3.51605697354	-1.50591403266
3.54635550967	-1.54646921856
3.72879278159	-1.70057297317
3.83755346726	-1.81640409319
3.93616752626	-1.86876287644
-7.42884662923	-2.26327711926
-7.67564101448	-2.18964557111
-7.83602813374	-2.1650597065
-7.93429571984	-2.16473302025
-8.03455185287	-2.18210087011
-8.17899024165	-2.2084178492
-8.35896986053	-2.23953579286
-8.49072334526	-2.29454364111
-8.68323865482	-2.38981211491
-8.73300645496	-2.44062907434
-8.82425338458	-2.52169607827
-8.97493929097	-2.67472486581
-9.07079494737	-2.80657965244
-9.17299262415	-2.92917520113
-9.24233092755	-3.03243597467
-9.30689231005	-3.10724156415
-9.34297580395	-3.32157360517
-9.38021345818	-3.46919890614
-9.43890502415	-3.67000413283
-9.37107447445	-3.99981244596
-9.37880231099	-4.2266466486
-9.3776162786	-4.4408644436
-9.38384663732	-4.56353675396
-9.37651584341	-4.7405186796
-9.34419608692	-4.84736874041
-9.34008906519	-4.89118181258
-9.33118241224	-5.02395401849
-9.33252552269	-5.19714949005
-9.33033577021	-5.31885059093
-9.33031055914	-5.33393265894
-9.32558540449	-5.42387905792
-9.32163724199	-5.55632944789
-9.31656036161	-5.68302697464
-9.32830481151	-5.80233844855
-9.33944963206	-5.95032892881
-9.32742030073	-6.13004174635
-9.32105645729	-6.25790111102
-9.31202859444	-6.3627154652
-9.29842503045	-6.52516967494
-9.25796353987	-6.70643821737
-9.22311450483	-6.8528171997
-9.19417300219	-7.04558292715
-9.1291464612	-7.22237479785
-9.07741819652	-7.36424872935
-9.03171389862	-7.47949508881
-8.96361863644	-7.70597151686
-8.87167749543	-7.92952761313
-8.82220424117	-8.04740163693
-8.78554108233	-8.13165978046
-8.770289307	-8.16260052528
-8.70249321535	-8.30867031099
-8.61520424288	-8.45247119508
-8.56516876522	-8.53856531142
-8.50163123321	-8.76552974442
-8.38364238097	-8.99744708521
-8.33354452107	-9.24993809122
-8.25263814228	-9.48083933
-8.18828355916	-9.63148847713
-8.17379272546	-9.72385002182
-8.12438262551	-9.84285341712
-8.0297992653	-9.99554619332
-7.96314791019	-10.1332218379
-7.85982302179	-10.3310956096
-7.81900394267	-10.4108765721
-7.76179671127	-10.5124953653
-7.7050821989	-10.6142299879
-7.62867171479	-10.7462728855
-7.50167710041	-10.9286495813
-7.3841740031	-11.118694994
-7.31623930597	-11.2402663199
-7.25618089501	-11.4262843026
-7.18546617833	-11.5782774329
-7.13286215145	-11.6793289638
-7.02134088551	-11.8019334593
-6.98030114149	-11.9104606293
-6.93755874053	-12.0573722989
-6.88056643191	-12.2041685756
-6.85007239927	-12.3022277104
-6.83530610385	-12.4744614644
-6.84124863564	-12.5201476165
-6.86294957233	-12.5738789232
-6.92217203477	-12.6442934548
-7.00564081408	-12.7374467015
-7.1493285783	-12.8211470689
-7.26843888484	-12.8486584304
-7.51247532581	-12.8798458307
-7.65399707988	-12.8921849305
-7.90266269051	-12.9263057814
-8.23155408632	-12.8893894423
-8.306988771	-12.8438925011
-8.3762572152	-12.837957672
-8.43738790936	-12.8308573374
-8.58427258381	-12.7934345727
-8.75177345173	-12.766357462
-8.81079928336	-12.7594370995
-8.94195860706	-12.7430218276
-9.11347395873	-12.7087018023
-3.86464408472	-5.55057781544
-3.87246906082	-5.56140961319
-3.89611709583	-5.59453477006
-3.90631801321	-5.60976219845
-3.91735501252	-5.62536963376
-3.9579010784	-5.70692987078
-3.98792752802	-5.75499906201
-4.02503178334	-5.81352051267
-4.06764775063	-5.87886834354
-4.09495667086	-5.92338103044
-4.14608989103	-6.01720549345
-4.18151018342	-6.07946202515
-4.22332644152	-6.1484012249
-4.30693768931	-6.30294516263
-4.34222652595	-6.37470141673
-4.36611127593	-6.47771764915
-4.39684165639	-6.57034933156
-4.43242091809	-6.68698900354
-4.43888129114	-6.7563721212
-4.46299761012	-6.80139851213
-4.45888130628	-6.84147754252
-4.45628597635	-6.86211946391
-4.45424193302	-6.87035678817
-4.44846732672	-6.89112917011
-4.44148059924	-6.91016385983
-4.40421065435	-6.99074554238
-4.34456422075	-7.10205710881
-4.20604997912	-7.30370703061
-4.14686640609	-7.36804242838
-4.12206478255	-7.39051904502
-4.10662957584	-7.40344777723
-4.08547257015	-7.41861680764
-4.05932675015	-7.43466712646
-4.00933706152	-7.45958523027
-3.97930249999	-7.46577720813
-3.96846656038	-7.49094271333
-3.91874888874	-7.49509597084
-4.06758901862	0.0921684334395
-4.12383729595	-0.106230185008
-4.15219099794	-0.188995964826
-4.17182973953	-0.268050293114
-4.18717089175	-0.357312068172
-4.21502035261	-0.445009513329
-4.27427907897	-0.588854397697
-4.2589947524	-0.686777429254
-4.28397498805	-0.754204831564
-4.33572880597	-0.903283126565
-4.38234363241	-1.04121841593
-4.41410000985	-1.16679116637
-4.44357903185	-1.25787914041
-4.50432617789	-1.40542047418
-4.56510213827	-1.5571358838
-4.63619904508	-1.69564993401
-4.68539088531	-1.78525348245
-4.79726292106	-1.9812305629
-4.85716823047	-2.10024870862
-4.94599440114	-2.28024879421
-5.00255214051	-2.37691915441
-5.10621451582	-2.56434956691
-5.18638461669	-2.70454987893
-5.24507990458	-2.83702540093
-5.31889850602	-2.98778779627
-5.40706792993	-3.16826418082
-5.45893864492	-3.2802995654
-5.53537239608	-3.43898571185
-5.59229242082	-3.55315084096
-5.62868282816	-3.62792970832
-5.70287398287	-3.77484978437
-5.8875144698	-4.11275641749
-5.95694423277	-4.25702241911
-5.98660578243	-4.36385317265
-6.02217119348	-4.43725927169
-6.05495751565	-4.50671114242
-6.13335631185	-4.67258482544
-6.19218341887	-4.78955552683
-6.27416569773	-4.9468002015
-6.3120691659	-5.01670154095
-6.40393650441	-5.15566731638
-6.5437823262	-5.36215882615
-6.56033316117	-5.39776642158
-6.64099690846	-5.51991157823
-6.68576614411	-5.60776865768
-6.71174020272	-5.75251060805
11.142933425	6.32490204142
11.33600158	6.12408192492
11.3901525969	6.03544914994
11.4499912416	5.92036872261
11.5311295754	5.80322771156
11.6389818912	5.68169932682
11.6905775007	5.60934479943
11.7632164137	5.49048681835
11.8184517683	5.41649315125
11.8760329102	5.24531281426
11.9677026733	5.13634481521
12.0289112435	5.04366580537
12.1437237104	4.81793238414
-10.1936456707	-9.67293397074
-10.0327918191	-9.84178673951
-9.98651095406	-9.90183323935
-9.94986989411	-10.0064360025
-9.84445551623	-10.2854059948
-9.79526295939	-10.3858573678
-9.76801870404	-10.4350140645
-9.73575132558	-10.5177387964
-9.67766736875	-10.6318272429
-9.60321217333	-10.7702547602
-9.54143472124	-10.8314439762
-9.49122008926	-10.9454982087
-9.43720682934	-10.9833142012
-9.41045803065	-11.0628101187
-9.38199692005	-11.1446522553
-9.35925345138	-11.2194753022
-9.3358125992	-11.2845612933
-9.28569892932	-11.4625108958
-9.23578137039	-11.6292547846
-9.25094164233	-11.7265275294
-9.25218436467	-11.7571583503
-9.26902924814	-11.8664693757
-9.14313105639	-12.0989045485
-9.11887104192	-12.1909592171
-9.12737909431	-12.3928842952
-9.11487210265	-12.4723839509
-9.13249852154	-12.5769253747
-9.13328902995	-12.6332214347
-9.12048621385	-12.6729026834
-9.11318849262	-12.7082155973
7.99691522686	3.79853306884
7.84704686121	3.97333822072
7.76373580144	4.0935091036
7.67785546011	4.22903615978
7.53644844585	4.32582867309
7.36230193767	4.49387344918
7.29795654693	4.54544289859
7.02153363877	4.69844777953
6.86590519157	4.83391891182
6.71375417709	4.91553161025
6.63008514722	4.96775580121
6.43114038361	5.10095400403
6.25922810421	5.13152985496
6.13349794368	5.16646173029
6.03432546622	5.18975176509
5.92447953199	5.2124457559
5.70929404248	5.23184083482
5.68967905949	5.23673467319
5.53221930149	5.26163913734
5.34123114359	5.2912674296
5.20311356451	5.29538835115
5.09576619581	5.30657274628
4.99275659359	5.31872112869
4.8902058565	5.33913141673
4.78940625411	5.38627339549
4.60515145716	5.45164082042
4.45851895308	5.49765946133
-7.87473301789	-6.65827043593
-7.87306598289	-6.66135003131
-7.81243338144	-5.96823386553
-7.89040402388	-5.8389312636
-7.93538882348	-5.72282521312
-7.94771628231	-5.55186385639
-7.95595522842	-5.40480611556
-7.97225321199	-5.26102213854
-7.97467135078	-5.0623670679
-7.95635057908	-4.97757296652
-7.95553800346	-4.83534484772
-7.90602015473	-4.68868925435
-7.89016735615	-4.52243671017
-7.89413358786	-4.41181068164
-7.83136541028	-4.09573053942
-7.77506254064	-3.90112445125
-7.70285463663	-3.61714116151
-7.63090590805	-3.47574496859
-7.55301218946	-3.36490873892
-7.51339102853	-3.23504754723
-7.45190987526	-3.05007169094
-7.41243525478	-2.93488113517
-7.38733914876	-2.76710345814
-7.39890975862	-2.62865942705
-7.39573745221	-2.56215705726
-7.40540302293	-2.49143285053
-7.40208843636	-2.37391178763
-7.42884628649	-2.26327573915
-7.04110613906	-9.33302917622
-7.04967087796	-9.3860445542
-7.02180997966	-9.45141559201
-6.98112956651	-9.5459886943
-6.94319839105	-9.63046991147
-6.914481952	-9.69190711003
-6.88515310536	-9.75199886042
-6.86793747926	-9.86866527045
-6.86622614892	-9.9152056194
-6.80737318332	-10.0429023447
-6.70735559376	-10.2226362836
-6.63651293741	-10.3452209835
-6.52253990069	-10.5944272023
-6.44925069946	-10.7400903695
-6.41858954258	-10.8122769168
-6.34294130734	-10.9360855182
-6.29298959373	-11.0662960372
-6.20654795554	-11.3000260929
-6.17491281254	-11.3962941759
-6.13553261038	-11.4986222219
-6.10298078398	-11.5954156968
-6.06622688166	-11.7074686993
-6.02778840373	-11.824327682
-5.97182582562	-11.9422383042
-5.905185931	-12.1211273167
-5.83472049744	-12.2876146692
-5.77427279975	-12.4160184914
-5.68480056052	-12.5809227685
-5.6287644166	-12.6643412102
-5.5063170105	-12.7346678107
-5.4076305059	-12.7526144971
-5.29395327373	-12.7960544905
-5.24861369462	-12.8463431873
-4.99837866252	-12.9136395197
-6.59491016087	-6.0628014752
-6.60512882691	-6.02621711769
-6.64952290069	-5.89550356279
-6.71173352163	-5.75251436653
-9.11318108823	-12.7087277883
-9.26875124612	-12.6740205601
-9.35866946953	-12.6433076704
-9.62321479995	-12.5767284411
-9.76644891096	-12.5317433296
-9.84264963502	-12.4452604047
-9.91531544204	-12.4104357122
-10.036442754	-12.3404681237
-10.0428436996	-12.3367148829
-10.2394544202	-12.2177170707
-10.3765016135	-12.1247065803
-10.471125145	-12.0429340268
-10.5893991351	-11.9181976304
-10.6585481615	-11.8502815963
-10.7622915282	-11.7648514345
-10.8177562536	-11.686302517
-10.8714286944	-11.6096360908
-10.9816400049	-11.5244888623
-11.0331493469	-11.4466864384
-11.1753414674	-11.3023381771
-11.2911085972	-11.1697187962
-11.4213754778	-10.9969784301
12.7295665729	-1.17878862589
12.4563628997	-1.23317416478
12.3411387898	-1.2939598681
12.1763335994	-1.3870527242
12.0761303103	-1.44974700034
11.9923668669	-1.50815797401
11.9062873018	-1.57199531493
11.6333142017	-1.68626923126
11.5208444438	-1.77217831893
9.87196246021	-4.41329270878
9.81799464404	-4.37656896839
9.75154906302	-4.30330515731
9.70090023768	-4.25018249001
9.60622652304	-4.15169018788
9.5130388131	-4.06496066774
9.43700664939	-4.00903572408
9.30664774178	-3.90022079204
9.25586689592	-3.85951624506
9.06324342873	-3.77419000942
8.91631710587	-3.69483344628
8.83720331961	-3.65926984495
8.77192898667	-3.5930792309
8.66208731589	-3.48437947683
8.55731309902	-3.44973063406
8.41385019701	-3.4331712077
8.31583401053	-3.46104490452
8.16763091074	-3.52186783111
8.06606476812	-3.57489285587
7.95119419553	-3.6540997684
7.85215249643	-3.73877831895
7.77076727267	-3.82426831511
7.74324369192	-3.86152305169
7.68079018102	-3.93998141329
7.57748966585	-4.06965227817
7.53169967557	-4.17139429425
7.48995538234	-4.27033700291
7.42214112336	-4.37768596368
7.36815082388	-4.51031538778
7.29933232596	-4.68982217112
7.25524267302	-4.78706525296
7.25812092466	-4.89112105963
7.13980083219	-5.14498269325
7.04974942651	-5.30626574663
6.90186144801	-5.58090783246
6.86100013962	-5.64684442157
6.64732512758	-5.93971819177
6.54690924953	-6.13934282534
6.51852270733	-6.1899787482
6.4155393152	-6.35279386446
6.26112853869	-6.49248479277
6.15454998351	-6.57866042746
-1.27282028787	-11.9267038219
-1.29912778028	-11.8643604061
-1.36089358499	-11.7683743408
-1.4695297298	-11.5519536122
-1.56983741937	-11.4095484853
-1.6249073166	-11.3389447484
-1.64082513797	-11.2242561174
-1.6640001556	-10.9742891677
-1.65926690568	-10.8809356922
-1.64802471547	-10.8004912005
-1.63237499936	-10.6476529915
-1.62400520823	-10.5406277887
-1.60505724366	-10.444546539
-1.56767987014	-10.3542668365
-1.49577000216	-10.1714461234
-1.4309929539	-10.1028158679
-1.3421357945	-10.0080265152
-1.23525951893	-9.93567895207
-1.16888956944	-9.8986139536
-1.01359085034	-9.84046736382
-0.958144943766	-9.82850561566
-0.861535660593	-9.80873704714
-0.743056480958	-9.81978466365
-0.555867156489	-9.80873150977
-0.46834930094	-9.81734971505
-0.262470376219	-9.83027171296
-0.0272411739871	-9.83981076393
0.0820521720424	-9.84069105943
0.275337183614	-9.8188262133
0.570745217758	-9.82801821795
0.929751427416	-9.779329466
1.09255553884	-9.73933857892
1.25895505021	-9.70369141405
1.45617294361	-9.65955222038
1.64999570891	-9.61239253545
1.776979482	-9.59464009896
1.89956764389	-9.55576170145
2.02815140903	-9.52174678534
2.14469958215	-9.47872076978
2.29150885428	-9.43449327015
2.41991756114	-9.3757220675
4.18434083983	-11.1222503126
4.26083437083	-11.1620343917
4.31660420523	-11.2282393947
4.35149973953	-11.2343053195
4.38341585498	-11.260800973
4.50954643895	-11.2612827885
4.72166180713	-11.2081954594
4.84766906625	-11.2250186874
4.94281920128	-11.2177888225
5.0774289034	-11.2050643051
5.13772121062	-11.2005126703
5.19061409847	-11.2163463845
5.22270362339	-11.2429992147
5.25742308767	-11.267871253
5.34977898805	-11.3566995662
5.44351486543	-11.497160173
5.48423489751	-11.5504489406
5.51791559902	-11.6600940377
5.52327952002	-11.6845425394
5.546643135	-11.7838396978
5.55232096691	-11.9079238262
5.5441208258	-12.0475770932
5.58344788357	-12.2494662524
5.62591187097	-12.322813194
5.59327781587	-12.3917104811
5.60670357665	-12.4648095039
5.61963108529	-12.5425098948
5.68786880819	-12.6307560462
5.70400537013	-12.6617899307
5.69173942401	-12.7538706363
5.67420811608	-12.8475613184
5.65455883849	-12.9216322159
5.58288617687	-13.113485466
5.49865242526	-13.224341956
5.45571719436	-13.2701707397
5.39987965941	-13.3205770678
5.32870256002	-13.3731371831
5.28520682266	-13.4198974168
5.20184423425	-13.4602335569
5.0444399535	-13.5261644482
4.85653505117	-13.5733278092
4.70581927304	-13.6073067102
4.59218020171	-13.6246996672
-2.492897593	-14.0354389026
-2.61534961754	-14.0242930186
-2.83085582011	-13.9925702214
-2.98992215951	-13.9645542674
-3.0587667892	-13.9493671417
-3.22518642263	-13.8858765236
-3.29427120049	-13.8676385614
-3.3543238588	-13.8501497691
-3.43589236618	-13.8258153001
-3.54614957596	-13.7868942299
-3.63299773561	-13.7577881551
-3.7287266056	-13.7227802411
-3.8401626229	-13.6824720053
-3.9969492759	-13.6325567335
-4.14306423903	-13.5821555745
-4.25762588969	-13.5311336964
-4.36471500556	-13.4797323684
-4.46459249888	-13.4233210255
-4.68011860266	-13.30649346
-4.76996251493	-13.237167884
-4.86749683523	-13.1426634712
-4.94184804996	-13.0400591601
-4.99578431368	-12.9134896999
4.38228021028	-10.5398277885
4.36332806353	-10.6724272541
4.26640038371	-10.8550907038
4.18417620158	-11.1222480131
8.29345554803	9.85911770737
8.21099614988	9.93430872944
1.92682371088	9.49319084457
1.86953012827	9.46992707748
1.74869441927	9.4807034263
1.68124922738	9.48861669268
1.57784878547	9.50914746432
10.3456798597	1.73024162931
10.3813236578	1.6766345321
10.4082269637	1.62966623677
10.4343205954	1.55840695141
10.5595152932	1.37565015364
10.6696056109	1.20271905739
10.7579003417	1.09149313547
10.9216804948	0.935272896765
11.0447989843	0.829582459408
11.1411248314	0.701227201907
11.245303565	0.628394828383
11.3344570491	0.511001607523
11.4493633029	0.389108009574
11.5335016774	0.307858370716
11.616188833	0.224566481027
11.7487533893	0.0922051477977
11.8441844817	-0.00518977718451
11.9701987332	-0.131430668799
12.0929586555	-0.204352968154
12.2171447366	-0.296971147099
12.4080742103	-0.482005878765
12.4495541571	-0.51293060719
12.5028491518	-0.562067897269
12.6464097468	-0.692347363612
12.6765380354	-0.82429468609
12.68110271	-0.878708919419
12.6904560172	-0.943233236191
12.6918176894	-0.977899536016
12.6921416901	-1.03239659873
12.7295701075	-1.17849918438
15.4322503484	2.90435758754
15.424498752	2.7981489223
15.3830801417	2.74171654171
15.3566914664	2.73878304777
15.3330441191	2.74424128207
15.1489556721	2.6772270094
15.0455438272	2.59357094558
15.0335062469	2.58726444611
15.0024281115	2.56535234247
14.9677086622	2.56923557118
14.9135009035	2.53227221531
-1.26536368687	9.3071169245
-1.28456808703	9.4166412575
-1.29139649655	9.61790375256
-1.28658114339	9.7997217706
-1.21530731374	10.0244030564
-1.10906523091	10.3168720627
-1.0917025948	10.3521533885
-1.02715388931	10.4681076277
-0.959564644812	10.5542871548
-0.891435489003	10.616007526
-0.768853786913	10.5353164423
-0.680788493903	10.4936369493
-0.625705639362	10.4597208479
-0.536842920257	10.4304983416
-0.389865862288	8.24063301825
-0.407219572761	8.20768716132
-0.442535829776	8.13002868016
-0.478575191586	8.02699168449
-0.568226361491	7.8294912411
-0.603886769723	7.66432063151
-0.616933591325	7.51963170026
-0.655556833492	7.37899024444
-0.667018534047	7.14948339057
7.11447567724	-9.75772398787
7.0336490617	-9.65657230287
6.92116619612	-9.56235651698
6.86565387359	-9.51908523652
6.79666665126	-9.43056908522
6.76467648018	-9.33243052197
6.67194353094	-9.22931804364
6.63863511582	-9.15292972392
6.61953037935	-9.0755398289
6.60591160835	-9.0213559537
6.58894589604	-8.94784974097
6.58350569192	-8.86994301892
6.51865265667	-8.80331815252
6.50739198665	-8.71548825863
6.50502131272	-8.66165492202
6.51604031408	-8.54280473812
6.52964331283	-8.42227404406
6.53349762022	-8.33858134575
6.53478795499	-8.22731935163
6.52891764927	-8.05268229614
6.51260179829	-7.94623115391
6.47604605017	-7.87153705685
6.37179519573	-7.5474665445
6.37790589477	-7.36497687022
6.34444701457	-7.23330887177
6.32753868637	-7.23590573461
6.30568137841	-7.11409943719
6.26859019514	-6.96374162009
6.24255114423	-6.8448586331
6.21109174261	-6.7443069952
6.15457237348	-6.57877002847
7.97296563457	7.9345667828
7.94728052065	7.94755978863
-12.3043988752	4.82777555659
-12.4228667987	4.93242921491
-12.5127984941	4.94515853559
-12.5991870603	4.96045170998
-12.6557492439	5.01352696107
-12.7392257871	5.04343350835
-12.8436637787	5.10245592312
-12.8639826476	5.12336897985
-12.8991937726	5.18252522177
-12.9181180356	5.22412813284
-12.8034087353	5.44019552253
-12.9798884244	5.60396584043
-13.0979753975	5.8109185756
-13.17632289	5.91794323925
-13.2092004945	6.01968490311
-13.2816798157	6.02651518197
-7.51737942898	6.0479667643
-7.66796584685	6.0829840146
-7.87375683482	6.09434755712
-7.97176340423	6.10960278539
-8.10839255436	6.13603076273
-8.35168367639	6.14630748859
-8.56959619646	6.16079225185
-8.75097238485	6.1686986249
-8.87524389492	6.18284119523
-9.08882821996	6.17999988515
-9.19490828833	6.18414800982
-9.38683327987	6.1536422117
-9.65867515015	2.32281138701
-9.73405237605	2.39482069458
-9.77649225648	2.50247314517
-9.82886811666	2.66471166579
-9.86937582607	2.8348452951
-9.97835960853	3.01414108406
-10.0820519411	3.09713871296
-10.1493025894	3.27587353055
-10.1703146825	3.38513885238
-10.2097651605	3.48145781103
-10.2296649541	3.60983573079
-10.2521157888	3.73489209654
-10.2488426296	3.82945222834
-10.2492930806	3.88402260025
-10.2705317828	4.05270753218
-10.2768358802	4.18017651492
-10.3154292097	4.41352826487
-4.74013078335	2.06344539624
-4.54542796377	2.1484708358
-4.32374173188	2.23889737452
-4.17517448305	2.28434292922
-3.90348897411	2.43247502613
-3.74021804545	2.50518941652
-3.63650452376	2.47842006544
-3.5046773312	2.51047863165
-3.38560726777	2.57437901183
-3.25216133302	2.61725168663
-3.16187509006	2.63859537592
-3.01952931701	2.65067984149
-2.87396414874	2.70997116864
-2.75356749943	2.784503576
-2.6755440423	2.78337276742
-2.60756943591	2.77876438766
-2.6075698185	2.77875009856
-2.7046382304	2.95365548191
-2.81630127689	3.19531658735
-2.90810369237	3.34804755461
-2.98072060467	3.45031014857
-3.11283864542	3.61981087659
-3.32747758562	3.87267047106
-3.4673171107	4.04164885939
-3.58022208801	4.16372128202
-3.71385574049	4.27924509641
-3.84866207848	4.3785270571
-3.97340498492	4.45801737043
-4.1949260072	4.56506767784
-4.31573991003	4.59888279186
-4.53192666617	4.62781484457
-4.69294067667	4.62928674237
-4.98950460143	4.64093274508
-5.45244178825	4.67611873094
-5.61517087266	4.6895645724
-5.85402107249	4.68792566118
-5.96529583835	4.67238653244
-4.33556424451	-12.1960497953
-4.14314879275	-12.1942759004
-3.96872510925	-12.1975998962
-3.88975327546	-12.1928619844
-3.78699665453	-12.1769660233
-3.70547496096	-12.1806804424
-3.45450064493	-12.1603467563
-3.30387523864	-12.1487401134
-3.08215484911	-12.1424671521
-3.00484790748	-12.1409608977
-2.95527817861	-12.1340281172
-2.84152706078	-12.1106161486
-2.6460558091	-12.09752276
-2.51352316043	-12.0811648404
-2.32403426317	-12.0922338151
-2.12382501143	-12.074266273
-1.95433826517	-12.0688473151
-1.69124536719	-12.0584920816
-1.47370433997	-12.0323591089
-1.33716923706	-12.0102186751
-1.27077039834	-11.9305242976
5.94033826447	-10.6017400283
5.98808389055	-10.5684691964
6.01374150729	-10.5250462767
6.06094930588	-10.4611548498
6.18244812073	-10.3630928533
6.27193999006	-10.2958048379
6.31939516748	-10.2466277524
6.3652228569	-10.2107104628
6.40848851021	-10.1755506677
6.52297448155	-10.1565725422
6.6496663503	-10.1520714617
6.77963813731	-10.1319471726
6.83994213957	-10.0600787495
6.95722797612	-9.99598913976
7.05312695323	-9.85632009904
7.11435567142	-9.75758854806
9.29842256466	7.49239673837
9.34391772875	7.67552594953
9.37854355706	7.83363599617
9.41156810466	8.07931146162
9.41817155666	8.1836990656
9.42832034407	8.26901702742
9.43241897459	8.35751079977
9.43560032866	8.45461401393
9.45351521324	8.56106297854
9.48358972876	8.64806255533
9.5009359234	8.75490174642
9.5184683055	8.8452201306
9.51805154484	8.86731546976
9.55231692735	8.94656239513
9.57982579879	9.04236039001
9.63042192872	9.20540543121
9.65735377597	9.27737682475
9.69735105986	9.3556184509
9.71768892899	9.36700282592
9.794714831	9.53869657686
-5.33235724852	-9.89646506158
-5.13271868875	-9.81051106152
-4.97059225167	-9.75906884492
-4.81437663604	-9.71470096734
-4.6318723188	-9.66798585559
-4.46475549232	-9.60078046082
-4.34045548164	-9.5877895177
-4.1764435923	-9.55185880792
-4.0487703068	-9.51677036071
-3.91997169849	-9.47767796827
-3.76575303192	-9.42538843596
-3.69603101448	-9.36387624421
-3.5816863353	-9.32066306401
-3.49969103418	-9.28351050966
-3.34236851116	-9.21128268527
-3.24851669676	-9.15617836217
-3.11723931257	-9.05782887075
-3.02209023567	-8.96664774343
-2.87121671529	-8.83429201056
-2.63024504916	-8.55523492023
-2.56108505419	-8.45082299738
-2.53801551358	-8.41441890324
-2.52409065659	-8.3714224453
-2.48195817817	-8.30280184053
-2.43064903461	-8.21151383744
-2.35566697338	-8.07583893492
-2.28739260021	-7.93143331501
-2.2349709514	-7.81188722413
-2.15985768454	-7.61464035303
-2.11953121847	-7.51030145678
-1.96157687567	-7.04002530732
-1.85717529945	-6.64973819096
-1.78200787962	-6.40290927982
-1.72796038567	-6.20515567997
-1.60049598355	-5.73385989891
-1.54870313596	-5.57129703708
-1.50194647027	-5.40507193865
-1.43034381476	-5.24858227202
-1.31296903458	-5.04979483125
-1.20748396087	-4.91147405012
-1.10659137935	-4.74700435804
-1.01655152264	-4.63314481793
-0.916586085826	-4.49682625357
-0.867163791603	-4.44638763647
-0.745448957064	-4.34703565291
-0.592977053843	-4.25171050788
1.57785846197	9.50915342504
1.58165012509	9.61163041885
1.61528417016	9.69181524739
1.73685921723	9.83979538916
1.78696937863	10.0106177841
1.82138107044	10.2677087933
1.83810547419	10.4224220974
1.83123056712	10.5219969657
1.8060543493	10.6419550662
1.75587237453	10.7620310934
1.66066102501	10.8473845079
1.56217368451	10.9312992477
1.39790503711	10.9946506168
-6.71173281991	-5.75251510758
-6.81319076701	-5.73683395794
-6.88318712413	-5.76499452427
-6.96082245767	-5.82094186968
-7.06303331644	-5.88728826211
-7.11627252322	-5.86361201255
-7.22065234822	-5.87533033099
-7.47805254246	-5.90659852581
-7.61694817373	-5.94710213758
-7.812357079	-5.96878068837
14.3340708836	4.71598707824
14.3822140197	4.56275555081
14.4435164203	4.39561491295
14.465247417	4.33498564182
14.5012736613	4.2389221886
14.5415149682	4.12226366973
14.5589774911	4.07310628307
14.548556225	4.03584434926
14.5815345082	3.92996884696
14.6031626496	3.85979479621
14.6803311901	3.75406458451
14.6911483846	3.67914513269
14.7010934482	3.5384085116
14.7070359522	3.35641307532
14.7092829453	3.15199625861
14.7337648273	2.99083612489
14.732223911	2.91084014507
14.8080306182	2.83612628514
14.8285991108	2.77001436173
14.9133267639	2.53237617538
9.92605031939	0.154164353572
9.86495100537	0.382200303104
9.84749350663	0.538888421594
9.88311393065	0.683720191642
9.8430658635	0.815515191093
9.73830290948	1.21900476104
9.68772718366	1.42594698469
9.64175441958	1.56880074415
9.59305265492	1.84456495186
9.55862267135	1.99960915985
9.50286747617	2.11994944181
9.45071802814	2.26546281189
9.40417637511	2.41223223676
9.35221870175	2.57228658569
9.26462848464	2.70216328608
9.1612534617	2.86999307104
9.07946869161	2.98203120198
8.98822980824	3.11810527395
8.87838294591	3.28426325699
8.73831792992	3.42658215149
8.5755406066	3.53982067972
8.34864151219	3.64940518922
8.27332690014	3.67543116407
8.1880836492	3.70763108211
7.99690847923	3.7985179031
5.1432130585	10.6925763464
4.97899603233	10.7096055434
4.80850982505	10.7311191163
4.58719901285	10.742319508
4.27981578064	10.7697174437
4.22165141136	10.7651823677
4.13852666686	10.7702243965
4.01185942895	10.7698222985
3.9091852817	10.6964129974
3.7723306125	10.6906860481
3.61485991566	10.6803594395
3.48329873272	10.7000888652
3.40580877889	10.7159882431
3.33562829058	10.7762781686
3.27591159458	10.8166956758
3.19850237089	10.8880043723
3.09893008795	10.9838378312
3.03918868841	11.0776382846
3.00115592721	11.1414647965
2.97109991595	11.2092066774
2.90282887739	11.3647637041
2.81660170037	11.5382534034
2.75393074041	11.6662250099
2.71341522447	11.747548818
2.63655186427	11.9077127969
2.57588087478	12.0825973688
2.54526240834	12.2169592391
2.50056902856	12.3722115988
2.45742483738	12.4689615355
2.38997169191	12.6082078565
6.15446373032	-6.57875418658
6.07791368168	-6.5257174809
6.03829006727	-6.50185189788
5.98127138792	-6.48456370655
5.90416376613	-6.47157983053
5.80925530203	-6.39775550132
5.70728431348	-6.31495086037
5.5298810283	-6.18952558183
5.38008232163	-6.08809897511
5.2595370815	-6.00887058192
5.1667033093	-5.90284930811
5.10911783133	-5.83931626346
5.05833587112	-5.77983804888
4.95095044201	-5.62321347076
4.89361657035	-5.54850905074
4.85334875331	-5.49028178448
4.80079944696	-5.40546219885
4.79422615531	-5.33018307124
4.72711799238	-5.14691385739
4.63238558561	-4.95032703403
4.60885104663	-4.89637020016
4.53582227679	-4.72825830236
4.48305149679	-4.59536664823
4.4461287063	-4.50862508889
4.43825218842	-4.4383845422
4.37401656943	-4.2666249054
4.30681068403	-4.07437068724
4.26265961923	-3.92428344485
4.22592097983	-3.81085411334
4.20132658813	-3.67741612008
4.16590526736	-3.58390452766
4.10171020756	-3.17919176995
4.07096065377	-2.99322546101
4.03488849744	-2.80036125917
4.03030654874	-2.59881305971
4.00732669549	-2.44198923095
3.98837193202	-2.26646677392
3.96272856512	-2.16116133818
3.93777635317	-2.0148553898
3.93599598391	-1.86872720689
-11.4213745757	-10.9970351566
-11.5160905223	-10.9153678967
-11.7138352045	-10.6142430761
-11.7807987778	-10.5192298065
-11.8339113548	-10.4231750983
-11.8820707144	-10.3181049069
-11.9600544379	-10.1840434
-12.042742828	-9.9673774869
-12.086886502	-9.85425287777
-12.1977522154	-9.53690724958
-12.2620771654	-9.42001752119
-12.3198154695	-9.24614896182
-12.393847581	-9.07661716753
-12.4187015872	-8.99198122855
-12.4354737081	-8.93351982141
-12.4634893854	-8.831696923
-12.4920329192	-8.72319241174
-12.5176137394	-8.62171751241
-12.5619869735	-8.44275949371
-12.6022447348	-8.38998258972
-12.6695736523	-8.3078629916
-12.7301612541	-8.17263582556
-12.7638596578	-8.06820691571
-12.7793672525	-8.02011303975
-12.8547978383	-7.65588312938
-10.8056884409	-0.0385837007326
-10.7887008274	0.0602120280344
-10.782741846	0.154703154202
-10.7708212742	0.208103471982
-10.7457128285	0.314602718068
-10.7291244436	0.379314191848
-10.7138906583	0.437501430358
-10.6824969446	0.487017683106
-10.628584552	0.642240464035
-10.5839197648	0.812370567871
-10.5457284559	0.924867587686
-10.5053621738	1.0484452013
14.5583455483	1.40987365692
14.6740448451	1.63966261452
14.7376792643	1.74702397809
14.7716994281	1.86998491772
14.7994840942	2.04545067562
14.8145631622	2.25766738488
14.8674991792	2.39905846216
14.9132077928	2.5324142294
-1.05736670101	13.7985915258
-1.2949528632	13.4639837186
-1.48476956137	12.8393680935
-1.50395912456	12.4122168775
-1.55674635276	12.2179813444
-1.62121671319	11.9625339838
-1.67363764339	11.7371223977
-1.78914886743	11.3643869458
-1.83126143086	11.1793356137
-1.91669450047	10.8070702249
-1.93963436608	10.7225166578
-1.97907105382	10.355050372
-1.96145697637	10.1558038902
-1.93088963041	9.88127843954
-1.87481964326	9.75074131351
-1.80017052631	9.63077808023
-1.51843764666	9.36303231525
-1.34402848221	9.28188142703
-1.2653059354	9.3071520139
-0.59293744104	-4.25169933014
-0.62679206398	-4.1222606535
-0.651573235969	-3.97914822356
-0.685019476364	-3.8426325442
-0.724497314711	-3.65863710796
-0.751652307468	-3.54905459649
-0.776798703788	-3.4561039929
-0.784948069841	-3.36319074904
-0.785174903539	-3.27456402942
-0.836525164659	-3.13607644334
-0.888972560058	-2.88522487477
-0.931190953444	-2.70287523152
-0.939276565238	-2.58703739303
-0.976840977154	-2.44521442918
-1.04595135172	-2.19385995255
-1.09450881857	-2.03754133058
-1.13572287405	-1.89116753754
-1.16760374701	-1.78420108428
-1.2113462151	-1.64374301748
-1.2784554253	-1.44578658896
-1.30063170015	-1.36327351066
-1.34072146511	-1.20981317424
-1.40990130052	-1.04256857709
-1.46822981048	-0.900523505159
-1.57726530635	-0.692699025909
-1.64099938866	-0.56063400526
-1.70145733966	-0.465468152112
-1.76042800802	-0.397769296545
-1.86032521675	-0.300357525582
-1.93556890269	-0.239000262303
-1.9993094644	-0.192748829691
-2.11878860486	-0.122424717697
-2.35607185765	-0.0611164167161
-2.44965543442	0.00463968460595
-2.65793795938	0.0709732760015
-2.85736240254	0.0921686141299
-3.04958963468	0.105244801194
-3.13642080778	0.0979575605917
-3.24595553125	0.094242649169
-3.35005234414	0.13861908438
-3.44876307597	0.118929716694
-3.56319493583	0.112934282673
-3.74271611835	0.1242567914
-3.81636797101	0.109688609776
-3.89367214334	0.0957405676148
-3.9583870645	0.0730493934385
-4.0676120492	0.0921301891952
1.40176224221	15.7787034431
1.39566484472	15.7791703702
1.34947787568	15.7753514944
1.05765033202	15.8007420053
-10.6517367689	7.53682434166
-10.5515487392	7.43187760933
-10.4345634446	7.3580034252
-10.4051095184	7.36830213406
-10.3534519919	7.3527568119
-10.2719929729	7.29444812879
-10.2026801927	7.19475132766
-10.1644687043	7.12839660825
-10.1069181052	7.03865539947
-10.0830685569	6.91451396346
-10.0307143141	6.75999007986
-10.0160152186	6.74788999818
-10.093932208	6.49233523772
-1.2820580641	7.16821696249
-1.0778376951	7.18399208102
-0.997834872492	7.18942656097
-0.858080626976	7.18075451697
-0.66703376081	7.14947918486
1.40395616129	14.4414524
1.37990912899	14.5015861795
1.44478825616	14.5914865673
1.43360440591	14.6781723774
1.42905148269	14.7669824977
1.35687361036	14.8244847704
1.27194131953	14.892144814
1.20732889834	14.9553399565
1.06671680285	15.0367562701
0.992987398902	15.0904970669
0.93020780052	15.1503938167
0.781714167753	15.3277557626
0.748750959619	15.468784694
0.790564578284	15.579321982
0.802743765808	15.6134191473
0.825526572166	15.6440382532
0.816389867907	15.6911713322
1.05774917672	15.8007799442
1.40395829391	14.4414541567
1.47250408724	14.4181603039
1.51645412011	14.3993941085
1.62584669733	14.3701819937
1.7256427854	14.3474582626
1.83907739479	14.3262475492
1.91246477505	14.312387212
1.98953769345	14.2931070187
2.12192593403	14.2457650449
2.32170866902	14.1632620323
2.45276215072	14.1306749156
2.54032596388	14.1033672334
2.63299244997	14.0576559162
2.77574210521	14.0333872146
2.8797177015	13.9340948162
3.03997951024	13.934528403
3.12932806153	13.9278721134
3.29017399211	13.9104159205
3.44996919478	13.8867080012
3.6449712391	13.8583646458
3.79796281408	13.8314498628
3.92217459852	13.8038759116
4.06450663001	13.7692542971
4.18743986582	13.7622202021
4.34712057646	13.6935586835
4.46483050285	13.640407202
4.52873292467	13.584617879
4.63201535242	13.5244605112
4.89079663074	13.4093814369
5.22552550755	13.2045569354
5.47680850498	13.0189390736
5.62739519743	12.8936054858
5.75731242749	12.803829448
5.96041151866	12.6600521259
6.10305807657	12.5547208535
6.29832242132	12.4019905092
6.4006824684	12.3180264571
6.5912296388	12.1810098831
6.72766005802	12.0712544388
6.92886699389	11.908850138
7.18623279157	11.7801437638
7.73726127266	11.6289350765
8.12108082126	11.4326312933
8.32739138374	11.2974282351
8.48407169318	11.1405713462
8.56690204829	11.0461697306
8.6866252704	10.9766752104
8.77330628718	10.8910108703
8.8208999467	10.8434775498
8.98136091493	10.7323052796
9.01713557782	10.6430638746
9.11780626158	10.5129133555
9.19982497573	10.4050954983
9.22393493221	10.3668812334
9.29111743147	10.2189771294
9.41000298751	10.0886008199
9.4752445196	9.9875787311
9.52418494069	9.91283488703
9.57042761883	9.84298396826
9.62365419794	9.77238111582
9.79470806078	9.53869342295
1.05773289668	15.8007709364
0.326566270448	15.4591067384
0.027037721114	15.2026113565
-0.094637186126	15.0891410435
-0.251247850817	14.943252089
-13.2822318574	6.02725085847
-13.4839845481	5.83800639893
-13.5472556919	5.74890829365
-13.6758584576	5.52856529122
-13.72471303	5.41462988473
-13.8781699114	4.95810075206
-13.9175744065	4.54668796692
-13.931703717	4.30312016184
-13.941605978	3.22864671926
-13.8991240744	2.23745216041
-13.7443399312	1.3052719034
-13.7111429454	1.24908732229
-13.6391027716	1.03246626023
-13.5719009156	0.824155942301
-13.5213760029	0.660470889614
-13.4809512251	0.565963507063
-13.4244362167	0.427775996318
-13.3656020523	0.307071761449
-13.2267719603	0.0658028873514
-13.1492376443	-0.0389724185592
-13.044707089	-0.180124717941
-12.8943979665	-0.376424292964
-12.7847315377	-0.507390149185
-12.6883992287	-0.630297044652
-12.5539465194	-0.845602742469
-12.5341866819	-0.93865120094
-12.4727598417	-1.07074770361
-12.3958399358	-1.22438436043
-12.3377678671	-1.37389655377
-12.2556090946	-1.56542884981
-12.1750231687	-1.81386894964
-12.1172760353	-1.90217460357
-12.0940933163	-1.9746626837
-12.0288472947	-2.11743285826
-11.9806006504	-2.21751108631
-11.8183745649	-2.44620289206
-11.7427952926	-2.49896475235
-11.67985424	-2.58042836983
-11.6017765333	-2.67248482602
-11.4842596456	-2.76507677329
-11.3950920059	-2.84027444266
-11.3192746663	-2.92273562553
-11.2159030088	-3.01273935841
-11.0505584797	-3.11983808157
-10.9529065507	-3.17030510452
-10.8021057278	-3.231430534
-10.6766798796	-3.30439126608
-9.38688119788	6.1536185538
-9.44026327208	5.98325302573
-9.46517693308	5.79146244237
-9.4791267855	5.58341962373
-9.48972727388	5.52162876184
-9.50279260343	5.4387069507
-9.51148816347	5.28147692596
-9.5034500339	5.22626207005
-9.51227697361	5.09370631575
-9.41998198874	4.94925785843
-9.30778787984	4.71670369351
-9.22605524689	4.56814232938
-9.10659145611	4.37941124518
-9.01651213689	4.27153361326
-8.86068820891	4.11562809711
-8.77884501036	4.04089084114
-8.7213601326	4.01453182423
-8.53304426485	3.93827941144
-8.36250874052	3.88146256153
-8.20637694538	3.86126059761
-8.00379841068	3.89936307244
-7.96641380435	3.90578706645
-7.87714946978	3.92842066873
-7.79998724272	3.94806274712
-7.63455196211	4.00225192953
-7.37604750871	4.08020172705
-7.16061640087	4.17599696107
-6.84514919958	4.30600722137
-6.60399059779	4.40623591495
-6.30865409794	4.53892467652
-5.9652853881	4.67239225652
2.39124877586	12.6081357833
2.46245518906	12.6825528891
2.67395784952	12.7250678978
2.81285047408	12.7289799775
2.87339486	12.7661497495
3.18279625618	12.8125769837
3.32729185711	12.7996687088
3.42523417598	12.7875420447
3.56900826035	12.7754010448
3.68016213165	12.7479537753
3.79379910983	12.7000318748
3.88592666087	12.6598415147
3.99109470962	12.6084062724
4.07221359641	12.5699817124
4.18780163482	12.501794163
4.27520432281	12.4464773854
4.37028642954	12.3689416287
4.49290951261	12.268383413
4.66611424273	12.078503569
4.7285057399	11.9685167108
4.74937552088	11.9098212176
4.78125252628	11.8066261428
4.80784237232	11.5762715011
4.82247960429	11.5064010809
4.89690583884	11.3433922308
4.92575349935	11.2424955507
4.98427745678	11.0847435986
5.01672002245	10.9521447889
5.06598494444	10.8459709355
5.11884185471	10.7451958307
5.14320700524	10.6925462811
-10.3154525384	4.41351913345
-10.2508511635	4.25427525917
-10.2039236586	4.15850099919
-10.0858854019	4.00141536076
-10.0102831636	3.91824731773
-9.90473682939	3.78476780741
-9.82662303839	3.69383083486
-9.77028603056	3.60863661864
-9.67761031408	3.50361169309
-9.57736454616	3.38399106732
-9.50745773357	3.30008015378
-9.49272506228	3.27166346849
-9.42913107754	3.15368315705
-9.36442431438	3.05296807725
-9.27209103581	2.88369818923
-9.26130038291	2.82657918316
-9.2630286892	2.79078195861
-9.28417427875	2.7242574638
-9.33703422729	2.65212493772
-9.42609451051	2.5118009877
-9.52804170681	2.40167632539
-9.65869575244	2.32281789358
1.39790713519	10.9946479617
1.49104837535	11.074350695
1.54970582382	11.1384087612
1.56278740853	11.3383343203
1.56576010636	11.4336860493
1.54036623055	11.5523468419
1.51075327866	11.6377533727
1.47592848713	11.7912304172
1.36439072542	11.9835102923
1.29776389211	12.0877627694
1.21295540192	12.2441321141
1.1012978687	12.3630912443
1.04214037357	12.4219327974
0.991772197238	12.5209237909
0.942961598097	12.578452944
0.898518635426	12.6220182173
0.79572197425	12.7310120216
0.724631077332	12.7911170829
0.590093240909	12.8884577166
0.492215723677	12.9499708149
0.339306236924	13.0368596758
0.26999582134	13.0586815151
0.231888335616	13.0649921517
0.146131709906	13.0876837888
0.0476617761378	13.0893666937
-0.0372183935801	13.0802088658
-0.156448505661	13.0513596383
-0.250636616163	13.0505893569
-0.301717944911	13.0338038548
-0.522474602269	12.9283259078
-0.634414074806	12.9146029714
-0.753836865843	12.9206536622
-0.875875785481	12.9564927359
-1.00267773779	13.0005240178
-1.06802106672	13.045451587
-1.10616345411	13.1717809154
-1.12621209724	13.2412838697
-1.1299491065	13.2877965561
-1.10355981996	13.4901500406
-1.07486920541	13.6162660662
-1.05739453776	13.7985476137
-10.5053349651	1.04846916393
-10.4418087337	1.09959020207
-10.411024547	1.19178875483
-10.3519015437	1.28022354135
-10.2615579357	1.41856023785
-10.196822389	1.53208267348
-10.0743219993	1.67234052316
-9.90476323712	1.8674738018
-9.88031956249	1.93608822899
-9.82702003386	2.00302609304
-9.7740874247	2.13406650357
-9.65866115346	2.32280592446
7.7521453753	8.25038831568
7.83517276146	8.04441535033
7.94730210479	7.94756085829
-10.6746887468	-3.30670544799
-10.6212138057	-3.51510998592
-10.5960184003	-3.7145936365
-10.601857534	-3.90068863461
-10.624608836	-4.02950641963
-10.6328400612	-4.12636636769
-10.6442507802	-4.26536305301
-10.6650798159	-4.36229469437
-10.6940067424	-4.44233794642
-10.7412586492	-4.53023442968
-10.8458965831	-4.74791197088
-10.893158276	-4.85613301951
-10.9438375559	-4.94256467657
-11.0325690255	-5.08113389939
-11.0720629868	-5.18989330185
-11.1584053863	-5.32016726177
-11.2075860855	-5.40666843314
-11.2509327428	-5.49277343332
-11.3613842081	-5.65630029875
-11.388776578	-5.73052166783
-11.4373402148	-5.79458588823
-2.17471617308	4.55235438164
-2.1421010062	4.64151313032
-2.1365998653	4.66684884529
-2.04506379705	4.90457614607
-1.99210943168	5.04740032974
-1.88163864242	5.24740401461
-1.81671309652	5.4659785065
-1.74044235831	5.62189436272
-1.7020690535	5.76482824275
-1.64941728547	5.97328163993
-1.61428068192	6.12602494114
-1.57616416903	6.28276918189
-1.54762056637	6.57630391857
-1.49293721101	6.77031956938
-1.44294947129	6.946184787
-1.40213296404	7.04336867538
-1.28205806389	7.16821695971
-2.17477371956	4.55233521336
-2.16496981458	4.40090127684
-2.15293432622	4.26996281067
-2.12909850433	4.19276076173
-2.04414051997	4.02207588891
-1.92948894629	3.83773450161
-1.84918610413	3.70576847953
-1.61738116736	3.29899047323
-1.57614980877	3.21914997693
-1.51303130728	3.11389920029
-1.29924470399	2.68162234116
-1.13732383231	2.34696948207
-0.979530123115	2.03131319776
-0.837867095698	1.69912670897
-0.69204654924	1.3968673675
-0.527341922137	1.02282094676
-0.365970929366	0.697646594335
-0.177966018787	0.442506567884
-0.0848467379961	0.316720275083
0.115228310412	0.0497438843137
0.206741713772	-0.0686230677519
0.288924811587	-0.173439469049
0.375392378074	-0.330732050329
0.435777536819	-0.405563905524
0.584260530458	-0.57084868078
0.66432715629	-0.670632523615
0.710051769644	-0.734771406569
0.765366312696	-0.820965458319
0.791344034333	-0.859062138566
0.838418867499	-0.906791798629
0.971935400405	-1.12117287106
1.11853101026	-1.33002931336
1.30770210062	-1.60939027176
1.39203904343	-1.77051695813
1.48449554916	-1.93312873056
1.56681861657	-2.05423798685
1.70120937246	-2.27418871388
1.79369711483	-2.43288195124
1.93293833238	-2.71457712058
2.05449813664	-2.92761934218
2.15049070226	-3.07676082797
2.22158869348	-3.20430512864
2.33482908013	-3.38521166196
2.38226351405	-3.50147419071
2.4576498716	-3.67387561819
2.56762850428	-3.87362327285
2.6568268853	-4.02034480313
2.71562707925	-4.14644161623
2.82454830663	-4.29847148791
2.87031930108	-4.36416619367
3.01064514754	-4.59282131503
3.1538005655	-4.78716963714
3.33577064078	-5.06480389795
3.40576331109	-5.17453463793
3.47928642868	-5.29361045607
3.58799682126	-5.51568724451
3.61040199558	-5.61330917269
3.66347549918	-5.71531898173
3.74034817416	-5.86207432927
3.84045625063	-6.04165627437
3.89857753335	-6.14286510029
4.02164114887	-6.34973550455
4.13364947558	-6.46014969603
4.20018272162	-6.52029601763
4.28220620415	-6.63918890852
4.42773069883	-6.89221018632
4.50692263402	-7.03835885488
4.59048744327	-7.14962778194
4.6602533969	-7.29554858716
4.70122350868	-7.3803694296
4.73890443316	-7.46769962283
4.77544797167	-7.60857908002
4.82015668624	-7.70870292871
4.8983058225	-7.85491448043
4.95716492067	-7.98509476608
5.02840907897	-8.14807188591
5.08671661937	-8.28770888617
5.09940399495	-8.41078228483
5.12284863022	-8.47919566668
5.14703561592	-8.59131876489
5.18553943649	-8.75297195343
5.22752615783	-8.88664318229
5.30272793005	-9.08298237689
5.34976730311	-9.23222152073
5.38495669972	-9.32881394199
5.45717342278	-9.55169704843
5.54980737404	-9.81393598716
5.60630880996	-9.99634386861
5.68591519971	-10.2186162312
5.84921391583	-10.5245041098
5.91733462541	-10.5989804087
5.9403592236	-10.601746279
8.52037750073	7.5318640069
8.31294850946	7.69128638882
8.22934302721	7.7508556948
8.15643643893	7.80637583412
7.9472890021	7.94756499177
8.5204390872	7.53182940877
8.66430380933	7.454439123
8.71686800441	7.44269197466
8.86611536697	7.39538395009
9.03944832749	7.42087194625
9.29842256722	7.49239674205
-11.4374971166	-5.79457380315
-11.4124532775	-5.94206963218
-11.3641519381	-6.11628179053
-11.3121356479	-6.28015209475
-11.280383844	-6.38336813764
-11.2525225647	-6.4582163377
-11.2287539651	-6.57014634659
-11.1677473163	-6.69845556727
-11.1042865259	-6.85220021233
-11.0609402967	-6.98291616486
-11.0336415845	-7.07589593305
-10.995336786	-7.18391524014
-10.9335226826	-7.32167647547
-10.8834552183	-7.44450754442
-10.8292615883	-7.57335868283
-10.7767781617	-7.70874382367
-10.72508407	-7.88861949236
-10.6805718767	-8.01939799666
-10.6547935896	-8.09857864864
-10.6095148214	-8.23354013938
-10.5769719104	-8.34530597699
-10.5416408712	-8.47482452339
-10.4997525085	-8.55215365432
-10.4251493025	-8.70389076521
-10.4046853993	-8.76860228297
-10.4518807615	-8.84122709702
-10.4393792289	-8.9361001336
-10.4273539568	-9.01444193229
-10.411400049	-9.14892511924
-10.3097867664	-9.34336344976
-10.2866064854	-9.44207331697
-10.2249270694	-9.53137580428
-10.1937351776	-9.67296991471
0.980554037651	4.23404922663
1.09871890651	4.15139868792
1.2090390436	4.13020748407
1.27570745086	4.10627398447
1.3469156211	4.08077344414
1.43828160705	4.06349220515
1.54062808751	4.03016826622
1.72489538965	3.9548164911
1.80828895462	3.93492517142
1.92044826727	3.90807777567
2.08740170548	3.86916075694
2.20732200213	3.84399649296
2.46199868114	3.76820300143
2.57170935749	3.78816309506
2.69117853502	3.7495359609
2.79518806467	3.72453074287
2.85791798681	3.70952654439
3.00118729419	3.67613430709
3.08920007555	3.6551653425
3.17009491621	3.63561579787
3.27509712126	3.61070968431
3.41805458018	3.57561077679
3.49201138297	3.55790045388
3.60868927346	3.53084387359
3.72809820602	3.50190430069
3.83414259241	3.46759157065
3.90734862128	3.44923216614
4.07759526618	3.40236641857
4.22369297118	3.36095527606
4.37266540816	3.32520916511
4.5499219361	3.26889296763
4.71967174953	3.21450986251
4.8254031717	3.17912355275
4.89064260339	3.18112268707
4.96971426773	3.15603973833
5.06906138851	3.12235812188
5.24076742602	3.06325263473
5.34331601636	3.03552628812
5.48595468876	3.00764433069
5.66882079915	2.95344238369
5.89594334256	2.89383753323
5.97567671085	2.87563262731
6.08086312635	2.85710879896
6.13909878682	2.82195569896
6.24988918185	2.81170030151
6.3908313872	2.80482955193
6.41834315615	2.80487078774
6.51276134186	2.81178931135
6.59196943745	2.82126008872
6.69522985268	2.87981460345
6.81366389324	2.86875228232
6.88489410969	2.89779260603
6.96059112679	2.93596978549
7.03460770153	2.97753943791
7.37410870145	3.24974262271
7.44525580486	3.32165044925
7.51408692299	3.39320848587
7.63170823216	3.50497146852
7.66536748651	3.54196956803
7.7072774338	3.58474326767
7.7780051119	3.65085803941
7.83369398279	3.65093921517
7.99691143196	3.79846706131
0.980522026071	4.23403500505
0.927016523041	4.33886627427
0.883548263298	4.46745448085
0.774065434774	4.58677802839
0.714015121557	4.69912743215
0.657755517532	4.81557736577
0.592036946858	4.9691624644
0.482378500064	5.23902224776
0.42125789871	5.34108834636
0.396200361523	5.38898336799
0.317698377476	5.50461063695
0.203353089971	5.6712333607
0.0357854388338	5.96784447693
-0.0738460734567	6.16730668904
-0.123886123694	6.25468707559
-0.191476665325	6.36962399057
-0.28183735383	6.54626606576
-0.355784548235	6.66844970154
-0.467637969736	6.87803897833
-0.667033760809	7.14947918482
7.94652299521	6.85487908571
7.88233128579	6.7253716891
8.05530558128	6.57444059801
8.19308389697	6.44287696705
8.26069190085	6.38348244054
8.3664215877	6.30677505295
8.45199740909	6.23827276789
8.60028303312	6.11436562788
8.69600715119	6.03209251846
8.80169732591	5.95883034358
8.95882608288	5.84355628545
9.07199699958	5.75060647463
9.15336888636	5.67646255924
9.24996764026	5.58603696937
9.32758624271	5.5100834795
9.40902723256	5.42353643933
9.51394532738	5.21105635475
9.6083707248	5.10828189928
9.74048979752	4.92140292073
9.88833769132	4.6937179331
9.94980221015	4.59137716951
10.1428504714	4.32346340363
10.3894645952	3.9287033869
10.5252910202	3.69054559812
10.5891946804	3.57028415599
10.6432677082	3.47069629157
10.6939197907	3.36317451698
10.7605046791	3.23222105443
10.8382449756	3.04882944572
10.9155805893	2.91190640665
10.9744712553	2.83170956874
11.0689916458	2.68786641199
11.1532253865	2.5893330184
11.1844709322	2.52484934683
11.2025428641	2.48836616621
11.2786091927	2.38250846045
11.3297720991	2.30355655569
11.4157368057	2.17957401073
11.5234682255	2.01498559499
11.592588673	1.9106995904
11.7143298318	1.73193799841
11.7742828046	1.64971938835
11.8612643562	1.52256524981
11.9251835072	1.43646907317
12.102618518	1.16715510837
12.1902060329	1.02506090692
12.2903429011	0.932219707006
12.3535375671	0.857914009105
12.3911170033	0.799928412978
12.3919929028	0.763690285568
12.4284243839	0.718294194819
12.541852764	0.56837143067
12.646218419	0.469698218127
12.7105619757	0.333240942442
12.8439564681	0.181862409507
12.9708698923	0.0615362279011
13.0698017232	-0.00524189097971
13.2000502688	-0.066925093856
13.3009122915	-0.0928758720128
13.3888829768	-0.091735889224
13.5084098488	-0.0594209549749
13.6070933129	0.00245934467034
13.6887814306	0.118235729014
13.7605135654	0.171379260291
13.8545439808	0.236799912867
13.9308777999	0.33510273616
13.9992545026	0.409627127169
14.0694431514	0.487112578832
14.1450783756	0.58398721491
14.1368962961	0.65125856839
14.2025519645	0.763067811889
14.3470684803	0.899032670671
14.4542142461	1.04896665016
14.5412329772	1.24705511264
14.5583812309	1.40989011985
7.9474216238	6.85225995204
7.66622011078	6.79270922692
7.55570302952	6.84021626144
7.38779784076	6.90245435471
7.21887490587	6.95616932019
7.03107508795	6.98922170255
6.8842374582	7.0010902005
6.82400913089	7.0038590871
6.66501142721	7.00845141067
6.53265452247	6.98612155574
6.3347517321	6.99015189268
6.25774142186	6.98993649637
6.16396997718	6.97765040719
6.02674830803	6.97426233867
5.88413588671	6.96021494494
5.80017128792	6.94523341518
5.6815456042	6.92742337135
5.59481668227	6.88696931261
5.50929790075	6.86097134202
5.31498754166	6.79611458201
5.2044892628	6.72295111217
5.06133316718	6.64261403422
4.97956618438	6.55322813936
4.88271575251	6.43358837343
4.81171492594	6.36482447743
4.76373135236	6.25046126821
4.68622910502	6.14395162937
4.5741846954	5.96793485859
4.52511279371	5.82742301557
4.48174428207	5.6447044083
4.45849624064	5.49767077806
-4.06757035128	0.0921858602456
-4.17637157567	0.229226164649
-4.28253516455	0.398196927572
-4.3411783132	0.477303976985
-4.35593576648	0.534497269053
-4.38657306002	0.603352606022
-4.42199354843	0.651124227551
-4.48196039054	0.777986718249
-4.53561035721	0.901779375683
-4.57578964067	1.02106678421
-4.58815336555	1.0895665113
-4.60195062844	1.22035153413
-4.6472751782	1.36904522945
-4.66879525106	1.48655535056
-4.6750784175	1.61518311605
-4.68684140941	1.7336694988
-4.70773156554	1.87477640741
-4.71746846077	1.97773381665
-4.74081903965	2.06251095843
11.1429623032	6.324887793
11.0034039782	6.33020684681
10.835660451	6.44184863307
10.5127069677	6.58722759742
10.409427248	6.66849146909
10.3316931854	6.72328125796
10.2232177634	6.7764861239
10.1402980077	6.84392151453
10.0504961909	6.89857823982
9.91739879638	6.99516691981
9.83217640917	7.03861011538
9.76127330496	7.09232728185
9.59558768603	7.15271399201
9.52339965901	7.23176333193
9.45650954084	7.31204001222
9.29842255482	7.49239673959
-10.1937450008	-9.67299869985
-10.2864749888	-9.77018519663
-10.3583656311	-9.85439817429
-10.4276992393	-9.92880867361
-10.4645918259	-9.97216730285
-10.5136286839	-10.0051206889
-10.5661208957	-10.060234186
-10.6744564942	-10.144123214
-10.8323350044	-10.2806271822
-10.8635902932	-10.4596898825
-11.037464876	-10.4858862236
-11.1066481384	-10.5571582815
-11.129869442	-10.6342374749
-11.2040407514	-10.719378844
-11.3015769243	-10.8441448872
-11.3439938791	-10.8927199708
-11.3692255849	-10.9596127151
-11.4213689414	-10.9970650819
-7.81238168328	-5.9687607025
-7.87205521246	-6.13808933222
-7.89800154164	-6.21736400588
-7.89926001838	-6.25151837451
-7.90163919269	-6.40488965423
-7.87288562434	-6.66131294688
12.7295753572	-1.17851275119
12.8666649031	-1.34525044326
12.9130555354	-1.45368419913
12.9011667238	-1.59397797049
12.8821393496	-1.76407928117
12.9344005738	-1.86605323384
12.9448223632	-1.97617642802
12.9512452851	-2.20228515163
12.9574511702	-2.33980823896
12.9666006108	-2.46898223915
12.967982813	-2.6113856294
12.966304922	-2.76272555856
12.9639823572	-2.89886272387
12.9557513881	-2.97974525373
12.9495333777	-3.1397986429
12.9475203259	-3.21573994748
12.9420290994	-3.30745815219
12.9392777527	-3.44752713163
12.9259210867	-3.58350183289
12.9018701724	-3.72953710796
12.8812138972	-3.84348433929
12.8478181664	-3.9948058145
12.7800779943	-4.25187785571
12.7435349289	-4.36682435266
12.7038056567	-4.49292239929
12.6700881618	-4.58028777761
12.5841201985	-4.71415936305
7.20237011544	-12.8039225126
7.02007546709	-12.8676806224
6.92400126162	-12.8746039013
6.78547548203	-12.8671324599
6.68924259033	-12.8333336864
6.58890346665	-12.7626259565
6.55553475293	-12.7027381765
6.51140566937	-12.6825086223
6.49011701487	-12.6153400823
6.45407697812	-12.4785218565
6.41809827929	-12.3246116946
6.408107624	-12.2695885291
6.38720850579	-12.1729384015
6.3632545854	-12.0597892621
6.4256627395	-11.8761086534
6.4239925726	-11.7836237573
6.41202764474	-11.716942244
6.39872012606	-11.6628712656
6.37644751003	-11.5737651269
6.34453673688	-11.4892963395
6.35674342723	-11.389680707
6.30152066124	-11.2198993681
6.19915357581	-11.1083907539
6.15764238442	-11.0108104477
6.06180969341	-10.8724669273
6.02818761125	-10.7246101448
5.94031362021	-10.6021412419
-4.99839949731	-12.9136774936
-4.95886501556	-12.7608222064
-4.88941222803	-12.6845972886
-4.81441728096	-12.5126191796
-4.70094996837	-12.4091850712
-4.61166078205	-12.3470446004
-4.5389975984	-12.2745150735
-4.33556422796	-12.196049386
9.87195996273	-4.41330533955
10.0218068833	-4.22947014782
10.1383923515	-4.04227435362
10.1941961334	-3.94627239362
10.2301835547	-3.87911318765
10.3851295886	-3.60395907036
10.4635415799	-3.44359311156
10.5750791027	-3.23877552823
10.7675276238	-2.97474803293
10.8688117604	-2.75351751359
10.9626883637	-2.62477544357
11.0880663872	-2.47745915477
11.1636959952	-2.29081117116
11.2655717682	-2.15267181316
11.2884822018	-2.13376686084
11.3305920596	-2.06865798661
11.3877239178	-1.97198291189
11.4498700273	-1.86333084941
11.5208447086	-1.77217985719
9.87198558499	-4.41335851627
9.79948158604	-4.56244619344
9.80035080403	-4.61199314148
9.72025274279	-4.77860332652
9.61473790813	-4.96690376582
9.58773362787	-5.01849210592
9.54742611373	-5.09457879473
9.49491404545	-5.33690446672
9.46416688986	-5.42761992418
9.41179217332	-5.5394800172
9.33051245652	-5.73142967773
9.23053761399	-5.79752368025
9.16269274037	-5.96982396092
8.98817312636	-6.38669920531
8.93785113931	-6.50505449047
8.87230611716	-6.65233603344
8.82196809419	-6.76820030523
8.57697141424	-7.30858864951
8.56266164401	-7.40205524031
8.44471613163	-7.67064740733
8.28403271282	-8.02063471218
8.17913716497	-8.26031880154
8.08299727712	-8.48220095988
8.00737114386	-8.65969320274
7.9283676738	-8.84835326492
7.82887069044	-8.94681661773
7.72579747757	-9.15894723515
7.64227497954	-9.28613407811
7.64029219561	-9.34708689732
7.58723162145	-9.42836780477
7.48749695714	-9.51729513685
7.34039772286	-9.64081455161
7.27094285913	-9.67729499465
7.20229506464	-9.72585739719
7.11447573323	-9.75772401815
-1.27282028785	-11.9267038218
-1.11201032176	-11.9462551002
-1.02203707256	-11.9540572434
-0.845526341232	-11.9433892529
-0.674193590349	-11.9267507997
-0.311398927487	-11.9114864608
-0.0656269267003	-11.8888337718
0.163517708803	-11.8899229631
0.309257419257	-11.8721062524
0.555395423973	-11.8457954697
0.866612847234	-11.8152964408
1.04604034039	-11.7997081504
1.4119047666	-11.7326563045
1.55898994109	-11.7138453119
1.70506969876	-11.6965867844
1.91693807349	-11.6731538844
2.13634962915	-11.6437290222
2.30537736869	-11.6272467897
2.36332485271	-11.6211990033
2.53020700183	-11.6012101372
2.78835150168	-11.5742420427
2.88629984005	-11.5800134532
3.05385507929	-11.560083342
3.25982893318	-11.5339655301
3.42335589625	-11.5176192297
3.55456566258	-11.495872656
3.62633313658	-11.4644205121
3.79625991447	-11.3967872816
3.92970510159	-11.3328069261
4.07124296269	-11.2326124591
4.18431998862	-11.1222622333
4.38234251939	-10.5398258461
4.1680758397	-10.4693646388
4.04257378215	-10.4342932527
3.90099903143	-10.318507015
3.67630662906	-10.2217295785
3.60311141931	-10.2020314345
3.50130888166	-10.1604553164
3.44089764544	-10.1238283265
3.37421125894	-10.0929369095
3.28983942439	-10.0400587811
3.15826668831	-9.96002659838
3.06458625545	-9.87202696967
2.87921970622	-9.75970962343
2.74848829773	-9.62819495722
2.61778711094	-9.53276178859
2.55355603289	-9.45815994981
2.41996548007	-9.37568141199
4.38229202253	-10.5398379176
4.51618961788	-10.4712998093
4.63302069891	-10.4063715188
4.68259266851	-10.3751440967
4.83016191656	-10.2737630867
4.89779154823	-10.0655835571
4.90112623104	-9.95800656848
4.86506604372	-9.77260459208
4.82681797143	-9.65761757797
4.7454816793	-9.45655460899
4.61398459931	-9.34881180055
4.52698214146	-9.26762309613
4.45406992481	-9.16320657552
4.37702422381	-9.06826436307
4.29734356704	-9.00779697204
4.12921091033	-8.83538219067
4.06289428699	-8.75244441915
3.9686353454	-8.67128533551
3.90991066603	-8.6052821613
3.82004403211	-8.46696875644
3.77705177015	-8.39268842502
3.68252784831	-8.21842546806
3.63231803041	-8.12326075188
3.60055148287	-8.06534408121
3.54927183538	-7.96954886013
3.50067013836	-7.87222389277
3.43912120026	-7.74633015666
3.34067905791	-7.55211772522
3.2868836599	-7.37578885418
3.24017320987	-7.2566161539
3.19412601367	-7.13862043793
3.11390084643	-7.02214846733
3.13241214781	-6.96283342983
3.05416919199	-6.80713091799
2.97306567565	-6.62384818833
2.90293071425	-6.48133645248
2.83789749008	-6.34504689847
2.77204818592	-6.18230010287
2.68904384638	-6.04510467175
2.63092680328	-5.9194783047
2.5730558394	-5.8090421813
2.50421336906	-5.68998824951
2.47907674231	-5.64525323883
2.43141911736	-5.54454399719
2.3655346401	-5.41388213683
2.32218381839	-5.24151224992
2.26895939176	-5.13848047011
2.19918061573	-5.00733853245
2.02504160005	-4.7016577607
1.95518027076	-4.54476512235
1.85902697073	-4.39497789073
1.83121907851	-4.35230329756
1.71681593312	-4.13303435481
1.55550027816	-3.9288423839
1.49588818873	-3.82055608798
1.40562210231	-3.61905537471
1.32970359613	-3.50325751278
1.25119850127	-3.37288034461
1.15852564792	-3.20707595209
1.08632321839	-3.08531489392
1.02426119415	-2.98201431016
0.917384526928	-2.76874022746
0.814119382449	-2.59714105322
0.807922438466	-2.58604175183
0.716348321891	-2.41652402709
0.622817159623	-2.24237966633
0.538620216573	-2.07915990885
0.502294500706	-2.002961215
0.471904378293	-1.94016346481
0.399395844924	-1.79283012863
0.316019950434	-1.63260746728
0.195509111997	-1.43016738649
0.141318642302	-1.32003687816
0.0852478538507	-1.2248803277
0.0286754849121	-1.1075812326
-0.0561534668132	-1.04273033455
-0.111801285219	-0.935495182631
-0.183807772181	-0.780013942232
-0.251940826387	-0.696720871484
-0.400585940276	-0.402818490063
-0.496579725992	-0.206235465228
-0.647618153332	0.0544997918569
-0.784874785778	0.275137504346
-0.923731234199	0.499726902752
-1.09577062611	0.754628491361
-1.28134310842	1.04504489504
-1.39329750437	1.21160308835
-1.54184892988	1.43366608594
-1.62202461057	1.55215927475
-1.75989081677	1.76528674326
-1.85515852727	1.90327126106
-1.90388565574	1.96614955724
-2.21108751759	2.34427550785
-2.28585611962	2.43598752049
-2.38645834208	2.54760965255
-2.49532186544	2.65635494458
-2.60756800741	2.778786046
-0.536863680804	10.4304668447
-0.62803743816	10.3105871827
-0.693995485402	10.1775855599
-0.822991108651	10.0066849384
-0.945265986505	9.86871585809
-1.05441921167	9.82455841857
-1.73549117343	8.93504472789
-1.78141727109	8.58541420899
-1.77705208207	8.31902194679
-1.76020876577	8.24429633656
-1.70882616348	8.09767116477
-1.66505748157	7.90558856769
-1.62011208419	7.71078437754
-1.5311617855	7.52652311297
-1.46318805815	7.38942868804
-1.41066754999	7.28822535457
-1.28205806377	7.16821695742
-7.51738662189	6.04796233897
-7.44386047647	6.03551994845
-7.35506111756	6.01377460551
-7.25244845121	5.97856531928
-7.18284327978	5.94958033099
-7.15574216021	5.9353344403
-6.97724969148	5.81710188322
-6.9003799106	5.72498334895
-6.83639053359	5.63964910962
-6.74092108309	5.41586502782
-5.83265817279	3.47612980017
-5.61744707306	3.2658154371
-5.56968372506	3.21176526293
-5.40893418338	2.9677512998
-5.3491112211	2.8678803514
-5.31477774087	2.80148940838
-5.21392780869	2.6424623633
-4.74038751134	2.06280982051
-4.84906956675	2.23173447283
-4.93661683077	2.32819750925
-4.99959557652	2.43138564934
-5.12724614225	2.54945459069
-5.21393539287	2.64243548516
11.5208423955	-1.77216225605
11.536339887	-1.64447537162
11.574604008	-1.5401101158
11.5923427978	-1.40711463823
11.5334295447	-1.31099157138
11.5094419193	-1.2562116898
11.4161310134	-1.13238773396
11.3729324075	-1.06834734638
11.3069688237	-0.980906465324
11.1859973334	-0.929391670957
11.0726368511	-0.869183950648
11.0058036063	-0.809042565787
10.9548855787	-0.756942702737
10.8780944598	-0.659295859468
10.7860029319	-0.604766956692
10.7279370579	-0.568429081206
10.7052865901	-0.554066628643
10.6371876865	-0.488985158609
10.5481477109	-0.361081795115
10.4741516524	-0.291725239116
10.2618001207	-0.0590794613836
10.1775895299	-0.0103665065982
9.92607963733	0.154118687825
-4.3355642445	-12.196049795
-4.4551245632	-12.1142367888
-4.5007245524	-12.0744950837
-4.55460968115	-12.0260811597
-4.66021449751	-11.9525881164
-4.76513136813	-11.8679238782
-4.82370751792	-11.8095943048
-4.87534088538	-11.7654515589
-4.93113765102	-11.5828432926
-4.97342086219	-11.4768055275
-5.02951764141	-11.3288130611
-5.06840580258	-11.1465018805
-5.09721125418	-11.0061804363
-5.13775365634	-10.8281067352
-5.14060582209	-10.7566264134
-5.166674111	-10.646479921
-5.2012172972	-10.5074733574
-5.24333631513	-10.3348701056
-5.26035151111	-10.1953663373
-5.30439015048	-10.0909649317
-5.30557962777	-10.0473655742
-5.33234190437	-9.89646645964
-5.33231782607	-9.89647826639
-5.43061263228	-9.78030771769
-5.53546025412	-9.71194546142
-5.61218323103	-9.66926980597
-5.83282362216	-9.51921318447
-5.98771965642	-9.35565553527
-6.17351350662	-9.189509744
-6.28684751106	-9.09094655427
-6.43960991085	-8.95276553953
-6.64833802574	-8.78111356949
-6.813031367	-8.63446502074
-6.93991922356	-8.51909414589
-7.00839383142	-8.44115236527
-7.10822535411	-8.29372623694
-7.19646093064	-8.14023047027
-7.31954794119	-7.98241673793
-7.46908526829	-7.70311486796
-7.5042073079	-7.63081360403
-7.57238780135	-7.47587833497
-7.60183555964	-7.27972994415
-7.63785369545	-7.15396514673
-7.73163011807	-6.88261006679
-7.847217534	-6.72839718702
-7.87287689242	-6.66130884471
14.3325891853	4.71520967453
14.3330021428	4.93564446876
14.2859021287	5.11806827128
14.2432097342	5.25484112246
14.1963644737	5.38162117005
14.1374476312	5.52556820883
14.0699452953	5.67635970822
14.0167418919	5.78320352134
13.9603089661	5.89366043009
13.8342386787	6.1009579728
13.7662831542	6.22725831697
13.6650447414	6.37861503339
13.4799945171	6.61942821649
13.4309626428	6.75106577548
6.01237613265	10.2003607275
5.90875355069	10.2610602324
5.78724756966	10.3333644439
5.7005197346	10.3804915988
5.62892317246	10.420551861
5.49691533021	10.4963861869
5.41137789256	10.5343949545
5.29020263515	10.5965106028
5.21603006502	10.6208253878
5.14334276537	10.6925780055
14.332586864	4.71521124022
14.2902238035	4.70253578076
14.1922771348	4.68598844768
14.0897829204	4.65650350469
13.8357447981	4.70081081228
13.5904561662	4.73563957819
13.521523538	4.74873512199
13.3844611759	4.77314418933
13.2655623737	4.81976944856
13.0547637497	4.838700534
12.9703094316	4.85088855636
12.8501013655	4.86161288779
12.7418968759	4.8761552391
12.6515065749	4.88768693611
12.6449093233	4.88843596482
12.4602973371	4.89733591665
12.3900798933	4.86138499089
12.3367572902	4.81863609775
12.1437286961	4.81794887816
9.92605537251	0.153687540173
9.75644903328	0.100833334472
9.67661660069	0.0741128024461
9.61267907479	0.0419050442277
9.51285884898	-0.0026655282288
9.42688269501	-0.0521183349417
9.32249889021	-0.113111224757
9.26054395276	-0.161472592347
9.16840143897	-0.196768415531
9.05874286965	-0.268564893717
8.96290677108	-0.336536781503
8.82830256155	-0.385357971268
8.74189829061	-0.429280645541
8.65850299109	-0.470519411639
8.55240012758	-0.531923574671
8.36283715864	-0.60132998085
8.11679207464	-0.671806095381
8.02199982765	-0.697503405125
7.92313957221	-0.721699067295
7.79005274332	-0.749619608569
7.6627891967	-0.774123977645
7.60232504235	-0.78531918713
7.47056007886	-0.808941561802
7.3815769033	-0.82403695433
7.26796963237	-0.855266051712
7.16772056141	-0.874131728291
7.07973116717	-0.887135557535
7.00705045998	-0.898525067359
6.9137487178	-0.91359512123
6.82532728293	-0.928235746255
6.6702751758	-0.960275111922
6.39289508375	-1.02066075755
6.25216993751	-1.0594437318
6.17172577018	-1.08292651617
6.02317388939	-1.13176333191
5.75915366265	-1.20951749174
5.63541452853	-1.25022018781
5.45906660386	-1.31938922304
5.28629763801	-1.40329746826
5.13526441467	-1.45841239286
4.97005636532	-1.51820160192
4.80307740887	-1.58625099999
4.60342285591	-1.67643811227
4.3865410243	-1.76123011777
4.28571725208	-1.77060263073
4.19202184415	-1.81070994843
4.13620337264	-1.83438698465
4.02547973058	-1.8483558184
3.93600906091	-1.86871601689
2.4199654801	-9.37568141176
2.45351987332	-9.30254485588
2.47101675151	-9.19970857178
2.55173840661	-9.02263938807
2.56116205048	-8.93808636424
2.55964914651	-8.80265279626
2.56194281011	-8.69213918872
2.54947886653	-8.56749133299
2.54023386265	-8.49295211354
2.47546912053	-8.31490716355
2.44760413024	-8.16726560425
2.40334920345	-8.01721696335
2.36065938127	-7.79345688536
2.32875342331	-7.69452502822
2.2531017176	-7.4707089234
2.17753621385	-7.29579920533
2.14233303434	-7.13794769056
2.07008868352	-6.96345942312
2.00147626464	-6.87299426722
1.89950486104	-6.73296006675
1.84830036864	-6.64849077806
1.73009330319	-6.484205732
1.62370237113	-6.32180783277
1.54481955377	-6.25870347965
1.43368483905	-6.09119322417
1.360204377	-5.97760099363
1.16776072465	-5.7182449083
1.01945737212	-5.5207390006
0.918550631905	-5.42880809965
0.819381797978	-5.3198364321
0.724369614434	-5.22129068006
0.645398078039	-5.14461809339
0.500521136331	-5.01888737233
0.395197579561	-4.92197136674
0.294277749134	-4.82851808305
0.169947500806	-4.73498154433
0.0019345180588	-4.59424804811
-0.218153107132	-4.42359108816
-0.315460598392	-4.36233697099
-0.380439559893	-4.3155820613
-0.442718937946	-4.29558660563
-0.592934187223	-4.25165306209
14.5583665867	1.40988384875
14.4744434978	1.49332313477
14.4036373869	1.53067890188
14.3717055305	1.54109362125
14.3152326937	1.56161418165
14.2032193913	1.61951851298
14.0488587935	1.73198537547
13.9427196048	1.77514154439
13.8703784842	1.84282345193
13.8416198857	1.86581378461
13.6884324001	1.99683624947
13.5867383543	2.08902822243
13.5153989254	2.15571083515
13.449802864	2.20896030958
13.3956663348	2.27278364308
13.2549798542	2.41085417092
13.2344431289	2.43678376662
13.1650681375	2.5253300777
13.0586414142	2.67524556139
12.9937780238	2.82194466936
12.8749112389	2.99140731063
12.7882929934	3.05484089493
12.7494171376	3.12750398049
12.6211261577	3.41200288935
12.5055061029	3.69409056036
12.4107628905	3.87934401075
12.3718654062	3.98039596636
12.3292915209	4.10237906993
12.3154483485	4.15437490627
12.3033828266	4.20690993953
12.2679944755	4.27509900924
12.2484726933	4.42666644074
12.2304224241	4.49537540211
12.1437286619	4.81794887442
-1.05737477301	13.7986052488
-0.902673358738	14.0469237283
-0.841421821393	14.1466082879
-0.802951724046	14.2108017958
-0.729336080254	14.3539667152
-0.671266163571	14.4290970992
-0.568864399226	14.5604730801
-0.497050850684	14.6485024734
-0.251121397591	14.9436065042
-10.6517353052	7.53684830765
-10.549963892	7.64279021133
-10.4477461025	7.79291738596
-10.4618185382	7.87934514551
-10.4905690087	7.9927792482
-10.5075907986	8.02549015353
-10.5979982681	8.149148512
-10.685835627	8.22394337211
-10.8529901082	8.23940266088
-10.9759187905	8.26554008586
-11.2254793585	8.16625966073
-11.3086261885	8.11434873437
-11.3983664158	8.0396763588
-11.5324271389	7.90937150864
-11.6351256288	7.81380717148
-11.7225346698	7.69134235144
-11.7909362321	7.58774415932
-11.841737157	7.51478151654
-11.906346282	7.3872878827
-11.9189497204	7.36130491055
-12.0483178436	7.17033037336
-10.6517311822	7.53683970571
-10.8775859061	7.4692732638
-11.0355801525	7.39892246833
-11.1994769048	7.35144222841
-11.2731438113	7.33110527201
-11.4322084893	7.30627781239
-11.6290210785	7.28143830211
-11.7425295432	7.28076051856
-11.8623541103	7.2519309443
-12.0483178435	7.17033037336
