3383 0 0
-2.85756690166	-27.5332305109
-2.84855742233	-27.5276866801
-2.79550553348	-27.4038031294
-2.66267018554	-27.1502504829
-2.57604160698	-26.9993851007
13.6509212767	-18.7920654258
13.6132607804	-18.7239319735
13.5897630342	-18.6564968251
13.5828412333	-18.6387550968
13.540619859	-18.5304048688
13.4560881507	-18.4011525045
13.3948126286	-18.2570443078
13.2176648531	-17.930351249
13.0538567549	-17.7639599908
12.5998347489	-17.8005278147
-3.61730004451	-18.4751039747
-3.74814795954	-18.7589014039
-3.77695194671	-19.0448884609
-3.78627150396	-19.2100488016
-3.79730296867	-19.272827128
-3.85334839446	-19.6073559645
-3.90297145256	-19.847819713
-3.92346633405	-19.9510736408
-7.62783457746	-28.3929839311
-7.60468159539	-28.493924836
-7.57886322385	-28.6004828675
-7.53665509538	-28.7353848757
-7.49851511956	-28.8540903772
-7.45691030498	-28.9773834838
-7.37937451068	-29.1168166301
-7.30022177115	-29.3282033664
-7.25156712882	-29.4635540043
-7.21688021014	-29.5695557205
-7.1976264555	-29.8266964366
-7.16009268349	-30.0247646531
-7.11673404383	-30.1765215615
-7.07623981266	-30.4898371073
-2.57604160698	-26.9993850357
-2.33118424102	-26.9219789055
-2.16057587633	-26.9051767185
-2.05201605242	-26.8509216696
-1.88769095913	-26.7775649679
-1.39200821361	-26.3723604876
1.93753998258	-20.1775258733
2.04498885474	-19.9522945844
2.12592720366	-19.7305698267
2.16335014223	-19.5968785364
2.19365384489	-19.4642021441
2.21219079164	-19.3339737213
2.21767290296	-19.2416393977
2.2091131479	-19.0214779421
2.15120121257	-18.7751900667
2.07431928112	-18.5680687838
1.91206961051	-18.2784193011
1.72664867737	-17.9924082804
1.46568798388	-17.6796859174
1.2164313944	-17.4050616122
0.942854869937	-17.0974599067
0.404603128065	-16.6909642598
14.3452131125	-16.8922096681
14.3684988389	-16.8873203061
14.460599117	-16.7695320438
14.8374100159	-16.5012451656
15.3495887507	-16.0001949548
15.7324916667	-15.5646565875
15.9832476374	-15.2567511541
16.240124012	-14.9054496861
16.362965115	-14.7257799383
16.4716410286	-14.5390472258
16.6878832873	-14.128146508
16.724755938	-14.0130133396
16.7639472722	-13.9001690702
16.7954010636	-13.8166563954
16.824934056	-13.6502308308
16.8299882331	-13.5910496284
16.8663851517	-13.1290117849
16.8572075499	-12.8845080166
16.8289308491	-12.7338396742
16.8005363774	-12.5432747617
16.7739316242	-12.3977518202
16.7465413279	-12.2712357391
16.7143372975	-12.1902105221
16.667568729	-12.0735134615
16.5448124757	-11.8718768425
16.4360271401	-11.6787487568
16.3344667552	-11.5174621607
16.1643707608	-11.2431238667
16.1580203524	-11.1226475644
16.1546744935	-10.9158155635
7.49604358579	-15.1395808115
7.48386283848	-15.2021567792
7.47010117613	-15.280042506
7.43454362761	-15.4401083277
7.40130093098	-15.5703842522
7.37398660674	-15.6901255481
7.34232632843	-15.8706273929
7.30192749807	-16.0844343685
7.24919612846	-16.2809632104
7.13145971952	-16.5563227348
7.00171110933	-16.5382169311
7.6110314647	-16.6619397519
8.08715734357	-16.713474513
8.44879322459	-16.7267796626
8.53550685862	-16.7308931901
8.70241224136	-16.7353445389
8.9571799501	-16.7424277144
9.51237226868	-16.8349849924
10.0826705791	-16.9187522742
10.3398500392	-16.9567123722
10.5587327049	-16.992576962
11.1360271789	-17.0982238097
11.344409954	-17.1287297546
11.6570711734	-17.2013427438
11.874457382	-17.278628683
12.0025674489	-17.2665969166
12.1895417596	-17.2964145505
12.3978767503	-17.3158700275
12.5762990822	-17.313628957
12.8353229829	-17.2391489972
-0.195459798582	-14.1854504998
-0.0927311705824	-13.7823919035
3.32306532072	-12.8271592691
3.31278438537	-12.4909598522
3.34908593596	-12.3264046291
3.4010356042	-12.0672072036
3.42896910677	-11.8750888644
3.45093116851	-11.7530703388
3.48531768556	-11.5979736314
3.50113344413	-11.5199354755
3.52887713074	-11.3744227285
6.10327734289	-1.94665242012
6.10123536737	-1.69842438276
6.06152689856	-1.3931017977
6.0408057805	-1.30076394449
5.99040195706	-1.1192712113
5.93245240378	-0.874057374642
5.86991562475	-0.750978776416
5.79397999291	-0.605549489443
5.69742015617	-0.347316067335
-6.47020118631	-10.2625848597
-6.59353283942	-10.3592875447
-6.78930874794	-10.5451176254
-6.93363431435	-10.6564539381
-7.05009346371	-10.7335394365
-7.11809300866	-10.7798023081
-7.2857404387	-10.8965572653
-7.66139275638	-11.0962633708
-7.82747186463	-11.1723230396
-7.98974830586	-11.2375301835
-8.18347905444	-11.3097376706
-8.32850277331	-11.3597629929
-8.61227174698	-11.4558130606
-8.74868380336	-11.4882121116
-8.96746395939	-11.5232388682
-9.17005508538	-11.5510177214
-9.32484420044	-11.5679504599
-9.56420302183	-11.5526370607
-9.77767318268	-11.5276157726
-9.88104540094	-11.5072059892
-10.0187809232	-11.4759992066
-10.2901392529	-11.3851767464
-10.7205493431	-11.1561234147
-10.8886864402	-11.0777256772
-11.0104026668	-11.0134466279
-11.2233695207	-10.8922618101
-11.3605932268	-10.8121433909
-11.4828880681	-10.7426876258
-11.6070207997	-10.6749329435
-11.9021712502	-10.5244526031
-12.150655015	-10.4356219671
-12.1947385525	-10.4487797844
-12.4245146196	-10.3956734714
-12.7300764703	-10.3755736138
-13.0959706012	-10.3586972474
-13.2927419406	-10.3545220998
-13.6240610791	-10.3516643507
-14.0133705823	-10.3619180307
-14.3251785885	-10.4031800743
-14.5566678315	-10.467229143
-14.82282787	-10.5525351665
-15.3003110396	-10.7056594085
-15.3928769712	-10.7362515785
-15.5677850881	-10.788778916
-15.7494256435	-10.8088222336
-10.8854716199	-19.4501717285
-10.9424249039	-19.3694279039
-10.9934920398	-19.2724311416
-11.0738017992	-19.1476621204
-11.2282135941	-18.9001864439
-11.2955839495	-18.7572918936
-11.3468566159	-18.6834357321
-11.4468272228	-18.542970698
-22.2697292807	-5.19281116719
-22.3419105549	-5.15477855794
-22.4492892959	-5.08555557249
-22.5080041436	-5.0331109839
-22.6425765596	-4.91142209027
-22.9162195036	-4.69406246325
-23.0366493297	-4.5873904942
-23.0884990781	-4.54766600911
-23.2057153339	-4.46301732899
-23.3762604188	-4.35946759675
-23.4805371286	-4.27837952123
-23.6473207894	-4.13046170361
-8.79615285513	-20.8995977908
-8.7961528444	-20.8995977805
11.8941463371	2.76198807783
11.539325582	2.58266414854
11.3088164313	2.45367920623
10.9522973615	2.2413366553
10.7591280644	2.08053660149
10.5513282932	1.91881448949
10.4016094734	1.78781965451
10.3267723068	1.67797666687
10.2443752531	1.59445469405
10.1493853891	1.48470019386
10.0407170817	1.33789834769
10.0254569013	1.30725749019
9.96009299517	1.1835026361
9.87508592794	0.991000282638
9.81135993116	0.794521861083
9.76269037713	0.611720817111
9.75379647309	0.457700983252
9.78105215434	0.285915253839
9.90137392419	-0.0217472651462
9.98987450164	-0.173746602756
10.0785344325	-0.254999131087
10.1829926116	-0.311395893619
10.2518373972	-0.35581198592
10.3854591496	-0.421934757822
10.4718161327	-0.464257368657
10.6750931632	-0.538394132741
10.9040914833	-0.593110126646
11.095608813	-0.621754967686
11.2565983408	-0.617715431538
11.5213116295	-0.59334971347
11.7142415585	-0.566233772956
11.8233728868	-0.491786510005
11.97798855	-0.460025804442
12.1419770105	-0.427403123398
12.284149748	-0.377690198751
12.4439868845	-0.326365004486
12.5965492584	-0.26800807429
12.8047719854	-0.177918192056
12.9404195427	-0.112828127598
13.1839716625	0.0248841219924
13.3294813809	0.122921111149
13.4883650634	0.239397520192
13.7933928447	0.483461814144
14.0060853096	0.658537839509
14.1958851397	0.849513875527
14.3378319661	1.03122816361
14.5406840825	1.26504436876
14.6958469724	1.44412205796
14.8098764583	1.56889396041
14.897916606	1.66409177636
14.9857130503	1.75508482309
15.1059207509	1.87789054233
15.2331953095	1.99506513158
15.4360106785	2.15536627575
15.5776298217	2.31157287134
15.649687342	2.37293749689
15.7455362589	2.45724741266
15.9370583795	2.62167554899
16.0542538375	2.72144272053
16.1934750704	2.81318634906
16.2870550132	2.87378151945
16.4078121179	2.95695323132
16.7724140704	3.16122456627
16.9399729242	3.25180467479
17.1771614179	3.31267446588
17.4247221445	3.38537673872
17.4247221468	3.38537673828
17.4893891206	3.57284122335
17.5450872822	3.71080061946
17.6516350678	3.94566055265
17.8724717392	4.28008266197
18.0603876539	4.4855309053
18.1919111927	4.59719792689
18.3881043666	4.65220109122
18.6041963549	4.77597538622
18.748673921	4.84258258395
19.0419142567	4.91291596333
19.2674830238	4.92381166129
19.3326584869	4.93082570033
19.4897058747	4.94128515167
19.6808089247	4.95593822891
19.8300191923	4.96103658804
20.1658766834	4.9899832888
20.4448336478	4.99785647236
20.6099030814	4.98563785123
20.6929533851	4.99995481075
20.8935369715	4.99656416891
21.0436546719	4.99428801601
21.2415612435	4.98394486098
21.2620714072	4.98308936677
21.6163093283	5.02048938199
21.8628411423	5.06191589651
22.0743704899	5.03208686817
17.5869770911	-7.57335662208
17.7775815417	-7.69868500196
17.8257359379	-7.75972929323
17.9591747477	-7.90199014575
18.0737383908	-8.04182677627
18.1255355051	-8.12429799225
18.3347097338	-8.49788493882
18.393394652	-8.61090229001
18.4627397889	-8.727904391
18.5204798139	-8.80753542871
18.5538572568	-8.8986559842
18.6470790113	-9.21647828237
18.5986283496	-9.42565497701
18.5791685118	-9.57018283749
18.5569996638	-9.69713612974
18.5193046851	-9.80086609643
18.5013895497	-9.83965536389
18.4299735526	-9.96156756492
18.2443776015	-10.2076563
18.1001093539	-10.3223799648
18.0344017928	-10.3758507054
17.9155203559	-10.4401987253
17.77260609	-10.5522973998
17.5174720539	-10.7133282761
17.274796683	-10.8549216295
16.9151284201	-10.9831921033
16.516060598	-11.1198343782
-10.7210282837	-7.70135595427
-10.9073343197	-7.59546262669
-11.1073357298	-7.47522963745
-11.1915712257	-7.42496227597
-11.3766515301	-7.30192379407
-11.4683369219	-7.13966420261
-11.6295879759	-7.02937134152
-11.757877074	-6.95035779857
-11.8940775321	-6.86366105468
-11.9580402795	-6.81424992613
-12.12702695	-6.69542481902
-12.3343128249	-6.51860910926
-12.5158734317	-6.37812951977
-12.7527092349	-6.167312099
-13.079492945	-5.83671069669
-13.4264277306	-5.45533425397
-13.5065501932	-5.34770806992
-13.6096273424	-5.20200329159
-13.6687169211	-5.11771011743
-13.778549854	-4.90907321299
-13.8479142177	-4.76708474314
-13.8736505105	-4.64676129551
-13.9577712895	-4.52414312409
-14.1057158186	-4.27980587141
-14.1864494222	-4.01125590835
-14.2390510173	-3.77682137587
-18.5610784378	-9.21170602577
-18.5067515737	-9.12135327985
-18.4518064542	-8.96518718015
-18.3848474664	-8.77313771388
-18.3251245976	-8.56556470254
-18.2523367089	-8.32905257008
-18.1829036625	-8.20203483452
-18.1592783999	-8.01306329236
24.557934528	11.8889415606
24.7960020378	11.862262396
24.9459910656	11.85256315
25.088013902	11.8352152114
25.2053853431	11.7594227173
25.2850371461	11.7096891569
25.447569614	11.5801568839
25.6432159845	11.5166075154
25.8064276326	11.4464587844
25.942919086	11.3723269492
0.815499829149	-4.94218567547
0.635798316534	-5.23937221055
0.569034963766	-5.52678634528
0.485017931833	-5.71489640978
0.4479346892	-6.03350598401
0.409648348777	-6.23505391065
0.380024225375	-6.40359735975
0.358852597045	-6.66288368515
0.333621553708	-7.15215030469
0.295019778971	-7.50046594774
0.2521183985	-7.8218679395
0.236008628241	-7.96486410452
0.163896511454	-8.45512801229
0.079814944196	-8.85219534159
-0.0948243707747	-9.39381404806
-0.244568727065	-9.76081290732
-0.34920180765	-9.96401563857
-0.485045102365	-10.1843250551
-0.876615924976	-10.8884905967
-0.960803159578	-10.9996549825
-1.10406854251	-11.3355927256
-23.6482209698	-4.1278535091
-23.9699042157	-4.24521823124
-24.1655821255	-4.40742560558
-24.4070500649	-4.69185482831
-24.4849005141	-4.79645430129
-24.5298918738	-4.87084645635
-24.6122823164	-4.98529903178
-24.6923611627	-5.05913226002
-24.7828856069	-5.24689205151
-24.8722105514	-5.42603193248
-24.9615558667	-5.62517520399
-25.018524862	-5.78093282076
-25.0452143211	-5.85119141505
-25.1103351895	-6.03538507479
-25.1780274076	-6.19945536559
-25.241849853	-6.32978298412
-25.3049922226	-6.56880071508
-25.3832112835	-6.83688270221
-25.464305371	-7.17775912543
-25.4295636988	-7.43748413269
-25.4365909027	-7.49105893204
-25.3910112449	-7.67223393021
21.7303969554	12.9874151867
21.7263139399	13.0163351119
21.724737216	13.0606412644
21.7213838881	13.1151405796
21.7132278842	13.2216806088
21.7078655715	13.3006120984
21.6994299114	13.4297224399
21.7196890227	13.5409377018
21.7547399853	13.9082862328
21.7676040507	14.060361928
21.8089582846	14.2101360992
21.9114561274	14.3751933851
21.941097089	14.4916269134
22.005143367	14.6117215825
22.0265712185	14.6553132341
22.056265467	14.8035723147
22.2199294769	15.0227814026
-21.2846492164	-1.72212276833
-21.2950090081	-1.70098141452
-21.3138417342	-1.66292219826
-21.3348422009	-1.62348169602
-21.3568161656	-1.58566338867
-21.3947345365	-1.52539427646
-21.4752845723	-1.41021250538
-21.5424935215	-1.32113058876
-21.6128678566	-1.21798952436
-21.8280448954	-1.02514510303
-21.9338805623	-0.933385003778
-22.0785884384	-0.845256830628
-22.2040721957	-0.75708432294
-22.4022536552	-0.643391184501
-22.4914798851	-0.612477862411
-22.6360047033	-0.593262903395
-22.8924112564	-0.582618683825
-23.1435380641	-0.541440720862
-25.391010493	-7.67223270165
-25.5950301205	-7.37491393842
-25.8142637723	-7.13069814112
-25.9587342646	-6.95755225934
-26.1535127	-6.57112090604
-26.2889997031	-6.26652879302
-26.40776385	-5.9339584286
-26.5365453047	-5.47262603909
-26.628651692	-5.08453042396
-26.6696383311	-4.80688214355
-26.6987223083	-4.62849425707
-26.7210831179	-4.4488317198
-26.7440996332	-4.22948588493
-26.7550001844	-3.81499184813
-26.7880808229	-3.25410450493
-26.7624950562	-2.61914917662
-26.7392769142	-2.45654280691
-26.7144732261	-2.10138736191
-26.6708741133	-1.84022700991
-26.6099105638	-1.54573733551
-26.5512668125	-1.25080702093
-26.5058499665	-1.09147913698
-26.4171670521	-0.822269254883
-26.3628101106	-0.677206120678
-26.3013776312	-0.536926874014
-26.205171058	-0.308053082018
-26.099311765	-0.0848150249561
-25.9861275833	0.129650698503
-25.878035766	0.26784806895
-25.8061012644	0.392291758659
-25.7336438984	0.543429144359
-25.633762035	0.694247944469
-25.5047392504	0.8697353497
-25.3685768124	0.969507791298
-25.243316827	1.02709405548
-25.0435849404	1.14738428321
23.1190206568	14.9304573335
23.0933589915	15.2089912128
22.993041224	15.4784800267
22.9440936423	15.5968394557
22.8562389621	15.8135515613
22.745775616	16.0004610197
22.555766909	16.2216083797
22.4263697324	16.2934322844
-14.2390525652	-3.77682090914
-14.1706261549	-3.63641629717
-14.1267918667	-3.52258741614
-14.0512870542	-3.37654625652
-13.9746687227	-3.26909355699
-13.8654523595	-3.08445875671
-13.7463960892	-2.94731388674
-13.725986255	-2.91840357374
-13.5635825187	-2.76330732315
-13.4281210109	-2.63601383028
-13.3175978249	-2.53564928735
-13.2443841303	-2.45795337405
-13.1628748053	-2.4000059838
-13.0127008103	-2.29595278116
-12.864900537	-2.19394037422
-12.7123826545	-2.10258598995
-12.5390074517	-2.02411578916
-12.2721744432	-1.95359516951
-11.9495846946	-1.89480218997
-11.832333642	-1.89206081803
-11.5774549878	-1.90261163837
-11.2872308369	-1.95015969588
-11.0489202879	-2.02045935622
-10.9085011136	-2.06618217071
-10.6509394805	-2.18950135503
-10.2962808331	-2.39794982119
-9.99946263534	-2.60114826606
-9.60701474011	-2.90554873045
-9.42274126721	-3.05405223183
-9.26861033538	-3.18998110755
-9.10396073549	-3.33220606362
-8.85915587772	-3.54810248482
-8.73140653118	-3.67000358042
-8.56302637667	-3.83989023563
-8.43367305695	-3.9670923917
-8.23785255002	-4.15923975342
-8.18472820381	-4.20442302317
-8.01960951519	-4.36317294212
-7.8576060052	-4.5097650726
-7.5038259791	-4.81218726299
-7.42109484686	-4.88074353309
-7.12341058545	-5.10423879491
-6.85930877807	-5.26124407587
-6.62183169005	-5.40088780387
-6.45579657947	-5.48900265613
-6.31203087912	-5.55962001564
-6.08331383905	-5.67942197355
-5.71765262728	-5.83931154206
-5.49520942375	-5.9267608721
-5.25561890551	-6.0314711523
-4.90025489617	-6.16911820416
-4.66192338479	-6.25352726642
-4.47094075919	-6.31956761934
-23.1435379587	-0.541440726694
-23.1804656387	-0.685323913715
-23.2190009432	-0.742326409159
-23.2592717814	-0.912276338125
-23.2858938314	-1.0290690081
-23.3503238527	-1.2742660812
-23.3720200532	-1.40518753199
-23.3789439332	-1.5789200441
-23.402610604	-1.72902312939
-23.4235482821	-1.834129487
-23.4657456043	-2.02454864853
-23.5212793184	-2.18794796145
-23.5820252331	-2.31405811678
-23.5735589647	-2.48106473407
-23.5794821795	-2.64964202174
-23.6484026918	-2.78552620474
-23.6618082795	-2.89512680209
-23.6830059401	-2.96942869663
-23.6990339166	-3.12685390328
-23.7152468186	-3.20354828168
-23.7052296878	-3.42981818043
-23.7413370671	-3.69413966678
-23.7499928535	-3.79783186331
-23.6482209668	-4.12785350897
13.9179640543	15.611645871
13.9234922826	15.6633027374
13.943222036	15.7921999988
13.9620619136	15.9043498511
13.9736960781	15.9578821572
13.989713779	16.0124546998
14.0221606681	16.1067393887
14.0570980858	16.1927552937
-26.9464526816	9.25064033078
-27.0958491539	9.1032412147
-27.2682405235	8.9383280097
-27.4629779982	8.80472292261
-27.5764421594	8.74314764848
-27.7342763505	8.68765008697
-27.8932122646	8.57954063699
-16.8937426668	-4.39195772547
-16.6148377333	-4.4181502766
-16.200608997	-4.38825691015
-16.0387611216	-4.37773767875
-15.8477275467	-4.33817291335
-15.7753262654	-4.30563463321
-15.6742451208	-4.24361960594
-15.5050364177	-4.18723095584
-15.3794868036	-4.13720400608
-15.0569056368	-4.01606197153
-14.958384383	-3.98946099525
-14.7594941262	-3.96045158981
-14.6786424453	-3.94535541018
-14.638513415	-3.90272646188
-14.4470922459	-3.86469143465
-14.239057157	-3.77682296523
6.52278354451	9.66629363266
6.46187027298	9.32552382453
6.44858303289	9.05022708902
6.43780674877	8.78930161285
6.44386882603	8.64627840312
6.45132884935	8.51260060618
6.45766730866	8.35591766564
6.45319818973	8.12640869325
6.43163434713	7.79018827627
6.41222477641	7.63563339429
6.35829574037	7.34616827715
6.32491637997	7.19237896433
6.27307439116	7.03698573334
6.1965444343	6.80170065215
6.084970664	6.56621592902
5.90587698725	6.2548784054
5.67397340194	5.91608516138
5.47913346209	5.6859995756
5.33408668692	5.53022532467
5.20009976748	5.39578721694
5.08766733728	5.29906000812
4.76888683862	5.04935166818
4.72510214403	5.01770022192
4.50716634757	4.86151351405
4.04511564789	4.54515932419
3.73446936992	4.34584127585
3.36470610876	4.11543676546
2.82045159406	3.76568608668
2.42784436915	3.53884800026
2.06530178905	3.32572824847
1.65213274271	2.99418650454
-24.7560427078	8.10029444889
-24.7847332788	8.11816875351
-24.8385046482	8.15114856846
-24.9254967132	8.19623304342
-25.0298952992	8.23586779926
-25.1563940768	8.2877127929
-25.3614175596	8.33557306841
-25.6298903341	8.36222274369
-25.7014823038	8.36498781149
-25.7418553155	8.36845000143
-25.7784711524	8.36936007649
4.17673238086	27.2443522211
4.13084447179	27.1942085465
4.07160828248	27.0984870271
3.91045488869	26.956897891
3.90063470808	26.9278802585
3.84031512859	26.8368919211
3.81558970735	26.7865288259
3.76633574914	26.6878981681
3.72027250975	26.5682395977
-25.7570032377	11.6664911155
-26.0745635582	11.3068137144
-26.2290683664	11.1805689935
-26.3502273242	11.0605288033
-26.4414755323	10.9353390509
-26.5386270071	10.8213053093
-26.6417593227	10.5920970741
-26.676870285	10.5021728867
-26.703292566	10.399627052
-26.75485408	10.259888119
-26.8237448583	10.1112505627
-26.8403655083	9.84445190335
-26.8666744666	9.63081587402
-26.8722324544	9.55936576432
-26.9439267222	9.24948850582
22.2057459746	18.0804573823
22.0552208714	18.2261487053
21.9440054526	18.3149654754
21.9168991621	18.3286840118
21.7045959746	18.4006749204
21.3836312633	18.4942523942
21.1591422563	18.5821179404
20.930385865	18.6363246424
20.7356234185	18.6743575623
20.5214236188	18.6997178443
20.3449672318	18.6996638122
20.191974272	18.7130887899
19.9795262105	18.724842424
19.7486577954	18.7312538884
19.5181369968	18.7260986584
19.2828068155	18.7093064393
19.1669192421	18.6984671347
18.9382241489	18.671240848
18.7244541365	18.6268799404
18.4918004795	18.5748693059
18.2441741584	18.4979431086
18.0989326745	18.4447618446
17.9987042473	18.400153179
17.8759583135	18.3378196178
17.6608760243	18.2196253326
17.3446543749	18.0024087513
17.1394447858	17.8385166778
16.9721121709	17.6818355027
16.8490761566	17.5484308108
16.6597578579	17.3268088474
16.4848875489	17.0690830565
16.3952956936	16.9191924109
16.2808339237	16.6901242586
16.2427617976	16.6132035955
16.2332875602	16.5081428837
16.1853818599	16.2368682042
16.1528287742	16.0442516469
16.1146248376	15.8151930698
16.1047373942	15.630756958
16.096804798	15.5288183588
16.0915343267	15.3920016889
16.090214735	15.2230036667
16.0653948199	14.9717819468
16.070731838	14.8880258634
16.0435668007	14.8148909741
16.0703155821	14.611927235
16.0892286828	14.4911870309
16.1056857917	14.387801746
16.1552555822	14.118135477
16.1555557797	13.8750462793
16.2022572142	13.6405080274
16.2428847789	13.4341076271
16.327740679	13.0276430617
16.355634074	12.892262814
16.3819284097	12.7736047293
16.4461754744	12.4908264369
16.4902438279	12.2960288511
16.5556458234	12.0260444027
16.6125904551	11.7944601852
16.6943096489	11.4673394076
16.7424900257	11.2877755139
16.8372076963	10.8846980339
16.8937928278	10.6057268212
16.9180987496	10.4849744248
16.9366506251	10.3653295545
16.9930927413	10.00423223
17.0104929813	9.85297579761
17.0270674229	9.70586923302
17.041301287	9.54866326829
17.0692803569	9.35808565616
17.0782960954	9.10109921781
17.0680458951	8.93021049827
17.0445120289	8.66165030759
16.9979170812	8.37993547803
16.9834131744	8.232576645
16.9025822015	7.93242581393
16.7835240581	7.6130254954
16.6791842467	7.40599695906
16.6007793315	7.24675619866
16.5196947903	7.12317374587
16.40584358	6.96516198309
16.3063261827	6.80515989553
16.2055086891	6.65894851226
16.1408894684	6.58152793848
16.0107588824	6.38572309838
15.9323987611	6.24721174482
15.8505246689	6.07791059898
15.7971209141	5.94782249043
15.742811343	5.79475277336
15.6514809561	5.55131055952
15.5376215654	5.26686919554
15.4844676274	5.12745631474
15.3947200381	4.9176413762
15.3070014288	4.72788770312
15.2505154775	4.53907542525
15.1655726159	4.37519191088
15.0719540528	4.17753858413
14.923208538	3.94708675479
14.7371206	3.65831123763
14.5925546853	3.46147191324
14.4853366818	3.31783756998
14.3708379162	3.20012929665
14.2769426524	3.08551409695
14.1738679156	2.95111057974
14.0038927732	2.77901667956
13.8755658407	2.67895440011
13.7971425244	2.64397864616
13.7337490781	2.61575669137
13.6321663881	2.59467766747
13.5665434115	2.58297838144
13.4731956586	2.57232102565
13.3743123377	2.56181002618
13.1294231137	2.61044122036
12.3036750918	2.69592342619
11.8941463375	2.7619880778
11.6195703318	15.5035101846
11.4715969758	15.3838595072
11.3226864172	15.2540323179
11.1862322206	15.076840675
10.9961785103	14.8392778601
10.8990307003	14.7365588621
10.7052638222	14.5339899551
10.5939154252	14.365961042
10.4999563641	14.2666321545
10.4033595543	14.1459366608
10.1532262131	13.8662764504
10.0118771419	13.7568631325
9.83782373405	13.5592328279
9.54293750692	13.2405037197
9.40084517697	13.0505257549
9.15633338082	12.7531623079
8.83901324513	12.3778724977
8.31351979265	11.7115845631
8.08553869482	11.4157649235
7.82038084728	11.0639204244
7.73041798357	10.9575641978
7.60609527168	10.8014013541
7.40178913018	10.5930493736
7.1889071707	10.356778784
7.06520874218	10.2259213171
6.8659625046	9.99086852754
6.74153607175	9.87789434433
6.52278353734	9.66629364098
-12.6322129657	4.62669696405
-12.5330250014	4.73820652906
-12.4538540699	5.02108091242
-12.3674878365	5.36364055814
-12.3144093586	5.67174263846
-12.2398789568	5.96069986461
-12.1561640527	6.32816531555
-12.0763942815	6.52880095496
-12.0059559135	6.80421398157
-11.9818276324	6.8862448157
-11.9067579721	7.11934478434
-11.8450166651	7.29182951424
-11.7835708589	7.44562901224
-11.6882958202	7.64820207374
-11.572338111	7.87363334164
-11.4771737698	8.01291486386
-11.4098007309	8.14104363113
-11.3190860214	8.25901348682
-11.1631164092	8.42380450315
-10.9976712353	8.56263108471
-10.7684114968	8.76447939577
-10.6278795214	8.84867292697
-10.4758653288	8.95872988118
-10.2556564393	9.09506146783
-10.1200624198	9.20210726421
-9.96291498563	9.30442166416
-9.88303186964	9.34739199688
-9.70634573631	9.44222716593
-9.55278800369	9.51893197781
-9.41913339058	9.62005574497
-9.23339538841	9.76111976252
-9.13329708003	9.82729113294
-8.97642163123	9.92669496148
-8.73089779206	9.93804383647
0.327400367545	10.147071349
0.297576713346	9.91421819621
0.293965422617	9.69741139474
0.258575379709	9.46542397117
0.193403014494	9.16073563703
0.149366637717	8.91354416529
0.114422986179	8.76607624159
0.0652847768785	8.59721783105
-0.0084745634379	8.20094599569
-0.0373481326183	7.99035483892
-0.0663409035839	7.73837633997
-0.0810843839629	7.54911722444
-0.0894830092803	7.39387519385
-0.0923665150383	7.19911296871
-0.0833709905016	6.96932936083
-0.0625285311824	6.72161738417
-0.0183323027718	6.39560009831
0.0373449710185	6.12406630303
0.105470813167	5.85150642101
0.143288837616	5.73806187706
0.219498829666	5.53710787257
0.285639161298	5.38944812002
0.36714612839	5.22308931075
0.424377646413	5.11912422417
0.728953721186	4.60117088942
0.991927792727	4.18454504457
1.22704291242	3.8205853107
1.35568638437	3.62961057506
1.45183336618	3.47520655701
1.49328100196	3.40762349527
1.5862575766	3.25746415753
1.65223968976	2.9943417008
5.77929642847	24.2392139364
5.77928501931	24.2391454979
5.77927058969	24.2390884955
-18.9226417253	8.6174491517
-18.9226200265	8.61748515747
-18.9226196451	8.61748517519
6.18090180491	18.3229225506
6.22540260709	18.1526650427
6.22066052332	17.9493906596
6.22460805088	17.5513836696
6.21694676752	17.3435508555
6.21700851844	17.173536154
6.21219221822	17.0942302951
6.18604982682	16.8997252517
6.16388789565	16.7354516123
6.122441505	16.5537999662
6.05957007591	16.289270683
5.96916423112	16.0363802539
5.90871897145	15.8427314444
5.84088620505	15.6551289559
5.77717637609	15.5121777546
5.65626976072	15.2546587952
5.56305456795	15.1133068048
5.48742155582	15.0047596697
5.28583065354	14.8201731374
5.07235685853	14.7196828808
4.94677902281	14.6569804539
4.82383339896	14.6518574566
4.75746591882	14.651314768
4.61637766857	14.6773897804
4.51707748858	14.7261606898
4.43305147453	14.773581961
4.23093431834	14.8906835362
3.9239218702	15.0584795818
3.72647798157	15.1992051817
3.62472308547	15.2657403739
3.43594240218	15.4026944042
3.25621108476	15.5231161906
3.13722844613	15.5956581667
2.95852771962	15.716714558
2.78308100139	15.8254010204
2.67274860843	15.8981520976
2.54186716814	15.9698093369
2.25812324382	16.1087739851
2.09696773904	16.151992274
1.93367892663	16.2260181589
1.79632351051	16.2777900795
1.45794850982	16.3173985364
-20.3470341697	11.6538744963
-20.4864381567	11.6779615816
-20.6839559646	11.6910958411
-20.8194280826	11.6489594522
-20.9355984299	11.5708486122
-21.097843442	11.5879825919
-21.2522773525	11.5762967871
-21.4485298545	11.5707714977
-21.6404606431	11.5928589512
-21.8814401474	11.5328387982
-22.0824380409	11.480956219
-22.2347388113	11.4422604245
-22.355455683	11.4201796625
-22.4939321676	11.4129143475
-22.6549081219	11.3606849763
-22.7711297708	11.3049214552
-22.9427563235	11.2650357342
-23.0328478581	11.2377919885
-23.0948548161	11.2172505562
-23.3203457837	11.1544021139
-23.4587276633	11.1094196036
-23.6780737633	11.0799506695
-23.8321764309	11.0122145748
-24.2297851391	10.8950756021
-0.75205754096	13.2800973526
-0.935929207583	13.5364071114
-1.10812656405	13.7476724429
-1.42781574566	14.1029934015
-1.55377324394	14.2653940418
-1.77450311822	14.5902259715
-1.95842930292	14.8795007924
-2.03739325359	15.0239091626
-2.16513360085	15.2664246952
-2.2293563306	15.4024716976
-2.28264744003	15.5457115236
-2.34799421202	15.7149815118
-2.37658646985	15.8085405403
-2.43261247851	16.0330892359
-2.49352354678	16.2957909482
-2.53259724661	16.4422179625
-2.59286322281	16.693993616
-2.63878672582	17.084991495
-2.64348637773	17.2160804214
-2.66081396549	17.3919185482
-2.66643149992	17.4873103756
-2.67109878347	17.6382022074
-2.67354091489	17.8155317414
-2.59829702776	18.0793002672
-17.2961290369	13.6888969918
-17.1705592906	13.5002304845
-17.1160568267	13.3828362438
-17.0244429864	13.2211860398
-16.8866908005	13.0583536163
-16.7263312699	12.8848223271
-16.6222732712	12.7783131373
-16.5033138919	12.6710138305
-16.3950135663	12.5935026681
-16.27026195	12.4629970888
-16.2073409164	12.3562284485
-16.1095479125	12.2698253283
-15.8648473786	12.0535247338
-15.6989949483	11.9072690747
-15.5636474802	11.7861322155
-15.3717181272	11.6587703752
-15.1324882971	11.4978759372
-14.9318394113	11.3531371011
-14.8804020628	11.2490400282
-14.7683993445	11.2100264541
-14.5940582529	11.1830048496
-14.4801294423	11.1855788098
-14.3281941327	11.2224240695
-14.2636721829	11.2623815283
-14.2177232651	11.3178122449
-14.1304958725	11.4228818165
-14.0763218401	11.4996840967
-13.9780605876	11.6420509634
-13.918199942	11.7707139667
-13.781540357	12.0582852389
-13.6862262013	12.2976845258
-13.625363177	12.5012532292
-13.6016861677	12.5472231902
-13.4691269417	12.7974947597
-13.2494096571	13.2079440312
-13.2214795438	13.2627912648
-13.137889349	13.3969417256
-12.9321146884	13.6786437693
-12.7094771514	13.9377621111
-12.521412172	14.1228760515
-12.3947282393	14.2382880356
-12.2675889062	14.3460083486
-11.924245565	14.594505637
-11.5608333468	14.8057061709
-11.447695651	14.8746756289
-11.2151714262	15.0056613862
-10.98088378	15.0988173733
-10.8646957659	15.1794775041
-10.7412409293	15.2164910493
-10.576229831	15.2867585356
-10.3093112309	15.5512192307
1.45807071905	16.3169735686
1.33946114357	16.1078367722
1.2576529854	15.9965961245
1.1658356646	15.8930950141
1.08454156679	15.7880934035
0.967574016504	15.6517013799
0.790767597106	15.4347391742
0.611877523017	15.2258727172
0.481551747811	15.0844750288
0.33123844007	14.8956576665
0.142519525588	14.6456642746
-0.080550921487	14.3663748547
-0.411873692348	13.9591974896
-0.493355131489	13.8219457771
-0.613959759028	13.6251749947
-0.752118528328	13.2799947754
-4.99043336295	25.0946899575
-4.99221098686	25.0803896045
-4.99269518381	25.0711868684
-4.97004759873	24.9563993233
-4.93723842194	24.8796810431
-4.9103148293	24.7511672476
-4.86018328813	24.5933232555
-4.69908416283	24.3216197497
-4.56523755096	24.307605235
-4.38468003667	24.2384138199
-4.37291775055	22.7653126835
-4.45836400821	23.2624671791
-4.46714205923	23.4193199146
-4.47308528365	23.6831408491
-4.4168601567	23.8634052022
-4.38468003633	24.2384138245
-7.35660996091	20.4687604162
-7.24130060241	20.317400842
-7.04034898907	20.1033955687
-6.90596040009	19.864330435
-6.75525196291	19.5834405513
-6.50851976456	19.0032872983
-6.39263775456	18.6143786293
-6.35416583563	18.4416971528
-6.32945658822	18.2896896273
-6.29827008767	18.0777676506
-6.27550391428	17.8615251586
-6.27251594063	17.6699563472
-6.18383237743	17.2402216943
-6.09388286357	16.8035356126
-6.04650289414	16.5558223161
-6.02421820687	16.4379291296
-5.96549655677	16.2082353855
-5.90540617009	15.9578401338
-5.88634321553	15.6863947928
-5.80148390036	15.2446091682
-5.73382230115	14.8699096287
-5.70803444414	14.6234810496
-5.68277193204	14.5111213587
-5.66027997016	14.2516943518
-5.67238776055	13.9367275817
-5.65913679271	13.7227533167
-5.62513425194	13.4558957056
-5.582502128	13.1543722949
-5.54056399209	12.9429218554
-5.51481419819	12.821844851
-5.46619932787	12.5713376999
-5.43018013897	12.3571486917
-5.38493666262	12.1800700285
-5.3293435175	11.9871900123
-5.20344261254	11.5517336001
-5.06631647637	11.147996392
-4.93834853413	10.7763355382
-4.81550364624	10.4299765521
-4.70095498793	10.0207693828
-4.64171423564	9.82356979635
-4.56442311539	9.58999500436
-4.48047294627	9.35046070312
-4.29520209628	8.83342590252
-4.19545698799	8.61442677396
-4.1146714779	8.29852360434
-4.06501221776	8.05439333578
-4.01129649882	7.80963225528
-3.96526324855	7.63658175276
-3.91325724152	7.46971587392
-3.85028161609	7.18255811712
-3.82536902694	7.11511069353
-3.70155156182	6.77469317729
-3.61312139167	6.45143462884
-3.50145444237	6.08866102726
-3.38555083218	5.66152298054
-3.27944425412	5.28494473308
-3.18492581569	4.94940321787
-3.1101222969	4.74227767504
-3.04755583452	4.52920243685
-2.98259441885	4.27148301623
-2.90143326965	4.04696438601
-2.79031943879	3.75180088102
-2.7823704892	3.72947120713
-2.67399309152	3.4323241678
-2.53703553393	3.04687088074
-2.40544952671	2.71430586681
-2.32955134455	2.32293683696
-2.22877146889	2.01193229054
-2.1376301821	1.74712367554
-2.07781598993	1.59828682383
-2.03271693769	1.4194439842
-1.92661071479	1.18261347395
-1.72564426018	0.840005946106
-1.55030754256	0.517244751291
-1.40012235026	0.232133194822
-1.30984093303	0.066040519003
-1.19419427672	-0.164507701087
-0.846714352592	-0.833378153331
-0.197542919229	-2.21893636894
0.0590017965859	-2.7526303367
0.25940113626	-3.1465802979
0.426323556126	-3.63299768342
0.669681153298	-4.15508558232
0.712891765701	-4.37992230812
0.770584682359	-4.61000967791
0.814497518894	-4.94263492914
-1.52851910729	-13.6164133378
-1.45400096498	-13.5665975617
-1.17972409867	-13.4262528043
-0.807813926596	-13.1308839526
-0.494987090164	-13.0112628448
6.208254956	-7.57904567948
5.94885921014	-7.40177518141
5.66953226378	-7.32275323741
5.51157032168	-7.23000799525
5.22616909971	-7.13777628588
4.9733194697	-7.03425878453
4.68844401489	-6.93341717667
4.47361185325	-6.84903260886
4.25211712107	-6.76687222928
4.05100679915	-6.70257602393
3.84803543416	-6.5906346573
3.57619627322	-6.52352387037
3.34402391816	-6.44474253823
3.10982451618	-6.36733760915
2.72271723528	-6.20017205858
2.30286290835	-6.07745640868
2.08382902452	-5.89725889007
1.93900609466	-5.87096351674
1.64261132292	-5.78429226248
12.4920826272	-4.37706400896
12.4722566201	-4.41449563562
12.4366279709	-4.47282132829
12.3394159426	-4.63854692994
12.2157528941	-4.83344536164
12.1118874436	-4.98130169825
12.0650122507	-5.05925123879
12.0018766757	-5.14533214871
11.9028022838	-5.30028823183
11.7516621861	-5.60066034311
11.6679036787	-5.72247709432
11.6080150628	-5.79619243484
11.5588257834	-5.82596985331
11.4960063535	-5.95075697063
11.4267993445	-6.20970089145
-1.52167643286	-14.3435623203
-1.44406694972	-14.3299243008
-1.26814982619	-14.3204195061
-1.06190717824	-14.2975631789
-0.862615600636	-14.3025287979
-0.636805221835	-14.2207501182
-0.337169827886	-14.2077034311
-0.195404661511	-14.1853889209
-19.9317427394	-12.0347576535
-19.9398941315	-12.0055280317
-19.9617949416	-11.9182059409
-20.0297874598	-11.7238064492
-20.0744815561	-11.499168413
-20.1121130586	-11.3981631446
-20.1348362074	-11.3217409019
-20.1634283844	-11.14355422
-20.1963288077	-10.8917782587
-4.04297333251	-27.5436766065
-3.78578015022	-28.1533093696
-3.74078308616	-28.2560773274
-3.69436653239	-28.439410049
-3.63832443542	-28.6425473459
-3.57214874748	-28.9511343136
-3.5337360393	-29.1852367066
-3.52204084857	-29.3046316761
-3.53191961235	-29.4179622423
-3.5436795359	-29.5164255031
-3.71843399751	-29.7990639086
-3.83246879756	-29.9557835388
-3.89396318106	-30.0452511656
-3.98699653862	-30.150915144
-4.17107277332	-30.3037715795
-4.35291824774	-30.436810466
-4.53660531627	-30.5551960683
-5.22413066876	-10.4155291735
-5.36469357558	-10.3911004284
-5.45326629516	-10.3694538634
-5.57389140289	-10.3474865113
-5.74062712521	-10.2992585528
-5.91225302094	-10.275073502
-6.28818851353	-10.2533469197
-6.355249233	-10.2460071327
-6.47021064847	-10.2625798142
-3.9609021231	24.6587896644
-3.98973034968	24.5750082209
-16.7565989301	-17.3649917913
-16.807379221	-17.677704649
-16.811387212	-17.8812393638
-16.8215774891	-17.9968401589
-16.8311370148	-18.0971290779
-16.8458621221	-18.2665958351
-16.8469893055	-18.3900735608
-16.8467837528	-18.5180720995
-16.8379552152	-18.7098416831
-16.8102186681	-18.8341514932
-16.8011380962	-18.9677388019
-16.7699642587	-19.2327487488
-16.7571317388	-19.3300057728
-16.7570335137	-19.3539552906
-16.7578774562	-19.4135735294
-16.7173073432	-19.6541098099
-16.6853281827	-19.8551750558
-16.6703073091	-19.9447235698
-16.653399764	-20.0476336044
-16.6372065021	-20.1444316883
-16.6064363523	-20.3461874987
-16.5924228958	-20.4592937392
-16.5794643912	-20.5663795864
-16.5643071632	-20.6786068575
-16.5467762883	-20.9033577958
-16.5777667401	-21.0181901469
-8.7387673974	-30.882403573
-8.59882487836	-30.908744137
-8.55976737984	-30.8898963372
-8.49603541674	-30.8948914099
-8.40023356344	-30.902232078
-8.01092998267	-30.853660866
-7.9666114433	-30.8475291776
-7.77881131667	-30.8071721078
-7.44137568179	-30.7678893547
-7.26652314559	-30.7072864385
-7.07623977018	-30.4898350519
12.8429403609	8.57078019469
12.9037449626	8.37619241052
12.9995515403	8.11618927907
13.0168902864	7.92950094723
13.0949310904	7.63173180201
13.1404884806	7.44906431559
13.165720429	7.37000446923
13.1936679127	7.22559417047
13.2187938021	7.01992729698
13.2311306547	6.81730779018
13.2279557929	6.52095421298
13.2052709386	6.1840153415
13.1597411114	5.91189951795
13.1024394676	5.64737529433
13.0402067895	5.43406891817
12.9709981033	5.2479361738
12.7888006577	4.79109564623
12.6908563014	4.59079269234
12.6651441047	4.44648439304
12.6222722215	4.32361008405
12.4962895916	3.98833841999
12.4411457557	3.86931530356
12.3767878059	3.74293968537
12.291935009	3.61898311548
12.2264722194	3.4797632319
12.1686056478	3.38991542735
12.1201210368	3.27392334305
12.0162572527	3.0606696225
11.92816833	2.87253110808
11.8941463375	2.76198807781
-8.1343067939	-22.963246268
-8.30534718494	-23.2188853709
-8.5280821685	-23.3554281503
-8.60867615128	-23.4580516823
-8.73758479882	-23.559252026
-8.91500073211	-23.7405804835
-16.7551378231	-17.3790751814
-16.7565946161	-17.3649437266
12.5998076456	-17.8005626867
12.1173285904	-18.1501595497
11.8663042545	-18.3061842419
11.6982559979	-18.3895699333
11.5514913117	-18.4578606586
11.3854302563	-18.5219943869
10.9404816344	-18.6547639482
10.7554689825	-18.6972579545
10.5016277589	-18.7383186633
9.92319381583	-18.7796155045
9.76023824471	-18.7834842571
9.58641371477	-18.77649018
9.32804975459	-18.7679624388
9.09561412572	-18.7436377892
8.86020078565	-18.713825539
8.62493892798	-18.6732388735
8.16362228965	-18.6080147398
7.77893608655	-18.5309656362
7.58942685889	-18.5103989055
7.25824420096	-18.4230972603
7.02959968336	-18.3451331169
-3.25438686467	-25.9249897702
-3.16045036288	-26.2077799885
-3.09197420237	-26.4505581868
-2.90711078476	-26.648225929
-2.69443886858	-26.8688639534
-2.57604160695	-26.999385032
0.404470106618	-16.6938841052
0.249300797355	-16.6963762775
0.00255901158295	-16.7879848307
-0.183374797599	-16.8673223862
-0.337424072398	-16.9410628661
-0.355829422926	-16.9500580881
-0.710000494891	-17.103362983
-0.882848114656	-17.1777601204
-1.02710735175	-17.2416238052
-1.21069793136	-17.3198226673
-1.4484579249	-17.4233692473
-2.12622456074	-17.7188586153
-2.55871468459	-17.9224733364
-2.77551506498	-18.012688489
-3.10530251473	-18.2313441337
-3.30829406019	-18.3525844863
-3.41138304732	-18.3771965435
-3.61732636567	-18.4750954825
-8.91492165629	-23.7398741911
-8.74590756764	-23.9186036215
-7.55463612301	-24.0911629434
-7.17616271219	-24.2606794569
-6.92282529027	-24.4758782267
-6.66221279738	-24.6651338397
-6.53323448053	-24.7618595774
-6.33991217258	-24.9381982719
-6.11507066061	-25.1218525536
-5.86672678912	-25.350564584
-5.65137586902	-25.5033952303
-5.43442200574	-25.6333545468
-5.18666078619	-25.8434783561
-4.96509149408	-26.0791726599
-4.70241596976	-26.4067046629
-4.56612796609	-26.5557070559
-4.35781751413	-26.7892300634
-4.16767738272	-27.1906039488
-4.04297336454	-27.5436763419
24.793430129	1.35987418278
24.8004606187	1.17927869144
24.8190276408	1.03166665283
24.8288793822	0.871912372231
24.844646291	0.508600797652
24.8576403373	0.156132325948
24.8589619633	-0.100750579758
24.8620550694	-0.429763578566
24.8626620466	-0.533565332426
24.8647866371	-0.709955741287
24.8679841494	-0.913867188247
24.8752113218	-1.31566189439
24.8788812765	-1.48542561318
24.8838011829	-1.65127197662
24.8942647215	-1.87817927044
24.895784085	-1.97568943068
24.9047401981	-2.19771275033
24.9179074061	-2.49629348219
24.9188491459	-2.52127020519
24.9211990024	-2.60759587492
24.9287533008	-2.84737880477
24.9277003276	-2.93822386687
24.9340520323	-3.04507011992
24.9476457301	-3.32665713114
24.9521675978	-3.49845099607
24.955670834	-3.70796532739
24.9565565657	-3.81015886625
24.9569416658	-3.90633852229
24.9556925515	-4.04089328898
24.9481193618	-4.23685514292
24.9395908096	-4.40115715004
24.9183704696	-4.62165186041
24.894985864	-4.77513880897
24.8594785043	-4.98311693615
24.7919068563	-5.20302281861
17.2371293855	-16.2402192355
17.1156763645	-16.3669845993
16.9595814129	-16.527971436
16.8266610982	-16.6823416375
16.7682096672	-16.744856927
16.7074544554	-16.8510417609
16.6272198841	-16.9864462176
16.5295773705	-17.1452601005
16.4945659072	-17.2269378961
16.4539857555	-17.3150462656
16.349080657	-17.601267685
16.3029758634	-17.7750000191
16.2463808062	-18.039901892
16.220339627	-18.2336291541
16.2032997244	-18.5961807256
16.2207240534	-18.8407146385
16.2473537223	-19.1505405185
16.2715993933	-19.2837691475
11.4268606137	-6.20974302887
11.5622902955	-6.3566925344
11.6683995865	-6.4691241684
11.7496673876	-6.5515396939
11.834698012	-6.61809256602
11.9350605973	-6.70492190996
12.0761107864	-6.79003286004
12.345223883	-7.16782791671
12.4758442234	-7.32615104252
12.5387663365	-7.42551471488
12.5375030108	-7.55834947977
12.5463615898	-7.73389845779
12.5306591476	-7.8296368305
12.5093862763	-7.89716857974
12.442586314	-8.01864886642
12.3766492468	-8.09479572573
12.2691095798	-8.18400099449
12.1283374524	-8.30141965204
12.0455437067	-8.35003458631
11.9093498299	-8.41424316763
11.6822204692	-8.48339399582
11.5508559023	-8.51208014524
11.1858883297	-8.57620503597
10.8030007666	-8.570999981
10.5454689848	-8.53446066795
10.3904137695	-8.50409633889
10.2600030211	-8.44281864749
10.1457438596	-8.36945443535
10.0788341927	-8.27826921324
9.96181405069	-8.1030766957
9.8985690027	-7.91266754251
9.88885369657	-7.80057257099
9.90996931254	-7.58880412144
9.98399563395	-7.33965636957
10.0185670551	-7.13887295652
10.0770491412	-7.01367466274
10.124440795	-6.90966717886
10.1948506433	-6.82144697075
10.2537361659	-6.75639381494
10.32551852	-6.68587862801
10.4042717612	-6.64063730049
10.5147517363	-6.56891775515
10.7034339198	-6.45166054427
10.8156931971	-6.38383657804
11.0750741692	-6.27838741964
11.4269364076	-6.20975059503
25.9436202767	11.3708872098
26.077943094	11.4424763941
26.1589167483	11.5132889452
26.3230866389	11.6947913443
26.4520779175	11.9945659492
26.5608308461	12.2419475166
26.6129320837	12.6582404687
26.6354403761	13.0231606023
26.6572715291	13.1228796397
26.7659603272	13.5407467273
26.8771340676	13.8003222125
26.9325133981	13.9087687919
27.0688709504	14.3084205361
27.1621877754	14.3963019959
27.2617361093	14.4618979003
27.3583281074	14.5077248248
-18.1592287862	-8.01305988007
-18.3505168576	-7.75059519732
-18.4935669434	-7.57444087444
-18.5974094489	-7.41494307118
-18.6543083972	-7.32460238428
-18.6964504198	-7.23291826513
-18.8664759834	-6.98550056796
-19.047375849	-6.66632569214
-28.4002625253	6.36673734696
-28.3248399124	6.43488897543
-28.2524336688	6.4388824518
-28.1392409899	6.49397617523
-27.9746558187	6.54680491408
-27.8806034776	6.56258535212
-27.7918773735	6.57271506859
-27.6907866561	6.58090197299
-27.3917450924	6.57093940267
-27.2198794879	6.55515862208
-27.0901573115	6.57356002657
-26.9586669989	6.57088251652
-26.8621504031	6.57082585426
-26.7263606678	6.57445967989
-26.5502911353	6.58548689414
-26.4392131251	6.59618299429
-26.3294881701	6.60882676246
-26.2528898976	6.61504205085
-26.1155570219	6.61896880921
-25.8199333555	6.64052083993
-25.6775803824	6.63540973628
-25.5357163232	6.63429122576
-25.3272551163	6.62134755937
-25.12699352	6.56777702682
-24.9851294387	6.52326383969
-24.9083575891	6.48064081616
-24.7546216739	6.38357668046
-24.6117562653	6.26454656542
-24.558304064	6.22239801749
-24.3854986552	6.01457515113
-24.3046925895	5.88129571787
-24.2691932068	5.81450114269
-24.2211424508	5.70956972703
-24.1268158119	5.49293112756
-24.0220163948	5.29355523923
-23.9818987467	5.16915465981
-23.9698520518	5.11496617168
-23.9565989199	4.98809385036
-23.9477071545	4.88538156651
-23.9421479541	4.73217814603
-23.9602282763	4.5054782433
-23.9707662379	4.38359387439
-24.0243394002	4.19983206149
-24.0676778193	4.05479456074
-24.1335262834	3.88105806344
-24.1976205243	3.72240476251
-24.2275846821	3.64003343471
-24.3277602198	3.4166772587
-24.4311512373	3.19654264255
-24.4879316457	3.07815047285
-24.5417442708	2.93333433877
-24.6505673766	2.76167142146
-24.7340196351	2.61260211718
-24.8055038827	2.48479125961
-24.9045434281	2.28460480231
-24.9360002741	2.1759646841
-24.9965317245	2.04052509157
-25.0789716333	1.77801065571
-25.1448160368	1.5366621175
-25.1258875925	1.46136916421
-25.0947184993	1.35811242844
-25.0435783658	1.14739231131
27.357843648	14.5111604526
27.1277372494	14.797451591
27.064150769	14.9460142762
26.9764899498	15.1122482314
26.9258685349	15.2355104311
-4.08397974109	19.1458031872
-3.84425944104	18.9574906633
-3.60839391456	18.7654216142
-3.47425972494	18.6504227538
-3.23827299318	18.4693239356
-2.98387442709	18.2661068578
-2.59832011216	18.0792389921
-3.98964918544	24.5749227991
-3.7860193472	24.9039283368
-3.57950509935	25.2485614239
-3.45960044526	25.3944700774
-3.2985013831	25.5439498791
-3.13437320009	25.6674924048
-2.98879021557	25.7605645802
-2.84191105889	25.85467586
-2.69424056757	25.9441084958
-2.49991742655	26.0539251386
-2.34845694848	26.1420317225
-2.15308967817	26.228745973
-1.98728483443	26.3074156762
-1.83896722561	26.3736351427
-1.68280551875	26.4299205836
-1.42318780744	26.5273096963
-0.999592634505	26.6166408787
-0.944039013227	26.629103456
-0.728574345396	26.6589223119
-0.435212408552	26.7286478561
-0.174878900083	26.708309003
0.203700751832	26.723270991
0.496762832634	26.7536481114
0.664101345075	26.7681930988
0.871829925655	26.7837508792
1.05160623344	26.8001320281
1.38410092988	26.8167993336
1.66344826624	26.8367278826
1.90009260414	26.8568311087
2.23442614996	26.8741131258
2.45212798772	26.8563477093
2.69180627029	26.8789939387
2.89662217745	26.8597927881
2.98300989657	26.7568212521
3.14315490109	26.6665923687
3.31504103774	26.5597913562
3.49988229937	26.5607619996
3.72027222205	26.5682406756
16.1564718486	-10.9159055109
16.1024594585	-10.5768494243
16.0927710517	-10.5087370667
16.0948794222	-10.4166002281
16.0851217734	-10.1608979761
16.0717301521	-9.95614252473
16.0923789862	-9.74550181763
16.1169500587	-9.56316961808
16.1491099099	-9.35399300221
16.1907313567	-9.17305963201
16.2299018133	-9.06546219704
16.2855317555	-8.84109328162
16.381036598	-8.71607741343
16.4989547373	-8.6095454679
16.6181147669	-8.46778736211
16.7667486118	-8.32092463529
16.839288869	-8.21692749458
16.9702379771	-8.07547814811
17.0728981542	-7.97856793875
17.1606809332	-7.87103878577
17.4235488837	-7.68744155824
17.5869814134	-7.57333034279
5.78135814158	-8.30627404135
5.49807507584	-8.26170685811
5.14210186406	-7.94063937117
4.92707906275	-7.76367636821
4.7232129972	-7.58857549103
4.57491962807	-7.483115371
4.33712943354	-7.26338270376
4.20301744036	-7.17129140634
3.83294886272	-6.88547584259
3.65101983941	-6.72132627201
3.28178590802	-6.36881034617
2.96917889685	-6.11473557872
2.76069345999	-5.95053702095
2.54166013189	-5.69156536142
2.31064606891	-5.44909730835
1.97237593707	-5.17062825253
1.78797407364	-5.04623328142
1.5379235583	-4.94238683739
1.10188722541	-4.85827138763
0.810561803538	-4.94303071794
26.9311991086	15.2215255782
26.925934801	15.2355612349
-16.1234809126	-15.072240728
-16.1574933552	-15.2371598624
-16.2126249632	-15.3684346665
-16.2780036191	-15.4951653394
-16.3143404917	-15.6188638933
-16.3639715588	-15.7781417786
-16.4196090435	-16.0234082735
-16.5237687153	-16.3721189262
-16.5772726534	-16.5971654744
-16.6823732548	-16.9927840176
-16.7565554192	-17.3650191397
22.0744621727	5.03206493964
22.2946756267	4.84396520852
22.4678428271	4.65558418765
22.6487887666	4.43617337594
22.7958244885	4.30539789083
22.8381134216	4.26615637338
22.8895959962	4.20906250293
23.0653486844	4.02165706763
23.2457392258	3.83375977409
23.4408178971	3.58886908369
23.5904488259	3.36964059245
23.8082183312	3.0779912972
24.0086517013	2.75398266115
24.1716932812	2.49240594839
24.2718880895	2.35507200527
24.4289845708	2.04591581692
24.5848647133	1.75756975084
24.6755673819	1.62722948717
24.7931214314	1.35986042359
22.2199280225	15.0227821875
22.4586320322	14.941799548
22.7922643941	14.9110290953
23.120385715	14.934514275
9.1363521453	19.2271807372
8.83239889601	19.0196610528
8.69103349278	18.9938455369
8.42003818918	18.927497903
8.23136545064	18.9233102805
8.05911304805	18.8637265474
7.95077799178	18.8538659351
7.84563568804	18.7847858515
7.66381036463	18.7645892838
7.37960573501	18.6675182439
7.23365141229	18.6087625974
7.01832551618	18.5399094457
6.81797395497	18.446962084
6.59538183344	18.3689492648
6.50248653582	18.3587672
6.41569736703	18.3626809958
6.18150093991	18.3221727284
-7.05097059319	23.3583619273
-6.94764186596	23.1242176842
-6.95257639509	22.7311631513
-6.97145609605	22.3945148315
-6.98725676549	22.0657693346
-7.00542356716	21.9194626487
-7.03077788666	21.677303056
-7.08039830571	21.4081595578
-7.20304228806	20.9564891451
-7.3566099609	20.468760416
5.69735584335	-0.34734893028
5.51634513087	-0.281825364798
5.3536702618	-0.293130603578
5.22033174618	-0.33614964755
4.95277766241	-0.386929896333
4.57380499006	-0.466927868787
4.40962656768	-0.505816409433
4.11526041632	-0.5673217178
3.94218645014	-0.594658383495
3.68767328383	-0.629815881832
3.22434153268	-0.705260625607
2.98550147776	-0.726691297776
2.87535895025	-0.732049179453
2.70422681381	-0.736329186495
2.49182533011	-0.709940342487
2.41166817634	-0.703512080748
2.20304009961	-0.668408075554
2.04876407668	-0.627359449158
1.85404948394	-0.534686319035
1.68404560167	-0.436315004378
1.55158429552	-0.314349235885
1.46010462155	-0.145886388538
1.38992473744	0.0218242665568
1.34364826905	0.106429390239
1.3394773789	0.113383117826
1.33000328227	0.79634932059
1.39091079233	1.54100991066
1.43615905042	1.90125479042
1.48142146638	2.13016931027
1.53199674227	2.34834696716
1.56586881537	2.62763515507
1.65196031254	2.99440088798
-25.0061306746	-8.33062691876
-24.7912502777	-8.51319744282
-24.6089181079	-8.65471268784
-24.4118736023	-8.82796694729
-24.1990964841	-8.97413276966
-24.054407908	-9.05963664857
-23.8884728387	-9.15435832983
-23.7578281883	-9.23162991886
-23.5649145052	-9.34258792448
-23.4041487828	-9.42601785515
-23.1956366404	-9.54801873339
-22.8531307202	-9.68525174056
-22.6425665682	-9.76669515257
-22.3224250231	-9.89174601038
-22.014435999	-10.0301258192
-21.6825993873	-10.1671951036
-21.4653222557	-10.2477267736
-21.257112959	-10.3197806613
-21.0594868548	-10.3908204033
-20.8940287795	-10.4972912985
-20.7196344113	-10.5700056245
-20.5126078237	-10.646575113
-20.3423868016	-10.7433732667
-20.1963287971	-10.8917773114
-25.0436014031	1.14734753735
-24.9431616634	1.08512054954
-24.8227030375	1.01448355992
-24.6978905988	0.947670597633
-24.5686102493	0.858295450709
-24.4413792461	0.767996323621
-24.3198493552	0.589879928985
-24.1620047134	0.503127279656
-24.0254488049	0.436095941469
-23.9419610004	0.392722884455
-23.8117041605	0.328316178869
-23.7446158345	0.236392959466
-23.6352333454	0.180949605967
-23.4768095946	0.104176251661
-23.4271699769	0.010426348415
-23.3344446843	-0.0815290091481
-23.2902187111	-0.208495822032
-23.2324611341	-0.320124846853
-23.1435380371	-0.541440716564
-4.53661363107	-30.5553613264
-4.70444907826	-30.6674520754
-4.85670126582	-30.7241038866
-5.05410160139	-30.7929109718
-5.32071971705	-30.8305829389
-5.52891365361	-30.8501729168
-5.67397935067	-30.8964080079
-5.87680182401	-30.8833410473
-6.07598322944	-30.8442583673
-6.2551813868	-30.8236683193
-6.38406002001	-30.7771409875
-6.74317152381	-30.7148489879
-6.86254260746	-30.6599272777
-6.91876038241	-30.6285198138
-7.07623993921	-30.4898440806
7.1313221617	-16.5563424942
7.15914747012	-16.7268567942
7.13466007584	-17.2650490515
7.12501798495	-17.4813511898
7.09725208258	-17.9304211857
7.07404330193	-18.1817292603
7.02946049439	-18.3450563421
-1.10406489672	-11.3355382526
-1.31816009741	-11.0048114072
-1.73286987794	-10.5438923159
-1.98048037485	-10.2710906877
-2.25720662927	-9.98373949972
-2.64006732063	-9.55698492113
-2.75871188418	-9.40986049831
-2.97111495498	-9.13842122113
-3.12343431856	-8.92411133118
-3.2058846291	-8.80246021545
-3.31101228307	-8.63944882193
-3.39855509751	-8.49850770134
-3.58099583202	-8.19045478382
-3.77067669901	-7.8113764753
-3.94580470554	-7.48244429037
-4.0206838726	-7.33509995293
-4.1225174669	-7.07399276041
-4.28633158774	-6.80372382521
-4.36105982172	-6.65159340762
-4.3786310231	-6.60788975094
-4.43614600151	-6.50007324734
-4.47110310828	-6.31943650201
16.2706636715	-19.2847807538
16.1140513365	-19.4084183865
15.9741971958	-19.3771797113
15.7406290364	-19.3681524452
15.5716387921	-19.3189435902
15.3905772629	-19.2343007068
15.2642420262	-19.1659039969
15.173056586	-19.0979240481
14.9562744599	-18.8435273966
14.9025847331	-18.764781448
14.7711940694	-18.490401444
14.6385759941	-18.2058748645
14.4386881126	-17.8817184376
14.3856163044	-17.6934139958
14.3249805315	-17.5243581508
14.2979982738	-17.2419189559
14.3025102707	-17.107411436
14.3451962088	-16.8922180993
21.0051772854	-17.4793130315
20.633670648	-17.1164883257
20.5632453649	-17.061944944
8.1108246735	-21.2586388803
7.93944767733	-21.220809285
7.75750325947	-21.1694411542
7.67747766837	-21.154134252
7.55422603256	-21.114177377
7.37031406625	-21.0498756124
7.28411456615	-21.013515154
7.09957316629	-20.9192950296
6.89636127761	-20.7923268148
6.8027003034	-20.7211877747
6.67006196556	-20.6141096584
6.53681714283	-20.4806235349
6.40127838935	-20.3024831624
6.31342621627	-20.1736652059
6.18789967234	-19.9725982977
6.11661907127	-19.8261470089
6.07277362775	-19.6777800915
5.99583698854	-19.3156410982
5.9986970598	-19.1990436289
6.05073112774	-18.9308215864
6.14297052845	-18.7848928941
6.24419005196	-18.6660833503
6.43817180194	-18.5677909976
6.6172946375	-18.4912349208
6.77436538564	-18.4550202863
7.0295357295	-18.3450745707
-5.8581445604	2.85854240023
-6.05569634346	2.78206621968
-6.29809365819	2.56993602616
-6.52915901489	2.45167169532
-6.85586192229	2.36908421827
-7.00966506942	2.28748221363
-7.31698085144	2.12518578173
-7.41957360425	2.07829351895
-7.69340994864	1.95452406989
-7.79359677923	1.90547572899
-7.95694584277	1.84077416827
-8.49646366787	1.64977343335
-8.99639932047	1.49518488639
-9.23184751152	1.43095317958
-9.48384710958	1.40241076431
-9.81312694928	1.38685128483
-10.1066539842	1.40895323018
-10.2244249448	1.42580188602
-10.3577324333	1.46033331965
-10.5409999028	1.53262183626
-10.7762087653	1.67890504272
-11.071853806	1.94261203484
-11.2715038788	2.196331206
-11.4098094575	2.39117123409
-11.5664509029	2.63829918804
-11.8489846322	3.17669493953
-11.9488782083	3.38501963996
-12.0433945913	3.52651550844
-12.175119879	3.8213706514
-12.4146361806	4.28296261658
-12.5139056273	4.5053832111
-12.6322020457	4.6267088354
-24.2297887796	10.8950170733
-24.442119223	10.6931522953
-24.5850569551	10.5453159341
-24.8801944512	10.284105468
-25.2424771598	10.0319692986
-25.5866143184	9.88977087891
-25.7052639135	9.8371041855
-25.8281318641	9.77726966375
-26.0601083623	9.67861236847
-26.2316928172	9.59622863676
-26.46596629	9.50400206468
-26.6241164738	9.46615528745
-26.9439267222	9.24948850583
-4.3846800365	24.2384138223
-4.09931857062	24.4141851025
-3.98973143378	24.5749250897
20.1866330024	0.0469486957486
20.1677589129	0.325789553784
20.1084583021	0.473912941684
19.9106548841	0.781029206587
19.7776567721	0.970790701994
19.6427000452	1.15993426194
19.4490973716	1.39608973647
19.3325502749	1.56217158805
19.2721812367	1.64284384588
19.1345814439	1.81361665691
18.9008508033	2.09055645291
18.7015226889	2.25792075454
18.434409353	2.50903319353
18.2452539579	2.69817366709
17.9922842898	2.89638627175
17.8186811033	3.01903386056
17.7088026961	3.1265144978
17.5934158896	3.22457364304
17.424722153	3.38537673872
19.1654303432	-18.9572966351
18.9661615323	-19.0435691069
18.8743811893	-19.1068540599
18.7398318887	-19.1810036298
18.5612915727	-19.3203082712
18.3434581513	-19.4307047774
18.1467462426	-19.5099036408
17.8606811754	-19.5789578298
17.5432936964	-19.6600322797
17.3671892599	-19.6779748468
17.0716193595	-19.6926274743
16.9313584807	-19.6500411794
16.7657265788	-19.6347255063
16.5965793928	-19.6022671289
16.460076567	-19.5293558735
16.2734706622	-19.2771552871
-15.7493646417	-10.808798737
-15.9343335796	-10.7336282982
-16.5666126443	-10.485884544
-16.6131416541	-10.4926211655
-16.8117361626	-10.4751964928
-17.0552301126	-10.4446601656
-17.2420891923	-10.440693286
-17.480186751	-10.3988872596
-17.6975381838	-10.3621703177
-17.9316693199	-10.3256881093
-18.2430408754	-10.3149543844
-18.4324676476	-10.3127613094
-18.6537977371	-10.3071342
-18.9723456378	-10.3536684393
-19.3203899667	-10.4127907389
-19.6154139288	-10.5022046231
-19.7562336445	-10.6119057718
-19.985571792	-10.6772424433
-20.1963293146	-10.8917826193
-8.73078932309	9.9379614789
-8.53204809808	9.64563767676
-8.40431053988	9.48038615312
-8.12059785396	9.13742048801
-8.02883583254	9.04119160237
-7.96863253703	8.95942542851
-7.8680217056	8.78882361454
-7.79722465705	8.70063323087
-7.66173931699	8.53596255763
-7.54549733639	8.3781052407
-7.4442825484	8.23830576166
-7.32061645102	8.06255820134
-7.22799785748	7.9265715413
-7.10922393122	7.74112441787
-7.00964736209	7.56958227091
-6.89074075914	7.36093882781
-6.72672484878	7.04181707346
-6.66185873286	6.90931468732
-6.57829945778	6.72400647769
-6.48153194898	6.50482411496
-6.30198670804	6.01508460453
-6.25135156158	5.85461740639
-6.18695267869	5.57204317422
-6.11857465535	5.29891412178
-6.06312891135	4.98470076477
-6.01125812545	4.55856354007
-5.97458234087	4.38642609892
-5.96201311665	4.23943814663
-5.93832623471	3.96997163079
-5.93157461749	3.6957511228
-5.87412546238	3.43400348706
-5.87698678741	3.23611608355
-5.87682237286	3.07391246231
-5.85812704898	2.85847387227
-3.6173287395	-18.4750953161
-3.90272797488	-18.3720670416
-3.96538823694	-18.3036645425
-4.04886876942	-18.2115723213
-4.13129700944	-18.1265588637
-4.24014782561	-18.0386376668
-8.48832317659	-14.2494604143
-8.8213589313	-13.9722502135
-9.09032109622	-13.7488088487
-9.1733742511	-13.7394174917
-9.25042129528	-13.7130228
-9.39162654377	-13.6650520161
-9.65926350928	-13.5503647699
-9.92462336449	-13.4352326264
-10.084707543	-13.3678097563
-10.270162913	-13.2999530264
-10.5425539968	-13.2304720365
-10.7379714238	-13.1742047421
-10.8241874271	-13.13587607
-10.9830937987	-13.1177842716
-11.1039514135	-13.1490716799
-11.2639055439	-13.1908235365
-11.485308445	-13.2516215811
-11.6329384011	-13.2780195981
-11.8347973192	-13.3161307782
-11.9125058255	-13.331426852
-12.183577949	-13.4160037316
-12.3043372086	-13.4565305386
-12.3506957093	-13.4743325145
-12.4967757479	-13.5216690553
-12.7842863669	-13.6376779679
-12.8372451811	-13.6588033163
-13.3897750855	-13.8677723709
-13.6209676643	-13.9710711003
-13.7849407431	-14.0452631209
-13.9952371819	-14.1359201192
-14.2144442468	-14.2341764185
-14.5234754565	-14.3687134583
-14.7968328196	-14.4963660239
-14.8848982694	-14.5397209429
-15.1473825069	-14.67349279
-15.4179509946	-14.8201429576
-15.5498006891	-14.8911803723
-15.6592153753	-14.9426668874
-15.8253216358	-15.0219039758
-16.1233460995	-15.0724444119
14.3451924759	-16.8922191151
14.3984428132	-16.3340696432
14.4352586734	-16.0545681717
14.5425908022	-15.5738749826
14.5914189767	-15.294760239
14.6955929961	-14.9715550341
14.7690984979	-14.6688496737
14.7959723792	-14.5924604698
14.850139928	-14.3681676391
14.8964190343	-14.1925028645
15.084467627	-13.6899300403
15.2119699548	-13.3076559039
15.2730555199	-13.0839193862
15.3386551828	-12.8930882146
15.4619245437	-12.5347383305
15.6211186306	-12.0586551747
15.798757187	-11.6901767317
15.9641251176	-11.5146599353
16.1385120692	-11.3729370867
16.5161132045	-11.1197791547
7.00166331519	-16.5380846979
6.63541263037	-16.3243025114
6.43650232002	-16.1943402987
6.23783386684	-16.0204647949
6.07137801079	-15.8881258868
5.88945800034	-15.7276354197
5.57901148054	-15.4557624692
5.33462296678	-15.2670958267
5.20532058495	-15.1512542787
5.02456267151	-14.9670478444
4.69424464059	-14.6461083179
4.23855020195	-14.1031109862
4.13209167569	-13.9649838443
3.96730823836	-13.7454291279
3.74352200287	-13.4496845914
3.55222337349	-13.1987646162
3.44575846401	-13.0058803585
3.32312805451	-12.8271605886
7.0013682848	-16.5378321363
7.13155591483	-16.5562817955
-0.195348531452	-14.1854012478
-0.17095576527	-14.5490242598
-0.163157008199	-14.7278782452
-0.116690414365	-15.2353545635
-0.00856835289523	-15.5623413175
0.288804522392	-16.1620198025
0.445550935107	-16.5270436744
0.404619647087	-16.6909020683
-0.0930051524237	-13.7827478182
0.151896171098	-13.9130054616
0.302598717877	-14.041597586
0.476424021991	-14.164258488
0.707061736804	-14.3429382434
0.954370256295	-14.5814932083
1.0871892071	-14.7078963615
1.23435347589	-14.8787134803
1.31763215812	-14.9631971678
1.38526660136	-15.0375980044
1.46022297686	-15.1384441304
1.53744142843	-15.2578115891
-0.742687626169	-22.0879121117
-0.90746489712	-22.4161678751
-0.969522377288	-22.5265489708
-1.04712920727	-22.6638014262
-1.19391114479	-22.8924987114
-1.37223403737	-23.1740802942
-1.4761164141	-23.3319785866
-1.58422942523	-23.4910515751
-1.66548678938	-23.6190563971
-1.74619161284	-23.7299499721
-1.82173754965	-23.8372627075
-1.93744518758	-23.9998580739
-2.17777627017	-24.347284749
-2.32380493642	-24.6279929808
-2.4490891733	-24.8178881944
-2.80311413171	-25.3442389363
-2.91413686525	-25.5927397673
-3.25435036497	-25.9249354724
-0.0930806104451	-13.7828796688
-0.226573818237	-13.4803857534
-0.277257610175	-13.3822982313
-0.495019655567	-13.0113041582
3.32312123171	-12.8271584451
3.15918678125	-12.7192887881
3.04260396676	-12.6430067336
2.75311162303	-12.3840771355
2.61165527634	-12.2267187
2.38828166605	-11.9551116113
1.89145170466	-11.1078366404
1.65876746588	-10.7026938223
1.56902713834	-10.551265429
1.4231667974	-10.2537590773
1.31417439676	-10.0138529306
1.06477834896	-8.91032476045
1.03266761325	-8.21598563124
1.04021188402	-7.78729556757
1.05406985444	-7.44371963692
1.08917614529	-7.18339520824
1.13992107959	-6.97546005377
1.17982645503	-6.74824508976
1.25483930742	-6.46618959442
1.27741178108	-6.36615403532
1.30597678975	-6.08173971194
1.64262697358	-5.78422278309
-6.47014730613	-10.2626026517
-6.50860841855	-10.1353598332
-6.58760762289	-9.86447815603
-6.75019893561	-9.57070379074
-6.88136923179	-9.30029009169
-6.96372759147	-9.16926657109
-7.02585870967	-9.07780182932
-7.19752309104	-8.85674872511
-7.39723943159	-8.6936985237
-7.53377018247	-8.57240438967
-7.70503575602	-8.45325367879
-7.87814236	-8.34674725073
-8.01313342558	-8.27503347311
-8.49761978231	-8.06627896557
-8.81504787928	-7.96273934488
-9.0457895898	-7.89357825526
-9.30200125648	-7.8448773349
-9.63373381125	-7.805760376
-9.87693378748	-7.78388150424
-9.92768907287	-7.7800364802
-10.2708527522	-7.75232371274
-10.4736735493	-7.73145727259
-10.7210292608	-7.70142305876
-10.8856004797	-19.4501662936
-10.8391634171	-19.7349733688
-10.845507763	-19.9251951956
-10.8750251702	-20.0897179077
-10.9376291573	-20.3772279758
-10.9883514965	-20.5454675642
-11.012357246	-20.669173378
-11.0606345897	-20.8498630359
-11.0754261198	-20.9482661541
-11.0952618666	-21.1158698707
-11.1090513241	-21.3407270535
-11.1465808154	-21.494023222
-11.1448126205	-21.6171786709
-11.1322161647	-21.8409283887
-11.0766904819	-22.022104328
-11.0334743946	-22.221332326
-10.9898514859	-22.330603493
-10.9482836014	-22.4605336273
-10.8874757399	-22.5869902049
-10.8357930013	-22.6709834262
-10.7162508655	-22.8564957901
-10.5577769453	-23.0486828953
-10.3999515475	-23.197565548
-10.247989667	-23.3306777873
-10.0883346282	-23.3996499948
-9.93764986758	-23.4937952662
-9.75271288865	-23.5537398043
-9.45221898313	-23.685027602
-9.33170925484	-23.728075841
-8.91500073015	-23.7405803936
-10.8855674576	-19.4502904674
-10.781730907	-19.5492905073
-10.6812341161	-19.6271492749
-10.3895580549	-19.8209167717
-10.0286830085	-20.0075859455
-9.91781160958	-20.0767867166
-9.67447551401	-20.2208685987
-9.61177869902	-20.2587798573
-9.41014359739	-20.386314583
-9.181693548	-20.5491976649
-8.97372567766	-20.7005441616
-8.83626701089	-20.8332426902
-8.75739636678	-20.9221889424
-8.66557815064	-21.05414043
-8.57108680704	-21.2109669568
-8.41166778909	-21.5184726396
-8.32734909866	-21.7250495815
-8.23067758886	-22.0269824897
-8.17253529038	-22.1836161705
-8.14280668458	-22.4183318756
-8.1486278646	-22.7204421895
-8.13457432952	-22.9629801248
17.5869809984	-7.5733337427
17.6411389786	-7.38400020545
17.6915897019	-7.21392457509
17.7055741261	-7.06742020125
17.7761608163	-6.87078546173
17.8492219468	-6.7423563252
17.8967955665	-6.57390214072
17.9286068435	-6.46183549567
17.9293442446	-6.34459055256
17.9743395231	-6.16173385172
23.9175204814	10.547969152
23.9941422413	10.7488609871
24.1311683798	10.9114218754
24.1564663905	11.0679266263
24.2252363614	11.1312419867
24.297555875	11.3066063917
24.3666452781	11.5057644535
24.4045977915	11.5944418425
24.4674700714	11.6970638797
24.5548996436	11.8874498944
-10.721089819	-7.7013015856
-10.7575359021	-7.78896294831
-10.8245097865	-7.84990954594
-10.9480808359	-7.98486291414
-11.1320398747	-8.19609759261
-11.2917464913	-8.33011983334
-11.3810756148	-8.47412879756
-11.6417962842	-8.66161254799
-12.0021250433	-8.9058511428
-12.1208979373	-8.97365547943
-12.3007699816	-9.03120795953
-12.5093582739	-9.0378805992
-12.6607803371	-9.03327836979
-12.8540193422	-8.99337530162
-12.9629069012	-8.96336708178
-13.0495091974	-8.93421786229
-13.1957185841	-8.88652677022
-13.3748442558	-8.85646101675
-13.4283208883	-8.83777945587
-13.4996870264	-8.80906423024
-13.6920954141	-8.73288470235
-13.9253356864	-8.63388478843
-14.1503136799	-8.53520408361
-14.4330473747	-8.41048258736
-14.6048199523	-8.33227902423
-14.9089005404	-8.20436660809
-15.0805246373	-8.13651340082
-15.2235160402	-8.07995141612
-15.4589130417	-8.00164445335
-15.6779643779	-7.93311912724
-15.871876443	-7.88870650496
-16.0259173369	-7.85168287854
-16.1633315987	-7.83633730064
-16.3206621107	-7.8197806238
-16.4908714098	-7.82430050372
-16.7341590894	-7.82294708151
-17.0512393134	-7.82370673012
-17.2625587339	-7.85678032564
-17.7160123219	-7.92177505042
-17.9241075226	-7.94339369113
-18.0188964035	-8.00517609228
-18.1590289546	-8.01306079812
24.5579345279	11.8889415606
24.6040025401	12.0923553101
24.5804599528	12.2049459058
24.4754691304	12.4650206073
24.2827105835	12.7302407602
24.0973545269	12.9993405134
24.0226806349	13.1547213713
23.9570190668	13.2755092881
23.8822107968	13.3385980363
23.800592612	13.4937888149
23.7415055368	13.6505957621
23.6099411695	13.9553356275
23.5560710365	14.081048509
23.5120437938	14.1723397614
23.5071814496	14.1833692127
23.4616831575	14.2529342994
23.3379227543	14.5210367809
23.2010319584	14.7576485374
23.118955714	14.930168321
-25.391561933	-7.6880267277
-25.2894099098	-7.84841994354
-25.1473486449	-8.07789807921
-25.0061168085	-8.33060537977
6.52278354927	9.66629361527
6.22163088634	9.68853693237
6.05932537527	9.7221976978
5.83764633914	9.75402453367
5.62341459217	9.81469054362
5.32523376418	9.93743887997
4.92124101749	10.1264103384
4.67943930464	10.1953152522
4.43770734447	10.2504330362
4.10781245267	10.3299479666
3.85367707878	10.3746120064
3.66045494112	10.4004149831
3.44862770812	10.420128273
3.22190957762	10.4320234604
3.00112130603	10.4379933298
2.74749200231	10.4311396662
2.63899047679	10.4286533489
2.3812119027	10.419721204
2.19034563118	10.4041353279
1.72875761081	10.3795776675
1.57559516498	10.3759137808
1.10217589848	10.3086442919
0.912376965458	10.2762426609
0.782408617859	10.3065817569
0.614522019521	10.3388915335
0.425462391961	10.3475350425
0.327171652096	10.1470822132
-25.7569962956	11.6665063518
-25.6548342419	11.569870343
-25.3700437411	11.4946456057
-25.2320097174	11.4453844587
-25.1209806969	11.4032607244
-24.9639353121	11.3057464646
-24.6948315163	11.1546782483
-24.5572715418	11.0789656682
-24.4851982387	11.0358467968
-24.2298575136	10.8949788272
-25.7566984505	11.6665301522
-25.7921468475	11.8902915721
-25.7948520153	11.9571892472
-25.7981391739	12.003727355
-25.7964124314	12.0985011162
-25.7838920568	12.2094948549
-25.6911594463	12.4741735757
-15.3282910319	5.75081092501
-15.1409737879	5.65730438065
-14.973600738	5.57876468796
-14.8602571394	5.52837021378
-14.692080336	5.45928830801
-14.6203030368	5.4260909017
-14.5114609667	5.37673661937
-14.3191521916	5.29151254117
-14.1976575059	5.2378941413
-14.1194519223	5.20505039384
-14.0008643857	5.15728142762
-13.8558758355	5.10115757513
-13.6383348685	5.03769568581
-13.398019536	4.95436530555
-13.2009079025	4.87981080657
-12.97250989	4.78285376215
-12.804302646	4.71293982741
-12.6322002337	4.62671235313
22.2057459749	18.0804573825
22.3804205715	18.2100828338
22.5267228777	18.2149932691
22.8086980306	18.1911215579
22.9224766627	18.1726267588
23.1513514322	18.1332022102
23.2679924042	18.0987561629
23.4307517331	18.091484724
23.7887988005	17.9125897106
24.0901859558	17.7403333953
24.3806614407	17.5769108111
24.7918635792	17.3212472571
24.9677322256	17.201071277
25.2092108757	17.0122606246
25.3888451542	16.8803103924
25.5800864157	16.7217049985
25.9502465217	16.401135167
26.1588890817	16.1772164401
26.3292305676	16.0104216081
26.434074989	15.9115273533
26.484645328	15.8544508375
26.5972455567	15.6791519624
26.6676148095	15.5785189691
26.7944795955	15.3932136316
26.9258399665	15.2354949593
22.2057552704	18.080458688
22.2054126198	17.8493601812
22.161792896	17.5987220368
22.217570425	17.4742822149
22.2430882051	17.3432781189
22.2617205528	17.20081524
22.2176915166	17.0300453392
22.3170228748	16.8754900162
22.3722529477	16.6209381311
22.3553902843	16.4964183373
22.4261550652	16.293649205
11.6194612515	15.5035337229
11.8412001086	15.3070590621
11.9218291041	15.2277282346
12.0652691537	15.1788400082
12.1465149297	15.0556972507
12.2961278432	14.8440858116
12.4194725702	14.6687604763
12.4854812439	14.5900279345
12.5705187039	14.4520957419
12.6698599092	14.3396102722
12.817356522	14.1603735766
12.9297495256	13.9855597063
13.0710368119	13.762478211
13.2391065776	13.4753253407
13.4545912522	12.9907276288
13.6368706745	12.5109782515
13.7057967968	12.3186032148
13.7752707672	12.0193090578
13.8649476236	11.5226054161
13.8933735248	11.2425060765
13.8989460454	11.0249657899
13.886693246	10.7571386225
13.8357429128	10.4470180627
13.7827747499	10.1642957312
13.7188931004	9.94106335459
13.6367074459	9.71301143047
13.5380517571	9.49329022673
13.4302830188	9.29835608083
13.3471360841	9.12208217677
13.2523582376	8.96703299741
13.1617705854	8.84268496446
13.0593674723	8.77888834927
12.8429403609	8.57078019468
11.6194852265	15.5035295055
11.5544844375	15.7177825579
11.5521176462	15.8652865799
11.4928923632	16.0166666144
11.4445873829	16.1354050657
11.2951052172	16.4472360557
11.1724153592	16.6885245177
11.0452085043	16.9246947646
10.9037924235	17.1417554226
10.7930401589	17.3500960124
10.6226851356	17.6033528728
10.4523086842	17.8294047747
10.3015555711	18.0166608252
10.1469416017	18.2284912563
10.0625734733	18.3407110429
9.88917399981	18.5345775434
9.72602514716	18.6920996687
9.57223321768	18.79159955
9.48678852678	18.8930888169
9.25975881038	19.1282401756
9.1361813478	19.2271056235
0.327400367492	10.1470713503
0.201346475261	10.5952087973
0.107313126784	10.8086278237
0.0558154908321	10.8903093257
-0.0139176488083	11.0314671645
-0.0627102685834	11.1502276342
-0.135381204254	11.3133999916
-0.276118374973	11.654730607
-0.389716360752	11.9462947161
-0.473696050722	12.1291429492
-0.531664158022	12.324913749
-0.632482348261	12.6957449576
-0.686934851496	12.9173847427
-0.699335699745	12.9654585591
-0.752092559447	13.2800593462
6.18176667943	18.3241932713
6.04894635428	18.3669472211
5.72600183796	18.3939286153
5.54078259114	18.4246182296
5.33395455996	18.4715724743
5.06994059758	18.5332928159
4.90080588609	18.5597137087
4.45265951644	18.6430939007
3.78257574963	18.7657783196
3.44310234659	18.8372321683
3.12964885497	18.9091626077
2.79802268165	18.9879594365
2.62998331126	19.0207846116
2.36355243937	19.1026276657
2.16953994633	19.1792631058
1.96093491522	19.2591355509
1.63822732407	19.3971959076
1.2800976069	19.5756225685
0.889564543216	19.7961904805
0.718981218521	19.9095536542
0.5473662106	20.0260767263
0.429941260194	20.1039251178
0.331006660389	20.1706999012
0.141885389676	20.2961352882
-0.129454869572	20.4815100534
-0.273273206957	20.5781055621
-0.493819448944	20.711215568
-0.675681784778	20.8271278608
-0.851531076605	20.9384399156
-1.02237988195	21.0446858774
-1.2045295396	21.1536419942
-1.44820434913	21.3091006795
-1.74438970036	21.4948706757
-1.96860978675	21.6451774867
-2.16359191506	21.773678385
-2.34461194792	21.8977482965
-2.49538271911	21.962789905
-2.63342308791	22.0583663241
-2.77751917349	22.1440490991
-2.9135929754	22.2286228759
-3.19369212719	22.3880620097
-3.38662983286	22.4752621624
-3.5232128666	22.5394116097
-3.71872325863	22.6262577707
-3.80097757164	22.6527872747
-3.93022533645	22.7111534191
-4.1444238968	22.7540257412
-4.25710723807	22.7642723206
-4.37275833437	22.7649804471
-20.3417556893	11.6505907527
-20.3871072418	11.3059158846
-20.4184797026	11.1078355579
-20.4290291049	11.0261466931
-20.4342305738	10.9650763171
-20.4396368792	10.8389445761
-20.4503984576	10.4928280436
-20.4629448738	10.260403324
-20.4561444063	10.0098065527
-20.4916980476	9.78372853249
-20.5068774928	9.65957876926
-20.5395452417	9.39560546555
-20.5479642214	9.2509490958
-20.5551445657	9.09591604078
-20.5621185569	8.83211793997
-20.5490015404	8.68885438697
-20.5301217955	8.45478562632
-20.4781404406	8.20059150237
-20.4142228415	8.00081951297
-20.3925504925	7.94484584206
-20.3279557879	7.79537758454
-20.2599518906	7.63629077993
-20.2254916732	7.57024562714
-20.1883316261	7.50519244872
-20.0981461293	7.38539943493
-20.0381418216	7.30892732142
-20.0231803079	7.27618406648
-19.955090566	7.20095796148
-19.9101962587	7.15348417025
-19.8118755103	7.05387213576
-19.7185377376	6.97674794701
-19.568247222	6.86332741377
-19.4824074901	6.80700106928
-19.3100227133	6.72700702878
1.79012446969	28.6935426374
1.74095645533	28.5427808811
1.67824497882	28.4248629225
1.61992334916	28.3250698389
1.56520089383	28.2490828503
1.46526956754	28.1591228933
1.34225601338	28.0417096573
1.26061995845	27.9999535217
1.20874868132	27.9727368772
1.0462527862	27.8853851939
0.939232385551	27.8464515963
0.728468240556	27.7755042503
0.527136039246	27.7255302805
0.42222609872	27.7093944874
0.182923031513	27.6816028588
0.105348487543	27.6671447525
-0.0431555252464	27.6392215707
-0.30143632381	27.5943116165
-0.546450764563	27.5545339624
-0.661489410919	27.5365616395
-0.70034313329	27.5301900241
-1.01032990134	27.4557482018
-1.42194358708	27.4005439526
-1.67752572667	27.3524027014
-2.02868662716	27.2740863976
-2.20988168372	27.2300758994
-2.66279469129	27.0865207206
-2.84616799081	27.0177004828
-3.13008913241	26.9164653398
-3.16966821214	26.901467169
-3.47096626018	26.7715324641
-3.81675641553	26.5983853334
-3.95259831822	26.5206033581
-4.16739652951	26.3912425593
-4.44498340839	26.2265832399
-4.61228270148	26.152359187
-4.89946439498	26.001796112
-5.35650114752	25.7449495988
-5.56281310299	25.5853844629
-5.81181116444	25.3288464876
-6.04397735635	24.986264674
-6.17341151584	24.7601611692
-6.24753991885	24.5874152336
-6.40987159682	24.2862811209
-6.57848507564	24.0563793642
-6.67693746224	23.8751764571
-6.76283042226	23.7337660776
-6.85021569557	23.5759052032
-7.05092650581	23.3585050691
-20.3432760789	11.650668674
-20.2168576618	11.8531440688
-20.0710601791	12.0089313134
-20.0096002999	12.0597472087
-19.8895323401	12.1321842727
-19.7444323825	12.3214215905
-19.6193863579	12.4161549365
-19.5525302905	12.4763236067
-19.3691777862	12.5875515371
-19.1884062623	12.7271460514
-19.0338434498	12.8319959638
-18.8626048241	12.9305077295
-18.6007388822	13.0295644249
-18.3608300107	13.1733708429
-18.134008388	13.2902777775
-17.9839944048	13.3611049022
-17.8839170773	13.4217776516
-17.7067484558	13.4980094823
-17.2962237201	13.688824581
-17.296176531	13.6889037364
-17.0391620392	13.9703566507
-16.8264170503	14.2019925559
-16.7290536688	14.2893054458
-16.6375234315	14.3769266888
-16.5475265746	14.4872024908
-16.4389184438	14.6216782917
-16.2805435539	14.761155697
-16.231358668	14.8766679791
-16.1078999744	15.0236817728
-15.8764090957	15.2730709704
-15.7794226092	15.378510458
-15.6914492565	15.4732134573
-15.5796518183	15.5970863787
-15.4780450823	15.7103509484
-15.3254120086	15.9038179712
-15.1318735837	16.1389925623
-14.8425066927	16.5015568222
-14.6378896927	16.7626383171
-14.515049901	16.9213030527
-14.4019403685	17.0545169523
-14.2562130655	17.2369284155
-14.1627007808	17.3413920378
-14.0212749448	17.4969108341
-13.9476006756	17.5789714388
-13.8395301327	17.6851102894
-13.7596060922	17.7570236192
-13.707813299	17.780804659
-13.5826927199	17.9362159742
-13.4440980442	18.0658819262
-13.1100298735	18.3675888218
-9.47794165686	21.839523649
-9.22986773375	22.0357336462
-9.05271760921	22.1676436833
-8.96760639168	22.2496020722
-8.83255620374	22.3698571929
-8.60252422281	22.5367278696
-8.3612490877	22.6674802251
-8.11129896165	22.8599763873
-7.7946338683	23.0189643209
-7.69654797138	23.0708667796
-7.42445852173	23.2528837172
-7.22981790729	23.3392218651
-7.05109915854	23.358177903
1.45801173731	16.3161989232
1.30522744214	16.705846983
1.20092491395	16.8609610584
1.05456220961	17.0838246595
0.852048454398	17.2721278746
0.667675184207	17.3989770116
0.467757507773	17.5191623374
0.239266272274	17.6364305566
-0.072905486693	17.7255594158
-0.248373433001	17.7778504935
-0.637107523472	17.8489108585
-1.24785516073	17.9575331313
-1.5077787813	17.9869373089
-1.8302174267	18.0237371444
-2.00243122002	18.0481723198
-2.21050455513	18.0769815844
-2.59835961873	18.0792432433
-10.3093784812	15.5521228502
-10.20701394	15.0164079256
-10.1329118251	14.8659355579
-10.0312788363	14.7008740507
-9.93375261291	14.4941351125
-9.86271361724	14.3414863936
-9.79264399081	14.2066068317
-9.69328955089	14.0181937476
-9.64853489703	13.8993803394
-9.54692990067	13.6109462468
-9.44359704191	13.2968834981
-9.31466577262	12.8900507187
-9.22081720974	12.5701504808
-9.12107796196	12.1676339642
-9.01885540019	11.7703597988
-8.97202129494	11.445508454
-8.94142664738	11.2125491925
-8.91366871175	11.0068084352
-8.89930150448	10.8698258321
-8.85120849406	10.4599123473
-8.84137282749	10.2889795957
-8.7310676046	9.93813609555
-10.3092712049	15.5510759624
-10.2095367636	15.9895612106
-10.1352492878	16.197016471
-10.1091542074	16.2813484807
-10.0236754302	16.511845552
-9.96277157994	16.7016319304
-9.82992023362	16.9978440046
-9.69423500307	17.2901735215
-9.54415368863	17.5803210372
-9.44430988241	17.783866634
-9.29425930913	18.0194623726
-9.09945897997	18.3616147369
-8.89245287999	18.6634976356
-8.66650784675	18.9798931421
-8.44738645267	19.2709934538
-8.34561441668	19.434902711
-8.24088979796	19.5531527777
-8.125411929	19.6910963369
-7.98486871697	19.8624871314
-7.81096215679	20.0521290627
-7.62867938135	20.2056004887
-7.35660996078	20.4687604172
-4.37275697744	22.7650011514
-4.43487778863	22.6527168813
-4.52345370624	22.5246988835
-4.60705773523	22.2796728877
-4.65828110837	21.9835506126
-4.77935264886	21.4936052468
-4.80600031136	21.2893576801
-4.80982140182	21.0587881244
-4.79475414235	20.8247329948
-4.78411642315	20.7141976747
-4.74430728183	20.4998373475
-4.61446485813	20.1354961801
-4.55331201437	20.0123906216
-4.49835744231	19.8785686139
-4.36193154499	19.7026802466
-4.27325106866	19.572509313
-4.19028115216	19.4297598121
-4.08444482229	19.1456484983
6.20815917751	-7.57903448222
6.55312414097	-7.65470418366
6.64399996026	-7.68704811853
6.74718725995	-7.69582636074
6.9949622247	-7.80340242308
7.27576714736	-7.92894324208
11.505225178	-10.5035029792
11.8084091348	-10.5699940901
12.0187477787	-10.6202082325
12.2698124501	-10.6842826247
12.4626615771	-10.7429647758
12.6335566449	-10.8049118745
12.7880092047	-10.8536896341
12.9411477528	-10.9340082228
13.0643653004	-10.9908232533
13.3835751323	-11.1585042823
13.5480178529	-11.2806705707
13.6736850427	-11.3905432799
13.8707512662	-11.5863760466
13.9839796914	-11.7556485373
14.0513549005	-11.8989456819
14.1242893046	-12.0986800075
14.1718148823	-12.3264307483
14.2080055827	-12.7127943087
14.1838254457	-12.8979277605
14.1675395773	-13.0555750169
14.1511573866	-13.4331532506
14.1150272937	-13.7754914933
14.0877599426	-13.9663347695
14.0557581564	-14.18107854
13.9876523223	-14.5538389454
13.9639261766	-14.6711813782
13.9169413649	-14.8528955539
13.866853556	-15.0617794521
13.7708486614	-15.416598265
13.6721205301	-15.7183578797
13.5190454534	-16.1565329337
13.2763177263	-16.6703443402
13.1444052836	-16.9189257995
12.8353279007	-17.2391467841
6.20822563642	-7.57893313325
6.09818422123	-7.72601237625
6.05731823089	-7.81798915185
5.96493206424	-8.00952616616
5.92608374209	-8.15071453254
5.78060938751	-8.30645299854
-4.04300099858	-27.5436025408
-4.06113918772	-27.714376647
-4.11288106559	-27.7233876414
-4.32148689722	-27.6983315716
-4.77680707837	-27.6598218534
-5.25937513675	-27.5852299309
-5.48141271091	-27.5353074724
-5.69089956627	-27.4818558244
-5.86252814321	-27.4029076674
-6.04057558982	-27.2954983764
-6.18694845345	-27.2206899572
-6.32623584977	-27.1318434928
-6.42659549766	-27.0584746784
-6.6392627656	-26.8886057564
-6.82174312235	-26.7319859269
-6.96033787434	-26.6000775517
-7.0707622422	-26.4875389804
-7.31481013958	-26.1980886182
-7.54292470417	-25.9256164107
-7.77937978781	-25.6664854508
-7.92106782237	-25.4646460405
-8.00100717492	-25.352014513
-8.10217367022	-25.2036606739
-8.1542412312	-25.1417845173
-8.19932467112	-24.984018708
-8.223346032	-24.8077917476
-8.20281323503	-24.4598876957
-8.17970049277	-24.2653685434
-8.12975966617	-24.0672965832
-8.05121107339	-23.6485379531
-8.04026592751	-23.4034464915
-8.09049038912	-23.1709704762
-8.13413904552	-22.9632437208
16.5160052011	-11.1198833387
16.1540479419	-10.9160558345
12.842929183	8.57095857915
12.4652643414	8.55207344205
12.1928082831	8.5346426892
12.0354357233	8.5097753181
11.9206253434	8.50112569175
11.6731356854	8.48699524165
11.4026787582	8.44530160971
11.2276592836	8.40483860027
10.9833809673	8.34911360705
10.7755817746	8.31447748853
10.5666323678	8.27058132903
10.3029923549	8.18605647824
10.1078146451	8.1128065891
9.89871595577	8.00727486933
9.76126113084	7.92915210344
9.64230238225	7.86540222556
9.48366374987	7.76082803032
9.36394508919	7.67522656469
9.13860225938	7.46522218799
8.96193431498	7.24647914716
8.85741545699	7.12791690126
8.67841978174	6.91752747588
8.55960373628	6.78991400719
8.4790994892	6.69892008122
8.32464737579	6.55444687809
8.12858691332	6.38342029819
8.14885735813	6.20430132637
8.0935613123	5.98772056899
8.04739798853	5.69920123
7.9918003092	5.46965218476
7.92813903858	5.25716958896
7.85613790008	4.9853010736
7.80815752344	4.84063016379
7.76310199932	4.68940336221
7.7361948152	4.506853446
7.71482081485	4.400251853
7.6841297607	4.23200483839
7.64366636124	4.01003770074
7.6188998281	3.86085428534
7.61184344513	3.81862436712
7.58869316239	3.67847040348
7.52767797617	3.35627306267
7.46537648757	3.06225787481
7.43034932757	2.91580848074
7.39723070955	2.77941140773
7.35213034061	2.60789116282
7.29289354865	2.3806981728
7.17951628797	2.1475979763
7.13920178086	2.00178192475
7.05968466363	1.82291762058
6.97377505391	1.64555325208
6.82739673017	1.36633827751
6.67256482803	1.11541532529
6.53746103301	0.885494765155
6.41763508256	0.716899761849
6.31853845462	0.588132767178
6.20645649794	0.452771505504
6.06451545013	0.221164435773
5.83390567441	-0.0545667843022
5.69730019854	-0.347367087792
3.72027307889	26.5682412164
3.92278453841	26.3269192795
3.9984948011	26.2311392087
4.26791724846	26.1275939479
4.60781572782	25.9400263819
4.85271214387	25.8308829478
5.07903693178	25.7140057818
5.25868758415	25.6173978431
5.74803970164	25.2804965141
6.12860351701	25.0424192649
6.42414571236	24.803288205
6.86796791385	24.3646163481
7.13627898437	24.0330312835
7.43270535617	23.6989703926
7.73044217702	23.3323167565
7.92680314846	23.1189343219
8.2366584924	22.7388812613
8.31822538038	22.6327269682
8.42499582529	22.4849592202
8.54336083312	22.3014650091
8.66347126477	22.0928087355
8.74676329703	21.9417723704
8.80906164868	21.8199700854
8.89668205415	21.6089309196
8.97724876411	21.3826467525
9.02913348657	21.2026960063
9.08104691079	20.9866987532
9.09829391985	20.8672691049
9.15989817787	20.4413329251
9.21274336864	20.0444938767
9.27106643554	19.7313042949
9.27309838169	19.5735275579
9.2591549276	19.4711087732
9.13626597021	19.2271512268
12.5998252359	-17.8005506448
12.8353236796	-17.2391486851
-3.25436389665	-25.9249453315
-3.48861149568	-25.8999651121
-3.6026098969	-25.8491885461
-3.82831561411	-25.7379323563
-4.0656875656	-25.6216118497
-4.28942274889	-25.5392244988
-4.42945077411	-25.4410833692
-4.5245788788	-25.307345425
-4.65675936811	-25.1402191675
-4.71933070219	-25.0272959059
-4.89158001129	-24.8469722647
-5.05144444843	-24.611895606
-5.18150923187	-24.4116787741
-5.33783006336	-24.1448182095
-5.47687034939	-23.9015379205
-5.52851300366	-23.8135636131
-5.58697872538	-23.6337821213
-5.68338537922	-23.4296228144
-5.78867668112	-23.1370371821
-5.82369420073	-22.9743376803
-5.84898998306	-22.8157674968
-5.85883162596	-22.5854518483
-5.84899904003	-22.4357013338
-5.80511997153	-22.2812913732
-5.74745344659	-21.985130477
-5.66722079187	-21.7868419587
6.53856333663	-10.2499964519
6.54943232594	-10.0981755635
6.55650921211	-10.0516346695
6.567084618	-9.956746519
6.5606404657	-9.79839590015
6.54756098658	-9.65865550129
6.51561214947	-9.52553237872
6.46418010871	-9.35940363282
6.40812650822	-9.26813671945
6.33100832802	-9.14991873141
6.25411945847	-9.0029490336
6.16513348045	-8.88786649954
6.04784179209	-8.74598969839
5.87597039879	-8.51286241962
5.78079350171	-8.30567490653
24.793624742	1.35985957777
24.836480759	1.4797507549
24.8983032492	1.7272278402
24.9487055841	1.86728490883
25.0456706117	2.10965501135
25.1027778975	2.26280246761
25.2027985151	2.50187964644
25.2593098773	2.65715651758
25.2959511454	2.76503906737
25.3696682714	3.02592535355
25.5440144979	3.60777427098
26.3945695247	7.00859876929
26.4371049604	7.2273521872
26.4793511109	7.49683849129
26.5038212443	7.66280684456
26.5306893934	7.87139566525
26.5662959129	8.16877553445
26.5915641741	8.46828414156
26.5994239527	8.54231773513
26.6065790999	8.63163768438
26.6202473622	8.78603237564
26.6236798079	8.85579049578
26.6336351084	9.01263030017
26.6036544433	9.26491604048
26.6023627983	9.40172674329
26.5871604884	9.59464369084
26.5748505684	9.70691305225
26.5679984312	9.76024222639
26.577332843	9.85121513716
26.526251958	10.1418531152
26.4501966583	10.4597960687
26.4234514913	10.5415327181
26.2530813023	10.895631859
26.0396869785	11.2132153091
25.9441028446	11.3740568022
-4.47098402125	-6.31955910471
-4.38226726673	-6.15733823835
-4.30109497227	-6.04510806828
-4.23226028566	-5.91520968512
-4.14956320706	-5.73402730142
-3.91001769585	-5.15587271983
-3.66082793577	-4.58436727903
-3.56455929128	-4.38962391729
-3.45895565379	-4.16469665845
-3.25248592326	-3.7179178574
-3.10997244273	-3.39723919005
-3.0038043605	-3.13950384234
-2.93278774259	-2.95904836195
-2.88802052802	-2.81513786201
-2.83842840454	-2.59335890749
-2.81164978086	-2.39356310798
-2.79943941419	-2.25915113767
-2.82236801223	-1.89364714577
-2.89161404575	-1.60788531176
-2.99448358076	-1.26972514601
-3.14148643269	-0.931295095857
-3.36371988946	-0.539105625547
-3.60072735198	-0.182515946769
-4.06461988865	0.465841882285
-4.61446413477	1.22799069746
-4.92390363394	1.61399843683
-5.09366407262	1.82493738014
-5.1861948451	1.96150381434
-5.36586790871	2.18861168564
-5.52830265463	2.38489011734
-5.5873210243	2.46312897619
-5.71607760785	2.63697442307
-5.77202902573	2.72483340451
-5.85816754515	2.85864038228
1.64262421704	-5.78423486354
1.29439514612	-5.51654176882
1.27737777429	-5.1683195154
1.28100774007	-4.77626198595
1.05802198559	-4.25640962562
0.88781942654	-3.96109421527
0.867783335257	-3.92891110416
0.659189648861	-3.59848203828
0.40533258742	-3.11229908599
0.133445322392	-2.58535214328
-0.175702353634	-1.95757783818
-0.359069941332	-1.57135615073
-0.414726736008	-1.44954794642
-0.504318642536	-1.25825414955
-0.72888053667	-0.703174589294
-0.942256164346	-0.220385610797
-1.16047044452	0.393076286731
-1.3171921559	0.828268779456
-1.43862836762	1.17903710404
-1.5045316075	1.41724102482
-1.59181695745	1.75489839307
-1.60578778358	1.83480694768
-1.66220888911	2.11738487977
-1.71924679052	2.29843708519
-1.79237476325	2.50195769612
-1.89655171054	2.85833503699
-1.98323562603	3.16962578152
-2.03546153042	3.38992055712
-2.10513823269	3.71559162327
-2.20362708307	4.12615961001
-2.27951601701	4.37135049721
-2.29721395161	4.42251026654
-2.34861083636	4.55824002237
-2.48868038431	4.93324327513
-2.58907422162	5.15277431586
-2.61437045871	5.2208001939
-2.73492225049	5.48148576648
-2.81079601331	5.68332015029
-2.88413214466	5.86641857507
-2.97512797745	6.13905217355
-3.00342417888	6.24337740235
-3.07083049357	6.52515372987
-3.15760815478	6.82680985943
-3.20625461254	7.20957696869
-3.2998210067	7.56148010018
-3.31657287437	7.60474177597
-3.39303481992	7.84599898335
-3.43326250021	8.02890864688
-3.56132156137	8.36295789577
-3.7358774301	8.88649393998
-3.79913696916	9.08076299412
-3.85392521364	9.2694797523
-3.92006522659	9.4898643068
-4.01393265732	9.8998435995
-4.05453934085	10.0449425393
-4.1054121782	10.2441698464
-4.20193146406	10.5678408986
-4.27230533786	10.7369324756
-4.37306771202	11.1035273827
-4.42034258172	11.3376223746
-4.45082338055	11.4904608196
-4.47592470725	11.6016485941
-4.52760060394	11.7863817598
-4.56990847629	11.9667782315
-4.59508699305	12.1712150558
-4.65141750734	12.4647259671
-4.72036705306	12.6962341843
-4.77571651133	13.0199938755
-4.8393593112	13.2751361546
-4.87664636259	13.4314321795
-4.93670908001	13.6290899876
-4.98907312821	13.7999054639
-5.05028692741	14.0618890104
-5.11500585288	14.3641139666
-5.28247013624	14.962889292
-5.4245435154	15.336281596
-5.48864501186	15.5801281994
-5.5562288078	15.9163288242
-5.58390882484	16.1340655975
-5.65982180929	16.4929128978
-5.76856086068	16.9018927462
-5.77832867335	17.0490030008
-5.7974294364	17.3049148942
-5.78402162337	17.6106653094
-5.74475929009	17.8498093239
-5.64651545794	18.0911972045
-5.45603274355	18.3253628356
-5.27250830263	18.5188097132
-4.97906308149	18.7321341122
-4.685457535	18.8058884282
-4.34653106348	18.9394185497
-4.24539266632	19.0193491206
-4.08446490535	19.1455806161
27.358330338	14.507726175
27.5617227705	14.2935654114
27.6549228441	14.0360564682
27.7271735778	13.9276480722
27.7838782835	13.7814105141
27.9321027893	13.4162731102
28.0295087176	13.0761185846
28.0598947644	12.9596728094
28.0674536599	12.812249291
28.0763577022	12.6312995023
28.0769357344	12.5078005672
28.0691631529	12.385380396
24.1682959003	8.56873970632
24.0146423832	8.36357345543
23.9195796102	8.24839666295
23.834651346	8.12285562838
23.7585056125	7.98809575707
23.7396311337	7.97530497164
23.6744341372	7.87087610472
23.5973218203	7.74779694617
23.5450114741	7.66210914227
23.4749722451	7.53597441281
23.3849626557	7.36503668489
23.2920411377	7.2223153895
23.2265572434	7.11866277159
23.1527030143	6.97853110332
23.091483764	6.87610886215
23.0367274516	6.74515216463
23.0222412399	6.71619983964
23.001065179	6.59227599935
22.9519314018	6.50367403484
22.8254020498	6.25928413064
22.7546230124	6.10588276847
22.668059199	5.95290517731
22.5935344014	5.79574550915
22.4764143289	5.61344312972
22.4386913433	5.50583638608
22.2739925312	5.28976395308
22.2134169179	5.21854510943
22.1301079665	5.15292601192
22.0744477211	5.03209398536
-16.1234305456	-15.0723562732
-16.2064306631	-14.9275837557
-16.2702736005	-14.7252836362
-16.2899187641	-14.5823598855
-16.3252959369	-14.475495387
-16.3631077822	-14.2998046646
-16.3832112679	-13.8785072211
-16.3870282578	-13.6368148634
-16.3719099075	-13.3864743964
-16.3911051905	-13.1802667849
-16.3738435773	-12.9810788362
-16.3391577046	-12.7391061461
-16.2869436042	-12.5105170875
-16.2774831382	-12.3472266168
-16.187581616	-11.909443577
-16.083392004	-11.6322705414
-15.9884797896	-11.4099173753
-15.9299241035	-11.2888406772
-15.8643034617	-11.1633841506
-15.8156224531	-11.0420463332
-15.7493001387	-10.8087054432
22.2199299424	15.0227811799
22.2000553836	15.2750190408
22.1990731382	15.405138182
22.2019361592	15.6527239132
22.237121276	15.8493238685
22.2585192282	16.0464459386
22.331429133	16.1326731614
22.4262461337	16.2934735057
-25.0061826175	-8.33067726929
-24.9674788444	-8.49625787191
-24.9630525913	-8.65071429169
-24.9247066303	-9.01518385544
-24.8602503911	-9.22049576458
-24.5480145271	-9.91108899707
-24.2460041537	-10.3942309512
-24.0639958996	-10.6638362433
-23.7540969923	-11.1150725149
-23.5225286825	-11.4632218369
-23.1948753221	-11.9158907445
-22.9204331941	-12.3263378605
-22.699595034	-12.660221009
-22.3800927914	-13.1368188879
-22.1078234327	-13.5237600743
-21.9710336543	-13.7237468711
-21.8305524828	-13.9279732252
-21.7231860817	-14.0884010487
-21.5798139278	-14.2986830658
-21.4440969326	-14.4918571707
-21.3649762986	-14.6183047251
-21.1840997742	-14.8675846159
-20.9603702072	-15.2240188024
-20.7692383517	-15.5227884768
-20.6455302651	-15.7054259941
-20.3925345782	-16.0813579471
-20.1257529307	-16.4638675648
-19.8812996512	-16.78670978
-19.7995480183	-16.9266805406
-19.6957537069	-17.0714504916
-19.5740468661	-17.2408366132
-19.3616250921	-17.5174054803
-19.1756912964	-17.7883028255
-19.0525994128	-17.954284112
-18.822105347	-18.2860855002
-15.7016033102	-21.7237402263
-15.6453130743	-21.7697211963
-15.6166620008	-21.8701163969
-15.4743269717	-22.013851525
-15.4403077943	-22.0894331138
-15.3332448482	-22.224446696
-15.2002028384	-22.3892620503
-15.020021309	-22.5978083807
-14.8523072889	-22.8105441515
-14.8320628339	-22.8344845724
-14.7341191227	-22.9465686988
-14.5855329278	-23.1234915491
-14.3747311046	-23.3535214276
-14.2687508978	-23.465584377
-14.1300205855	-23.6105187492
-14.0472618928	-23.6877610587
-13.914563152	-23.8078540438
-13.8349381953	-23.8850516574
-13.7452156806	-23.9640427748
-13.607848951	-24.0752828212
-13.4829981198	-24.192385228
-12.8771190497	-24.7124519873
-11.1473837681	-26.1249792723
-10.9568993922	-26.2741499599
-10.3265233276	-26.7216787567
-10.3416335257	-26.7418622775
-10.2461383381	-26.8153113145
-10.1609194909	-26.8627885152
-10.0268336047	-26.9973575402
-9.80783174162	-27.176315883
-9.66343633911	-27.2928497434
-5.03983811263	-29.3825432995
-4.89769710529	-29.5954418503
-4.76794053585	-29.7792664047
-4.72492567128	-29.8149206557
-4.64766795076	-29.9767189549
-4.60019242591	-30.1609495831
-4.55574532231	-30.3984233879
-4.53662517844	-30.5552486796
-0.494797795867	-13.0113042344
-0.657191759725	-12.5941264087
-0.83257454424	-12.1545050653
-0.924030495065	-11.8409124532
-1.1040655751	-11.3355502103
21.0051740355	-17.4793117492
20.9003121057	-17.7698333191
20.7979746459	-17.8677700261
20.7028987929	-17.9852006376
20.6333086034	-18.0431606345
20.4398313622	-18.1891767165
20.2763399324	-18.2713252146
19.9950274789	-18.4483402625
19.8784948637	-18.499339609
19.7384904976	-18.5670533797
19.4909624785	-18.726023962
19.3217996713	-18.8432767499
19.1702081056	-18.9582493993
21.0051739125	-17.4793103087
21.1612662636	-17.4768861167
21.2658681522	-17.3677188268
21.3334700013	-17.2794168285
21.4851040422	-17.0654887864
21.6488846349	-16.8023992434
21.7402892436	-16.7031426242
21.8120833922	-16.5710844861
21.8549280829	-16.4914584342
21.906435114	-16.3908120155
21.9736016204	-16.2373298399
22.034505458	-16.0822053464
22.0939083173	-15.9403442481
22.1366382916	-15.7902784118
22.1716500183	-15.6842313408
22.1975524018	-15.5627140219
22.2090786634	-15.5002279999
22.226173714	-15.3564268191
16.9582847063	-1.64999842594
17.0115416863	-1.55258886644
17.1042088885	-1.42134530199
17.1710669415	-1.34549571055
17.2631025059	-1.25065487105
17.4139191297	-1.12453998859
17.517290845	-1.04113085943
17.6256291786	-0.971746262115
17.840121865	-0.850783984907
18.079917265	-0.70119879573
18.2487122343	-0.616054585755
18.3666402361	-0.55611284602
18.5063544821	-0.490905998506
18.6858397212	-0.433096607551
18.9352847728	-0.345142378483
19.1115017726	-0.298398824409
19.2332706086	-0.261500372624
19.4614554134	-0.147831576071
19.5747437458	-0.113931364597
19.6759592441	-0.088674696367
19.8039712104	-0.0305955935247
19.9163812592	0.00109781415739
20.1867586706	0.0470796631423
20.1866550025	0.0469802629653
20.3986682502	-0.0401818325519
20.5039443222	-0.125816226844
20.6700560397	-0.321859277949
20.827154275	-0.441551894055
20.9272986824	-0.518697858499
21.0603094467	-0.637572837603
21.1607698837	-0.726530296016
21.2481876053	-0.819355922414
21.3795787612	-0.944127780493
21.5164238773	-1.06747760122
21.5972729435	-1.16519488902
21.6921965032	-1.26034097466
21.7488367983	-1.33283526049
21.889940417	-1.5448338882
22.0365153794	-1.75799003947
22.2073230106	-2.05476639596
22.3176704358	-2.277695967
22.3726346801	-2.4338911082
22.418919898	-2.56239855463
22.4766828231	-2.76021332735
22.5038374789	-2.86619050946
22.5212926532	-2.94688421516
22.5435039077	-3.03980379634
22.5632803152	-3.15260531485
22.5728275285	-3.24052768077
22.6104243445	-3.51649980498
22.6194516934	-3.75180315443
22.6203678469	-3.97517791693
22.6174204148	-4.06351780308
22.611915989	-4.22297847481
22.602049254	-4.44672458595
22.5824295365	-4.66103671988
22.5611117743	-4.81415645469
19.6264808013	-20.1278902103
19.561274249	-20.0717252735
19.485484687	-19.9961466742
19.3632202503	-19.8105431876
19.2684683478	-19.6323809567
19.2396519841	-19.5701740026
19.2162170271	-19.4979780536
19.1944135322	-19.3551159051
19.1378387103	-19.2451446738
19.1654303445	-18.9572966349
