33 0 25
-2.73133 -7.45091 3.80285 
-3.70767 -7.61878 3.54744
-1.57562 -3.69962 4.96345 
-1.46413 -3.57783 -0.352559 
-3.08565 -1.8267 -3.43978
-8.71228 -2.95874 0.0989825 
-4.74763 3.49794 4.11804
-6.83112 0.280923 -4.68367 
-4.44848 -4.88253 -2.83465
-3.7572 0.963017 -5.4498 
-5.9446 1.26634 -4.98845
-5.9446 1.26634 -4.98845 
-6.83112 0.280923 -4.68367
-1.07775 2.534 -3.4385 
-0.787399 5.44587 -1.44464
-4.44994 3.60979 4.23122 
-3.60915 4.86295 -1.35967 
-4.57552 4.28829 -1.49413
-2.48784 -4.68857 0.634488 
-1.57562 -3.69962 4.96345
-4.57552 4.28829 -1.49413 
-4.44848 -4.88253 -2.83465 
-4.3779 -6.02307 -2.80974
-0.694246 5.67699 0.327297 
-4.44994 3.60979 4.23122
-1.44152 9.15267 0.383416 
-0.824624 6.91277 -0.562728
-4.3779 -6.02307 -2.80974 
-6.18188 -8.22943 0.773615
-0.824624 6.91277 -0.562728 
-0.694246 5.67699 0.327297
-6.18188 -8.22943 0.773615 
-0.787399 5.44587 -1.44464 
0 1
2 1
3 4
5 6
7 8
9 10
11 12
13 14
15 6
16 17
18 19
20 6
21 22
23 24
25 26
27 28
29 30
31 1
2 24
5 12
5 28
11 17
32 26
32 30
21 22
