2915 0 2798
5.2669 -27.8796 0.61847
5.09253 -27.9915 1.16139
5.09949 -28.1474 1.7653
5.1107 -28.2801 2.36825
5.18413 -28.3905 2.89293
5.21089 -28.3758 3.15963
5.25647 -28.361 3.394
5.31362 -28.3257 3.72017
5.39453 -28.2489 4.20345
5.45992 -28.1713 4.5581
5.53957 -28.0495 5.07606
5.60117 -27.9476 5.425
5.71756 -27.7551 5.92235
5.80531 -27.6487 6.09476
5.86624 -27.5298 6.3178
6.01405 -27.2506 6.8225
6.2457 -26.7447 7.51532
6.37811 -26.477 7.86405
6.48115 -26.3012 8.06415
6.60453 -26.0301 8.37143
6.92391 -25.5897 8.73482
7.25849 -25.147 9.08303
7.51647 -24.8124 9.34037
7.70645 -24.4891 9.58141
7.82279 -24.2902 9.72668
7.98637 -24.014 9.9267
8.44933 -23.653 10.0707
8.79457 -23.4531 10.1093
4.54256 -27.0885 -0.463203
4.70566 -27.0456 -0.819175
4.77923 -26.879 -1.26063
4.86143 -26.7158 -1.70039
4.92188 -26.6254 -1.92211
5.04092 -26.4484 -2.22477
5.2995 -26.2327 -2.61812
5.56506 -26.0314 -2.97861
5.75547 -25.8983 -3.2186
5.95438 -25.7635 -3.46005
6.11552 -25.6545 -3.65133
6.35337 -25.516 -3.90112
6.62904 -25.3976 -4.0943
7.22737 -25.1475 -4.44168
7.66427 -24.9966 -4.66055
7.96249 -24.8956 -4.81062
8.19657 -24.8157 -4.90668
8.46959 -24.7204 -4.99858
8.75398 -24.6204 -5.0846
8.83385 -24.5919 -5.10564
9.1687 -24.4697 -5.18278
9.74129 -24.26 -5.30312
10.4108 -23.9255 -5.42485
10.684 -23.7643 -5.47067
11.1799 -23.4572 -5.55221
11.5572 -23.1978 -5.61507
11.8349 -22.9771 -5.66357
12.2068 -22.6497 -5.7326
12.5442 -22.33 -5.79857
13.0184 -21.8531 -5.89571
13.522 -21.3327 -6.00125
13.9395 -20.8777 -6.09195
14.0383 -20.7654 -6.11459
14.2656 -20.4911 -6.17266
14.5305 -20.2029 -6.22058
14.8521 -19.8043 -6.30667
15.1231 -19.5134 -6.35042
15.4473 -19.0699 -6.46697
15.7515 -18.6823 -6.5661
16.0716 -18.3067 -6.64847
16.2332 -18.134 -6.67807
16.4894 -17.7964 -6.77788
16.7575 -17.4394 -6.88645
17.0261 -17.0994 -6.98007
17.502 -16.5174 -7.1179
17.6559 -16.2933 -7.19253
17.8249 -16.0689 -7.24146
18.0943 -15.684 -7.31019
18.2027 -15.524 -7.34346
18.2923 -15.3878 -7.37175
18.6355 -14.7329 -7.54443
18.8031 -14.3983 -7.6297
19.0503 -13.8805 -7.72704
19.3314 -13.1222 -7.72573
19.4421 -12.8115 -7.71577
19.564 -12.4654 -7.68653
19.6995 -12.0591 -7.65094
19.9732 -11.1977 -7.56131
20.1015 -10.8303 -7.45106
20.2658 -10.4014 -7.25403
-4.98229 -27.3239 -1.23362
-5.34455 -27.9194 -0.766177
-5.58594 -28.1911 -0.535268
-5.78161 -28.4076 -0.349959
-6.04671 -28.6435 -0.100016
-6.36205 -28.9161 0.194743
-6.57716 -29.0061 0.482296
-6.79344 -29.0689 0.698445
-7.13523 -29.0313 1.00012
-7.40996 -28.9847 1.32903
-7.7434 -28.9077 1.71106
-7.88165 -28.8502 1.88801
-8.16384 -28.6964 2.33
-8.39536 -28.5807 2.48235
-8.7133 -28.3376 2.93069
8.79457 -23.4531 10.1093
8.15939 -23.3274 10.5268
8.11654 -23.0649 10.804
8.10181 -22.9928 10.8814
7.93617 -22.5353 11.3961
7.7793 -22.2645 11.672
7.66456 -22.0705 11.8672
7.41657 -21.7214 12.2022
7.10476 -21.2763 12.6089
6.79909 -20.8524 12.9891
6.56307 -20.4124 13.2872
6.44376 -20.2125 13.3916
6.25641 -19.8005 13.5405
6.13259 -19.5817 13.6202
6.01903 -19.3787 13.6969
5.92571 -19.1967 13.7448
5.76473 -18.8947 13.7927
5.5085 -18.3954 13.8225
5.30202 -17.8803 13.8105
5.14791 -17.5975 13.7692
-7.46798 -23.0908 2.75198
-7.30493 -22.8661 2.40932
-7.2054 -22.5778 2.05033
-7.16022 -22.3401 1.75886
-7.12588 -22.074 1.42853
-7.10806 -21.8606 1.16515
-7.0987 -21.5245 0.760613
-7.10182 -21.3467 0.551445
-7.11004 -21.1922 0.374051
-7.12526 -20.9591 0.10798
-7.1495 -20.7655 -0.1029
-7.20057 -20.4737 -0.409734
-7.23846 -20.2932 -0.593542
-7.31217 -19.9722 -0.915166
-7.36933 -19.7485 -1.13539
-7.41163 -19.5948 -1.28422
-7.48848 -19.3432 -1.5186
-7.5345 -19.1998 -1.65116
-7.63192 -18.8982 -1.9289
-7.70651 -18.7202 -2.10477
-7.73121 -18.6638 -2.16175
15.5657 -22.7354 2.2928
15.903 -22.3966 2.03207
16.1074 -22.2062 1.79228
16.4209 -21.8874 1.46531
16.6809 -21.6207 1.18071
17.0637 -21.1607 0.728398
17.1799 -21.0204 0.592358
17.3321 -20.819 0.406923
17.5345 -20.5316 0.159426
17.885 -20.0141 -0.277624
18.0643 -19.7111 -0.422848
18.1361 -19.5882 -0.501803
18.2331 -19.402 -0.605054
18.3988 -19.0783 -0.774182
18.5595 -18.7432 -0.916047
18.9 -18.0176 -1.17678
19.0233 -17.7337 -1.22386
19.1637 -17.3925 -1.20237
19.3515 -16.8398 -1.0677
19.5224 -16.2499 -0.900965
19.6417 -15.7982 -0.775783
19.8525 -14.9603 -0.561371
19.9468 -14.4812 -0.408408
20.0246 -14.1108 -0.338393
20.2115 -13.2922 -0.313227
-17.4616 -21.9797 1.69087
-17.3959 -22.2459 1.36935
-17.2258 -22.6392 1.07582
-17.0659 -22.9645 0.886445
-17.0023 -23.0887 0.820807
-16.9108 -23.2643 0.734182
-16.7796 -23.5147 0.60804
-16.5991 -23.856 0.439195
-16.3444 -24.3419 0.190574
-16.2134 -24.5791 0.0787049
-15.8925 -24.999 -0.0170291
-15.7292 -25.1954 -0.0490831
-15.3973 -25.564 -0.0880924
-14.9448 -26.0085 -0.0832418
-14.8132 -26.1371 -0.0810579
-14.5127 -26.4285 -0.0742285
-14.1321 -26.777 -0.047439
-13.9729 -26.9087 -0.0242801
-13.8297 -27.006 0.0140365
-13.4703 -27.243 0.115364
-12.9972 -27.5157 0.279325
-12.4882 -27.7973 0.464124
-12.1318 -27.9674 0.613446
-11.7555 -28.1198 0.783041
-11.4172 -28.2424 0.944545
-11.2548 -28.2602 1.07019
-10.9438 -28.305 1.24551
-10.785 -28.324 1.33986
-10.6229 -28.3417 1.43855
-10.4137 -28.3583 1.57614
-10.1901 -28.3781 1.71967
-9.99539 -28.3955 1.84444
-9.61335 -28.4316 2.07061
-9.31634 -28.4329 2.26431
-8.7133 -28.3376 2.93069
4.02736 -19.8182 2.0733
3.72352 -19.535 1.99719
3.44748 -19.4419 2.08288
3.03036 -19.2277 2.16829
2.71385 -19.0648 2.23342
2.44054 -18.9163 2.28072
2.15604 -18.7538 2.57275
1.88828 -18.5513 2.95551
1.73949 -18.4457 3.21459
1.60889 -18.3591 3.48687
1.50174 -18.2441 3.7562
1.41884 -18.1374 4.17178
1.29578 -18.053 4.92888
1.26883 -17.9195 5.18513
1.24289 -17.9931 5.65679
-6.10089 -17.9006 11.9919
-5.76515 -17.8966 11.97
-5.70465 -17.8967 11.9644
-4.92898 -17.902 11.84
-4.34601 -18.006 11.5841
-3.7339 -18.1833 11.2225
-3.56304 -18.4139 10.8617
-3.3094 -18.6803 10.383
-3.22338 -18.7699 10.2159
-3.07975 -18.9409 9.89852
-3.07875 -19.1351 9.60866
-3.08232 -19.2666 9.41232
-3.08828 -19.4728 9.10311
-3.12998 -19.7501 8.74524
-3.10211 -19.9349 8.2966
5.14791 -17.5975 13.7692
5.20321 -17.308 13.8215
5.51956 -16.8275 13.981
5.65185 -16.6098 13.9675
5.8008 -16.3506 13.9466
6.08566 -15.9126 13.899
6.20266 -15.6897 13.7449
6.39639 -15.5401 13.6069
6.57282 -15.4176 13.4798
6.98098 -15.1582 13.1657
7.42673 -14.8982 12.7981
7.98341 -14.8101 12.3518
8.35592 -14.7723 12.062
8.65637 -14.7669 11.8315
8.95693 -14.8044 11.6631
9.30557 -14.9379 11.4664
9.63345 -15.0812 11.2883
9.83858 -15.1838 11.1888
10.1891 -15.3651 11.0272
10.3558 -15.454 10.9534
10.5239 -15.5446 10.8803
10.8043 -15.6936 10.762
11.066 -15.832 10.6537
11.3629 -15.9734 10.5309
11.485 -16.0286 10.4804
11.8763 -16.1812 10.3173
12.4129 -16.3048 10.0898
12.8437 -16.3955 9.90699
13.32 -16.4222 9.70696
13.7449 -16.3959 9.53395
13.8924 -16.3715 9.473
14.167 -16.3083 9.36188
14.4017 -16.2131 9.27317
14.9032 -15.8444 9.07041
15.3402 -15.3239 8.90809
15.6209 -14.9371 8.78883
15.7786 -14.7008 8.72783
15.8396 -14.425 8.81374
16.0215 -14.143 8.74136
6.69366 -18.7896 -2.17408
6.66661 -19.0181 -1.90307
6.65046 -19.3329 -1.49904
6.64597 -19.5131 -1.25983
6.65363 -19.6723 -1.02494
6.67665 -19.8147 -0.779555
6.74241 -20.017 -0.359302
6.85021 -20.2626 0.210182
6.89612 -20.342 0.413504
7.08046 -20.4815 0.887743
7.46602 -20.727 1.64995
7.57204 -20.7956 1.85799
7.88397 -20.9065 2.39569
-2.20983 -17.3799 6.63242
-2.24168 -17.8284 6.76025
-2.30108 -18.1354 7.0381
-2.36986 -18.3844 7.30599
-2.45483 -18.6623 7.57865
-2.59708 -19.0449 7.92781
-2.79368 -19.385 8.10664
-3.10211 -19.9349 8.2966
9.65766 -17.79 2.15478
9.44816 -18.3228 2.2655
9.2812 -18.702 2.34011
9.0745 -19.1422 2.41805
8.91645 -19.4759 2.47759
8.67833 -19.9623 2.56065
8.36705 -20.3884 2.53166
7.88397 -20.9065 2.39569
16.0215 -14.143 8.74136
16.525 -14.2845 7.98138
16.8624 -14.158 7.59035
17.0765 -14.0882 7.32304
17.5919 -13.9373 6.58095
17.9165 -13.8432 6.08087
18.2222 -13.7612 5.53411
18.4226 -13.711 5.12533
18.6827 -13.6465 4.58556
18.7655 -13.627 4.40138
18.9974 -13.5767 3.83839
19.2215 -13.524 3.29427
19.316 -13.4995 3.04907
19.4731 -13.4595 2.61451
19.6006 -13.4395 2.21453
19.7387 -13.4007 1.73434
19.8437 -13.4242 1.25249
19.9176 -13.4304 0.919449
19.99 -13.432 0.595363
20.054 -13.4415 0.295095
20.2115 -13.2922 -0.313227
8.68448 -14.4738 -5.26635
8.68447 -14.4738 -5.26635
8.68448 -14.4738 -5.26635
-11.6276 -11.2879 -8.23695
-11.789 -11.0215 -8.54989
-11.909 -10.8285 -8.77658
-12.1033 -10.3566 -9.28285
-12.1901 -10.1432 -9.50959
-12.2563 -9.87764 -9.77463
-12.2763 -9.5906 -10.039
-12.2772 -9.40152 -10.2098
-12.2722 -9.15755 -10.4275
-12.2622 -9.02532 -10.5426
-12.241 -8.86254 -10.6807
-12.1925 -8.57641 -10.9191
-12.116 -8.26183 -11.172
-11.9719 -7.80368 -11.527
-11.8275 -7.45766 -11.7806
-11.659 -7.14109 -11.9974
-11.465 -6.81001 -12.2166
-11.2136 -6.41088 -12.4733
-11.1122 -6.25292 -12.5741
-10.8777 -5.89279 -12.8023
-10.6779 -5.58698 -12.9959
-10.4595 -5.31591 -13.1422
-10.0737 -4.90205 -13.3244
-9.8796 -4.70683 -13.4016
-9.55747 -4.35041 -13.5581
-9.35068 -4.10711 -13.6703
-9.10016 -3.79097 -13.819
-8.88774 -3.48826 -13.9732
-8.54996 -2.93829 -14.2787
-8.44998 -2.38086 -14.7325
-8.41654 -2.155 -14.8947
-8.3838 -1.9314 -15.0535
-8.34563 -1.49349 -15.3897
-8.33529 -1.32703 -15.5211
-8.22748 -0.796027 -15.8492
0.708064 -10.5366 5.33679
0.707546 -10.5101 5.42421
0.704732 -10.4469 5.84933
0.697273 -10.4753 6.43901
0.714491 -10.4955 6.81364
0.727432 -10.5107 7.08539
0.743848 -10.5472 7.33596
0.774836 -10.6458 7.71937
0.913989 -10.7105 8.38171
6.38862 -10.9067 -4.88068
6.38862 -10.9067 -4.88068
6.38862 -10.9067 -4.88068
0.913989 -10.7105 8.38171
0.788953 -10.1277 8.12135
0.776307 -9.64605 8.16871
0.768818 -8.86442 8.26087
0.774709 -8.55891 8.31095
0.777697 -8.09675 8.34251
0.814823 -7.85589 8.55072
0.854589 -7.56574 8.76279
0.922598 -7.13813 9.14849
0.982612 -6.86752 9.52466
1.04449 -6.50334 9.82387
1.11441 -6.23299 10.253
-20.3546 -9.83678 -9.27269
-20.4016 -9.09635 -9.53816
-20.3456 -8.93458 -9.76726
-20.2843 -8.6126 -10.0641
-20.1706 -8.21696 -10.4876
-20.1029 -7.96847 -10.7428
-20.0621 -7.83566 -10.8839
-19.9704 -7.57914 -11.1644
-19.9048 -7.39766 -11.3625
-19.8138 -7.17298 -11.6114
-19.7345 -6.98733 -11.8183
-19.6303 -6.75575 -12.0782
-19.4996 -6.46515 -12.4041
-19.3941 -6.24527 -12.6532
-19.3341 -6.12508 -12.7902
-19.2306 -5.91429 -13.0288
-19.1015 -5.67034 -13.3151
-19.0017 -5.54079 -13.4813
-18.8346 -5.24968 -13.7932
-18.7173 -4.98256 -14.0166
-18.6159 -4.86767 -14.163
-18.542 -4.7615 -14.2768
-18.2467 -4.42028 -14.6981
-18.0378 -4.14145 -14.9654
-17.8798 -3.90742 -15.1711
-17.7483 -3.71829 -15.3393
-17.4978 -3.07459 -15.7482
20.2658 -10.4014 -7.25403
20.3356 -10.0448 -7.29928
20.3175 -9.83417 -7.51086
20.2876 -9.65623 -7.73428
20.2321 -9.29861 -8.1685
20.157 -8.94446 -8.6353
20.1216 -8.75557 -8.83614
20.0672 -8.53776 -9.08992
19.9623 -8.23315 -9.4803
19.8842 -7.96561 -9.78678
19.8054 -7.67413 -10.1069
19.7494 -7.49338 -10.304
19.6559 -7.21631 -10.6039
19.5563 -6.95828 -10.8873
19.4738 -6.7383 -11.1203
19.4111 -6.57289 -11.2923
19.2759 -6.28157 -11.6077
19.0575 -5.90025 -12.0388
18.9478 -5.70844 -12.2466
18.8416 -5.52166 -12.446
18.6846 -5.25198 -12.7329
18.5636 -5.04454 -12.9477
18.472 -4.8947 -13.0974
18.3596 -4.70791 -13.2794
18.2397 -4.51525 -13.4623
18.0682 -4.23622 -13.7201
17.9422 -4.04369 -13.9007
17.8308 -3.8634 -14.0576
17.7257 -3.70065 -14.1964
17.4962 -3.36967 -14.4899
17.2578 -2.92624 -14.7942
-0.862207 -7.22856 -8.43316
-0.748714 -7.23882 -8.43352
-0.710447 -7.24198 -8.43397
-6.55941 -6.20746 15.3119
-5.78677 -5.75766 15.6255
-5.16597 -5.28506 15.7842
-4.90085 -5.03246 15.828
-4.70722 -4.84095 15.8504
-4.46972 -4.5982 15.8733
-4.25906 -4.36167 15.8741
-3.99797 -4.04923 15.8592
-3.73695 -3.70067 15.8164
-3.42964 -3.25326 15.7407
-3.28952 -3.02495 15.6928
-3.13556 -2.7605 15.6318
-3.03782 -2.58116 15.5877
-2.85678 -2.23792 15.4975
-2.71579 -1.91312 15.4048
-2.58391 -1.5576 15.3063
-2.50168 -1.34846 15.2395
-2.38568 -1.13508 15.1383
-2.23989 -0.815415 14.9955
-2.07661 -0.386809 14.8263
8.16393 -2.57614 -14.5382
8.18977 -2.99293 -14.1426
8.38884 -3.43989 -13.8796
8.50638 -3.6929 -13.7329
8.71805 -3.96733 -13.6254
8.87906 -4.17433 -13.5399
9.14039 -4.5058 -13.377
9.43839 -4.90149 -13.1747
9.87475 -5.46168 -12.8951
10.0973 -5.72215 -12.7606
10.2347 -5.96912 -12.5993
10.5128 -6.35979 -12.3706
10.7301 -6.76924 -12.1049
10.8822 -7.06531 -11.9095
11.0109 -7.32142 -11.7398
11.1513 -7.60588 -11.5509
11.3261 -7.96214 -11.3141
11.4043 -8.12339 -11.2067
11.5325 -8.40578 -11.0168
11.6892 -8.759 -10.7788
11.8057 -9.02686 -10.5979
11.9117 -9.35264 -10.3759
12.0046 -9.65247 -10.1689
12.0783 -9.96193 -9.95133
12.0559 -10.1427 -9.80521
12.0466 -10.2982 -9.68152
12.0531 -10.5584 -9.48089
12.0661 -10.7408 -9.34244
-19.3096 -1.6591 4.05736
-19.4273 -1.52292 3.53794
-19.4682 -1.45718 3.35792
-19.5641 -1.27001 2.93592
-19.6158 -1.12429 2.63948
-19.6742 -0.82013 2.19102
-19.7053 -0.683668 1.95697
-19.7621 -0.365497 1.48815
-19.8039 -0.104503 1.12544
-19.8412 0.180028 0.782915
-19.8606 0.334875 0.605611
-19.8834 0.527558 0.398306
-19.9126 0.786454 0.13832
-19.939 1.03214 -0.0915952
-19.9723 1.3565 -0.368315
-19.9951 1.59132 -0.547614
-20.0117 1.76717 -0.67587
-20.0305 1.97599 -0.81692
-20.0601 2.33854 -1.03035
-20.0968 2.85248 -1.28366
-20.1296 3.35435 -1.50926
-20.147 3.68703 -1.63749
-20.1673 4.15 -1.81018
-20.1749 4.52331 -1.91099
-20.1741 4.95127 -1.95299
-20.1652 5.15265 -1.97119
-20.1394 5.40867 -1.99993
-20.0665 6.04121 -2.08475
-20.0256 6.3701 -2.10726
-19.9897 6.6329 -2.11687
-19.9393 6.93951 -2.1039
-19.8819 7.21796 -2.13182
-19.7946 7.57314 -2.11721
-19.6883 8.00923 -2.11085
-19.5403 8.60283 -2.12335
-19.3276 9.22346 -1.90595
-19.2366 9.47818 -1.80453
-19.0474 10.1298 -1.91084
9.581 -0.79734 -17.5108
9.42547 -1.12936 -17.1624
9.17837 -1.28927 -16.8234
9.08414 -1.37245 -16.6627
8.883 -1.55615 -16.3068
8.63211 -1.76272 -15.8678
8.49602 -1.87571 -15.6242
8.40146 -1.97184 -15.4279
8.32563 -2.1158 -15.1942
8.16393 -2.57614 -14.5382
-9.07601 -0.385247 -16.9765
-8.81624 -0.609473 -16.5588
-8.55119 -0.694713 -16.2359
-8.22748 -0.796027 -15.8492
-15.7793 6.66216 -5.57986
-15.7607 6.72124 -5.63849
-15.7112 6.87175 -5.77604
-15.5328 7.39716 -6.24602
-15.4165 7.73239 -6.53918
-15.3303 7.97428 -6.74646
-15.2424 8.21963 -6.95552
-15.1271 8.52846 -7.2087
-15.0484 8.73897 -7.38126
-14.8868 9.15548 -7.70932
-14.7412 9.52467 -7.99421
-14.61 9.8477 -8.23311
-14.409 10.3312 -8.57532
-14.3148 10.5501 -8.71896
-14.2333 10.7379 -8.83943
-14.1235 10.9876 -8.99277
-13.9461 11.3868 -9.22868
-13.799 11.7153 -9.41583
-13.7057 11.9218 -9.52472
-13.5564 12.2497 -9.68897
-13.3404 12.713 -9.90872
-13.1179 13.1783 -10.1099
-12.9141 13.6155 -10.2686
-12.8402 14.0025 -10.3798
0.523413 7.0913 -9.49571
0.523422 7.0913 -9.49571
0.523424 7.0913 -9.49571
15.9967 7.99335 -5.55562
15.9401 8.12411 -5.66458
15.8476 8.33147 -5.83688
15.7784 8.48323 -5.96275
15.6611 8.73001 -6.16678
15.5376 8.97614 -6.36931
15.3872 9.25871 -6.60046
15.2841 9.44276 -6.75004
15.1887 9.60544 -6.88131
15.0237 9.87876 -7.10067
14.7487 10.3128 -7.44549
14.4699 10.7163 -7.75852
14.2327 11.0391 -8.00325
14.0035 11.3322 -8.21926
13.7696 11.6065 -8.41128
13.4997 11.9085 -8.61388
13.3315 12.0844 -8.72594
13.1156 12.3018 -8.85225
12.7211 12.7028 -9.07572
12.4093 12.9758 -9.23063
12.1821 13.2451 -9.31316
11.7349 13.6229 -9.4275
6.68095 7.24431 14.8506
6.63908 7.58295 14.7658
6.47083 7.93881 14.6925
6.32492 8.3778 14.5921
6.18581 8.74741 14.5087
6.14818 8.85115 14.4851
5.89528 9.50656 14.3364
5.79601 9.95798 14.2094
5.69997 10.3163 14.1059
5.58882 10.5727 14.0322
5.4255 11.088 13.8755
5.35449 11.3009 13.808
5.17336 11.8225 13.6382
4.93323 12.5327 13.3898
4.70722 13.118 13.185
4.62317 13.5779 12.996
4.58791 13.77 12.9194
4.48204 14.0419 12.8027
4.43674 14.2416 12.7107
4.32215 14.9807 12.3496
4.27586 15.46 12.1039
4.28544 15.7457 11.945
4.30739 16.3763 11.5896
4.34944 16.7553 11.3645
4.39926 16.9728 11.2268
4.4702 17.2886 11.0259
4.59845 17.6688 10.7702
4.68341 17.8992 10.6122
4.84687 18.2509 10.3581
5.00524 18.4897 10.1757
5.17245 18.7253 9.98654
5.38077 18.9816 9.77095
-19.0474 10.1298 -1.91084
-19.0312 9.97592 -1.38659
-18.9624 10.0083 -0.924044
-18.9101 10.0361 -0.587784
-18.7834 10.0891 -0.0457588
-18.7288 10.0983 0.197961
-18.6687 10.1167 0.436368
-18.5737 10.1446 0.805116
-18.3886 10.2001 1.45297
-18.222 10.2485 2.03022
-18.0575 10.2899 2.57304
-17.9463 10.2892 2.8567
-17.8459 10.2744 3.12824
-17.6919 10.2919 3.43162
-17.511 10.2844 3.80803
-17.2224 10.2762 4.3619
-16.9682 10.2512 4.80709
-16.7684 10.2393 5.13659
-16.4422 10.21 5.63869
-16.2645 10.1957 5.90107
-16.0653 10.1794 6.18124
-15.7802 10.1506 6.5863
-15.564 10.1345 6.87885
-15.3095 10.1176 7.21157
-15.0471 10.094 7.55545
-14.8012 10.0711 7.87595
-14.4937 10.0597 8.26083
-14.0275 10.0624 8.82921
-13.8134 10.055 9.07472
-13.4472 10.0414 9.47814
-13.2497 10.0339 9.6953
-12.9961 10.0184 9.97617
-12.7653 10.0122 10.2172
-12.4932 10.0054 10.4899
-12.34 9.98563 10.6361
-11.7014 10.0205 11.0469
-11.4466 10.0335 11.2077
-11.258 10.0426 11.3205
-10.9365 10.0571 11.5072
-10.3966 10.1158 11.8018
-10.0351 10.1793 11.942
-9.98111 10.187 11.9632
-9.6197 10.2421 12.1031
-8.99405 10.2837 12.3498
-8.58562 10.294 12.515
-8.2653 10.316 12.6399
-7.99955 10.291 12.7572
-7.99955 10.291 12.7572
-7.72881 10.0132 12.9569
-7.59129 9.77745 13.088
-7.44585 9.57637 13.208
-7.23582 9.33117 13.3552
-7.01485 9.01373 13.5127
-6.85035 8.77074 13.631
-6.65126 8.46766 13.7743
-6.40877 8.11735 13.9381
-6.21711 7.83842 14.0678
-6.08688 7.53069 14.1888
-5.8707 7.26788 14.2917
-5.66747 6.99175 14.3886
-5.31774 6.54348 14.5355
-5.06141 6.23585 14.6291
-4.77845 5.89952 14.7276
-4.36887 5.30926 14.8257
-4.06763 4.87003 14.888
-3.89109 4.64793 14.9118
-3.6445 4.36044 14.9378
-3.52773 4.03387 14.9535
-3.31521 3.70234 14.9487
-3.1117 3.37747 14.9392
-2.97917 3.16107 14.9302
-2.90074 3.03419 14.9245
-2.69548 2.64715 14.9136
-2.60245 2.33797 14.9183
-2.53446 1.99914 14.9196
-2.45239 1.76636 14.9063
-2.34866 1.26948 14.8881
-2.22195 0.646859 14.8543
-2.12956 0.146851 14.8262
-2.07661 -0.386809 14.8263
1.37553 10.3267 7.03747
1.41037 10.0055 7.15422
1.44937 9.67667 7.27521
1.46517 9.54291 7.3242
1.50322 9.24005 7.43593
1.57356 8.71045 7.62981
1.63292 8.30006 7.78177
1.68429 7.93041 7.91029
1.7143 7.70555 7.98497
1.75327 7.3896 8.08519
1.78941 7.08996 8.17744
1.82111 6.73664 8.27354
1.82408 6.69748 8.28347
1.8438 6.31091 8.3724
1.84574 6.25727 8.38379
1.85464 5.82309 8.46951
1.8523 5.60046 8.50642
1.83446 5.26668 8.5472
1.79944 4.70731 8.60799
1.78959 4.55878 8.62319
1.7488 4.01767 8.67494
1.70922 3.51369 8.72294
1.67524 3.07982 8.76956
1.65667 2.80918 8.80321
1.63033 2.44213 8.85036
1.59787 1.98995 8.90363
1.58076 1.45612 9.01188
1.57345 1.17885 9.07094
1.56942 1.04738 9.09682
1.54945 0.789071 9.11484
1.51812 0.380041 9.14362
1.51494 0.33895 9.14642
1.47382 -0.211896 9.18842
1.42824 -0.844497 9.24151
1.38626 -1.52776 9.32237
1.33947 -2.38518 9.44854
1.31673 -2.93171 9.56233
1.30575 -3.23628 9.63791
1.29406 -3.53 9.70685
1.27213 -3.79231 9.74924
1.25309 -4.10359 9.83083
1.22211 -4.57141 9.94002
1.20325 -4.87999 10.0257
1.17846 -5.2837 10.1357
1.15212 -5.70418 10.2371
1.11441 -6.23299 10.253
16.715 11.0569 4.6099
17.1875 9.94401 4.69114
17.2335 9.49881 4.96478
17.2155 9.28059 5.16194
17.1928 9.12267 5.31844
17.1185 8.94245 5.52985
17.0652 8.80949 5.68048
16.9395 8.50531 6.01791
16.8538 8.31475 6.23018
16.8088 8.2305 6.33124
16.6341 7.90068 6.71235
16.4542 7.5842 7.09002
16.1836 7.14933 7.63794
15.9609 6.98823 7.98368
15.7098 6.77918 8.37915
15.446 6.62168 8.76223
15.0062 6.38444 9.38868
14.7683 6.297 9.70409
14.4985 6.23553 10.043
14.2047 6.18676 10.3964
13.9463 6.1068 10.7059
13.8884 6.10274 10.7715
13.3798 6.10015 11.3369
13.1234 6.11243 11.6165
12.7813 6.17891 11.9681
12.3632 6.26144 12.3924
11.9144 6.41247 12.817
11.4627 6.50214 13.2067
11.181 6.59602 13.4228
10.8196 6.66618 13.7221
9.8115 6.92298 14.2
9.58814 6.95646 14.304
9.29456 6.99659 14.4312
9.05797 6.99061 14.5306
8.48527 7.19048 14.5893
8.07778 7.26346 14.65
7.77499 7.3211 14.6859
7.25295 7.34995 14.7479
6.68095 7.24431 14.8506
-16.3697 16.8019 -7.6225
-16.3105 17.4849 -7.3526
-16.1349 18.2514 -7.10642
-15.8594 19.3546 -6.7444
-15.7167 19.734 -6.45397
-15.5787 20.0342 -6.16838
-15.4948 20.2021 -5.96801
-15.3927 20.3855 -5.7263
-15.2731 20.5874 -5.43932
-15.1571 20.7781 -5.16394
-15.0286 20.9699 -4.85696
-14.8991 21.1286 -4.54885
-14.7845 21.2554 -4.27911
-14.6159 21.3894 -3.89633
-14.4412 21.4801 -3.52188
-14.3442 21.5313 -3.31377
-14.2246 21.5805 -3.07482
-14.0736 21.6252 -2.80152
-13.983 21.6526 -2.63637
-13.809 21.7041 -2.31934
-13.6115 21.7664 -1.9668
-13.4309 21.827 -1.65731
-13.2786 21.8277 -1.32798
16.0382 18.3879 -7.01402
16.3245 18.0645 -6.84768
16.5486 17.7523 -6.73649
16.6091 17.663 -6.70756
16.7428 17.4676 -6.63842
16.8359 17.3295 -6.58946
16.9891 17.1052 -6.51772
17.2188 16.7115 -6.29425
17.4477 16.3032 -6.04603
17.5538 16.1084 -5.92418
17.5637 16.0902 -5.91265
17.8105 15.5883 -5.57157
17.973 15.225 -5.30415
18.1892 14.6863 -4.89663
18.2808 14.4225 -4.66458
18.3494 14.1795 -4.48032
18.4317 13.8749 -4.23805
18.5105 13.5765 -3.99748
18.6677 12.9678 -3.50058
18.7392 12.6846 -3.26802
18.7735 12.538 -3.14542
18.8376 12.2346 -2.87812
18.8981 11.9336 -2.62823
18.9279 11.7556 -2.46578
18.9706 11.4875 -2.24791
19.0095 11.0905 -1.91289
19.0255 10.92 -1.76685
19.0394 10.7376 -1.59809
19.0459 10.5567 -1.39481
19.098 10.2344 -1.25021
5.38077 18.9816 9.77095
5.78965 18.796 9.84335
6.07197 18.7004 9.8637
6.56739 18.5693 9.87087
7.0463 18.4326 9.87983
7.8037 18.2172 9.86909
8.13349 18.0609 9.85365
8.88606 17.5923 9.53459
9.2166 17.2092 9.3431
9.68489 16.6837 9.01835
9.91857 16.4475 8.82029
10.1282 16.2177 8.65426
10.2515 16.0722 8.5671
10.4301 15.869 8.43918
10.8575 15.398 8.15821
11.1208 15.1224 7.99403
11.3658 14.8855 7.85006
11.4882 14.7778 7.78098
11.9971 14.3603 7.49966
12.3294 14.1164 7.3209
12.6613 13.8968 7.14646
12.9398 13.722 6.9999
13.3659 13.4697 6.77535
13.7432 13.2498 6.57282
14.178 12.9766 6.35063
14.4447 12.8173 6.20056
14.8623 12.5429 5.9346
15.1331 12.3514 5.7587
15.5751 12.0441 5.46624
15.9192 11.7575 5.23459
16.715 11.0569 4.6099
1.3033 21.6307 1.89162
1.27868 21.8488 1.80443
1.23999 22.2444 1.6609
1.22428 22.4243 1.59927
1.20589 22.7083 1.51246
1.19061 23.0021 1.42596
1.21726 23.1405 1.40449
1.27658 23.394 1.35736
1.36865 23.7631 1.29549
1.45722 24.1164 1.23711
1.60064 24.6894 1.11796
1.79103 25.2353 1.00589
2.1404 25.8693 1.15976
-3.96212 28.2855 -3.71033
-3.7456 28.4656 -3.46041
-3.42 28.7149 -3.11385
-3.25975 28.7853 -2.96608
-3.14464 28.8555 -2.68863
-2.87541 28.8649 -1.92712
-2.70726 28.8381 -1.39675
-2.59188 28.6973 -0.891358
-2.46792 28.4445 -0.250554
-2.35668 28.1449 0.319436
-2.28849 27.8638 0.679597
-2.27705 27.5769 1.00844
-2.11764 27.1374 1.29965
2.43079 27.9873 -2.39531
2.23038 27.6561 -2.89404
2.00704 27.3417 -3.2299
1.92169 27.023 -3.63015
1.90105 26.9037 -3.80596
1.84761 26.6562 -4.09651
1.81177 26.4376 -4.33979
1.74694 26.0612 -4.74973
1.73639 25.8612 -4.90069
1.75077 25.5925 -5.09184
1.80484 25.2839 -5.2965
1.83526 25.0807 -5.43029
1.88537 24.7171 -5.6715
1.95582 24.3806 -5.86735
2.01532 24.0747 -6.03964
2.0534 23.9129 -6.13108
2.13709 23.4589 -6.37522
2.19334 22.8079 -6.67219
2.20553 22.6253 -6.75272
2.16316 22.2993 -6.86985
2.12379 21.8762 -7.02498
2.10222 21.6088 -7.12398
2.02694 21.1364 -7.27974
1.94917 20.6175 -7.44918
1.9058 20.3373 -7.53781
1.87533 20.1287 -7.60203
1.8319 19.8245 -7.69291
1.8174 19.7123 -7.72452
1.74588 19.0953 -7.90068
1.71028 18.746 -7.9992
1.68787 18.3716 -8.10335
1.6714 18.0772 -8.18494
1.67925 17.615 -8.31091
1.69874 17.3047 -8.39479
1.76676 16.8056 -8.52905
1.86391 16.3542 -8.64987
1.94323 16.0413 -8.73364
2.05198 15.7009 -8.82505
2.27908 15.1404 -8.97671
2.50953 14.6898 -9.10054
2.78866 14.2095 -9.23351
2.99449 13.9367 -9.31272
3.41761 13.4777 -9.45863
3.81443 13.176 -9.56602
4.2654 12.9142 -9.67156
4.68103 12.775 -9.74926
5.24475 12.6609 -9.83799
5.80779 12.6161 -9.9128
6.37858 12.6034 -9.98004
6.97137 12.6244 -10.0382
7.56611 12.6715 -10.0848
7.59281 12.6749 -10.0861
7.95857 12.7194 -10.1056
8.38963 12.7968 -10.1111
8.65156 12.8562 -10.1029
9.11982 12.9827 -10.0637
9.38559 13.0595 -10.0333
9.60586 13.1327 -9.99768
10.2292 13.3012 -9.90439
10.74 13.533 -9.75382
11.0634 13.7087 -9.63829
11.7349 13.6229 -9.4275
-10.2467 -16.793 1.66666
-10.3107 -17.1941 1.8179
-10.3308 -17.4009 1.8956
-10.3614 -17.6944 2.00406
-10.3842 -17.9998 2.11327
-10.3827 -18.3969 2.25532
-10.3894 -18.6249 2.33636
-10.3605 -19.2244 2.53441
-10.298 -19.7169 2.69346
-10.2451 -20.0401 2.78979
-10.1407 -20.4047 2.89514
-10.0664 -20.7856 2.99229
-9.74789 -21.2119 3.0484
-9.5208 -21.4903 3.07992
-9.05285 -22.0383 3.12966
-8.78228 -22.3089 3.13015
-8.23439 -22.7542 3.06654
-7.98484 -22.9484 3.03345
-7.46798 -23.0908 2.75198
-12.8402 14.0025 -10.3798
-13.125 14.4915 -10.4193
-13.4041 14.7595 -10.3956
-13.5637 14.8958 -10.3615
-13.7563 15.0602 -10.3202
-14.2498 15.4474 -10.1877
-14.5486 15.6363 -10.081
-14.8252 15.7805 -9.84221
-15.1206 15.9364 -9.5654
-15.3136 16.0316 -9.37793
-15.7679 16.2447 -8.74099
-16.0196 16.3133 -8.40141
-16.1162 16.3516 -8.25284
-16.2074 16.4354 -8.0658
-16.3697 16.8019 -7.6225
-12.3543 -19.7454 -6.60585
-12.4843 -19.9354 -6.63513
-12.7196 -20.0679 -6.62651
-12.9347 -20.2564 -6.58649
-13.148 -20.3884 -6.55872
-13.3267 -20.5314 -6.52801
-13.4388 -20.6208 -6.50881
-13.8134 -20.9665 -6.43315
4.39711 -19.6208 1.70541
4.02736 -19.8182 2.0733
-20.7062 -13.6044 0.169762
-20.5994 -13.4541 0.546662
-20.4791 -13.3722 0.937282
-20.3759 -13.2818 1.25262
-20.2019 -13.1514 1.773
-20.0123 -13.0427 2.29813
-19.7152 -12.9761 3.00974
-19.5325 -12.952 3.3926
-19.2849 -12.9352 3.86805
-19.0304 -12.9554 4.31599
-18.8986 -12.9644 4.54767
-18.7928 -12.9716 4.7336
-18.5784 -12.9861 5.10997
-18.443 -13.0074 5.32722
-18.1436 -13.0666 5.79754
-17.8301 -13.1421 6.24814
-17.5286 -13.2171 6.65139
-17.2991 -13.287 6.94179
-17.0346 -13.3744 7.25011
-16.8758 -13.4152 7.42842
-16.5645 -13.5039 7.77056
-16.3123 -13.568 8.01835
-15.9644 -13.5827 8.39415
-1.75295 -0.375917 14.555
-2.07661 -0.386809 14.8263
-0.667965 23.801 -0.316899
-0.671581 23.7413 -0.362658
7.88397 -20.9065 2.39569
7.7823 -21.283 2.6402
7.63299 -21.6595 2.82049
7.50014 -22.0092 3.00567
7.33799 -22.3011 3.11937
7.08999 -22.6572 3.23052
6.90055 -22.9103 3.30468
6.62912 -23.2112 3.37124
6.25001 -23.5694 3.42825
5.81193 -23.9223 3.45721
5.35474 -24.2277 3.45295
5.04186 -24.3615 3.40785
4.64829 -24.5376 3.35448
4.36165 -24.655 3.29671
3.77445 -24.7813 2.93217
3.35234 -24.8724 2.64894
3.09732 -24.9362 2.46054
2.82296 -25.0256 2.20868
2.61352 -25.1579 1.92885
2.50458 -25.2458 1.69325
2.47741 -25.5142 1.12498
2.59889 -25.7844 0.683867
2.7066 -26.0074 0.381732
3.09097 -26.3975 0.200928
3.78822 -26.8161 -0.0171057
4.07391 -26.9506 -0.132559
4.54256 -27.0885 -0.463203
1.95721 -19.4161 9.30441
1.9727 -19.1219 9.5781
2.05248 -18.7909 10.0736
2.11738 -18.603 10.383
2.15999 -18.4799 10.5521
2.24512 -18.2818 10.8695
2.445 -18.1046 11.3134
2.74253 -17.8586 11.9273
2.92509 -17.759 12.2251
3.13876 -17.6273 12.5209
3.58803 -17.5595 12.9304
4.06833 -17.5705 13.2642
4.6075 -17.6131 13.5255
5.14791 -17.5975 13.7692
-15.9644 -13.5827 8.39415
-15.6803 -13.2161 8.81325
-15.2346 -12.9656 9.32866
-14.8134 -12.7323 9.81052
-14.5941 -12.6269 10.0126
-14.3625 -12.5348 10.1987
-14.1791 -12.45 10.3376
-13.7023 -12.2438 10.659
-13.372 -12.0946 10.8745
-13.0629 -11.9381 11.0311
-12.8474 -11.8251 11.1293
-12.5187 -11.6473 11.2679
-12.2322 -11.4678 11.3581
-11.9699 -11.2966 11.43
-11.6173 -10.9878 11.475
-11.4775 -10.7999 11.4622
-11.2932 -10.4645 11.4032
-11.116 -10.1498 11.3466
-10.8613 -9.6634 11.2599
-10.7498 -9.40267 11.2138
-10.8247 -8.74597 11.115
-11.2405 -8.22389 11.051
-11.5693 -7.92594 11.0112
-12.0867 -7.51824 10.9545
-12.3793 -7.29823 10.9251
-12.8856 -7.05456 10.8095
-13.2767 -6.89579 10.6936
-14.0285 -6.71204 10.3935
-14.3629 -6.65892 10.2016
-14.6174 -6.62839 10.0344
-14.9161 -6.60185 9.83387
-15.1326 -6.58462 9.68927
-15.5597 -6.57612 9.38031
-16.0583 -6.65432 8.78237
-16.321 -6.68793 8.45927
-16.5 -6.71655 8.23126
-16.577 -6.72396 8.13074
-16.7007 -6.73564 7.96471
-16.8966 -6.73734 7.70267
-17.2358 -6.70147 7.18799
-3.38633 -11.8993 11.7563
-3.40359 -12.3239 11.3699
-3.38249 -12.5943 11.0939
-3.37601 -12.7363 10.9519
-3.34752 -13.0505 10.6191
-3.22547 -13.2493 10.2835
-3.13758 -13.4402 9.97727
-2.96157 -13.6952 9.51688
-2.8338 -13.8688 9.19677
-2.52811 -14.1955 8.5422
-2.4633 -14.3748 8.3162
-2.40649 -14.5548 8.12354
-2.3904 -14.6313 8.05138
-2.36287 -14.7539 7.93594
-2.24832 -15.2517 7.46891
-2.19898 -15.589 7.2184
-2.15354 -16.0196 6.936
-2.14601 -16.2531 6.80933
-2.15498 -16.4869 6.74084
-2.16676 -16.6937 6.69306
-2.20983 -17.3799 6.63242
-1.27763 -6.75501 9.91669
-1.2396 -6.73173 9.19954
-1.20775 -6.99418 8.44532
-1.17261 -7.40634 7.51068
-1.19338 -7.64066 7.12138
-1.20795 -7.78523 6.88152
-1.24434 -8.10272 6.39061
-1.30281 -8.48905 5.83774
-1.34449 -8.73082 5.50624
-1.37171 -8.87145 5.32316
-1.41933 -9.10803 5.02159
-1.46214 -9.29734 4.79951
-1.51117 -9.50368 4.56827
-1.57269 -9.75121 4.30373
-1.658 -10.0627 4.00984
-1.77214 -10.4647 3.65414
-1.82564 -10.6487 3.49883
-1.89144 -10.8695 3.32358
-1.95948 -11.0944 3.15231
-2.09795 -11.5392 2.84204
-2.20182 -11.8686 2.62224
-2.31085 -12.2067 2.41394
-2.38319 -12.4271 2.28683
-2.44593 -12.6135 2.18886
-2.54118 -12.8904 2.05549
-2.75542 -13.5011 1.78428
-2.89598 -13.889 1.62699
-3.07298 -14.3567 1.45181
-3.2051 -14.6942 1.34064
-3.34756 -15.0489 1.23424
-3.5284 -15.4375 1.1225
-3.63573 -15.7019 1.06633
-3.99879 -16.4389 1.05365
-4.19756 -16.8414 1.0511
-4.35974 -17.1567 1.04208
-4.46874 -17.4112 1.06308
-4.54344 -17.7063 1.17423
-4.57747 -18.0663 1.363
-4.60376 -18.4741 1.59174
-4.57525 -18.9386 1.91782
-4.4412 -19.2326 2.23634
16.2721 -7.17815 8.17784
16.2166 -7.00937 8.51346
15.9793 -7.09109 8.87787
15.8742 -7.12475 9.01815
15.7312 -7.16295 9.20823
15.5147 -7.20578 9.46559
15.289 -7.22257 9.73959
15.0374 -7.23493 10.0248
14.8423 -7.24718 10.2282
14.6757 -7.25818 10.3937
14.3184 -7.2871 10.718
14.1148 -7.31191 10.8741
13.7852 -7.35704 11.1139
13.6809 -7.37701 11.1797
13.3882 -7.43969 11.3532
12.9704 -7.54565 11.5785
12.5508 -7.68168 11.7742
12.2767 -7.79258 11.8841
11.9973 -7.92491 11.9837
11.7856 -8.03599 12.0534
11.591 -8.14618 12.1136
11.2851 -8.33911 12.2009
11.0182 -8.52592 12.2729
10.8485 -8.67221 12.3149
10.5897 -8.95557 12.3743
10.4165 -9.19387 12.4147
10.2952 -9.39636 12.4441
10.199 -9.60553 12.4718
10.1165 -9.8683 12.5021
10.0524 -10.2564 12.5473
10.1535 -10.7704 12.6111
10.2927 -11.0259 12.6442
10.5174 -11.3922 12.6899
10.865 -11.8511 12.7304
11.3695 -12.196 12.6572
11.7004 -12.405 12.5999
12.0426 -12.5623 12.4999
12.6631 -12.7631 12.2212
13.4828 -12.9638 11.7457
13.7896 -13.0348 11.5392
14.1659 -13.1198 11.2364
14.3632 -13.1637 11.0646
14.6746 -13.2488 10.7416
14.9757 -13.3359 10.4213
15.1954 -13.4471 10.1341
15.5227 -13.6131 9.69292
16.0215 -14.143 8.74136
5.86603 7.19247 -16.3988
5.35915 6.92298 -15.91
5.12368 6.74547 -15.6963
4.99505 6.6461 -15.5415
4.76067 6.29576 -15.2399
4.57442 5.92049 -14.9487
4.42636 5.58644 -14.6816
4.3046 5.30073 -14.4521
4.14675 4.69747 -14.0696
4.10178 4.12239 -13.8114
4.20016 3.38036 -13.6378
4.24059 3.09415 -13.572
4.27986 2.85895 -13.5243
4.38226 2.34014 -13.4237
4.59126 1.74471 -13.3842
4.9476 0.966817 -13.3988
5.11297 0.638316 -13.4103
5.3958 0.13916 -13.442
5.53057 -0.0790444 -13.4618
5.72894 -0.382715 -13.4957
5.86513 -0.575053 -13.5258
6.1495 -0.950186 -13.5963
6.35883 -1.21247 -13.6526
6.72157 -1.63676 -13.7656
7.06848 -1.85921 -13.9954
7.34131 -2.02529 -14.1531
7.75695 -2.2961 -14.3554
8.16393 -2.57614 -14.5382
1.6167 -12.3329 10.0147
1.6312 -12.8666 9.75594
1.64024 -13.3828 9.48065
1.62214 -13.5604 9.3099
1.60784 -13.7573 9.13721
1.58181 -13.9959 8.89889
1.52424 -14.4863 8.38638
1.47263 -14.8103 8.0627
1.43092 -15.0791 7.79792
1.4034 -15.2331 7.63963
1.31916 -15.7669 7.12841
1.252 -16.2635 6.69162
1.22085 -16.5021 6.47931
1.21009 -16.7005 6.32332
1.20471 -16.9604 6.12933
1.20956 -17.4599 5.797
1.24289 -17.9931 5.65679
2.25278 -11.4422 12.5002
2.17158 -11.1547 12.5384
2.03899 -10.6481 12.613
1.90521 -10.2237 12.6269
1.79171 -9.86965 12.617
1.46489 -8.93266 12.3982
1.38595 -8.59028 12.2518
1.35577 -8.41498 12.172
1.30891 -8.11152 12.0085
1.25527 -7.73262 11.7675
1.22828 -7.50609 11.6058
1.20595 -7.30494 11.4524
1.18222 -7.05234 11.2525
1.15356 -6.78395 10.9365
1.13749 -6.39617 10.5582
1.11441 -6.23299 10.253
-17.2358 -6.70147 7.18799
-17.0004 -7.27628 6.98215
-16.8186 -7.72086 6.78239
-16.6539 -8.11685 6.54192
-16.5531 -8.29763 6.39015
-16.488 -8.4197 6.2921
-16.3982 -8.59061 6.14816
-16.2717 -8.81532 5.94575
-15.9529 -9.33352 5.52642
-15.7714 -9.6153 5.05481
-15.7561 -9.71627 4.7405
-15.8364 -9.79249 4.27467
-15.9169 -9.82221 3.97284
-15.9837 -9.82468 3.79746
-16.1138 -9.80952 3.52003
-16.3085 -9.76407 3.17736
-16.5073 -9.69568 2.88124
-16.6306 -9.64718 2.70894
-16.7833 -9.5832 2.51355
-16.8482 -9.55142 2.43678
-17.0283 -9.45984 2.22637
-17.2029 -9.35121 2.04612
-17.4271 -9.21236 1.81372
-17.6103 -9.08739 1.62429
-17.8368 -8.91109 1.39022
-17.9485 -8.82402 1.26908
-18.1212 -8.62037 1.11718
-18.3371 -8.36595 0.85321
-18.5193 -8.14334 0.637464
-18.7681 -7.82291 0.328286
-18.9499 -7.56301 0.0827807
-19.0294 -7.43111 -0.036918
-19.1453 -7.24747 -0.209111
-19.2175 -7.0885 -0.339989
-19.3275 -6.86649 -0.537532
-19.4839 -6.51435 -0.856788
-19.6189 -6.13062 -1.18078
-19.6976 -5.8719 -1.39681
-19.8009 -5.56011 -1.70647
-19.8753 -5.31573 -1.97459
-19.8974 -5.19544 -2.05942
-19.9433 -4.97888 -2.25232
-19.9752 -4.83652 -2.4083
-20.0355 -4.50648 -2.73661
-20.0833 -4.14029 -3.11918
-20.1095 -3.88776 -3.40011
-20.127 -3.68428 -3.62459
-20.1481 -3.39905 -3.9379
-20.1685 -3.02033 -4.3475
-20.1874 -2.6575 -4.73883
-20.1897 -2.38754 -5.01944
-20.1878 -2.18861 -5.22294
-20.1825 -1.96946 -5.44368
-20.1739 -1.7478 -5.66817
-20.1625 -1.51229 -5.90851
-20.1375 -1.18356 -6.21101
-20.1098 -0.867828 -6.50061
-20.076 -0.569273 -6.7822
-20.0484 -0.362614 -6.97809
-20.0238 -0.191614 -7.13922
-19.9947 0.00477953 -7.31258
-19.9522 0.267564 -7.53983
-19.9337 0.38162 -7.64033
-19.8928 0.61559 -7.84375
-19.8424 0.89233 -8.07216
-19.7838 1.20379 -8.30544
-19.7462 1.38157 -8.45966
-19.6664 1.74512 -8.77671
-19.5872 2.10321 -9.03887
-19.5148 2.42063 -9.2393
-19.4531 2.67292 -9.40435
-19.3583 3.03726 -9.65183
-19.1792 3.64998 -10.0637
-19.1298 3.82045 -10.1638
-19.041 4.12391 -10.3268
-18.9041 4.54748 -10.6213
-18.7055 5.11013 -10.8904
-18.5404 5.56873 -11.1399
-18.4464 5.82884 -11.2793
-18.3765 6.0091 -11.3762
-18.1647 6.51096 -11.6499
-18.0487 6.77357 -11.7841
-17.9922 6.90055 -11.8492
-17.879 7.151 -11.9755
-17.7927 7.33512 -12.0723
-17.6451 7.62765 -12.2183
-17.3806 8.1053 -12.4632
-17.042 8.68265 -12.7578
-16.8116 9.0407 -12.9462
-16.5155 9.45937 -13.1774
-16.2904 9.73752 -13.3443
-16.1112 9.93105 -13.4723
-15.8722 10.1673 -13.6383
-15.5552 10.4485 -13.8523
-15.3041 10.6383 -14.0157
-14.9627 10.8646 -14.2317
-14.6677 11.0318 -14.4143
-14.1846 11.28 -14.7098
-13.6415 11.494 -15.0364
-13.3935 11.5795 -15.1694
-12.9883 11.6685 -15.399
-12.2223 11.5166 -15.8449
-12.0565 11.4804 -15.9425
-11.7301 11.3903 -16.1356
-11.3302 11.2626 -16.3724
-11.1743 11.1967 -16.4665
-10.768 10.9717 -16.6991
-10.768 10.9717 -16.6991
-10.0762 10.8484 -16.8005
-9.64265 10.7288 -16.8308
-9.40102 10.6557 -16.8388
-9.14287 10.5686 -16.8528
-8.75083 10.4038 -16.8696
-8.3594 10.1627 -16.8686
-7.97704 9.89213 -16.8593
-7.74245 9.71349 -16.8506
-7.45027 9.42864 -16.821
-7.16572 9.09751 -16.779
-6.84158 8.64704 -16.7133
-6.67606 8.36564 -16.667
-6.49001 7.98421 -16.6114
-6.35597 7.59141 -16.5601
-6.22557 7.19414 -16.5074
-6.15955 6.92977 -16.4696
-6.08583 6.40681 -16.4181
-6.09347 6.04667 -16.3969
-6.06758 5.70322 -16.3379
-6.00197 5.10671 -16.2107
9.79138 10.9773 -16.4689
9.33685 10.758 -16.5577
8.78156 10.4807 -16.6142
8.43199 10.3285 -16.6117
8.2207 10.2224 -16.6069
8.00974 10.1041 -16.6009
7.64398 9.86069 -16.5859
7.31876 9.58821 -16.5645
6.91473 9.13607 -16.523
6.78285 8.98104 -16.5087
6.6111 8.74153 -16.486
6.45228 8.48852 -16.4625
6.34123 8.29758 -16.445
6.1625 7.94815 -16.4057
5.86603 7.19247 -16.3988
-0.721591 23.0489 -0.681782
-0.705754 23.2178 -1.34539
-0.737799 23.2428 -1.89372
-0.764959 23.2974 -2.23086
-0.801225 23.3379 -2.56654
-0.883313 23.4422 -3.25784
-1.0125 23.5808 -3.8154
-1.10325 23.6272 -4.10376
-1.29811 23.6668 -4.80378
-17.4978 -3.07459 -15.7482
-17.508 -2.44527 -15.8948
-17.5236 -1.22846 -16.1087
-17.5095 -0.69288 -16.2023
-17.4706 -0.425346 -16.2598
-17.4408 -0.181501 -16.3038
-17.3742 0.270187 -16.3883
-17.3282 0.543795 -16.4406
-17.2688 0.867106 -16.5023
-17.1927 1.26596 -16.5792
-17.1612 1.43226 -16.6099
-17.0801 1.81667 -16.6887
-16.9886 2.04369 -16.7448
-16.856 2.34056 -16.8242
-16.5961 2.83532 -16.9735
-16.3079 3.32083 -17.1342
-16.0418 3.7052 -17.2763
-15.7502 4.08588 -17.4243
-15.6905 4.16092 -17.4541
-15.4743 4.42749 -17.5599
-15.2343 4.71746 -17.6753
-14.863 5.23478 -17.8068
-14.6867 5.44636 -17.8785
-14.2737 6.01134 -17.9945
-14.1344 6.21244 -18.0243
-13.8565 6.54906 -18.0794
-13.5677 6.94672 -18.1315
-13.3821 7.21579 -18.1548
-13.2111 7.46531 -18.1702
-13.0828 7.59809 -18.1802
-12.8552 7.88014 -18.1857
-12.5635 8.32213 -18.136
-12.2418 8.80897 -18.0734
-11.9812 9.21902 -17.9797
-11.6013 9.68283 -17.687
-11.2204 10.2345 -17.3079
-10.9571 10.5652 -17.0509
-10.768 10.9717 -16.6991
-1.29811 23.6668 -4.80378
-1.37322 23.215 -5.75642
-1.35488 23.0164 -5.92206
-1.32222 22.7105 -6.14092
-1.28568 22.4127 -6.33082
-1.25344 22.1664 -6.47212
-1.19085 21.6696 -6.75351
-1.15776 21.4065 -6.90085
-1.11663 21.0746 -7.08541
-1.11135 20.9792 -7.14898
-1.0833 20.5587 -7.40913
-1.07146 20.2051 -7.61017
-1.05696 19.7801 -7.8081
-1.0557 19.4614 -7.96565
-1.0566 19.187 -8.06009
-1.06128 19.0164 -8.12422
-1.07257 18.7645 -8.21363
-1.08962 18.51 -8.29781
-1.15438 17.8423 -8.50872
-1.23854 17.1023 -8.73736
-1.31424 16.5861 -8.89126
-1.36828 16.2627 -8.98614
-1.42465 15.9884 -9.06499
-1.4936 15.7286 -9.13754
-1.62217 15.3071 -9.25441
-1.87691 14.7961 -9.39681
-2.06014 14.4479 -9.49493
-2.32398 14.0788 -9.60163
-2.58899 13.7365 -9.69287
-2.68715 13.5803 -9.72465
-3.11098 13.2964 -9.83742
-3.4517 13.0433 -9.92749
-3.65381 12.9304 -9.97517
-4.02136 12.791 -10.0524
-4.52518 12.6446 -10.1509
-5.0456 12.5347 -10.2463
-5.45426 12.5009 -10.3146
-5.99587 12.5093 -10.3962
-6.41437 12.5512 -10.4496
-6.87144 12.6024 -10.5069
-6.94995 12.6148 -10.5155
-7.39907 12.6977 -10.5594
-7.58896 12.738 -10.5755
-8.01376 12.8419 -10.6047
-8.47045 12.9651 -10.6292
-8.72292 13.0361 -10.6408
-9.0857 13.1443 -10.6523
-9.67963 13.327 -10.665
-10.2551 13.5098 -10.6661
-10.5133 13.5924 -10.6611
-10.7327 13.6689 -10.6539
-11.0213 13.7432 -10.6366
-11.2377 13.8005 -10.619
-11.4425 13.8439 -10.5986
-11.7928 13.9188 -10.565
-12.0613 13.9575 -10.5227
-12.2414 14.0068 -10.4997
-12.8402 14.0025 -10.3798
-13.8134 -20.9665 -6.43315
-14.589 -20.9975 -6.44451
-14.9777 -20.7418 -6.51806
-15.4275 -20.4283 -6.60778
-15.7531 -20.1007 -6.70565
-16.0852 -19.7337 -6.82107
-16.4423 -19.3047 -6.95898
-16.6271 -19.0703 -7.03711
-16.8379 -18.7928 -7.13157
-17.0994 -18.4204 -7.26595
-17.3042 -18.1218 -7.37616
-17.4941 -17.8249 -7.49134
-17.6765 -17.5315 -7.60703
-17.8512 -17.2339 -7.72567
-18.1312 -16.7299 -7.92647
-18.2537 -16.5049 -8.0156
-18.4148 -16.2011 -8.13446
-18.5739 -15.8955 -8.25119
-18.7031 -15.6245 -8.34819
-18.843 -15.3211 -8.4526
-18.9327 -15.1225 -8.51765
-19.0492 -14.8509 -8.60699
-19.267 -14.2939 -8.75147
-19.4335 -13.8102 -8.84546
-19.637 -13.185 -8.94017
-19.7418 -12.7775 -8.98302
-19.8645 -12.2974 -9.03392
-20.054 -11.5468 -9.10719
-20.1407 -11.1536 -9.15714
-20.2129 -10.7397 -9.18655
-20.2225 -10.6821 -9.19089
-20.2685 -10.3883 -9.22101
-20.3546 -9.83678 -9.27269
18.4294 -0.973 4.51627
18.3445 -1.57458 4.47635
18.2288 -2.32292 4.55714
18.1379 -2.76843 4.933
18.0729 -3.09242 5.16092
18.0662 -3.12573 5.18528
17.9403 -3.73757 5.58182
17.8351 -4.16557 5.81124
17.7794 -4.36283 5.92729
17.681 -4.66871 6.12666
17.5499 -5.0371 6.40463
17.4626 -5.25757 6.57566
17.3367 -5.52811 6.80355
17.2198 -5.77539 7.02772
17.0528 -6.07815 7.29534
16.9128 -6.29536 7.53649
16.7531 -6.52332 7.76807
16.5927 -6.71633 7.94597
16.2721 -7.17815 8.17784
13.0672 23.3656 -1.21715
12.8219 23.6011 -1.12795
12.4998 23.9742 -1.18198
12.3444 24.1361 -1.19106
12.0233 24.4504 -1.19258
11.7987 24.6645 -1.20658
11.6058 24.8412 -1.22021
11.3628 25.0633 -1.2411
10.8603 25.5135 -1.29479
10.1687 26.1237 -1.37443
9.87907 26.3628 -1.42139
9.64267 26.5555 -1.46287
9.44839 26.7115 -1.49983
9.22722 26.8852 -1.54138
8.70904 27.2902 -1.64402
8.49384 27.4576 -1.68506
8.06651 27.7875 -1.82145
7.78776 27.9769 -1.89477
7.4569 28.1889 -1.99714
7.24749 28.3148 -2.05201
6.9351 28.4759 -2.14742
6.55439 28.6511 -2.23953
5.86514 28.87 -2.39593
5.50768 28.9729 -2.47183
5.30022 29.0118 -2.50998
5.13032 29.0371 -2.53761
4.70959 29.0442 -2.58993
4.03597 29.0104 -2.60768
3.71498 28.8423 -2.60856
3.30861 28.617 -2.59717
2.96038 28.4077 -2.57569
2.43079 27.9873 -2.39531
2.1404 25.8693 1.15976
1.95458 26.1236 0.463672
1.95153 26.6294 -0.0857468
1.95184 27.0405 -0.52676
1.95685 27.2785 -0.758927
1.95499 27.3687 -0.921532
1.97342 27.4736 -1.18595
2.0445 27.6236 -1.55335
2.1282 27.7867 -1.88764
2.43079 27.9873 -2.39531
-19.2496 -1.20977 4.35982
-19.257 -1.27823 4.32134
-5.67853 22.3587 7.24261
-5.50178 22.0789 7.57522
-5.39958 21.8513 7.81757
-5.32687 21.5017 8.14894
-5.28098 21.2903 8.34047
-5.22573 20.9869 8.60519
-5.17413 20.6521 8.88402
-5.1387 20.3823 9.10265
-5.11097 20.0924 9.32312
-5.08125 19.6698 9.63428
-5.06749 19.3468 9.85686
-5.05582 18.7442 10.2606
-5.02378 18.3548 10.5051
-5.05336 17.9853 10.7169
-5.19791 17.3751 10.9839
-5.26521 17.0207 11.1403
-5.30159 16.8444 11.2174
-5.37336 16.5021 11.3634
-5.45717 16.1303 11.5145
-5.56675 15.6242 11.7176
-5.84533 14.9798 11.904
-6.06762 14.4203 12.0406
-6.20651 14.0974 12.1173
-6.39637 13.734 12.1926
-6.546 13.3831 12.2701
-6.8405 12.7633 12.3787
-7.10887 12.1653 12.4864
-7.28207 11.7832 12.5542
-7.39191 11.5071 12.6087
-7.4885 11.243 12.6629
-7.65351 10.9767 12.6814
-7.78104 10.7157 12.712
-7.99955 10.291 12.7572
6.55013 22.1067 6.98873
6.3513 21.7722 7.33784
6.14971 21.5445 7.59516
6.06423 21.4158 7.72885
5.95123 21.239 7.90896
5.79598 20.9416 8.19209
5.66333 20.636 8.46832
5.54913 20.3055 8.75168
5.46612 20.0036 8.99781
5.35919 19.5191 9.38331
5.28444 19.2349 9.60288
5.38077 18.9816 9.77095
7.1942 -6.26004 17.2911
6.93278 -6.69074 17.3306
6.69492 -7.11062 17.3639
6.54738 -7.47906 17.3675
6.31236 -7.82819 17.3449
6.13722 -8.09048 17.3156
5.97862 -8.45251 17.2473
5.72048 -8.89541 17.1389
5.40767 -9.39122 16.9486
5.22622 -9.65089 16.8124
5.0382 -9.89085 16.6477
4.89643 -10.0552 16.5105
4.68809 -10.2724 16.2902
4.37876 -10.5635 15.9373
4.18857 -10.7408 15.7188
3.87806 -10.988 15.327
3.64639 -11.1422 15.0073
3.41396 -11.2446 14.6508
3.23895 -11.3238 14.3829
3.03743 -11.38 14.0859
2.71666 -11.3775 13.4668
2.48892 -11.3637 13.0287
2.25278 -11.4422 12.5002
-8.7133 -28.3376 2.93069
-8.59417 -28.2004 3.38608
-8.56648 -28.0901 3.70451
-8.53804 -28.0191 3.8949
-8.47296 -27.8541 4.2813
-8.45589 -27.7112 4.57204
-8.46213 -27.5171 4.92905
-8.51415 -27.2659 5.31598
-8.56836 -27.0431 5.62888
-8.66457 -26.7049 6.07229
-8.69527 -26.6192 6.17083
-8.83066 -26.2691 6.55284
-8.94993 -25.9731 6.86348
-9.07351 -25.7035 7.11486
-9.14635 -25.5492 7.25606
-9.26842 -25.252 7.53114
-9.44704 -24.8943 7.81985
-9.54006 -24.6915 7.97667
-9.6636 -24.5006 8.07316
-9.80698 -24.2843 8.17707
-9.92415 -24.1184 8.25219
-10.1124 -23.8451 8.37733
-10.2817 -23.5788 8.50176
-10.4629 -23.4093 8.54282
-10.5066 -23.1916 8.69331
19.098 10.2344 -1.25021
18.9945 10.3858 -0.89553
18.8726 10.4538 -0.345513
18.8063 10.4974 -0.0568546
18.7414 10.5178 0.24277
18.6581 10.5146 0.547036
18.5715 10.5236 0.821331
18.4191 10.5214 1.30119
18.2206 10.5125 1.92374
18.0739 10.5101 2.37039
17.9537 10.5074 2.73125
17.7285 10.5299 3.28431
16.715 11.0569 4.6099
5.2669 -27.8796 0.61847
5.68745 -27.9958 0.421042
5.99198 -28.1161 0.429742
6.36559 -28.2695 0.468387
6.64502 -28.2928 0.40645
7.14449 -28.3148 0.343124
7.693 -28.331 0.282786
8.25138 -28.3306 0.226962
8.58917 -28.2678 0.180753
9.05584 -28.1566 0.1025
9.50849 -28.0365 0.0163166
10.0974 -27.7728 -0.0728911
10.3961 -27.6059 -0.0862482
10.8012 -27.3721 -0.106243
11.1004 -27.194 -0.115221
11.3589 -27.0289 -0.112854
11.5764 -26.8854 -0.106476
12.0622 -26.5535 -0.0749329
12.4721 -26.2327 0.00887374
13.0104 -25.8004 0.125885
13.2309 -25.5765 0.251994
13.3816 -25.4302 0.323047
13.666 -25.1539 0.449944
14.2552 -24.4889 0.831567
14.6528 -24.016 1.17339
14.7397 -23.9057 1.26031
14.9237 -23.6619 1.43511
15.1784 -23.3214 1.68259
15.3961 -23.0228 1.91839
15.5657 -22.7354 2.2928
5.2669 -27.8796 0.61847
4.95242 -27.6032 0.318041
4.84559 -27.4969 0.187243
4.66133 -27.2923 -0.090252
4.54256 -27.0885 -0.463203
-4.98229 -27.3239 -1.23362
-5.10658 -26.8833 -1.90559
-5.23312 -26.6505 -2.29562
-5.39144 -26.4388 -2.53888
-5.47524 -26.3494 -2.65729
-5.60322 -26.2372 -2.81039
-5.72623 -26.1559 -2.94125
-5.77685 -26.1224 -2.99241
-6.02973 -25.9775 -3.21712
-6.25143 -25.8567 -3.40343
-6.69306 -25.6433 -3.73657
-6.94253 -25.5284 -3.91919
-7.25409 -25.3959 -4.14367
-7.80019 -25.1781 -4.4521
-8.20609 -25.2107 -4.63608
-8.6568 -25.1715 -4.80494
-9.07201 -25.1572 -4.93976
-9.56479 -25.0999 -5.09749
-10.0781 -24.9962 -5.235
-10.2988 -24.9677 -5.29342
-10.5655 -24.9586 -5.34564
-10.9205 -24.9108 -5.39764
-11.1769 -24.8394 -5.43176
-11.3682 -24.7819 -5.45692
-11.9463 -24.5843 -5.53378
-12.3088 -24.3825 -5.5916
-12.7334 -24.1129 -5.66411
-12.9277 -23.9635 -5.70168
-13.1905 -23.7032 -5.76565
-13.5092 -23.3121 -5.8601
-13.7128 -22.9616 -5.94414
-13.7822 -22.7214 -6.00441
-13.9061 -22.3064 -6.10808
-14.0476 -21.824 -6.22863
-14.0194 -21.5551 -6.29385
-13.8134 -20.9665 -6.43315
-4.98229 -27.3239 -1.23362
-4.62185 -27.0933 -1.04866
-4.3672 -26.9165 -0.916878
-4.10762 -26.7587 -0.708565
-3.99685 -26.6939 -0.4889
-3.92401 -26.6019 -0.207523
-3.79025 -26.3718 0.43559
-3.69696 -26.1189 1.11836
-3.76138 -25.9596 1.50135
-3.90845 -25.8707 1.76792
-4.02333 -25.7985 1.94963
-4.37708 -25.6351 2.28851
-4.79583 -25.4323 2.61062
-5.09394 -25.2869 2.80645
-5.60092 -25.0149 3.04701
-5.89357 -24.8428 3.14964
-6.06568 -24.7268 3.18746
-6.37729 -24.4993 3.22465
-6.63632 -24.2551 3.19638
-6.96512 -23.9237 3.13686
-7.23309 -23.4102 2.86515
-7.46798 -23.0908 2.75198
8.79457 -23.4531 10.1093
9.48303 -23.3508 9.88786
9.73438 -23.3157 9.7664
9.99694 -23.3084 9.60334
10.187 -23.2932 9.49104
10.7113 -23.2448 9.17713
11.3232 -23.1853 8.81283
11.6403 -23.1575 8.61143
12.1995 -23.0988 8.25717
12.7486 -22.9988 7.84186
13.0152 -22.9464 7.61992
13.3783 -22.8914 7.22181
13.7848 -22.8254 6.79538
13.9613 -22.7961 6.59499
14.2266 -22.7522 6.22995
14.4239 -22.7184 5.93977
14.5346 -22.699 5.7656
14.7089 -22.6677 5.43505
14.7508 -22.6603 5.34821
14.8366 -22.6452 5.16195
14.9845 -22.6197 4.81962
15.1015 -22.6013 4.51354
15.3611 -22.5655 3.76927
15.461 -22.545 3.45472
15.5239 -22.5341 3.24732
15.6479 -22.5141 2.83196
15.5657 -22.7354 2.2928
-17.4616 -21.9797 1.69087
-17.726 -21.7315 1.33714
-17.8294 -21.6272 1.2123
-17.994 -21.4045 1.11343
-18.1564 -21.1933 0.984442
-18.335 -20.9434 0.873392
-18.4249 -20.8186 0.81518
-18.5265 -20.6797 0.744756
-18.7632 -20.3545 0.578345
-18.9512 -20.0799 0.430708
-19.0722 -19.8701 0.353774
-19.3075 -19.3999 0.255275
-19.4744 -19.0546 0.175013
-19.5881 -18.8073 0.12607
-19.7212 -18.5133 0.069246
-19.8643 -18.1877 0.00981779
-20.0701 -17.7123 -0.0711969
-20.2646 -17.1749 -0.0859528
-20.3604 -16.8032 -0.0546069
-20.4942 -16.1844 -0.0215135
-20.6032 -15.3784 0.0663414
-20.6515 -15.0075 0.103686
-20.6734 -14.3926 0.176101
-20.6802 -13.9925 0.223317
-20.7062 -13.6044 0.169762
-17.4616 -21.9797 1.69087
-17.3295 -21.9095 2.21095
-17.1452 -21.8718 2.74965
-16.8935 -21.8189 3.45465
-16.6297 -21.7881 4.1281
-16.4413 -21.8091 4.44648
-16.2778 -21.8151 4.73272
-15.9739 -21.8243 5.23227
-15.7721 -21.8451 5.51016
-15.4202 -21.8993 5.93255
-15.0278 -21.9772 6.33395
-14.7412 -22.0374 6.60734
-14.4725 -22.1037 6.83409
-14.1635 -22.18 7.07036
-13.864 -22.2512 7.30514
-13.728 -22.2916 7.39619
-13.4557 -22.3559 7.56889
-13.156 -22.4409 7.73762
-12.4974 -22.6102 8.05138
-12.0951 -22.7309 8.21146
-11.7745 -22.84 8.30723
-11.1217 -23.0622 8.47759
-10.8477 -23.1804 8.52556
-10.5066 -23.1916 8.69331
4.02736 -19.8182 2.0733
4.18514 -20.1631 2.28512
4.18828 -20.3977 2.48524
4.18999 -20.6305 2.6852
4.18551 -20.914 2.93344
4.22142 -21.3028 3.28962
4.15018 -21.5827 3.60983
4.1154 -21.7573 3.84317
4.07278 -21.9142 4.07069
4.05834 -22.0529 4.28639
3.98189 -22.2527 4.6264
3.93176 -22.4692 5.01992
3.89609 -22.5522 5.22809
3.85193 -22.6436 5.48518
3.77526 -22.7529 5.8229
3.73564 -22.817 6.13285
3.66795 -22.8605 6.41117
3.62828 -22.8975 6.67321
3.55131 -22.8851 6.93162
3.3998 -22.7755 7.33434
3.2717 -22.6506 7.63613
3.15832 -22.5145 7.89149
2.99591 -22.2973 8.22496
2.68363 -21.8436 8.83141
2.54608 -21.6333 9.13341
2.39176 -21.2528 9.32918
2.30022 -20.9587 9.43999
2.18937 -20.5069 9.42669
2.13777 -20.2884 9.42617
2.07793 -20.0339 9.41296
1.95721 -19.4161 9.30441
1.24289 -17.9931 5.65679
1.29133 -18.5262 5.97795
1.34081 -18.7267 6.27913
1.42263 -19.0028 6.75038
1.43686 -19.0475 6.8303
1.51217 -19.2717 7.24116
1.66433 -19.3443 7.99453
1.73794 -19.319 8.34785
1.81978 -19.3231 8.74224
1.95721 -19.4161 9.30441
-6.10089 -17.9006 11.9919
-6.6914 -17.3811 12.0731
-6.92348 -17.0033 12.1062
-7.24051 -16.4949 12.1279
-7.57185 -16.2298 12.0605
-7.71344 -16.1387 12.0238
-8.06281 -15.9696 11.9179
-8.24876 -15.8726 11.8617
-8.5199 -15.7296 11.7799
-8.7154 -15.6326 11.7181
-9.12086 -15.4659 11.5897
-9.45859 -15.3697 11.4461
-10.1599 -15.2257 11.154
-10.6615 -15.2647 10.8808
-11.2658 -15.3337 10.549
-11.4576 -15.3538 10.4287
-11.752 -15.4108 10.2674
-12.1815 -15.4996 10.0398
-12.4398 -15.5539 9.90729
-12.8383 -15.6367 9.70881
-13.1135 -15.6832 9.5785
-13.3048 -15.6999 9.49508
-13.7716 -15.7416 9.28862
-13.9867 -15.7291 9.2064
-14.2208 -15.7269 9.10174
-14.6693 -15.3387 8.96448
-15.1261 -14.8718 8.75877
-15.5432 -14.397 8.52857
-15.7887 -14.0704 8.40534
-15.9644 -13.5827 8.39415
-6.10089 -17.9006 11.9919
-6.56545 -18.3738 11.9793
-6.84861 -18.6236 11.9735
-7.16105 -19.1838 11.9173
-7.29302 -19.4082 11.892
-7.35432 -19.5135 11.8832
-7.63874 -19.9798 11.7299
-8.12591 -20.664 11.3043
-8.36505 -20.9419 11.0937
-8.5702 -21.1816 10.9069
-8.78817 -21.4392 10.6959
-9.05092 -21.7548 10.4177
-9.27431 -22.0295 10.1642
-9.49184 -22.2669 9.92407
-9.72552 -22.5332 9.60166
-9.96858 -22.7859 9.28467
-10.2608 -23.0198 8.95693
-10.5066 -23.1916 8.69331
-2.20983 -17.3799 6.63242
-2.20385 -17.2915 6.23487
-2.22056 -17.4275 5.73816
-2.2746 -17.5781 5.23323
-2.31249 -17.6719 4.88449
-2.35908 -17.78 4.52317
-2.46924 -17.9794 4.13863
-2.61954 -18.2089 3.7435
-2.76644 -18.4132 3.41195
-2.83486 -18.5165 3.29921
-3.1941 -18.6699 3.01326
-3.82445 -18.9292 2.52412
-4.08664 -19.0764 2.40834
-4.4412 -19.2326 2.23634
0.913989 -10.7105 8.38171
1.13256 -11.334 8.85716
1.2835 -11.731 9.2112
1.37223 -11.9449 9.41466
1.43636 -12.0972 9.54386
1.6167 -12.3329 10.0147
-20.3546 -9.83678 -9.27269
-20.5307 -9.42782 -8.94848
-20.6042 -9.45956 -8.68537
-20.7124 -9.51555 -8.26745
-20.7451 -9.53092 -8.1396
-20.8104 -9.56152 -7.88158
-21.0011 -9.65332 -7.11864
-21.1277 -9.74863 -6.45859
-21.2029 -9.80528 -6.0482
-21.2776 -9.93875 -5.48087
-21.3192 -10.0571 -5.03872
-21.343 -10.1873 -4.65834
-21.3507 -10.3584 -4.28588
-21.3366 -10.8134 -3.42264
-21.3011 -11.213 -2.7648
-21.2807 -11.3883 -2.50341
-21.2506 -11.5816 -2.22655
-21.2132 -11.7936 -1.94474
-21.1697 -12.0162 -1.68095
-21.0648 -12.5511 -1.03882
-21.0083 -12.6823 -0.851169
-20.8915 -13.0064 -0.431395
-20.7929 -13.2682 -0.102796
-20.7062 -13.6044 0.169762
20.2658 -10.4014 -7.25403
20.5205 -10.2523 -6.55516
20.5685 -10.3084 -6.30702
20.69 -10.4663 -5.58647
20.7572 -10.5959 -5.09961
20.8542 -10.7642 -4.42226
20.855 -11.0447 -3.75131
20.84 -11.2554 -3.27224
20.8251 -11.3627 -3.05255
20.7626 -11.6794 -2.4643
20.6669 -12.0588 -1.83504
20.5307 -12.4786 -1.24196
20.4652 -12.666 -0.988198
20.4174 -12.7885 -0.839439
20.2115 -13.2922 -0.313227
-6.55941 -6.20746 15.3119
-6.55196 -6.90591 15.1855
-6.42471 -7.33688 15.146
-6.28935 -7.80742 15.0784
-6.14877 -8.3535 14.9309
-6.04566 -8.70939 14.8323
-5.93626 -9.06328 14.7297
-5.74347 -9.67725 14.5486
-5.56444 -10.0985 14.3621
-5.30109 -10.6677 13.9498
-5.11146 -11.0174 13.6478
-4.85914 -11.3366 13.3251
-4.50154 -11.6082 12.8853
-4.31143 -11.6774 12.6835
-4.02472 -11.7593 12.3907
-3.86723 -11.7938 12.2383
-3.67181 -11.8253 12.0564
-3.38633 -11.8993 11.7563
-6.55941 -6.20746 15.3119
-7.09603 -6.07092 15.1606
-7.53963 -5.95691 15.0355
-7.91799 -5.82344 14.9286
-8.20655 -5.66242 14.8327
-8.67183 -5.378 14.6652
-8.89317 -5.23556 14.5821
-9.06899 -5.12615 14.5129
-9.6155 -4.78036 14.2942
-9.85512 -4.57997 14.166
-10.2008 -4.28991 13.9717
-10.4406 -4.10051 13.8282
-10.7566 -3.85394 13.6284
-10.992 -3.65037 13.4752
-11.2838 -3.40464 13.2706
-11.524 -3.18661 13.0956
-11.7605 -2.96377 12.9167
-11.9907 -2.73361 12.7323
-12.2604 -2.44747 12.5074
-12.5186 -2.16047 12.2862
-12.7441 -1.90612 12.092
-12.9253 -1.65438 11.9355
-13.2923 -1.29715 11.5757
-13.4926 -1.07921 11.3777
-13.6847 -0.868104 11.1856
-13.8757 -0.654668 10.9927
-14.1074 -0.389947 10.7547
-14.3532 -0.110883 10.4973
-14.5202 0.0783476 10.3224
-14.622 0.192634 10.2156
-14.8583 0.444479 9.96788
-14.9828 0.570958 9.83787
-15.2953 0.8433 9.51722
-15.6499 1.09405 9.16104
-16.0622 1.33909 8.75298
-16.2851 1.45012 8.53444
-16.6096 1.54384 8.22079
-16.9829 1.60662 7.86083
-17.4306 1.46913 7.41142
-17.6985 1.37916 7.14148
-18.1034 1.21258 6.72528
-18.31 1.04086 6.48936
-18.4397 0.914978 6.33003
-18.6125 0.748426 6.10841
-18.8034 0.497866 5.84264
-18.9815 -0.0195357 5.33005
-19.0093 -0.114461 5.2428
-19.1412 -0.561151 4.8283
-19.1793 -0.688997 4.70281
-19.2466 -1.19177 4.37391
-19.257 -1.27823 4.32134
-19.3096 -1.6591 4.05736
-19.257 -1.27823 4.32134
-19.3096 -1.6591 4.05736
-19.2901 -2.00569 4.11076
-19.2548 -2.23395 4.23993
-19.2149 -2.53501 4.38023
-19.1777 -2.8147 4.50998
-19.1326 -3.13153 4.66493
-19.0646 -3.43229 4.84363
-19.0148 -3.68211 4.97039
-18.9366 -4.01743 5.16825
-18.884 -4.23092 5.29736
-18.8377 -4.41615 5.40971
-18.7904 -4.60636 5.5239
-18.7031 -4.96705 5.7239
-18.5724 -5.1512 5.95392
-18.3337 -5.44953 6.30211
-18.1677 -5.7034 6.48019
-18.0026 -5.89986 6.64038
-17.8295 -6.08942 6.80869
-17.7256 -6.18784 6.90746
-17.2358 -6.70147 7.18799
9.581 -0.79734 -17.5108
9.86586 -1.05196 -17.5439
10.0363 -1.20469 -17.5627
10.4802 -1.60107 -17.6078
10.7277 -1.78369 -17.6088
10.9228 -1.93316 -17.5913
11.1112 -2.07212 -17.571
11.463 -2.30698 -17.5268
12.0502 -2.65309 -17.4173
12.6969 -3.01516 -17.2649
13.1521 -3.23312 -17.1253
13.8684 -3.35447 -16.8446
14.1736 -3.39161 -16.7164
14.4294 -3.41339 -16.6024
14.8387 -3.41317 -16.3723
15.093 -3.39548 -16.2251
15.2876 -3.38157 -16.1122
15.5863 -3.36224 -15.938
15.831 -3.3424 -15.7931
16.0929 -3.30471 -15.633
16.3919 -3.25738 -15.418
16.7591 -3.1138 -15.1558
17.2578 -2.92624 -14.7942
9.581 -0.79734 -17.5108
9.45764 -0.446905 -17.6631
9.32 -0.0588155 -17.8304
9.234 0.180152 -17.9297
9.08991 0.51973 -18.0205
8.92304 0.876103 -18.0893
8.80766 1.12971 -18.1381
8.62031 1.53097 -18.2014
8.35928 2.07202 -18.2737
8.02895 2.69882 -18.3005
7.8195 3.07893 -18.2921
7.63417 3.41189 -18.2752
7.54548 3.56904 -18.26
7.35873 3.90031 -18.2131
7.16079 4.25384 -18.1452
7.05182 4.44539 -18.089
6.84098 4.81017 -17.9525
6.70542 5.10786 -17.8288
6.58169 5.42529 -17.7022
6.26678 5.99939 -17.2366
6.14734 6.23592 -17.0505
6.05611 6.45885 -16.891
5.94102 6.72479 -16.6641
5.86603 7.19247 -16.3988
-9.07601 -0.385247 -16.9765
-9.73553 -0.892856 -17.2767
-10.0798 -1.10724 -17.4502
-10.6147 -1.4055 -17.718
-10.9399 -1.72682 -17.7367
-11.2635 -1.98597 -17.7687
-11.8778 -2.43076 -17.8155
-12.2371 -2.6742 -17.7911
-12.6039 -2.90374 -17.7415
-12.8631 -3.05019 -17.696
-13.1094 -3.19752 -17.6494
-13.4059 -3.3374 -17.577
-13.718 -3.46607 -17.5
-14.2567 -3.61319 -17.324
-14.6328 -3.68379 -17.1775
-15.2017 -3.79249 -16.948
-15.6786 -3.85673 -16.7413
-16.379 -3.75557 -16.3488
-16.7297 -3.68191 -16.1477
-17.1169 -3.49246 -15.9178
-17.4978 -3.07459 -15.7482
-9.07601 -0.385247 -16.9765
-8.75286 0.158965 -17.0354
-8.68631 0.400807 -17.1382
-8.61229 0.624232 -17.2112
-8.50683 0.952998 -17.3002
-8.17084 1.77286 -17.433
-8.01346 2.14157 -17.4781
-7.91533 2.36339 -17.4976
-7.74666 2.71908 -17.5053
-7.5808 3.03279 -17.4715
-7.37732 3.40715 -17.4189
-6.98206 4.01635 -17.1789
-6.54318 4.68941 -16.7988
-6.30675 4.89891 -16.5492
-6.00197 5.10671 -16.2107
6.68095 7.24431 14.8506
6.3558 6.91533 14.9798
6.2421 6.6877 15.0543
6.09073 6.43151 15.1409
5.99421 6.26667 15.1965
5.81915 5.97439 15.2796
5.611 5.57253 15.3898
5.26225 4.99442 15.5374
5.09263 4.73658 15.6002
4.96738 4.53571 15.6479
4.80511 4.31383 15.6892
4.47624 3.82806 15.7723
4.25766 3.4924 15.8279
3.94428 3.00109 15.9041
3.70773 2.71251 15.9131
3.52723 2.39447 15.9245
3.42461 2.2055 15.9326
3.28879 1.92894 15.9449
3.19497 1.65214 15.9707
3.10625 1.38016 15.9966
3.03517 1.10737 16.0313
2.98413 0.843337 16.0722
2.94603 0.496931 16.1411
2.92467 -0.0651246 16.2761
2.94132 -0.51883 16.4058
2.95277 -0.713001 16.464
3.00602 -1.38273 16.6732
3.12729 -1.92721 16.9023
3.36795 -2.3987 17.1389
3.53168 -2.66361 17.2556
3.84349 -3.08913 17.4092
4.22801 -3.61848 17.6001
4.60261 -4.10869 17.7541
4.81467 -4.3745 17.8182
4.93875 -4.51619 17.8333
5.18135 -4.79202 17.8527
5.52597 -5.15318 17.8259
6.01066 -5.6589 17.7023
6.30167 -5.87272 17.596
6.7176 -6.08592 17.4517
7.1942 -6.26004 17.2911
-19.0474 10.1298 -1.91084
-18.941 10.7476 -2.60713
-18.9028 11.013 -2.97628
-18.8871 11.104 -3.09177
-18.8187 11.3778 -3.38332
-18.7181 11.7252 -3.70315
-18.5356 12.3214 -4.24377
-18.4298 12.6619 -4.55066
-18.3481 12.922 -4.78441
-18.216 13.3083 -5.16792
-18.0904 13.6216 -5.46048
-17.9379 13.9903 -5.81182
-17.8181 14.2424 -6.0245
-17.6774 14.5302 -6.25645
-17.564 14.7533 -6.43129
-17.4483 14.9647 -6.58725
-17.2115 15.3739 -6.87485
-17.0652 15.6126 -7.0333
-16.842 15.9702 -7.26113
-16.6917 16.1939 -7.4052
-16.5777 16.3851 -7.49931
-16.3697 16.8019 -7.6225
16.0382 18.3879 -7.01402
15.6717 18.3261 -7.43324
15.4782 18.285 -7.6011
15.2315 18.2143 -7.81624
14.9803 18.14 -8.03474
14.5845 17.945 -8.25771
14.3513 17.8316 -8.36415
14.0549 17.6661 -8.47938
13.9205 17.5891 -8.53024
13.6088 17.4093 -8.63969
13.1306 17.1238 -8.79163
12.7311 16.8742 -8.88286
12.3249 16.3577 -9.01477
12.1073 15.9289 -9.10766
11.9343 15.5018 -9.19863
11.842 15.1544 -9.26393
11.7115 14.7004 -9.34562
11.6434 14.4193 -9.39112
11.5628 14.1693 -9.43803
11.7349 13.6229 -9.4275
16.0382 18.3879 -7.01402
16.0358 18.9566 -6.74479
15.984 19.3555 -6.55263
15.8973 19.7142 -6.3996
15.814 20.098 -6.20363
15.6899 20.6495 -5.89594
15.6105 21.0087 -5.70289
15.5341 21.2496 -5.45521
15.4433 21.4736 -5.20544
15.3102 21.7423 -4.88681
15.1304 22.0445 -4.46179
15.0352 22.1712 -4.25748
14.8246 22.4087 -3.8215
14.617 22.6181 -3.43546
14.3618 22.7323 -2.98004
14.134 22.8468 -2.63605
13.8647 22.9818 -2.24231
13.6426 23.0962 -1.93334
13.446 23.1871 -1.66648
13.0672 23.3656 -1.21715
-3.96212 28.2855 -3.71033
-4.38908 28.3063 -3.71823
-4.66661 28.2929 -3.73534
-5.22724 28.1863 -3.69681
-5.78173 28.0603 -3.6337
-6.43686 27.8839 -3.53433
-6.59537 27.8401 -3.50753
-6.98841 27.7271 -3.4525
-7.45995 27.5088 -3.24889
-7.69232 27.378 -3.13395
-7.91554 27.2574 -2.98572
-8.19062 27.0514 -2.8444
-8.54535 26.7803 -2.64797
-8.96014 26.4468 -2.39302
-9.27167 26.19 -2.20253
-9.57058 25.9354 -2.03531
-9.8057 25.7282 -1.91735
-10.2565 25.3119 -1.72613
-10.6843 24.9029 -1.57902
-10.9354 24.6546 -1.51252
-11.2389 24.3511 -1.43826
-11.4726 24.1076 -1.38899
-11.7353 23.8411 -1.37929
-11.9378 23.6124 -1.3533
-12.607 22.7559 -1.3601
-12.9437 22.3304 -1.39128
-13.2786 21.8277 -1.32798
-3.96212 28.2855 -3.71033
-3.523 28.0286 -4.00459
-3.334 27.8561 -4.20808
-3.03495 27.5012 -4.54211
-2.93058 27.307 -4.67851
-2.78253 26.9829 -4.8552
-2.61515 26.6198 -4.99578
-2.49221 26.3307 -5.09025
-2.36115 26.0144 -5.17001
-2.20955 25.6419 -5.22666
-1.88556 24.8347 -5.36771
-1.6082 24.2993 -5.07125
-1.4094 23.9116 -4.8751
-1.29811 23.6668 -4.80378
-3.10211 -19.9349 8.2966
-3.28608 -20.3685 8.19506
-3.39442 -20.6377 8.10828
-3.44016 -20.7531 8.0641
-3.54786 -20.987 7.95866
-3.85216 -21.4532 7.66255
-4.28195 -22.0047 7.21
-4.653 -22.3824 6.75239
-4.79343 -22.4793 6.4799
-4.95375 -22.5058 6.0178
-5.04637 -22.4823 5.67337
-5.1124 -22.4257 5.37695
-5.11424 -22.37 5.22018
-5.1601 -22.2815 4.91303
-5.1736 -22.2213 4.75475
-5.2033 -22.1276 4.51757
-5.26022 -22.0231 4.31456
-5.26587 -21.8574 4.02805
-5.24407 -21.574 3.73713
-5.19355 -21.2167 3.39507
-5.17386 -21.0934 3.28117
-5.14201 -20.9167 3.12434
-5.07501 -20.5898 2.8491
-5.02828 -20.4198 2.72605
-4.87267 -19.9271 2.40534
-4.78327 -19.7332 2.32331
-4.68449 -19.5479 2.26886
-4.4412 -19.2326 2.23634
-3.38633 -11.8993 11.7563
-3.20493 -11.6858 11.8073
-2.96478 -11.4519 11.8286
-2.70255 -11.2098 11.837
-2.17036 -10.5498 11.8927
-1.93471 -10.1443 11.8656
-1.7203 -9.61036 11.7189
-1.58994 -9.24545 11.6156
-1.51382 -8.97658 11.5226
-1.44065 -8.64552 11.3837
-1.38799 -8.2879 11.1946
-1.3499 -7.95598 10.9933
-1.31394 -7.58219 10.7473
-1.2954 -7.2571 10.5024
-1.29066 -7.00706 10.2965
-1.27763 -6.75501 9.91669
-1.27763 -6.75501 9.91669
-1.29114 -6.36264 9.93711
-1.30141 -5.97354 9.89961
-1.31577 -5.52789 9.89949
-1.33503 -5.01916 9.86701
-1.35258 -4.5714 9.86074
-1.35816 -4.4249 9.85807
-1.37068 -4.0472 9.84074
-1.38194 -3.59805 9.80721
-1.38298 -3.40956 9.78051
-1.38335 -3.25222 9.75648
-1.37574 -2.86451 9.66926
-1.36499 -2.52161 9.57929
-1.34957 -2.15996 9.47228
-1.33149 -1.64128 9.33066
-1.34065 -1.18825 9.26702
-1.34132 -0.796384 9.19898
-1.34599 -0.362969 9.1279
-1.35276 0.122606 9.05074
-1.35342 0.480391 8.9838
-1.35802 0.791181 8.93314
-1.36647 1.20272 8.86923
-1.37801 1.69412 8.79574
-1.40056 2.17782 8.73971
-1.4219 2.6403 8.68793
-1.41693 3.05264 8.61794
-1.4323 3.45925 8.56977
-1.42345 3.80309 8.50897
-1.41118 4.19424 8.43699
-1.40554 4.38042 8.40324
-1.4065 4.62983 8.36636
-1.39875 4.99472 8.30239
-1.38607 5.40534 8.22719
-1.38004 5.63638 8.18544
-1.37493 5.9345 8.13296
-1.36883 6.2249 8.07882
-1.35899 6.58163 8.00847
-1.35362 6.72649 7.97838
-1.33768 7.16314 7.88617
-1.32797 7.36625 7.84058
-1.3191 7.56153 7.79681
-1.30453 7.86476 7.7245
-1.29673 8.01212 7.68817
-1.28395 8.23825 7.62839
-1.2636 8.57236 7.53716
-1.25426 8.72755 7.49363
-1.2298 9.16567 7.3694
-1.21507 9.46247 7.28333
-1.20038 9.80858 7.18177
-1.18595 10.2034 7.06412
-1.17616 10.5813 6.9486
-1.16923 10.8942 6.85174
-1.16831 10.952 6.83347
-1.16247 11.3469 6.70781
-1.1596 11.7928 6.56095
-1.15747 12.1776 6.43326
-1.15658 12.512 6.31979
-1.15634 12.768 6.23122
-1.15648 13.0452 6.13332
-1.1569 13.3327 6.02999
-1.1581 13.8422 5.84242
-1.15965 14.2733 5.6767
-1.16102 14.6137 5.54205
-1.16259 14.9741 5.39508
-1.16479 15.473 5.18665
-1.16635 15.8313 5.0309
-1.16795 16.2546 4.8368
-1.16876 16.5027 4.72078
-1.16909 16.728 4.6084
-1.16921 16.9905 4.47448
-1.16914 17.2138 4.35944
-1.16767 17.6595 4.11751
-1.16637 18.0672 3.89659
-1.16473 18.5266 3.64649
-1.1603 18.9284 3.40667
-1.15724 19.1443 3.27273
-1.14992 19.5312 3.02125
-1.14192 19.7677 2.84718
-1.13076 20.0862 2.6102
-1.11889 20.3387 2.40648
-1.09851 20.6861 2.10825
-1.07223 20.9857 1.80547
-1.04651 21.2205 1.54627
-1.01301 21.5558 1.20542
-0.98627 21.7188 0.984676
-0.914123 22.114 0.530033
-0.850885 22.358 0.212288
-0.801211 22.5525 -0.0538969
-0.756287 22.7806 -0.380013
-0.721591 23.0489 -0.681782
16.2721 -7.17815 8.17784
16.1466 -7.61048 7.96464
16.0815 -7.91751 7.74704
15.9717 -8.4102 7.37483
15.8422 -8.87904 7.03877
15.6744 -9.26511 6.66292
15.5038 -9.65308 6.2409
15.4708 -9.76203 5.75839
15.5048 -9.81515 5.11979
15.5914 -9.78509 4.64079
15.7464 -9.67583 4.18462
15.8386 -9.61433 3.92296
15.9272 -9.54592 3.72182
16.0394 -9.45954 3.49047
16.1789 -9.33275 3.26204
16.3448 -9.18418 2.99624
16.5048 -9.01155 2.7874
16.6679 -8.82055 2.60337
16.8737 -8.60829 2.32513
17.0549 -8.42629 2.05588
17.2393 -8.25252 1.77963
17.434 -8.06376 1.49158
17.6007 -7.89566 1.24897
17.7772 -7.70629 0.998955
17.9387 -7.52447 0.771311
18.0875 -7.34896 0.558724
18.2976 -7.08135 0.260858
18.448 -6.87632 0.0420216
18.5813 -6.67882 -0.145566
18.7747 -6.37838 -0.452058
18.9658 -6.06306 -0.783992
19.1361 -5.73078 -1.11389
19.2739 -5.45954 -1.40835
19.3497 -5.29098 -1.57476
19.448 -5.07319 -1.83806
19.5817 -4.72564 -2.2089
19.6744 -4.46114 -2.50798
19.7507 -4.20332 -2.81656
19.8102 -4.00117 -3.05697
19.8873 -3.72259 -3.3983
19.9324 -3.54737 -3.55565
20.0042 -3.2245 -3.84411
20.0449 -3.00399 -4.07023
20.0702 -2.84767 -4.23347
20.09 -2.72394 -4.35917
20.1186 -2.53446 -4.54407
20.1567 -2.26517 -4.80048
20.1993 -1.91679 -5.11932
20.2354 -1.61854 -5.39132
20.2657 -1.31722 -5.65472
20.2788 -1.08016 -5.84485
20.2873 -0.765877 -6.083
20.2836 -0.444932 -6.30897
20.2745 -0.0436416 -6.58626
20.2702 0.10216 -6.68617
20.2432 0.610146 -7.02589
20.205 1.02721 -7.29659
20.1319 1.46594 -7.56897
20.0688 1.81842 -7.78629
19.9846 2.19347 -8.01529
19.9092 2.49014 -8.19654
19.8425 2.73557 -8.34676
19.7651 2.99918 -8.50891
19.6648 3.29691 -8.69321
19.5465 3.62234 -8.89568
19.3599 4.09996 -9.194
19.25 4.35563 -9.35531
19.1286 4.62585 -9.52644
19.0086 4.87829 -9.68634
18.7942 5.30717 -9.9538
18.7151 5.46241 -10.0498
18.5681 5.74163 -10.2198
18.3384 6.16539 -10.4716
18.2134 6.39242 -10.6038
18.0392 6.70258 -10.7802
17.9042 6.93317 -10.9085
17.6999 7.27965 -11.1001
17.3643 7.83131 -11.3997
17.0735 8.29377 -11.6497
16.831 8.66765 -11.8516
16.6619 8.92532 -11.991
16.5296 9.12295 -12.0981
16.4596 9.2274 -12.1547
16.3293 9.42129 -12.2599
16.1797 9.64463 -12.3807
15.9374 9.97797 -12.5662
15.8614 10.0702 -12.6201
15.6028 10.3819 -12.8028
15.3297 10.7044 -12.9934
15.1009 10.9781 -13.1479
14.9114 11.1888 -13.2721
14.5783 11.4676 -13.4881
13.9995 11.8879 -13.8078
13.5639 12.1303 -14.0507
13.3068 12.2578 -14.1686
13.0847 12.3744 -14.2539
12.712 12.334 -14.5376
12.4461 12.3238 -14.7152
12.1328 12.2975 -14.9269
11.8757 12.2579 -15.0997
11.4986 12.1806 -15.3455
11.1429 12.0656 -15.5661
10.9249 11.9679 -15.7129
10.7421 11.8638 -15.8477
10.415 11.6846 -15.977
10.1243 11.4107 -16.1695
9.79138 10.9773 -16.4689
-0.671581 23.7413 -0.362658
-0.666873 23.9357 -0.258546
-0.676886 24.4118 -0.0155187
-0.728677 25.0269 0.301262
-0.818735 25.5699 0.575026
-0.894205 25.8268 0.704564
-0.995992 26.0692 0.821304
-1.15628 26.3993 0.931238
-1.47894 26.6866 1.09869
-1.68529 26.8725 1.1623
-2.11764 27.1374 1.29965
-0.671581 23.7413 -0.362658
-0.688617 23.4624 -0.577553
-0.721591 23.0489 -0.681782
1.6167 -12.3329 10.0147
1.76907 -12.3581 10.5126
1.9126 -12.1652 11.1047
2.03192 -11.9835 11.6072
2.10466 -11.8015 11.9269
2.25278 -11.4422 12.5002
-8.22748 -0.796027 -15.8492
-7.7336 -0.62046 -15.5264
-7.52886 -0.546371 -15.3792
-7.21116 -0.352477 -15.1609
-6.99247 -0.210861 -15.0142
-6.86098 -0.124394 -14.9268
-6.56909 0.0607588 -14.7255
-6.29421 0.260815 -14.5531
-6.09813 0.628717 -14.5822
-6.02983 0.713096 -14.5556
-5.83381 1.05832 -14.5543
-5.64744 1.49897 -14.6146
-5.44873 2.45642 -14.9099
-5.44838 2.69214 -14.9997
-5.45723 2.96006 -15.1057
-5.52809 3.31475 -15.2816
-5.62197 3.74822 -15.5016
-5.73014 4.22433 -15.7431
-5.83517 4.71259 -15.9803
-6.00197 5.10671 -16.2107
9.79138 10.9773 -16.4689
9.88939 10.4407 -16.8812
9.98843 10.2475 -17.0354
10.5418 9.80993 -17.4236
10.8136 9.59081 -17.6161
11.0034 9.44005 -17.7429
11.1738 9.21235 -17.8346
11.3106 9.01032 -17.8806
11.5843 8.71111 -17.884
11.8624 8.37536 -17.8807
12.0567 8.13626 -17.8637
12.4199 7.68968 -17.8024
12.8012 7.22542 -17.696
13.0602 6.91584 -17.6096
13.2508 6.6953 -17.5378
13.6219 6.29123 -17.3757
13.901 5.99622 -17.2474
14.0773 5.81231 -17.1641
14.5025 5.36786 -16.9571
14.8329 5.00751 -16.7923
15.0753 4.73782 -16.6673
15.2742 4.50732 -16.5631
15.5269 4.19081 -16.4347
15.7639 3.94322 -16.2835
15.9805 3.66976 -16.1581
16.1177 3.4523 -16.0916
16.2365 3.21596 -16.0509
16.4619 2.84883 -15.9356
16.6523 2.52336 -15.834
16.8255 2.21621 -15.7399
17.034 1.74508 -15.6151
17.1144 1.44923 -15.5538
17.2232 0.957861 -15.4599
17.3024 0.711416 -15.3887
17.3308 -0.184062 -15.2603
17.363 -0.948661 -15.1354
17.3769 -1.62835 -15.0054
17.3251 -2.25851 -14.9036
17.2951 -2.71034 -14.817
17.2578 -2.92624 -14.7942
18.4294 -0.973 4.51627
18.4541 -0.985373 4.12909
18.4868 -0.962385 3.69766
18.5338 -0.837055 3.27139
18.5872 -0.682118 2.81991
18.6272 -0.578727 2.35383
18.7209 -0.255865 1.85995
18.7921 -0.0153178 1.48209
18.8439 0.157363 1.2321
18.9098 0.376907 0.939892
18.9428 0.486561 0.800795
19.01 0.708808 0.544057
19.0672 0.896895 0.341079
19.1825 1.27706 -0.0141525
19.2843 1.62361 -0.281969
19.4085 2.06248 -0.575688
19.5533 2.60202 -0.891906
19.646 2.97728 -1.08324
19.6938 3.19526 -1.17804
19.739 3.40945 -1.2671
19.7795 3.64543 -1.3456
19.8146 3.86642 -1.41248
19.8945 4.40852 -1.56137
19.9385 4.86552 -1.6224
19.9867 5.34853 -1.67294
19.9451 5.88589 -1.68099
19.9196 6.16306 -1.67378
19.9059 6.30674 -1.67328
19.8686 6.70934 -1.65463
19.8404 6.97292 -1.64064
19.7832 7.40392 -1.58273
19.7175 7.77384 -1.55037
19.6537 8.06418 -1.52175
19.6112 8.25316 -1.49901
19.547 8.51669 -1.47386
19.4136 9.0434 -1.42435
19.2963 9.50605 -1.38112
19.2386 9.716 -1.33858
19.098 10.2344 -1.25021
18.4294 -0.973 4.51627
18.4321 -0.803784 4.8293
18.4395 -0.637339 5.07573
18.4538 -0.297979 5.4878
18.4549 -0.105517 5.7564
18.4571 0.00642319 5.90152
18.453 0.12792 6.09575
18.4171 0.333933 6.46427
18.2947 0.375067 6.76414
18.2006 0.495713 7.00704
18.1109 0.588618 7.21596
17.9626 0.67989 7.50589
17.8098 0.745032 7.76816
17.4778 0.855878 8.30525
17.1978 0.916616 8.72572
16.8898 0.975835 9.18111
16.5769 0.8606 9.61907
16.2401 0.708765 10.0703
15.962 0.578363 10.4267
15.7339 0.400887 10.7119
15.6012 0.310118 10.8761
15.2663 0.0765143 11.2833
15.0322 -0.152851 11.5506
14.8099 -0.405615 11.7918
14.7138 -0.51541 11.8962
14.5644 -0.686027 12.0574
14.4258 -0.84437 12.2064
14.2691 -1.02307 12.3744
14.0886 -1.22742 12.566
13.9038 -1.43435 12.7604
13.7401 -1.61536 12.9312
13.652 -1.71096 13.0223
13.4385 -1.93797 13.2409
13.2629 -2.12054 13.419
13.1012 -2.2839 13.5809
12.8006 -2.57979 13.878
12.6267 -2.74404 14.0463
12.4811 -2.87711 14.1835
12.1496 -3.17384 14.4909
11.9561 -3.34269 14.666
11.7917 -3.48004 14.8101
11.5155 -3.705 15.0425
11.3483 -3.84251 15.1772
10.9966 -4.13647 15.4483
10.6998 -4.35902 15.6715
10.458 -4.54485 15.8461
10.1912 -4.78281 16.0288
9.71354 -5.02466 16.2873
9.45577 -5.17265 16.4155
9.18676 -5.32354 16.5475
8.79235 -5.54368 16.7372
8.5686 -5.67004 16.843
8.26464 -5.83149 16.9777
7.96628 -5.96378 17.0838
7.69273 -6.08859 17.1556
7.59917 -6.13483 17.1796
7.1942 -6.26004 17.2911
13.0672 23.3656 -1.21715
13.2692 22.9305 -0.908054
13.4579 22.5 -0.586024
13.5299 22.274 -0.381733
13.6623 21.7961 -0.00401136
13.7566 21.3753 0.264916
13.7974 21.0886 0.438816
13.8585 20.5787 0.734185
13.903 20.2019 0.944893
13.9594 19.7384 1.19804
13.9815 19.5332 1.29155
13.9331 19.078 1.54239
13.8894 18.8024 1.6971
13.8426 18.5796 1.82887
13.6914 18.1473 2.13038
13.5565 17.85 2.36682
13.4491 17.6737 2.53856
13.3077 17.4847 2.75571
13.1676 17.3587 2.9612
13.0408 17.265 3.14538
12.8857 17.1899 3.36916
12.6928 17.109 3.64657
12.5302 17.1126 3.88194
12.2789 17.3011 4.24557
12.0296 17.6698 4.58197
11.7443 18.2473 4.90938
11.426 18.9178 5.22485
11.3261 19.1249 5.29909
11.0657 19.6435 5.47283
10.9012 19.9441 5.5661
10.7447 20.1781 5.6476
10.3213 20.5689 5.86462
9.80842 21.0332 6.11264
9.3814 21.3551 6.30173
9.08282 21.506 6.39858
8.77932 21.6446 6.48465
8.52489 21.7064 6.55184
8.4583 21.7225 6.56843
8.15077 21.7948 6.63912
7.61519 21.9061 6.77493
7.47339 21.9302 6.8108
7.31636 21.9444 6.85444
7.02067 21.9671 6.93953
6.55013 22.1067 6.98873
2.1404 25.8693 1.15976
2.50547 26.2074 1.62132
2.76748 26.2757 1.9684
3.02254 26.308 2.31019
3.25933 26.2708 2.64095
3.36059 26.2264 2.78046
3.6396 26.0882 3.16552
3.82536 25.9769 3.41203
4.15537 25.7692 3.8298
4.34001 25.6149 4.06336
4.61822 25.2955 4.4197
4.78773 25.106 4.63347
4.9473 24.9285 4.82779
5.13652 24.6697 5.09586
5.24525 24.5074 5.26008
5.42847 24.1986 5.51742
5.6243 23.7981 5.84655
5.73762 23.5678 6.0358
5.81173 23.3869 6.16527
6.01034 22.895 6.51361
6.23036 22.4149 6.84398
6.55013 22.1067 6.98873
-13.2786 21.8277 -1.32798
-13.3771 21.5492 -1.10558
-13.4308 21.3793 -0.96377
-13.5759 20.9087 -0.54858
-13.6582 20.5435 -0.263554
-13.68 20.3205 -0.0725241
-13.6882 20.1085 0.101929
-13.6911 19.7666 0.389077
-13.6713 19.2942 0.789837
-13.6399 18.8714 1.15435
-13.6175 18.6385 1.35839
-13.5399 18.4018 1.61992
-13.53 18.2198 1.74521
-13.3632 17.9179 2.15858
-13.157 17.6787 2.59034
-13.0206 17.6073 2.82883
-12.8199 17.5348 3.16332
-12.6812 17.5467 3.36497
-12.4511 17.5732 3.69607
-12.2351 17.6935 3.96543
-11.9887 17.8518 4.26317
-11.8545 17.951 4.41969
-11.5888 18.1658 4.72135
-11.3439 18.3798 4.99089
-10.9468 19.0653 5.25931
-10.6464 19.6455 5.41643
-10.2694 20.2251 5.63318
-10.0669 20.481 5.74582
-9.80876 20.7532 5.86404
-9.66679 20.9024 5.92493
-9.42393 21.1643 6.0241
-9.30039 21.2838 6.06475
-8.78588 21.5276 6.28019
-8.2756 21.7443 6.49279
-7.46683 22.0089 6.71389
-6.85756 22.2043 6.87576
-6.56709 22.2319 6.98162
-6.33856 22.26 7.05624
-6.08162 22.2833 7.14504
-5.67853 22.3587 7.24261
-5.67853 22.3587 7.24261
-5.46796 22.5324 7.16442
-5.38532 22.7936 6.94043
-5.32037 22.9601 6.79378
-5.12293 23.4542 6.35949
-4.96927 23.8386 6.01658
-4.8571 24.1154 5.76882
-4.7682 24.3309 5.57478
-4.72367 24.4676 5.43214
-4.58521 24.6907 5.19671
-4.44932 24.9085 4.96066
-4.36629 25.0341 4.81867
-4.16583 25.3324 4.47804
-3.81522 25.8404 3.88719
-3.64779 26.0881 3.59174
-3.40371 26.3577 3.17515
-3.13056 26.5907 2.73942
-2.99527 26.6933 2.52915
-2.82962 26.8186 2.26611
-2.54416 27.0436 1.79629
-2.11764 27.1374 1.29965
0 1
1 2
2 3
3 4
4 5
5 6
6 7
7 8
8 9
9 10
10 11
11 12
12 13
13 14
14 15
15 16
16 17
17 18
18 19
19 20
20 21
21 22
22 23
23 24
24 25
25 26
26 27
28 29
29 30
30 31
31 32
32 33
33 34
34 35
35 36
36 37
37 38
38 39
39 40
40 41
41 42
42 43
43 44
44 45
45 46
46 47
47 48
48 49
49 50
50 51
51 52
52 53
53 54
54 55
55 56
56 57
57 58
58 59
59 60
60 61
61 62
62 63
63 64
64 65
65 66
66 67
67 68
68 69
69 70
70 71
71 72
72 73
73 74
74 75
75 76
76 77
77 78
78 79
79 80
80 81
81 82
82 83
83 84
84 85
85 86
86 87
88 89
89 90
90 91
91 92
92 93
93 94
94 95
95 96
96 97
97 98
98 99
99 100
100 101
101 102
103 104
104 105
105 106
106 107
107 108
108 109
109 110
110 111
111 112
112 113
113 114
114 115
115 116
116 117
117 118
118 119
119 120
120 121
121 122
123 124
124 125
125 126
126 127
127 128
128 129
129 130
130 131
131 132
132 133
133 134
134 135
135 136
136 137
137 138
138 139
139 140
140 141
141 142
142 143
144 145
145 146
146 147
147 148
148 149
149 150
150 151
151 152
152 153
153 154
154 155
155 156
156 157
157 158
158 159
159 160
160 161
161 162
162 163
163 164
164 165
165 166
166 167
167 168
169 170
170 171
171 172
172 173
173 174
174 175
175 176
176 177
177 178
178 179
179 180
180 181
181 182
182 183
183 184
184 185
185 186
186 187
187 188
188 189
189 190
190 191
191 192
192 193
193 194
194 195
195 196
196 197
197 198
198 199
199 200
200 201
201 202
202 203
204 205
205 206
206 207
207 208
208 209
209 210
210 211
211 212
212 213
213 214
214 215
215 216
216 217
217 218
219 220
220 221
221 222
222 223
223 224
224 225
225 226
226 227
227 228
228 229
229 230
230 231
231 232
232 233
234 235
235 236
236 237
237 238
238 239
239 240
240 241
241 242
242 243
243 244
244 245
245 246
246 247
247 248
248 249
249 250
250 251
251 252
252 253
253 254
254 255
255 256
256 257
257 258
258 259
259 260
260 261
261 262
262 263
263 264
264 265
265 266
266 267
267 268
268 269
269 270
270 271
271 272
273 274
274 275
275 276
276 277
277 278
278 279
279 280
280 281
281 282
282 283
283 284
284 285
286 287
287 288
288 289
289 290
290 291
291 292
292 293
294 295
295 296
296 297
297 298
298 299
299 300
300 301
302 303
303 304
304 305
305 306
306 307
307 308
308 309
309 310
310 311
311 312
312 313
313 314
314 315
315 316
316 317
317 318
318 319
319 320
320 321
321 322
323 324
324 325
326 327
327 328
328 329
329 330
330 331
331 332
332 333
333 334
334 335
335 336
336 337
337 338
338 339
339 340
340 341
341 342
342 343
343 344
344 345
345 346
346 347
347 348
348 349
349 350
350 351
351 352
352 353
353 354
354 355
355 356
356 357
357 358
358 359
359 360
361 362
362 363
363 364
364 365
365 366
366 367
367 368
368 369
370 371
371 372
373 374
374 375
375 376
376 377
377 378
378 379
379 380
380 381
381 382
382 383
383 384
385 386
386 387
387 388
388 389
389 390
390 391
391 392
392 393
393 394
394 395
395 396
396 397
397 398
398 399
399 400
400 401
401 402
402 403
403 404
404 405
405 406
406 407
407 408
408 409
409 410
410 411
412 413
413 414
414 415
415 416
416 417
417 418
418 419
419 420
420 421
421 422
422 423
423 424
424 425
425 426
426 427
427 428
428 429
429 430
430 431
431 432
432 433
433 434
434 435
435 436
436 437
437 438
438 439
439 440
440 441
441 442
443 444
444 445
446 447
447 448
448 449
449 450
450 451
451 452
452 453
453 454
454 455
455 456
456 457
457 458
458 459
459 460
460 461
461 462
462 463
463 464
464 465
466 467
467 468
468 469
469 470
470 471
471 472
472 473
473 474
474 475
475 476
476 477
477 478
478 479
479 480
480 481
481 482
482 483
483 484
484 485
485 486
486 487
487 488
488 489
489 490
490 491
491 492
492 493
494 495
495 496
496 497
497 498
498 499
499 500
500 501
501 502
502 503
503 504
504 505
505 506
506 507
507 508
508 509
509 510
510 511
511 512
512 513
513 514
514 515
515 516
516 517
517 518
518 519
519 520
520 521
521 522
522 523
523 524
524 525
525 526
526 527
527 528
528 529
529 530
530 531
532 533
533 534
534 535
535 536
536 537
537 538
538 539
539 540
540 541
542 543
543 544
544 545
546 547
547 548
548 549
549 550
550 551
551 552
552 553
553 554
554 555
555 556
556 557
557 558
558 559
559 560
560 561
561 562
562 563
563 564
564 565
565 566
566 567
567 568
568 569
570 571
571 572
573 574
574 575
575 576
576 577
577 578
578 579
579 580
580 581
581 582
582 583
583 584
584 585
585 586
586 587
587 588
588 589
589 590
590 591
591 592
592 593
593 594
595 596
596 597
597 598
598 599
599 600
600 601
601 602
602 603
603 604
604 605
605 606
606 607
607 608
608 609
609 610
610 611
611 612
612 613
613 614
614 615
615 616
616 617
617 618
618 619
619 620
620 621
621 622
622 623
623 624
624 625
625 626
627 628
628 629
629 630
630 631
631 632
632 633
633 634
634 635
635 636
636 637
637 638
638 639
639 640
640 641
641 642
642 643
643 644
644 645
645 646
646 647
647 648
648 649
649 650
650 651
651 652
652 653
653 654
654 655
655 656
656 657
657 658
658 659
659 660
660 661
661 662
662 663
663 664
664 665
665 666
666 667
667 668
668 669
669 670
670 671
671 672
672 673
674 675
675 676
676 677
677 678
678 679
679 680
680 681
681 682
682 683
683 684
684 685
685 686
686 687
687 688
688 689
689 690
690 691
691 692
692 693
693 694
694 695
695 696
696 697
697 698
698 699
699 700
700 701
701 702
702 703
703 704
704 705
705 706
707 708
708 709
709 710
710 711
711 712
712 713
713 714
714 715
715 716
716 717
717 718
718 719
719 720
720 721
721 722
722 723
723 724
724 725
725 726
726 727
727 728
728 729
729 730
730 731
731 732
732 733
733 734
734 735
735 736
736 737
737 738
738 739
739 740
740 741
741 742
742 743
743 744
744 745
745 746
746 747
747 748
748 749
749 750
750 751
751 752
753 754
754 755
755 756
756 757
757 758
758 759
759 760
760 761
761 762
762 763
763 764
764 765
765 766
766 767
767 768
768 769
769 770
770 771
771 772
772 773
773 774
774 775
775 776
776 777
777 778
778 779
779 780
780 781
781 782
782 783
783 784
784 785
785 786
786 787
787 788
788 789
789 790
790 791
792 793
793 794
794 795
795 796
796 797
797 798
798 799
799 800
800 801
801 802
802 803
803 804
804 805
805 806
806 807
807 808
808 809
809 810
810 811
811 812
812 813
813 814
815 816
816 817
817 818
818 819
819 820
820 821
821 822
822 823
823 824
824 825
825 826
826 827
827 828
828 829
829 830
830 831
831 832
832 833
833 834
834 835
835 836
836 837
837 838
838 839
839 840
840 841
841 842
842 843
843 844
845 846
846 847
847 848
848 849
849 850
850 851
851 852
852 853
853 854
854 855
855 856
856 857
857 858
858 859
859 860
860 861
861 862
862 863
863 864
864 865
865 866
866 867
867 868
868 869
869 870
870 871
871 872
872 873
873 874
874 875
876 877
877 878
878 879
879 880
880 881
881 882
882 883
883 884
884 885
885 886
886 887
887 888
889 890
890 891
891 892
892 893
893 894
894 895
895 896
896 897
897 898
898 899
899 900
900 901
902 903
903 904
904 905
905 906
906 907
907 908
908 909
909 910
910 911
911 912
912 913
913 914
914 915
915 916
916 917
917 918
918 919
919 920
920 921
921 922
922 923
923 924
924 925
925 926
926 927
927 928
928 929
929 930
930 931
931 932
932 933
933 934
934 935
935 936
936 937
937 938
938 939
939 940
940 941
941 942
942 943
943 944
944 945
945 946
946 947
947 948
948 949
949 950
950 951
951 952
952 953
953 954
954 955
955 956
956 957
957 958
958 959
959 960
960 961
961 962
962 963
964 965
965 966
966 967
967 968
968 969
969 970
970 971
971 972
972 973
973 974
974 975
975 976
976 977
977 978
978 979
979 980
980 981
981 982
983 984
984 985
985 986
986 987
987 988
988 989
989 990
990 991
991 992
992 993
993 994
994 995
995 996
996 997
998 999
999 1000
1000 1001
1001 1002
1002 1003
1003 1004
1004 1005
1006 1007
1008 1009
1009 1010
1010 1011
1011 1012
1012 1013
1013 1014
1014 1015
1015 1016
1016 1017
1017 1018
1018 1019
1019 1020
1020 1021
1021 1022
1022 1023
1023 1024
1024 1025
1025 1026
1026 1027
1027 1028
1028 1029
1029 1030
1031 1032
1033 1034
1035 1036
1036 1037
1037 1038
1038 1039
1039 1040
1040 1041
1041 1042
1042 1043
1043 1044
1044 1045
1045 1046
1046 1047
1047 1048
1048 1049
1049 1050
1050 1051
1051 1052
1052 1053
1053 1054
1054 1055
1055 1056
1056 1057
1057 1058
1058 1059
1059 1060
1060 1061
1062 1063
1063 1064
1064 1065
1065 1066
1066 1067
1067 1068
1068 1069
1069 1070
1070 1071
1071 1072
1072 1073
1073 1074
1074 1075
1076 1077
1077 1078
1078 1079
1079 1080
1080 1081
1081 1082
1082 1083
1083 1084
1084 1085
1085 1086
1086 1087
1087 1088
1088 1089
1089 1090
1090 1091
1091 1092
1092 1093
1093 1094
1094 1095
1095 1096
1096 1097
1097 1098
1098 1099
1099 1100
1100 1101
1101 1102
1102 1103
1103 1104
1104 1105
1105 1106
1106 1107
1107 1108
1108 1109
1109 1110
1110 1111
1111 1112
1112 1113
1113 1114
1114 1115
1116 1117
1117 1118
1118 1119
1119 1120
1120 1121
1121 1122
1122 1123
1123 1124
1124 1125
1125 1126
1126 1127
1127 1128
1128 1129
1129 1130
1130 1131
1131 1132
1132 1133
1133 1134
1134 1135
1135 1136
1137 1138
1138 1139
1139 1140
1140 1141
1141 1142
1142 1143
1143 1144
1144 1145
1145 1146
1146 1147
1147 1148
1148 1149
1149 1150
1150 1151
1151 1152
1152 1153
1153 1154
1154 1155
1155 1156
1156 1157
1157 1158
1158 1159
1159 1160
1160 1161
1161 1162
1162 1163
1163 1164
1164 1165
1165 1166
1166 1167
1167 1168
1168 1169
1169 1170
1170 1171
1171 1172
1172 1173
1173 1174
1174 1175
1175 1176
1176 1177
1178 1179
1179 1180
1180 1181
1181 1182
1182 1183
1183 1184
1184 1185
1185 1186
1186 1187
1187 1188
1188 1189
1189 1190
1190 1191
1191 1192
1192 1193
1193 1194
1194 1195
1195 1196
1196 1197
1197 1198
1198 1199
1199 1200
1200 1201
1201 1202
1202 1203
1203 1204
1204 1205
1205 1206
1206 1207
1207 1208
1208 1209
1209 1210
1210 1211
1211 1212
1212 1213
1213 1214
1214 1215
1215 1216
1216 1217
1217 1218
1218 1219
1219 1220
1220 1221
1221 1222
1222 1223
1223 1224
1225 1226
1226 1227
1227 1228
1228 1229
1229 1230
1230 1231
1231 1232
1232 1233
1233 1234
1234 1235
1235 1236
1236 1237
1237 1238
1238 1239
1239 1240
1240 1241
1241 1242
1242 1243
1243 1244
1244 1245
1245 1246
1246 1247
1247 1248
1248 1249
1249 1250
1250 1251
1251 1252
1253 1254
1254 1255
1255 1256
1256 1257
1257 1258
1258 1259
1259 1260
1260 1261
1261 1262
1262 1263
1263 1264
1264 1265
1265 1266
1266 1267
1267 1268
1268 1269
1270 1271
1271 1272
1272 1273
1273 1274
1274 1275
1275 1276
1276 1277
1277 1278
1278 1279
1279 1280
1280 1281
1281 1282
1282 1283
1283 1284
1284 1285
1286 1287
1287 1288
1288 1289
1289 1290
1290 1291
1291 1292
1292 1293
1293 1294
1294 1295
1295 1296
1296 1297
1297 1298
1298 1299
1299 1300
1300 1301
1301 1302
1302 1303
1303 1304
1304 1305
1305 1306
1306 1307
1307 1308
1308 1309
1309 1310
1310 1311
1311 1312
1312 1313
1313 1314
1314 1315
1315 1316
1316 1317
1317 1318
1318 1319
1319 1320
1320 1321
1321 1322
1322 1323
1323 1324
1324 1325
1325 1326
1326 1327
1327 1328
1328 1329
1329 1330
1330 1331
1331 1332
1332 1333
1333 1334
1334 1335
1335 1336
1336 1337
1337 1338
1338 1339
1339 1340
1340 1341
1341 1342
1342 1343
1343 1344
1344 1345
1345 1346
1346 1347
1347 1348
1348 1349
1349 1350
1350 1351
1351 1352
1352 1353
1353 1354
1354 1355
1355 1356
1356 1357
1357 1358
1358 1359
1359 1360
1360 1361
1361 1362
1362 1363
1363 1364
1364 1365
1365 1366
1366 1367
1367 1368
1368 1369
1369 1370
1370 1371
1371 1372
1372 1373
1373 1374
1374 1375
1375 1376
1376 1377
1377 1378
1378 1379
1379 1380
1380 1381
1381 1382
1382 1383
1383 1384
1384 1385
1385 1386
1386 1387
1387 1388
1388 1389
1389 1390
1390 1391
1391 1392
1393 1394
1394 1395
1395 1396
1396 1397
1397 1398
1398 1399
1399 1400
1400 1401
1401 1402
1402 1403
1403 1404
1404 1405
1405 1406
1406 1407
1407 1408
1408 1409
1409 1410
1410 1411
1411 1412
1412 1413
1414 1415
1415 1416
1416 1417
1417 1418
1418 1419
1419 1420
1420 1421
1421 1422
1422 1423
1423 1424
1424 1425
1425 1426
1426 1427
1427 1428
1429 1430
1430 1431
1431 1432
1432 1433
1433 1434
1434 1435
1435 1436
1436 1437
1438 1439
1439 1440
1440 1441
1441 1442
1442 1443
1443 1444
1444 1445
1445 1446
1446 1447
1447 1448
1448 1449
1449 1450
1450 1451
1451 1452
1452 1453
1453 1454
1454 1455
1455 1456
1456 1457
1457 1458
1458 1459
1459 1460
1460 1461
1461 1462
1462 1463
1463 1464
1464 1465
1465 1466
1466 1467
1467 1468
1468 1469
1469 1470
1470 1471
1471 1472
1472 1473
1473 1474
1474 1475
1476 1477
1477 1478
1478 1479
1479 1480
1480 1481
1481 1482
1482 1483
1483 1484
1484 1485
1485 1486
1486 1487
1487 1488
1488 1489
1489 1490
1490 1491
1491 1492
1492 1493
1493 1494
1494 1495
1495 1496
1496 1497
1497 1498
1498 1499
1499 1500
1500 1501
1501 1502
1502 1503
1503 1504
1504 1505
1505 1506
1506 1507
1507 1508
1508 1509
1509 1510
1510 1511
1511 1512
1512 1513
1513 1514
1514 1515
1515 1516
1516 1517
1517 1518
1518 1519
1519 1520
1520 1521
1521 1522
1522 1523
1523 1524
1524 1525
1525 1526
1526 1527
1527 1528
1528 1529
1529 1530
1530 1531
1531 1532
1532 1533
1534 1535
1535 1536
1536 1537
1537 1538
1538 1539
1539 1540
1540 1541
1541 1542
1542 1543
1543 1544
1544 1545
1545 1546
1546 1547
1547 1548
1548 1549
1549 1550
1550 1551
1551 1552
1552 1553
1553 1554
1554 1555
1555 1556
1556 1557
1557 1558
1558 1559
1559 1560
1560 1561
1561 1562
1562 1563
1563 1564
1564 1565
1565 1566
1567 1568
1568 1569
1569 1570
1570 1571
1571 1572
1572 1573
1573 1574
1574 1575
1575 1576
1576 1577
1577 1578
1578 1579
1579 1580
1580 1581
1581 1582
1582 1583
1583 1584
1584 1585
1586 1587
1587 1588
1588 1589
1589 1590
1590 1591
1591 1592
1592 1593
1593 1594
1594 1595
1595 1596
1596 1597
1597 1598
1598 1599
1599 1600
1600 1601
1601 1602
1602 1603
1603 1604
1604 1605
1605 1606
1606 1607
1607 1608
1608 1609
1609 1610
1610 1611
1611 1612
1612 1613
1613 1614
1614 1615
1615 1616
1616 1617
1618 1619
1619 1620
1620 1621
1621 1622
1622 1623
1623 1624
1624 1625
1625 1626
1626 1627
1628 1629
1630 1631
1631 1632
1632 1633
1633 1634
1634 1635
1635 1636
1636 1637
1637 1638
1638 1639
1639 1640
1640 1641
1641 1642
1642 1643
1643 1644
1644 1645
1645 1646
1646 1647
1647 1648
1648 1649
1649 1650
1650 1651
1651 1652
1652 1653
1653 1654
1654 1655
1655 1656
1656 1657
1657 1658
1658 1659
1659 1660
1660 1661
1661 1662
1663 1664
1664 1665
1665 1666
1666 1667
1667 1668
1668 1669
1669 1670
1670 1671
1671 1672
1672 1673
1673 1674
1675 1676
1676 1677
1677 1678
1678 1679
1679 1680
1680 1681
1681 1682
1682 1683
1683 1684
1684 1685
1685 1686
1686 1687
1687 1688
1688 1689
1689 1690
1690 1691
1691 1692
1692 1693
1693 1694
1694 1695
1695 1696
1696 1697
1698 1699
1699 1700
1700 1701
1701 1702
1702 1703
1703 1704
1704 1705
1705 1706
1706 1707
1707 1708
1708 1709
1709 1710
1710 1711
1711 1712
1712 1713
1713 1714
1714 1715
1715 1716
1716 1717
1717 1718
1718 1719
1719 1720
1720 1721
1721 1722
1723 1724
1724 1725
1725 1726
1726 1727
1727 1728
1728 1729
1729 1730
1730 1731
1731 1732
1732 1733
1733 1734
1734 1735
1736 1737
1737 1738
1738 1739
1739 1740
1740 1741
1741 1742
1742 1743
1743 1744
1744 1745
1745 1746
1746 1747
1747 1748
1748 1749
1749 1750
1750 1751
1751 1752
1752 1753
1753 1754
1754 1755
1755 1756
1756 1757
1757 1758
1758 1759
1759 1760
1760 1761
1761 1762
1762 1763
1763 1764
1764 1765
1766 1767
1767 1768
1768 1769
1769 1770
1771 1772
1772 1773
1773 1774
1774 1775
1775 1776
1776 1777
1777 1778
1778 1779
1779 1780
1780 1781
1781 1782
1782 1783
1783 1784
1784 1785
1785 1786
1786 1787
1787 1788
1788 1789
1789 1790
1790 1791
1791 1792
1792 1793
1793 1794
1794 1795
1795 1796
1796 1797
1797 1798
1798 1799
1799 1800
1800 1801
1801 1802
1802 1803
1803 1804
1804 1805
1805 1806
1807 1808
1808 1809
1809 1810
1810 1811
1811 1812
1812 1813
1813 1814
1814 1815
1815 1816
1816 1817
1817 1818
1818 1819
1819 1820
1820 1821
1821 1822
1822 1823
1823 1824
1824 1825
1825 1826
1826 1827
1827 1828
1829 1830
1830 1831
1831 1832
1832 1833
1833 1834
1834 1835
1835 1836
1836 1837
1837 1838
1838 1839
1839 1840
1840 1841
1841 1842
1842 1843
1843 1844
1844 1845
1845 1846
1846 1847
1847 1848
1848 1849
1849 1850
1850 1851
1851 1852
1852 1853
1853 1854
1854 1855
1856 1857
1857 1858
1858 1859
1859 1860
1860 1861
1861 1862
1862 1863
1863 1864
1864 1865
1865 1866
1866 1867
1867 1868
1868 1869
1869 1870
1870 1871
1871 1872
1872 1873
1873 1874
1874 1875
1875 1876
1876 1877
1877 1878
1878 1879
1879 1880
1881 1882
1882 1883
1883 1884
1884 1885
1885 1886
1886 1887
1887 1888
1888 1889
1889 1890
1890 1891
1891 1892
1892 1893
1893 1894
1894 1895
1895 1896
1896 1897
1897 1898
1898 1899
1899 1900
1900 1901
1901 1902
1902 1903
1903 1904
1905 1906
1906 1907
1907 1908
1908 1909
1909 1910
1910 1911
1911 1912
1912 1913
1913 1914
1914 1915
1915 1916
1916 1917
1917 1918
1918 1919
1919 1920
1920 1921
1921 1922
1922 1923
1923 1924
1924 1925
1925 1926
1926 1927
1927 1928
1928 1929
1929 1930
1930 1931
1931 1932
1932 1933
1933 1934
1934 1935
1936 1937
1937 1938
1938 1939
1939 1940
1940 1941
1941 1942
1942 1943
1943 1944
1944 1945
1946 1947
1947 1948
1948 1949
1949 1950
1950 1951
1951 1952
1952 1953
1953 1954
1954 1955
1955 1956
1956 1957
1957 1958
1958 1959
1959 1960
1960 1961
1961 1962
1962 1963
1963 1964
1964 1965
1965 1966
1966 1967
1967 1968
1968 1969
1969 1970
1970 1971
1971 1972
1972 1973
1973 1974
1974 1975
1976 1977
1977 1978
1978 1979
1979 1980
1980 1981
1981 1982
1982 1983
1983 1984
1984 1985
1985 1986
1986 1987
1987 1988
1988 1989
1989 1990
1990 1991
1991 1992
1992 1993
1994 1995
1995 1996
1996 1997
1997 1998
1998 1999
1999 2000
2000 2001
2001 2002
2002 2003
2003 2004
2004 2005
2005 2006
2006 2007
2008 2009
2009 2010
2010 2011
2011 2012
2012 2013
2014 2015
2015 2016
2016 2017
2017 2018
2018 2019
2019 2020
2020 2021
2021 2022
2022 2023
2023 2024
2024 2025
2025 2026
2026 2027
2027 2028
2028 2029
2029 2030
2030 2031
2031 2032
2032 2033
2033 2034
2034 2035
2035 2036
2036 2037
2038 2039
2039 2040
2040 2041
2041 2042
2042 2043
2043 2044
2044 2045
2045 2046
2046 2047
2047 2048
2048 2049
2049 2050
2050 2051
2051 2052
2053 2054
2054 2055
2055 2056
2056 2057
2057 2058
2058 2059
2059 2060
2060 2061
2061 2062
2062 2063
2063 2064
2064 2065
2065 2066
2066 2067
2067 2068
2068 2069
2069 2070
2071 2072
2072 2073
2073 2074
2074 2075
2075 2076
2076 2077
2077 2078
2078 2079
2079 2080
2080 2081
2081 2082
2082 2083
2083 2084
2084 2085
2085 2086
2086 2087
2087 2088
2088 2089
2089 2090
2090 2091
2091 2092
2092 2093
2093 2094
2094 2095
2095 2096
2096 2097
2097 2098
2098 2099
2099 2100
2100 2101
2101 2102
2102 2103
2103 2104
2104 2105
2105 2106
2106 2107
2107 2108
2108 2109
2109 2110
2110 2111
2111 2112
2112 2113
2113 2114
2114 2115
2115 2116
2116 2117
2117 2118
2118 2119
2119 2120
2120 2121
2122 2123
2124 2125
2125 2126
2126 2127
2127 2128
2128 2129
2129 2130
2130 2131
2131 2132
2132 2133
2133 2134
2134 2135
2135 2136
2136 2137
2137 2138
2138 2139
2139 2140
2140 2141
2141 2142
2142 2143
2144 2145
2145 2146
2146 2147
2147 2148
2148 2149
2149 2150
2150 2151
2151 2152
2152 2153
2153 2154
2154 2155
2155 2156
2156 2157
2157 2158
2158 2159
2159 2160
2160 2161
2161 2162
2162 2163
2163 2164
2164 2165
2165 2166
2167 2168
2168 2169
2169 2170
2170 2171
2171 2172
2172 2173
2173 2174
2174 2175
2175 2176
2176 2177
2177 2178
2178 2179
2179 2180
2180 2181
2181 2182
2182 2183
2183 2184
2184 2185
2185 2186
2186 2187
2187 2188
2188 2189
2189 2190
2191 2192
2192 2193
2193 2194
2194 2195
2195 2196
2196 2197
2197 2198
2198 2199
2199 2200
2200 2201
2201 2202
2202 2203
2203 2204
2204 2205
2205 2206
2206 2207
2207 2208
2208 2209
2209 2210
2210 2211
2212 2213
2213 2214
2214 2215
2215 2216
2216 2217
2217 2218
2218 2219
2219 2220
2220 2221
2221 2222
2222 2223
2223 2224
2224 2225
2225 2226
2227 2228
2228 2229
2229 2230
2230 2231
2231 2232
2232 2233
2233 2234
2234 2235
2235 2236
2236 2237
2237 2238
2238 2239
2239 2240
2240 2241
2241 2242
2242 2243
2243 2244
2244 2245
2245 2246
2246 2247
2247 2248
2248 2249
2249 2250
2250 2251
2251 2252
2252 2253
2253 2254
2254 2255
2255 2256
2256 2257
2257 2258
2258 2259
2259 2260
2260 2261
2261 2262
2262 2263
2263 2264
2264 2265
2265 2266
2266 2267
2268 2269
2269 2270
2270 2271
2271 2272
2272 2273
2273 2274
2274 2275
2275 2276
2276 2277
2277 2278
2278 2279
2279 2280
2280 2281
2281 2282
2282 2283
2283 2284
2284 2285
2285 2286
2286 2287
2287 2288
2288 2289
2290 2291
2291 2292
2292 2293
2293 2294
2294 2295
2295 2296
2296 2297
2297 2298
2298 2299
2299 2300
2300 2301
2301 2302
2302 2303
2303 2304
2304 2305
2305 2306
2306 2307
2307 2308
2308 2309
2310 2311
2311 2312
2312 2313
2313 2314
2314 2315
2315 2316
2316 2317
2317 2318
2318 2319
2319 2320
2320 2321
2321 2322
2322 2323
2323 2324
2324 2325
2325 2326
2326 2327
2327 2328
2328 2329
2330 2331
2331 2332
2332 2333
2333 2334
2334 2335
2335 2336
2336 2337
2337 2338
2338 2339
2339 2340
2340 2341
2341 2342
2342 2343
2343 2344
2344 2345
2345 2346
2346 2347
2347 2348
2348 2349
2349 2350
2350 2351
2351 2352
2352 2353
2353 2354
2354 2355
2355 2356
2357 2358
2358 2359
2359 2360
2360 2361
2361 2362
2362 2363
2363 2364
2364 2365
2365 2366
2366 2367
2367 2368
2368 2369
2369 2370
2371 2372
2372 2373
2373 2374
2374 2375
2375 2376
2376 2377
2377 2378
2378 2379
2379 2380
2380 2381
2381 2382
2382 2383
2383 2384
2384 2385
2385 2386
2386 2387
2387 2388
2388 2389
2389 2390
2390 2391
2391 2392
2392 2393
2393 2394
2394 2395
2395 2396
2396 2397
2397 2398
2399 2400
2400 2401
2401 2402
2402 2403
2403 2404
2404 2405
2405 2406
2406 2407
2407 2408
2408 2409
2409 2410
2410 2411
2411 2412
2412 2413
2413 2414
2415 2416
2416 2417
2417 2418
2418 2419
2419 2420
2420 2421
2421 2422
2422 2423
2423 2424
2424 2425
2425 2426
2426 2427
2427 2428
2428 2429
2429 2430
2430 2431
2431 2432
2432 2433
2433 2434
2434 2435
2435 2436
2436 2437
2437 2438
2438 2439
2439 2440
2440 2441
2441 2442
2442 2443
2443 2444
2444 2445
2445 2446
2446 2447
2447 2448
2448 2449
2449 2450
2450 2451
2451 2452
2452 2453
2453 2454
2454 2455
2455 2456
2456 2457
2457 2458
2458 2459
2459 2460
2460 2461
2461 2462
2462 2463
2463 2464
2464 2465
2465 2466
2466 2467
2467 2468
2468 2469
2469 2470
2470 2471
2471 2472
2472 2473
2473 2474
2474 2475
2475 2476
2476 2477
2477 2478
2478 2479
2479 2480
2480 2481
2481 2482
2482 2483
2483 2484
2484 2485
2485 2486
2486 2487
2487 2488
2488 2489
2489 2490
2490 2491
2491 2492
2492 2493
2493 2494
2494 2495
2495 2496
2496 2497
2497 2498
2498 2499
2499 2500
2500 2501
2501 2502
2502 2503
2503 2504
2505 2506
2506 2507
2507 2508
2508 2509
2509 2510
2510 2511
2511 2512
2512 2513
2513 2514
2514 2515
2515 2516
2516 2517
2517 2518
2518 2519
2519 2520
2520 2521
2521 2522
2522 2523
2523 2524
2524 2525
2525 2526
2526 2527
2527 2528
2528 2529
2529 2530
2530 2531
2531 2532
2532 2533
2533 2534
2534 2535
2535 2536
2536 2537
2537 2538
2538 2539
2539 2540
2540 2541
2541 2542
2542 2543
2543 2544
2544 2545
2545 2546
2546 2547
2547 2548
2548 2549
2549 2550
2550 2551
2551 2552
2552 2553
2553 2554
2554 2555
2555 2556
2556 2557
2557 2558
2558 2559
2559 2560
2560 2561
2561 2562
2562 2563
2563 2564
2564 2565
2565 2566
2566 2567
2567 2568
2568 2569
2569 2570
2570 2571
2571 2572
2572 2573
2573 2574
2574 2575
2575 2576
2576 2577
2577 2578
2578 2579
2579 2580
2580 2581
2581 2582
2582 2583
2583 2584
2584 2585
2585 2586
2586 2587
2587 2588
2588 2589
2589 2590
2590 2591
2591 2592
2592 2593
2593 2594
2594 2595
2595 2596
2596 2597
2597 2598
2598 2599
2599 2600
2600 2601
2601 2602
2602 2603
2603 2604
2604 2605
2605 2606
2606 2607
2607 2608
2608 2609
2609 2610
2610 2611
2612 2613
2613 2614
2614 2615
2615 2616
2616 2617
2617 2618
2618 2619
2619 2620
2620 2621
2621 2622
2623 2624
2624 2625
2626 2627
2627 2628
2628 2629
2629 2630
2630 2631
2632 2633
2633 2634
2634 2635
2635 2636
2636 2637
2637 2638
2638 2639
2639 2640
2640 2641
2641 2642
2642 2643
2643 2644
2644 2645
2645 2646
2646 2647
2647 2648
2648 2649
2649 2650
2650 2651
2652 2653
2653 2654
2654 2655
2655 2656
2656 2657
2657 2658
2658 2659
2659 2660
2660 2661
2661 2662
2662 2663
2663 2664
2664 2665
2665 2666
2666 2667
2667 2668
2668 2669
2669 2670
2670 2671
2671 2672
2672 2673
2673 2674
2674 2675
2675 2676
2676 2677
2677 2678
2678 2679
2679 2680
2680 2681
2681 2682
2682 2683
2683 2684
2684 2685
2685 2686
2686 2687
2687 2688
2688 2689
2689 2690
2690 2691
2692 2693
2693 2694
2694 2695
2695 2696
2696 2697
2697 2698
2698 2699
2699 2700
2700 2701
2701 2702
2702 2703
2703 2704
2704 2705
2705 2706
2706 2707
2707 2708
2708 2709
2709 2710
2710 2711
2711 2712
2712 2713
2713 2714
2714 2715
2715 2716
2716 2717
2717 2718
2718 2719
2719 2720
2720 2721
2721 2722
2722 2723
2723 2724
2724 2725
2725 2726
2726 2727
2727 2728
2728 2729
2729 2730
2731 2732
2732 2733
2733 2734
2734 2735
2735 2736
2736 2737
2737 2738
2738 2739
2739 2740
2740 2741
2741 2742
2742 2743
2743 2744
2744 2745
2745 2746
2746 2747
2747 2748
2748 2749
2749 2750
2750 2751
2751 2752
2752 2753
2753 2754
2754 2755
2755 2756
2756 2757
2757 2758
2758 2759
2759 2760
2760 2761
2761 2762
2762 2763
2763 2764
2764 2765
2765 2766
2766 2767
2767 2768
2768 2769
2769 2770
2770 2771
2771 2772
2772 2773
2773 2774
2774 2775
2775 2776
2776 2777
2777 2778
2778 2779
2779 2780
2780 2781
2781 2782
2782 2783
2783 2784
2784 2785
2785 2786
2786 2787
2788 2789
2789 2790
2790 2791
2791 2792
2792 2793
2793 2794
2794 2795
2795 2796
2796 2797
2797 2798
2798 2799
2799 2800
2800 2801
2801 2802
2802 2803
2803 2804
2804 2805
2805 2806
2806 2807
2807 2808
2808 2809
2809 2810
2810 2811
2811 2812
2812 2813
2813 2814
2814 2815
2815 2816
2816 2817
2817 2818
2818 2819
2819 2820
2820 2821
2821 2822
2822 2823
2823 2824
2824 2825
2825 2826
2826 2827
2827 2828
2828 2829
2829 2830
2830 2831
2832 2833
2833 2834
2834 2835
2835 2836
2836 2837
2837 2838
2838 2839
2839 2840
2840 2841
2841 2842
2842 2843
2843 2844
2844 2845
2845 2846
2846 2847
2847 2848
2848 2849
2849 2850
2850 2851
2851 2852
2852 2853
2854 2855
2855 2856
2856 2857
2857 2858
2858 2859
2859 2860
2860 2861
2861 2862
2862 2863
2863 2864
2864 2865
2865 2866
2866 2867
2867 2868
2868 2869
2869 2870
2870 2871
2871 2872
2872 2873
2873 2874
2874 2875
2875 2876
2876 2877
2877 2878
2878 2879
2879 2880
2880 2881
2881 2882
2882 2883
2883 2884
2884 2885
2885 2886
2886 2887
2887 2888
2888 2889
2889 2890
2890 2891
2891 2892
2892 2893
2894 2895
2895 2896
2896 2897
2897 2898
2898 2899
2899 2900
2900 2901
2901 2902
2902 2903
2903 2904
2904 2905
2905 2906
2906 2907
2907 2908
2908 2909
2909 2910
2910 2911
2911 2912
2912 2913
2913 2914

