1717 0 1656
-8.68559 -28.5766 2.64107
-8.24852 -28.8354 2.16088
-7.98715 -28.9593 1.88171
-7.84387 -29.0279 1.7217
-7.48317 -29.1841 1.33726
-7.22007 -29.2376 1.0859
-7.03594 -29.258 0.904546
-6.83797 -29.2583 0.710008
-6.70957 -29.2432 0.587042
-6.38196 -29.1928 0.273239
-6.13519 -29.1183 0.0306572
-5.91199 -28.9481 -0.220691
-5.66229 -28.7002 -0.456796
-5.40786 -28.3865 -0.707583
-5.11413 -27.9547 -0.999617
-4.99438 -27.7857 -1.01979
-4.9295 -27.5349 -1.13837
-4.9295 -27.5349 -1.13837
-4.75322 -27.2503 -1.04761
-4.64294 -27.139 -0.933064
-4.44998 -26.922 -0.714454
-4.26556 -26.7437 -0.354104
-4.07694 -26.5345 0.0140265
-3.94753 -26.3818 0.274218
-3.81304 -26.2133 0.557791
-3.76835 -26.1011 0.802165
-3.75025 -26.0174 1.02768
-3.74664 -25.8233 1.50796
-3.96459 -25.7821 1.90192
-4.28394 -25.6503 2.31685
-4.47156 -25.5741 2.48532
-4.74013 -25.4857 2.7014
-4.9284 -25.4243 2.85232
-5.11002 -25.3555 2.96828
-5.25703 -25.2972 3.04661
-5.4197 -25.2188 3.1052
-5.5634 -25.1502 3.15839
-5.8355 -25.0071 3.23161
-6.00701 -24.9184 3.27946
-6.27816 -24.756 3.33477
-6.47292 -24.5866 3.32624
-6.7347 -24.3183 3.27496
-6.98488 -24.0533 3.22006
-7.23149 -23.7823 3.16263
-7.46013 -23.5285 3.10808
-7.56395 -23.2194 2.92568
-7.56395 -23.2194 2.92568
-7.24393 -23.0366 2.56293
-7.09824 -22.7754 2.24689
-7.04132 -22.5912 2.02572
-6.98615 -22.2848 1.62113
-6.96072 -22.117 1.4012
-6.94575 -21.9126 1.14016
-6.94296 -21.7765 0.970677
-6.94653 -21.5795 0.730445
-6.95912 -21.3946 0.512595
-6.97897 -21.234 0.332288
-7.0027 -21.0892 0.175875
-7.04879 -20.8593 -0.0631176
-7.13116 -20.5045 -0.419791
-7.22051 -20.1693 -0.744635
-7.32167 -19.8315 -1.06372
-7.39325 -19.6013 -1.27955
-7.49076 -19.3276 -1.53201
-7.54652 -19.1826 -1.66458
-7.61715 -18.9942 -1.82893
-7.72013 -18.7436 -2.05528
-7.77412 -18.6071 -2.17314
-7.79308 -18.567 -2.21076
-12.19 -19.6114 -6.39955
-12.2037 -19.6275 -6.40702
-12.2985 -19.7097 -6.44876
-12.6945 -19.9996 -6.5185
-13.0213 -20.2512 -6.55775
-13.404 -20.479 -6.51976
-13.6572 -20.6532 -6.48911
-13.8994 -20.8563 -6.44879
-14.0758 -21.0128 -6.4173
-14.545 -21.0669 -6.41867
-2.83608 -19.6223 8.49417
-3.15269 -20.2223 8.35724
-3.26902 -20.442 8.27153
-3.38758 -20.6547 8.18194
-3.49621 -20.8446 8.09996
-3.67883 -21.1553 7.95067
-3.83588 -21.3702 7.80778
-4.11411 -21.7131 7.60031
-4.39941 -21.9772 7.154
-4.50592 -22.0649 6.97465
-4.62208 -22.155 6.76498
-4.71093 -22.2185 6.59214
-4.85868 -22.2939 6.23814
-4.92722 -22.3023 6.01776
-5.00484 -22.2871 5.71853
-5.07277 -22.2551 5.42072
-5.13276 -22.2136 5.13376
-5.22648 -22.1021 4.60478
-5.25676 -21.9613 4.25079
-5.2576 -21.7965 3.98641
-5.22462 -21.4848 3.5842
-5.17812 -21.1558 3.20967
-5.10732 -20.7967 2.89015
-5.03454 -20.5397 2.70137
-4.91566 -20.2501 2.56941
-4.76457 -19.9483 2.46083
-4.48373 -19.4741 2.32651
-10.091 -16.3565 1.48552
-10.1373 -16.5832 1.57562
-10.1956 -16.7834 1.65675
-10.3058 -17.3075 1.85918
-10.3819 -17.8514 2.06046
-10.4031 -18.3675 2.24286
-10.4202 -18.6711 2.34845
-10.3786 -19.1842 2.51709
-10.3544 -19.4745 2.61119
-10.3023 -19.7918 2.71184
-10.2427 -20.0502 2.79051
-10.1699 -20.4058 2.88691
-9.92758 -20.9952 3.03764
-9.74879 -21.3707 3.12568
-9.64113 -21.5661 3.16403
-9.49291 -21.833 3.21411
-9.45944 -21.8881 3.22241
-9.21777 -22.2123 3.2467
-8.81919 -22.5396 3.22943
-8.52945 -22.7672 3.20937
-8.27861 -22.9345 3.17188
-8.12022 -23.0259 3.13981
-7.93122 -23.1244 3.09368
-7.56395 -23.2194 2.92568
-20.713 -13.7921 0.294581
-20.6899 -14.2967 0.297533
-20.6581 -14.866 0.145778
-20.6007 -15.3184 0.0910615
-20.5276 -15.7884 0.0443945
-20.4217 -16.3353 0.0126301
-20.3404 -16.7449 -0.00759518
-20.3041 -16.9145 -0.0142494
-20.2061 -17.2945 -0.0164957
-20.1395 -17.5251 -0.0143501
-20.0294 -17.8368 0.0124265
-19.8762 -18.2622 0.0466492
-19.7065 -18.6242 0.108995
-19.4874 -19.0898 0.189251
-19.3141 -19.389 0.28081
-19.0757 -19.8121 0.400748
-18.962 -20.0094 0.458728
-18.8354 -20.2168 0.530818
-18.6093 -20.575 0.674139
-18.3235 -20.9624 0.857382
-18.0404 -21.3428 1.04032
-17.8801 -21.5578 1.14342
-17.8134 -21.6463 1.18579
-17.6149 -21.9177 1.29222
-11.1164 -11.8319 -7.53521
-11.1895 -11.7426 -7.64649
-11.2767 -11.6352 -7.78004
-11.3701 -11.5179 -7.92513
-11.4636 -11.399 -8.0716
-11.6276 -11.1809 -8.33755
-11.723 -11.0526 -8.49364
-11.8151 -10.9148 -8.65721
-11.8847 -10.804 -8.78649
-11.955 -10.6772 -8.93119
-12.0903 -10.4682 -9.17152
-12.1776 -10.3369 -9.32308
-12.2326 -10.1148 -9.54224
-12.2722 -9.85755 -9.78699
-12.2917 -9.61929 -10.008
-12.3086 -9.20726 -10.3841
-12.3097 -8.84685 -10.7082
-12.2884 -8.45925 -11.0491
-12.2713 -8.29101 -11.1942
-12.2414 -8.10076 -11.3546
-12.2099 -7.94 -11.4879
-12.1668 -7.8002 -11.5982
-12.0939 -7.61138 -11.7416
-12.0019 -7.42905 -11.8719
-11.8351 -7.14267 -12.0683
-11.6583 -6.86125 -12.2562
-11.4333 -6.52256 -12.4777
-11.1015 -6.02931 -12.798
-10.9636 -5.85106 -12.901
-10.7074 -5.54163 -13.065
-10.4988 -5.36014 -13.13
-10.3 -5.13836 -13.2352
-10.0735 -4.93411 -13.3082
-9.95124 -4.80301 -13.3641
-9.58992 -4.4266 -13.5144
-9.27461 -4.06018 -13.6776
-9.12059 -3.86453 -13.7677
-9.00534 -3.70257 -13.8501
-8.84428 -3.43368 -14.0031
-8.67916 -3.0743 -14.2341
-8.55542 -2.79361 -14.4151
-8.49133 -2.64012 -14.5155
-8.36635 -2.31098 -14.7351
-8.25371 -1.99709 -14.9401
-8.20237 -1.64293 -15.2147
-8.11335 -1.11131 -15.5186
-8.06955 -0.698883 -15.7779
-20.4739 -9.74786 -9.07627
-20.4757 -9.47928 -9.21693
-20.4536 -9.16232 -9.45258
-20.4309 -9.03752 -9.58184
-20.3958 -8.79662 -9.80012
-20.3553 -8.56052 -10.0267
-20.2898 -8.18899 -10.3814
-20.2253 -7.82687 -10.7236
-20.1128 -7.46681 -11.1301
-20.0458 -7.21726 -11.3667
-19.96 -7.06584 -11.5824
-19.871 -6.88355 -11.8153
-19.7866 -6.71207 -12.021
-19.7306 -6.55707 -12.1732
-19.5172 -6.09595 -12.6802
-19.3458 -5.78411 -13.0437
-19.1695 -5.53668 -13.3568
-18.9692 -5.28851 -13.6837
-18.8006 -5.06672 -13.9541
-18.6857 -4.92895 -14.1264
-18.5062 -4.71808 -14.3874
-18.3893 -4.56343 -14.5606
-18.2865 -4.44728 -14.6975
-18.0904 -4.19534 -14.9616
-17.9033 -3.94853 -15.2018
-17.7315 -3.75056 -15.4007
-17.5714 -3.50403 -15.5919
-17.4587 -3.21825 -15.7583
-3.64334 -7.04267 -8.29653
-3.66529 -6.9676 -8.36314
-3.66611 -6.9648 -8.36562
-6.53798 -6.33346 15.3338
-6.8601 -6.31841 15.2274
-7.22935 -6.09731 15.1381
-7.6474 -5.88181 15.0305
-8.05109 -5.6687 14.9075
-8.66397 -5.32364 14.7101
-8.82696 -5.22475 14.6456
-9.16463 -4.96731 14.4939
-9.28133 -4.86785 14.4387
-9.48146 -4.7104 14.3356
-9.66036 -4.5707 14.2415
-9.96612 -4.33107 14.0792
-10.2158 -4.12528 13.9401
-10.412 -3.96755 13.827
-10.736 -3.72742 13.6166
-11.0337 -3.48136 13.4159
-11.2014 -3.3552 13.2974
-11.4449 -3.1736 13.12
-11.685 -2.98591 12.9421
-12.0831 -2.66593 12.6425
-12.2128 -2.55657 12.5435
-12.3198 -2.46993 12.4596
-12.5388 -2.28682 12.2858
-12.7677 -2.08517 12.0992
-12.9459 -1.92212 11.9505
-13.1376 -1.73495 11.7845
-13.2369 -1.6344 11.6968
-13.4793 -1.37056 11.4746
-13.6492 -1.17226 11.3097
-13.8336 -0.943269 11.1231
-13.954 -0.787054 10.9965
-14.1071 -0.586136 10.8336
-14.2313 -0.420819 10.6986
-14.3494 -0.26198 10.5666
-14.4393 -0.14124 10.4646
-14.6352 0.114832 10.2396
-14.9517 0.485808 9.87333
-15.2504 0.839745 9.52702
-15.3777 0.972403 9.38137
-15.5768 1.14216 9.16031
-15.7604 1.28192 8.9602
-15.985 1.41057 8.72598
-16.151 1.50387 8.5533
-16.3329 1.60322 8.36468
-16.5575 1.68702 8.14078
-16.7156 1.75202 7.98165
-16.9906 1.73449 7.73374
-17.2273 1.71599 7.51817
-17.4282 1.67818 7.33805
-17.6263 1.63285 7.16062
-17.8296 1.56739 6.97637
-18.0254 1.48183 6.79685
-18.1451 1.41222 6.68274
-18.3602 1.27028 6.46698
-18.6155 1.04224 6.18633
-18.8289 0.767543 5.8973
-18.9408 0.513204 5.68545
-19.1035 0.132992 5.36726
-19.1791 -0.0604419 5.20185
-19.2796 -0.37676 4.93925
-19.3318 -0.70543 4.63229
-19.375 -0.977488 4.35825
-19.4184 -1.31342 4.0502
-1.15187 -4.99401 8.57003
-1.10825 -5.09941 8.21377
-1.08082 -5.21905 7.98066
-1.05298 -5.3448 7.74197
-1.02682 -5.4502 7.51587
-0.972188 -5.67358 7.0342
-0.93874 -5.78889 6.66365
-0.933231 -5.95545 6.43721
-0.922961 -6.14517 6.09682
-0.920889 -6.2894 5.86464
-0.921404 -6.39384 5.70023
-0.926497 -6.55207 5.46659
-0.937664 -6.77028 5.15287
-0.944672 -6.84634 5.05148
-0.969657 -7.05405 4.78826
-1.03007 -7.42801 4.29882
-1.10598 -7.7916 4.11352
-1.15313 -8.00145 3.97337
-1.19591 -8.19578 3.75467
-1.24993 -8.43076 3.56118
-1.35531 -8.84157 3.29171
-1.439 -9.16931 3.03905
-1.51115 -9.43035 2.83136
-1.56034 -9.60542 2.69003
-1.67805 -9.99142 2.54851
-1.82602 -10.4695 2.37406
-1.91833 -10.7631 2.27488
-1.98679 -10.9802 2.20484
-2.06333 -11.2222 2.13108
-2.15732 -11.5178 2.04562
-2.25862 -11.8354 1.95556
-2.33875 -12.085 1.88876
-2.41792 -12.3298 1.82577
-2.51313 -12.6221 1.75271
-2.55373 -12.7462 1.72212
-2.5942 -12.8688 1.69234
-2.63815 -13.0013 1.66045
-2.72807 -13.2693 1.59685
-2.77705 -13.4137 1.56291
-2.8392 -13.5941 1.52064
-2.93398 -13.8654 1.45771
-3.13125 -14.4214 1.33238
-3.31608 -14.9236 1.22139
-3.49145 -15.4211 1.13212
-3.71149 -15.7946 1.07003
-3.87536 -16.0871 1.02598
-4.07412 -16.4457 0.976416
-4.32905 -16.8917 0.915569
-4.46776 -17.1043 0.881401
-4.57845 -17.5249 0.9994
-4.65605 -17.8881 1.1207
-4.7039 -18.1177 1.19963
-4.7669 -18.4477 1.3205
-4.79844 -18.6879 1.43327
-4.82474 -18.9256 1.55778
-4.76423 -19.2399 1.86591
-4.48373 -19.4741 2.32651
-1.66833 0.674727 -9.53312
-1.66833 0.674736 -9.53312
-1.66832 0.674743 -9.53312
-16.9855 2.41599 -16.3882
-17.0574 2.49564 -16.2272
-1.69728 7.90775 -9.17298
-1.69728 7.90775 -9.17298
-19.1973 9.90169 -1.98329
-19.1132 10.0058 -1.51036
-19.0737 9.99229 -1.13514
-18.9835 10.032 -0.624654
-18.9133 10.0401 -0.199199
-18.8579 10.0538 0.0994175
-18.8026 10.0704 0.37834
-18.7434 10.088 0.661646
-18.667 10.1103 1.02256
-18.589 10.1326 1.39176
-18.481 10.2062 1.676
-18.3802 10.2008 1.98869
-18.245 10.1978 2.38811
-18.1088 10.2061 2.7329
-18.0314 10.2129 2.904
-17.9055 10.2207 3.16782
-17.7599 10.2268 3.46462
-17.66 10.2302 3.65713
-17.5621 10.2333 3.84031
-17.4764 10.2349 3.99517
-17.282 10.2369 4.33481
-17.1004 10.2363 4.62299
-16.8259 10.2321 5.03296
-16.6353 10.2284 5.30728
-16.5438 10.2264 5.43705
-16.412 10.2234 5.62204
-16.2384 10.2193 5.8639
-16.0121 10.2138 6.17047
-15.8502 10.2084 6.37923
-15.7636 10.2055 6.49077
-15.5935 10.1999 6.70986
-15.4562 10.1953 6.88672
-15.186 10.1859 7.23485
-14.8894 10.1784 7.61584
-14.7176 10.1633 7.83643
-14.4863 10.1778 8.11569
-14.3295 10.1917 8.30049
-14.0841 10.1953 8.59661
-13.7479 10.1871 9.02042
-13.5868 10.1819 9.22071
-13.3772 10.1837 9.47311
-13.2103 10.177 9.65961
-13.0901 10.1738 9.79153
-12.9631 10.1707 9.9308
-12.5112 10.165 10.4211
-12.4318 10.1662 10.503
-12.2225 10.1811 10.6925
-12.0411 10.1975 10.8533
-11.4952 10.2184 11.2524
-11.129 10.2341 11.4668
-10.7963 10.2641 11.6548
-10.6106 10.2496 11.7726
-10.3195 10.3225 11.9077
-9.95752 10.3227 12.0701
-9.74825 10.34 12.1562
-9.29006 10.3777 12.3445
-9.07176 10.4001 12.4321
-8.63951 10.5198 12.5673
-8.20822 10.6312 12.703
-7.6337 10.7703 12.8847
-12.5716 13.7083 -10.3494
-12.8902 13.3787 -10.182
-13.0824 13.0966 -10.056
-13.1962 12.9161 -9.97649
-13.4453 12.3912 -9.75273
-13.5601 12.1533 -9.63675
-13.6535 11.9614 -9.53895
-13.6862 11.893 -9.50285
-13.7487 11.7627 -9.43049
-13.828 11.5947 -9.33436
-13.9697 11.2912 -9.15382
-14.0691 11.0748 -9.01992
-14.1465 10.9059 -8.9144
-14.2354 10.71 -8.78946
-14.3588 10.4334 -8.60789
-14.4705 10.1799 -8.43801
-14.5508 9.99366 -8.30927
-14.6376 9.78951 -8.1657
-14.7026 9.6347 -8.05502
-14.8139 9.36151 -7.85373
-14.9125 9.1118 -7.66427
-15.0101 8.86414 -7.47588
-15.1 8.62566 -7.28785
-15.2022 8.3344 -7.045
-15.3692 7.85614 -6.64486
-15.5285 7.37078 -6.22204
-15.6497 6.99155 -5.88343
-15.7214 6.75385 -5.66215
-15.0372 21.0952 -4.72634
-15.1889 20.9047 -5.07618
-15.3354 20.6942 -5.46731
-15.3981 20.5985 -5.62623
-15.4459 20.5217 -5.75898
-15.523 20.3416 -5.93677
-15.5975 20.1624 -6.1146
-15.67 19.9846 -6.27976
-15.749 19.7796 -6.45979
-15.8968 19.2757 -6.64624
-16.027 18.8208 -6.81475
-16.1115 18.5187 -6.92111
-16.211 18.1427 -7.06409
-16.3276 17.6225 -7.22657
-16.414 17.2796 -7.30335
-16.5146 16.8874 -7.35785
-13.3515 21.8899 -1.44
-13.428 21.4529 -0.966882
-13.478 21.2691 -0.825295
-13.5322 21.0824 -0.690008
-13.6871 20.4956 -0.253677
-13.6754 20.2958 -0.0478791
-13.6737 19.9756 0.211559
-13.6796 19.7534 0.382184
-13.7013 19.4383 0.608148
-13.6893 19.2179 0.787661
-13.668 18.8088 1.11754
-13.6469 18.5292 1.34851
-13.6144 18.29 1.52953
-13.5338 18.1242 1.73673
-13.3572 17.812 2.15866
-13.2656 17.6577 2.37279
-13.2071 17.5767 2.50013
-13.0286 17.417 2.8437
-12.8771 17.3205 3.1168
-12.7008 17.253 3.41401
-12.5287 17.2388 3.68382
-12.3899 17.2342 3.89819
-12.1323 17.2962 4.26842
-12.0188 17.3612 4.4159
-11.828 17.5535 4.62918
-11.7425 17.6641 4.71323
-11.6154 17.8627 4.8212
-11.5427 17.9803 4.88035
-11.3584 18.3211 4.99751
-11.138 18.7332 5.12648
-10.8981 19.1859 5.24316
-10.7187 19.516 5.31738
-10.539 19.8399 5.38805
-10.4078 20.0718 5.42271
-10.132 20.5165 5.53685
-9.50727 21.2598 5.84435
-9.21917 21.5679 5.998
-8.79567 21.833 6.17856
-8.11132 22.0723 6.42663
-7.79963 22.1547 6.50613
-6.83762 22.3898 6.76402
-6.40544 22.4298 6.91007
-5.75557 22.5531 7.06614
-0.684226 22.8295 -1.17339
-0.670978 22.5361 -0.967391
-0.671485 22.3071 -0.74236
-0.688021 21.9739 -0.329363
-0.702556 21.7586 -0.0469353
-0.715256 21.6239 0.131813
-0.737897 21.3977 0.431033
-0.756861 21.1815 0.684741
-0.769812 21.0075 0.883424
-0.782894 20.8296 1.08342
-0.79429 20.6544 1.27071
-0.802104 20.4981 1.42478
-0.815 20.2456 1.67967
-0.82651 19.9717 1.94271
-0.839924 19.5557 2.32182
-0.842416 19.3294 2.50605
-0.851434 19.1205 2.70597
-0.853848 18.8848 2.87671
-0.85059 18.5721 3.07353
-0.861061 18.2029 3.32404
-0.870853 17.811 3.57245
-0.877168 17.5383 3.73694
-0.887091 17.1628 3.96029
-0.895541 16.7751 4.17722
-0.900352 16.5072 4.31971
-0.903111 16.3452 4.40375
-0.906663 16.055 4.5481
-0.909341 15.8099 4.6672
-0.91162 15.4061 4.85306
-0.911378 15.0575 5.00209
-0.908654 14.5714 5.2
-0.904039 14.0886 5.38913
-0.897385 13.7143 5.52721
-0.892863 13.497 5.60598
-0.888452 13.3037 5.67514
-0.881213 13.0328 5.76915
-0.872478 12.7309 5.87224
-0.866852 12.5349 5.93894
-0.859271 12.2857 6.02262
-0.852715 12.0544 6.09813
-0.848105 11.8707 6.1579
-0.844712 11.6388 6.23295
-0.843976 11.3338 6.33115
-0.846263 11.0881 6.40836
-0.851876 10.8477 6.48409
-0.866181 10.4715 6.60342
-0.890232 10.1142 6.71984
-0.91755 9.78584 6.8246
-0.972812 9.21053 7.01405
-1.01573 8.6695 7.17348
-1.0277 8.44857 7.22726
-1.07152 8.00288 7.35512
-1.13811 7.63015 7.49557
-1.13731 7.12084 7.56849
-1.15385 6.91274 7.61656
-1.17124 6.64074 7.674
-1.18226 6.24286 7.74009
-1.18619 6.05701 7.76924
-1.19327 5.56228 7.84205
-1.19713 4.68396 7.95885
-1.19704 4.51534 7.98011
-1.1966 4.35677 7.99958
-1.194 4.07955 8.03106
-1.18923 3.7165 8.07035
-1.18349 3.33343 8.11085
-1.17833 2.99766 8.14621
-1.17693 2.74246 8.17711
-1.17673 2.67003 8.18618
-1.17667 2.32814 8.23042
-1.17705 2.01182 8.27199
-1.17789 1.63143 8.32236
-1.17814 1.60695 8.32601
-1.18013 1.19761 8.38174
-1.18096 0.920851 8.41753
-1.18407 0.606486 8.46252
-1.18569 0.458383 8.48373
-1.18918 0.120136 8.52912
-1.19619 -0.35699 8.59811
-1.21664 -1.0298 8.72502
-1.21875 -1.17961 8.74461
-1.22475 -1.40423 8.78475
-1.19858 -2.05455 8.71537
-1.19444 -2.3492 8.71043
-1.19137 -2.57198 8.7068
-1.18806 -2.80782 8.7022
-1.18193 -3.25449 8.6931
-1.17805 -3.64949 8.69388
-1.17304 -3.95822 8.67888
-1.16711 -4.22983 8.65291
-1.1621 -4.42915 8.62372
-1.15261 -4.75266 8.56329
-1.15187 -4.99401 8.57003
-3.64721 28.2932 -3.75552
-3.4155 28.0108 -4.03728
-3.23546 27.7093 -4.30908
-3.09853 27.4972 -4.49357
-2.97138 27.273 -4.68731
-2.88899 27.1226 -4.82004
-2.73544 26.8474 -5.06923
-2.51625 26.3561 -5.21402
-2.27645 25.8116 -5.31546
-2.14621 25.4818 -5.32544
-1.94142 24.9592 -5.30268
-1.82638 24.6656 -5.28921
-1.63794 24.1814 -5.24257
-1.42395 23.6325 -5.14984
-1.4153 23.6113 -5.1436
-1.32479 23.3629 -5.11606
-1.15376 22.9285 -4.84266
-16.2225 -13.349 8.1334
-15.9482 -13.8181 8.25047
-15.3841 -14.4822 8.60645
-14.7581 -15.0643 8.93279
-14.4124 -15.2748 9.04505
-13.988 -15.4842 9.1917
-13.6086 -15.664 9.32264
-13.4797 -15.699 9.36434
-13.2002 -15.677 9.47406
-13.0293 -15.6583 9.54314
-12.793 -15.6228 9.64285
-12.5711 -15.5853 9.73883
-12.5304 -15.5779 9.757
-12.1298 -15.4984 9.96854
-11.9119 -15.4605 10.1031
-11.5092 -15.3935 10.3494
-11.1403 -15.3431 10.5776
-10.5744 -15.316 10.929
-10.1467 -15.3101 11.189
-9.71708 -15.3082 11.4489
-9.49698 -15.3423 11.5638
-9.34778 -15.4134 11.6236
-9.07702 -15.5454 11.7293
-8.92782 -15.632 11.7818
-8.76949 -15.722 11.8374
-8.47916 -15.885 11.9406
-8.24886 -16.0144 12.0216
-7.98819 -16.1662 12.1118
-7.63381 -16.446 12.1679
-7.33709 -16.6926 12.2165
-7.13187 -16.8506 12.2471
-7.03795 -16.9291 12.2584
-6.85632 -17.066 12.2772
-6.70708 -17.2625 12.2842
-6.52143 -17.3573 12.2867
-6.21548 -17.7441 12.212
-14.9756 21.1806 -4.59118
-15.0372 21.0952 -4.72634
-2.41271 27.2334 1.81817
-2.39162 27.4538 1.53626
-2.37007 27.6238 1.29905
-2.36803 27.7836 1.08929
-2.37037 27.9274 0.901163
-2.37173 28.1397 0.609874
-2.35115 28.2642 0.404659
-2.36538 28.4298 0.0898083
-2.40581 28.5488 -0.152742
-2.43615 28.6446 -0.388897
-2.48878 28.7705 -0.72369
-2.58149 28.8718 -1.16374
-2.65461 28.9189 -1.45453
-2.72651 28.9501 -1.72368
-2.79678 28.9601 -1.97116
-2.88063 28.9454 -2.23706
-3.01313 28.886 -2.76876
-3.11117 28.7811 -2.95087
-3.33595 28.5598 -3.3231
-3.64721 28.2932 -3.75552
-2.22434 -17.2865 6.35954
-2.25528 -17.632 6.54875
-2.30312 -17.936 6.79482
-2.34843 -18.2124 7.06197
-2.41903 -18.4801 7.3203
-2.45579 -18.6181 7.4605
-2.50747 -18.8123 7.65701
-2.53499 -18.9156 7.7636
-2.59791 -19.1514 7.95462
-2.83608 -19.6223 8.49417
-3.63778 -12.1487 11.8817
-3.31579 -11.8564 11.8988
-2.71975 -11.2949 11.9117
-2.27539 -10.8707 11.9225
-1.93442 -10.4493 12.0003
-1.78738 -10.1672 11.8719
-1.6928 -9.91592 11.835
-1.55924 -9.46043 11.6944
-1.49228 -9.14232 11.5823
-1.45578 -8.94435 11.5094
-1.4233 -8.66952 11.3933
-1.39298 -8.29495 11.2113
-1.37708 -8.03181 11.0694
-1.36617 -7.73548 10.8915
-1.35322 -7.32374 10.6299
-1.34491 -7.09757 10.4719
-1.33492 -6.85206 10.2976
-1.3274 -6.67157 10.1738
-1.28412 -6.20633 9.76501
-1.24172 -5.73845 9.36504
-1.21252 -5.40689 9.09476
-1.19565 -5.26348 8.94801
-1.15187 -4.99401 8.57003
-2.98892 -2.83744 15.6706
-2.99298 -2.85629 15.6724
-8.9565 -0.282616 -16.9483
-9.57481 -0.596968 -17.3127
-9.85302 -0.782392 -17.4448
-10.0524 -0.906776 -17.5311
-10.2504 -1.06498 -17.5816
-10.4663 -1.2284 -17.6429
-10.7278 -1.43009 -17.7099
-11.0319 -1.66546 -17.7849
-11.267 -1.84487 -17.8375
-11.6212 -2.09484 -17.8922
-11.7625 -2.20637 -17.8853
-11.9668 -2.3584 -17.8713
-12.226 -2.55603 -17.8379
-12.5386 -2.78519 -17.777
-12.946 -3.0543 -17.6994
-13.2806 -3.18176 -17.616
-13.7741 -3.37548 -17.4689
-14.1392 -3.50318 -17.3588
-14.536 -3.60873 -17.2287
-15.0165 -3.68649 -17.055
-15.5738 -3.7157 -16.7992
-15.9256 -3.72676 -16.6381
-16.1746 -3.6909 -16.5231
-16.5386 -3.64975 -16.2914
-16.8649 -3.58026 -16.0869
-16.9989 -3.54653 -16.0016
-17.1421 -3.46797 -15.9196
-17.4587 -3.21825 -15.7583
-1.15376 22.9285 -4.84266
-1.03829 22.7437 -4.44252
-0.990605 22.7202 -4.1745
-0.95787 22.7078 -3.98279
-0.896544 22.6815 -3.62905
-0.839796 22.6613 -3.23878
-0.811389 22.6603 -3.01201
-0.766853 22.6506 -2.66324
-0.708426 22.6086 -2.23284
-0.696021 22.7018 -1.72221
-0.684226 22.8295 -1.17339
-6.21548 -17.7441 12.212
-5.87377 -17.7302 12.1738
-5.37197 -17.7083 12.113
-5.0741 -17.7429 12.0222
-4.77586 -17.7679 11.9219
-4.55238 -17.7939 11.8432
-4.15622 -17.8622 11.7032
-3.81201 -17.9821 11.4836
-3.50501 -18.1175 11.2693
-3.18946 -18.2665 11.0372
-3.10419 -18.4164 10.8296
-3.00719 -18.5842 10.5492
-2.94189 -18.7316 10.2971
-2.8351 -19.0075 9.81873
-2.80412 -19.2347 9.43562
-2.80756 -19.4137 9.1397
-2.84373 -19.58 8.89235
-2.83608 -19.6223 8.49417
-10.724 10.9992 -16.7385
-11.0077 10.8312 -16.9526
-11.214 10.5668 -17.1641
-11.3327 10.3833 -17.3075
-11.4952 10.0916 -17.5344
-11.7592 9.74925 -17.7162
-11.9344 9.47402 -17.855
-11.9633 9.42838 -17.8773
-12.4009 8.76948 -18.1749
-12.5927 8.4636 -18.1842
-12.8816 8.01644 -18.1884
-12.9935 7.83465 -18.1773
-13.1346 7.61728 -18.1574
-13.3047 7.37861 -18.1242
-13.5381 7.12144 -18.0919
-13.7472 6.78092 -18.0855
-14.0186 6.38037 -18.0534
-14.154 6.19181 -18.0294
-14.3944 5.88687 -17.9635
-14.5773 5.63893 -17.9082
-14.716 5.43523 -17.8663
-14.8535 5.23874 -17.8097
-14.9589 5.08715 -17.7624
-15.1809 4.77602 -17.6577
-15.2736 4.64621 -17.613
-15.4932 4.33972 -17.5026
-15.6216 4.16039 -17.4337
-15.7625 3.96372 -17.3551
-15.9982 3.63396 -17.2158
-16.2641 3.2559 -17.0512
-16.3876 3.08004 -16.9698
-16.5282 2.88132 -16.8697
-16.658 2.69104 -16.7775
-16.9855 2.41599 -16.3882
-17.6149 -21.9177 1.29222
-17.4844 -22.176 1.20928
-17.4054 -22.3882 1.04873
-17.1823 -22.9261 0.704386
-16.9719 -23.3284 0.491385
-16.8584 -23.5363 0.3943
-16.7859 -23.6662 0.332
-16.6571 -23.8853 0.235869
-16.4145 -24.2911 0.0619544
-16.1678 -24.6956 -0.106701
-15.9628 -25.0205 -0.231349
-15.7999 -25.2643 -0.310957
-15.5962 -25.5152 -0.342911
-15.2174 -25.9612 -0.400853
-14.9442 -26.2405 -0.397737
-14.533 -26.6181 -0.347821
-14.0713 -26.9919 -0.246997
-13.8103 -27.201 -0.188028
-13.6662 -27.3063 -0.146915
-13.4932 -27.4265 -0.0931716
-13.3369 -27.5334 -0.044082
-13.0766 -27.6888 0.0564982
-12.8039 -27.8348 0.174385
-12.5158 -27.9755 0.308071
-12.1421 -28.1304 0.497499
-11.7395 -28.241 0.737817
-11.6045 -28.2728 0.808541
-11.367 -28.3292 0.933726
-11.1954 -28.3699 1.02384
-10.8484 -28.4508 1.2073
-10.6101 -28.501 1.33788
-10.3559 -28.5485 1.48301
-10.1836 -28.5765 1.58433
-9.89802 -28.6188 1.74445
-9.74211 -28.6221 1.87084
-9.46328 -28.6218 2.06583
-9.20765 -28.6198 2.23248
-8.8972 -28.6028 2.46537
-8.68559 -28.5766 2.64107
-5.9641 5.47342 -16.3058
-6.25594 5.22061 -16.7051
-6.35749 5.02569 -16.8082
-6.52513 4.82121 -16.9688
-6.70953 4.59253 -17.1314
-7.06576 4.16602 -17.4401
-7.24686 3.95137 -17.5824
-7.40291 3.77819 -17.7024
-7.59394 3.48514 -17.7925
-7.81641 3.10647 -17.8527
-7.98043 2.80391 -17.868
-8.1676 2.45843 -17.8806
-8.32578 2.15038 -17.8767
-8.648 1.44755 -17.7973
-8.76457 1.16086 -17.7416
-8.80729 0.957655 -17.6467
-8.9036 0.476374 -17.4118
-8.92808 0.358018 -17.3547
-8.9565 -0.282616 -16.9483
-17.1365 -6.8052 7.51186
-17.5132 -6.42825 7.15974
-17.6593 -6.27627 7.01661
-17.825 -6.11377 6.84699
-17.9688 -5.96966 6.70095
-18.1009 -5.84182 6.56747
-18.2249 -5.73997 6.44071
-18.3445 -5.51399 6.24834
-18.4239 -5.36399 6.12163
-18.515 -5.19462 5.9765
-18.6166 -5.00289 5.81261
-18.702 -4.83258 5.67029
-18.8066 -4.60786 5.48748
-18.9251 -4.33132 5.27155
-19.0191 -4.10098 5.08228
-19.1406 -3.72779 4.81021
-19.2282 -3.21521 4.5513
-19.3025 -2.71036 4.32464
-19.3761 -2.19964 4.0938
-19.4109 -1.97065 3.97209
-19.4182 -1.79265 3.96002
-19.4184 -1.31342 4.0502
-10.3966 -23.3827 8.69525
-10.1942 -23.6472 8.5784
-10.0453 -23.9601 8.38742
-9.95049 -24.1327 8.28923
-9.73639 -24.4905 8.09767
-9.6508 -24.6831 7.95344
-9.44101 -25.1343 7.59175
-9.35942 -25.3151 7.44306
-9.29968 -25.4476 7.33318
-9.2227 -25.6207 7.17728
-9.13745 -25.8167 6.99486
-9.00857 -26.1181 6.70633
-8.92764 -26.3122 6.51383
-8.81339 -26.596 6.22025
-8.65902 -27.0372 5.69776
-8.56414 -27.3933 5.19901
-8.54073 -27.5494 4.93737
-8.52419 -27.783 4.50459
-8.51782 -27.9427 4.19657
-8.52037 -28.1157 3.84487
-8.52723 -28.3016 3.43351
-8.55861 -28.4113 3.15376
-8.68559 -28.5766 2.64107
-7.6337 10.7703 12.8847
-7.3565 11.2939 12.8301
-7.21934 11.5273 12.8117
-7.03238 11.8028 12.7896
-6.98131 11.9073 12.7727
-6.8556 12.2641 12.6948
-6.68714 12.7059 12.6017
-6.62874 12.8546 12.5708
-6.41522 13.4359 12.4439
-6.2658 13.7564 12.3728
-6.14381 14.0411 12.3045
-6.05334 14.2489 12.2514
-5.9772 14.435 12.2007
-5.86295 14.7252 12.1192
-5.75712 15.0007 12.0403
-5.58119 15.5672 11.8669
-5.51844 15.768 11.7925
-5.49294 15.8628 11.7565
-5.42423 16.1009 11.6574
-5.34228 16.4016 11.5333
-5.26747 16.7218 11.3914
-5.22589 16.9196 11.3031
-5.10756 17.4892 11.0404
-5.02272 17.8631 10.8572
-4.95763 18.1041 10.7301
-4.92921 18.3999 10.561
-4.90373 18.7638 10.3384
-4.89434 19.1773 10.0698
-4.90482 19.4994 9.84833
-4.91057 19.6116 9.76914
-4.92717 19.8205 9.61733
-4.94917 20.0372 9.45589
-5.06094 20.7273 8.90898
-5.1377 21.044 8.63737
-5.25741 21.3683 8.32589
-5.5023 21.8427 7.81572
-5.59713 22.0151 7.62305
-5.74425 22.2992 7.30556
-5.75557 22.5531 7.06614
-4.9295 -27.5349 -1.13837
-4.98497 -27.173 -1.54399
-5.12976 -26.8675 -2.06122
-5.28774 -26.7017 -2.30784
-5.50683 -26.458 -2.62047
-5.63836 -26.327 -2.79396
-5.88506 -26.0969 -3.10889
-6.01994 -25.9679 -3.28014
-6.13266 -25.8601 -3.42069
-6.33769 -25.7421 -3.59497
-6.95514 -25.5237 -3.99742
-7.33615 -25.393 -4.23826
-7.72188 -25.3313 -4.42414
-8.13317 -25.2791 -4.60997
-8.5058 -25.2477 -4.76359
-8.86697 -25.2271 -4.90342
-9.26789 -25.2164 -5.04758
-9.61105 -25.2121 -5.15557
-9.83334 -25.191 -5.21568
-10.1332 -25.1682 -5.29809
-10.5427 -25.0552 -5.40785
-10.9282 -24.9718 -5.46955
-11.2546 -24.889 -5.52125
-11.4879 -24.8207 -5.55722
-11.7812 -24.7132 -5.60028
-12.0818 -24.5742 -5.64301
-12.2141 -24.4991 -5.66147
-12.3888 -24.3948 -5.68593
-12.5411 -24.297 -5.70649
-12.6573 -24.2157 -5.72393
-12.8696 -24.0545 -5.75739
-13.0261 -23.9315 -5.78091
-13.259 -23.7344 -5.81801
-13.4171 -23.5605 -5.85391
-13.6022 -23.3808 -5.885
-13.7063 -23.2208 -5.91885
-14.0884 -22.2052 -6.15025
-14.1823 -21.948 -6.2085
-14.2257 -21.7949 -6.24343
-14.2651 -21.6831 -6.26935
-14.545 -21.0669 -6.41867
-20.713 -13.7921 0.294581
-20.8781 -13.4009 -0.209012
-20.9584 -13.1078 -0.54491
-20.998 -12.9658 -0.714102
-21.0386 -12.7697 -0.931338
-21.0689 -12.6201 -1.10727
-21.1279 -12.3036 -1.46909
-21.1873 -11.9779 -1.83826
-21.2193 -11.6686 -2.16098
-21.2374 -11.4419 -2.41543
-21.2546 -11.2098 -2.69808
-21.2733 -11.0026 -2.99618
-21.2822 -10.8782 -3.19422
-21.2953 -10.6908 -3.51042
-21.3021 -10.5879 -3.69327
-21.3048 -10.5201 -3.81902
-21.3123 -10.3642 -4.16206
-21.3148 -10.2518 -4.42875
-21.3111 -10.0802 -4.79776
-21.2776 -9.9412 -5.30473
-21.2513 -9.84424 -5.69743
-21.2247 -9.75833 -6.05946
-21.1848 -9.697 -6.43104
-21.1164 -9.6075 -6.85123
-21.0463 -9.57387 -7.17799
-20.9548 -9.53976 -7.58837
-20.9042 -9.52567 -7.80562
-20.8114 -9.49881 -8.16835
-20.6358 -9.5672 -8.67885
-20.4739 -9.74786 -9.07627
-20.713 -13.7921 0.294581
-20.6139 -13.6451 0.654885
-20.527 -13.5514 0.951998
-20.3596 -13.4193 1.44367
-20.2299 -13.3342 1.79738
-20.1134 -13.2603 2.09423
-19.9038 -13.1443 2.59554
-19.709 -13.048 3.04246
-19.5331 -12.9758 3.42109
-19.3965 -12.9266 3.7053
-19.1324 -12.8699 4.22226
-18.988 -12.8994 4.45634
-18.8706 -12.9246 4.64449
-18.5543 -12.9935 5.14873
-18.4206 -13.0226 5.36138
-18.1311 -13.0825 5.81111
-17.9725 -13.1056 6.02689
-17.7784 -13.1326 6.2725
-17.2204 -13.221 6.95106
-16.9569 -13.264 7.26979
-16.7801 -13.2862 7.48061
-16.5843 -13.2975 7.71808
-16.4489 -13.2722 7.89634
-16.2225 -13.349 8.1334
-20.4739 -9.74786 -9.07627
-20.3707 -10.2194 -9.13116
-20.2886 -10.6052 -9.16699
-20.182 -11.0597 -9.1765
-20.0972 -11.4324 -9.15656
-19.9738 -11.9424 -9.14174
-19.8698 -12.3748 -9.12252
-19.7426 -12.8853 -9.04468
-19.7 -13.0573 -9.00621
-19.6569 -13.2241 -8.96976
-19.5793 -13.503 -8.91517
-19.3945 -14.1203 -8.80127
-19.2695 -14.3816 -8.74526
-19.1185 -14.7013 -8.65545
-18.9469 -15.08 -8.51398
-18.8359 -15.3007 -8.43607
-18.6529 -15.6609 -8.29887
-18.3371 -16.2489 -8.07075
-18.1223 -16.628 -7.92071
-17.9896 -16.8588 -7.82715
-17.8285 -17.1241 -7.72376
-17.6958 -17.3448 -7.63729
-17.5787 -17.5378 -7.56282
-17.3579 -17.8806 -7.43475
-17.1452 -18.221 -7.30952
-16.9295 -18.556 -7.19002
-16.6401 -18.9802 -7.04437
-16.3757 -19.3509 -6.92135
-16.155 -19.6838 -6.81187
-15.8647 -19.9937 -6.7189
-15.7538 -20.0928 -6.6908
-15.4201 -20.3762 -6.6117
-15.26 -20.5113 -6.57367
-15.1337 -20.6112 -6.54535
-14.8639 -20.8574 -6.47714
-14.545 -21.0669 -6.41867
-6.53798 -6.33346 15.3338
-6.3092 -6.07147 15.4518
-6.08804 -5.91434 15.528
-5.87791 -5.7707 15.5966
-5.52092 -5.47996 15.7122
-5.3847 -5.36203 15.7527
-5.11313 -5.13273 15.8322
-4.94956 -5.00026 15.8797
-4.65549 -4.79778 15.9604
-4.46083 -4.60532 15.9792
-4.22267 -4.41339 15.9951
-3.87641 -4.05423 15.9654
-3.68617 -3.84957 15.9369
-3.59457 -3.73774 15.9127
-3.43689 -3.52684 15.8603
-3.0697 -2.97035 15.7076
-2.99298 -2.85629 15.6724
-6.53798 -6.33346 15.3338
-6.67171 -6.70661 15.2289
-6.62712 -6.96268 15.2025
-6.55069 -7.13528 15.1974
-6.44126 -7.66381 15.1114
-6.36115 -8.03876 15.0459
-6.23641 -8.76697 14.9048
-6.12028 -9.09872 14.7956
-6.07661 -9.23544 14.745
-5.987 -9.46358 14.6522
-5.85873 -9.76175 14.5136
-5.7396 -10.0264 14.3854
-5.62442 -10.2594 14.2579
-5.45758 -10.5789 14.0679
-5.26198 -10.8838 13.8311
-5.10408 -11.1079 13.6353
-4.84843 -11.4404 13.3108
-4.74394 -11.5616 13.1749
-4.65003 -11.6598 13.0493
-4.442 -11.8723 12.7671
-4.25522 -12.0003 12.5289
-4.09798 -12.0688 12.3323
-3.63778 -12.1487 11.8817
-17.4587 -3.21825 -15.7583
-17.519 -2.94266 -15.7938
-17.5545 -2.74067 -15.8205
-17.5836 -2.46632 -15.8698
-17.6232 -2.05723 -15.9443
-17.6376 -1.76802 -15.9915
-17.6715 -1.18896 -16.0848
-17.6866 -0.601068 -16.1726
-17.5956 -0.129397 -16.2315
-17.5619 0.114478 -16.251
-17.3912 0.976977 -16.3174
-17.3176 1.31605 -16.3387
-17.235 1.62193 -16.3454
-17.1898 1.80298 -16.338
-16.9855 2.41599 -16.3882
-19.4184 -1.31342 4.0502
-19.5142 -1.35449 3.42375
-19.5641 -1.24826 3.11877
-19.6016 -1.16794 2.86898
-19.6625 -0.999973 2.46376
-19.7054 -0.849357 2.15139
-19.7286 -0.712568 1.95408
-19.7457 -0.546787 1.64601
-19.7643 -0.365 1.34287
-19.7806 -0.171923 1.094
-19.7939 0.0193893 0.870978
-19.8048 0.204254 0.628221
-19.8202 0.470875 0.334342
-19.829 0.628605 0.160572
-19.8399 0.81658 -0.0443923
-19.86 1.13367 -0.343185
-19.8835 1.4454 -0.603274
-19.9214 1.91851 -0.965724
-19.9342 2.07155 -1.07156
-19.9539 2.27469 -1.19707
-19.9787 2.54288 -1.3478
-20.008 2.85744 -1.5068
-20.0339 3.14481 -1.6364
-20.0576 3.46296 -1.73263
-20.0754 3.92671 -1.81898
-20.0929 4.41328 -1.91508
-20.1015 4.71358 -1.96854
-20.1087 5.09861 -2.04798
-20.1108 5.34309 -2.10418
-20.1078 5.60054 -2.11805
-20.07 5.92038 -2.15285
-20.0135 6.38372 -2.16271
-19.9723 6.7055 -2.15705
-19.9513 6.8568 -2.15908
-19.9002 7.19618 -2.15294
-19.843 7.53796 -2.1147
-19.714 8.04925 -2.08783
-19.5376 8.75086 -2.09408
-19.4516 9.06725 -2.08423
-19.3922 9.26398 -2.04577
-19.1973 9.90169 -1.98329
-19.1973 9.90169 -1.98329
-19.1244 10.2245 -2.17923
-19.0912 10.4463 -2.45245
-19.075 10.5346 -2.56423
-18.9981 10.8961 -2.99161
-18.9154 11.2138 -3.30291
-18.8596 11.4184 -3.50931
-18.7909 11.6474 -3.74125
-18.6535 12.103 -4.2032
-18.5197 12.5405 -4.59715
-18.468 12.6906 -4.77924
-18.3227 13.0772 -5.09129
-18.2245 13.333 -5.2862
-18.0933 13.6449 -5.52552
-17.9851 13.8959 -5.71211
-17.8736 14.1507 -5.8995
-17.7608 14.4024 -6.08141
-17.6911 14.5558 -6.19091
-17.6075 14.7381 -6.31936
-17.5178 14.9319 -6.45635
-17.4488 15.0611 -6.59523
-17.2711 15.4164 -6.78065
-17.1416 15.6608 -6.95082
-17.0389 15.8422 -7.06137
-16.9147 15.9687 -7.23506
-16.7503 16.3957 -7.2501
-16.5146 16.8874 -7.35785
-12.5716 13.7083 -10.3494
-12.1604 13.7504 -10.4569
-11.8246 13.8444 -10.5614
-11.5854 13.8723 -10.6196
-11.4262 13.8668 -10.6528
-11.0957 13.7442 -10.6916
-10.7015 13.6018 -10.734
-10.4829 13.5275 -10.7489
-10.0075 13.3759 -10.7652
-9.87343 13.3338 -10.7667
-9.51508 13.2227 -10.7633
-8.99323 13.063 -10.7462
-8.41317 12.895 -10.7131
-8.31136 12.8669 -10.7057
-8.0889 12.8077 -10.6875
-7.84363 12.7449 -10.6657
-7.57501 12.6817 -10.6383
-7.40997 12.6467 -10.6195
-7.19589 12.6068 -10.5926
-6.91461 12.5583 -10.5556
-6.66627 12.5259 -10.5192
-6.4658 12.5057 -10.4876
-5.93767 12.4593 -10.4017
-5.45182 12.4485 -10.3112
-4.88676 12.4562 -10.1986
-4.56974 12.4893 -10.1261
-4.37735 12.5252 -10.0762
-4.20101 12.5549 -10.0306
-3.93126 12.6071 -9.95819
-3.61303 12.6815 -9.861
-3.37472 12.7933 -9.78829
-3.0751 13.0005 -9.66212
-2.83939 13.1752 -9.56084
-2.37809 13.5375 -9.3657
-2.16765 13.7363 -9.27244
-1.94426 14.001 -9.17225
-1.80373 14.1951 -9.10646
-1.65759 14.4649 -9.03479
-1.51581 14.7913 -8.95657
-1.45682 14.953 -8.92075
-1.36523 15.2004 -8.866
-1.24568 15.5145 -8.79343
-1.19402 15.7232 -8.75031
-1.14013 15.9602 -8.69667
-1.09067 16.2479 -8.63012
-1.01633 16.7311 -8.50582
-0.972209 17.0478 -8.40701
-0.936173 17.4977 -8.24027
-0.919258 17.6919 -8.16651
-0.912992 17.95 -8.08531
-0.897315 18.254 -7.92279
-0.892929 18.6458 -7.74144
-0.891525 18.8502 -7.64317
-0.890647 19.1526 -7.49157
-0.891483 19.4921 -7.31411
-0.894578 20.0086 -7.02463
-0.905405 20.3638 -6.81931
-0.92012 20.6909 -6.58823
-0.937509 20.9409 -6.39912
-0.969651 21.3561 -6.08566
-0.993521 21.6623 -5.85372
-1.05181 22.3062 -5.36183
-1.08988 22.6278 -5.00509
-1.15376 22.9285 -4.84266
-12.5716 13.7083 -10.3494
-12.9313 13.9899 -10.3434
-13.0742 14.2912 -10.3858
-13.2977 14.6972 -10.4252
-13.4011 14.8558 -10.4308
-13.5688 15.0605 -10.4155
-13.7601 15.2764 -10.3878
-13.9354 15.4331 -10.3427
-14.2289 15.6552 -10.2313
-14.7894 16.005 -9.82529
-15.1874 16.2531 -9.50968
-15.7032 16.5193 -8.82231
-16.0231 16.5036 -8.35643
-16.1818 16.5029 -8.10863
-16.5146 16.8874 -7.35785
-15.0372 21.0952 -4.72634
-14.7004 21.3706 -3.94915
-14.5031 21.4621 -3.46434
-14.3248 21.5447 -3.11848
-14.2422 21.5779 -2.96801
-14.1921 21.601 -2.88369
-14.0212 21.6785 -2.5955
-13.8667 21.7548 -2.34918
-13.6755 21.856 -2.05932
-13.6038 21.8808 -1.94494
-13.3515 21.8899 -1.44
-13.3515 21.8899 -1.44
-12.9528 22.4219 -1.42174
-12.7783 22.6298 -1.37665
-12.6447 22.7753 -1.3336
-12.4473 23.0037 -1.32807
-12.1676 23.3191 -1.32785
-12.0266 23.4744 -1.33684
-11.8073 23.7176 -1.35524
-11.5714 23.9741 -1.3851
-11.3728 24.1897 -1.4135
-10.7595 24.8521 -1.51498
-10.5335 25.0888 -1.58828
-10.1103 25.5093 -1.74786
-9.71029 25.884 -1.93722
-9.40718 26.1614 -2.119
-9.17172 26.3672 -2.24849
-9.05853 26.4628 -2.31806
-8.7951 26.6772 -2.47955
-8.4261 26.9601 -2.70212
-8.19427 27.1264 -2.83673
-7.90985 27.3149 -2.99328
-7.55386 27.5319 -3.17819
-7.12432 27.7624 -3.37967
-6.87993 27.8735 -3.47848
-6.53863 27.9983 -3.59194
-5.9293 28.1923 -3.7724
-5.70095 28.2519 -3.82321
-5.2069 28.3442 -3.90385
-4.81271 28.3699 -3.945
-4.56786 28.3423 -3.90587
-4.31763 28.3177 -3.89425
-4.00928 28.3144 -3.83166
-3.64721 28.2932 -3.75552
-5.75557 22.5531 7.06614
-5.69562 22.7063 6.94719
-5.44295 23.0547 6.72172
-5.36188 23.2112 6.59845
-5.22562 23.5598 6.29109
-5.1421 23.7457 6.12454
-4.98825 24 5.89084
-4.74469 24.3951 5.5152
-4.55311 24.6975 5.22487
-4.32227 25.0743 4.85423
-4.18259 25.2764 4.64452
-3.89699 25.6229 4.25155
-3.78533 25.7559 4.09769
-3.59247 25.9798 3.83111
-3.41314 26.1873 3.58341
-3.1771 26.4587 3.26177
-3.10146 26.5512 3.11966
-2.98725 26.6663 2.93947
-2.88839 26.7555 2.79281
-2.80491 26.8608 2.60997
-2.66084 26.9929 2.34021
-2.57721 27.0936 2.14672
-2.41271 27.2334 1.81817
-0.684226 22.8295 -1.17339
-0.685205 23.1881 -0.790357
-0.688854 23.37 -0.706938
-0.695629 23.7299 -0.53607
-0.699491 23.9251 -0.430234
-0.70817 24.293 -0.174182
-0.730962 24.7212 0.0966278
-0.753893 25.0984 0.328818
-0.815794 25.4117 0.522103
-0.941415 25.8815 0.814135
-1.25009 26.3005 1.03477
-1.70089 26.8809 1.3435
-1.87053 26.9815 1.45906
-2.15176 27.1345 1.6226
-2.41271 27.2334 1.81817
-16.2225 -13.349 8.1334
-15.96 -13.1501 8.49286
-15.8295 -13.0805 8.65733
-15.5744 -12.9873 8.9479
-15.3408 -12.8411 9.22635
-14.9369 -12.593 9.69999
-14.6685 -12.4195 10.0204
-14.3998 -12.3354 10.2709
-14.2245 -12.2676 10.4372
-13.9674 -12.214 10.6501
-13.7818 -12.1815 10.7914
-13.3933 -12.0991 11.0399
-13.283 -12.0756 11.1102
-13.182 -12.0529 11.1702
-12.8071 -11.9559 11.3597
-12.4543 -11.8388 11.5013
-12.0356 -11.6716 11.621
-11.7522 -11.5287 11.6728
-11.5259 -11.3271 11.661
-11.3573 -11.1014 11.6046
-11.1674 -10.8438 11.5383
-11.0155 -10.6285 11.4853
-10.8702 -10.4079 11.432
-10.739 -10.2013 11.3802
-10.6036 -9.98757 11.3223
-10.641 -9.72633 11.282
-10.7102 -9.25604 11.2094
-10.7323 -9.10949 11.1868
-10.7774 -8.83066 11.1444
-10.8856 -8.47008 11.0978
-11.1087 -8.25762 11.0852
-11.2866 -8.08609 11.071
-11.3761 -8.01571 11.0645
-11.5335 -7.89143 11.0508
-11.7842 -7.71767 11.0257
-12.0788 -7.53789 10.993
-12.4127 -7.35385 10.9513
-12.7123 -7.19715 10.9125
-13.3354 -6.8598 10.7907
-13.7657 -6.72282 10.602
-13.983 -6.66124 10.4992
-14.3056 -6.61071 10.3222
-14.5801 -6.57304 10.1662
-14.842 -6.533 9.99685
-15.0113 -6.53118 9.86691
-15.3014 -6.53522 9.64268
-15.4368 -6.54836 9.5068
-15.7705 -6.5754 9.16983
-15.9851 -6.59218 8.94763
-16.2197 -6.61001 8.70139
-16.5507 -6.63651 8.34219
-16.8421 -6.64785 8.02998
-17.1365 -6.8052 7.51186
-4.48373 -19.4741 2.32651
-3.83996 -19.1219 2.66529
-3.38549 -18.8531 2.90599
-3.06437 -18.6641 3.07777
-2.99168 -18.6213 3.11732
-2.9328 -18.5867 3.15498
-2.73854 -18.4332 3.34143
-2.63558 -18.3349 3.56858
-2.43821 -18.0674 4.09738
-2.35674 -17.941 4.43954
-2.32935 -17.835 4.7058
-2.307 -17.756 4.95058
-2.24321 -17.4859 5.61026
-2.23789 -17.4362 5.86111
-2.23595 -17.4171 5.91442
-2.22434 -17.2865 6.35954
-2.22434 -17.2865 6.35954
-2.18367 -16.8562 6.4806
-2.16603 -16.6684 6.57836
-2.14471 -16.4301 6.67403
-2.14117 -16.1994 6.83933
-2.1381 -15.9684 6.94359
-2.14843 -15.6074 7.1577
-2.18312 -15.4017 7.32888
-2.22002 -15.1652 7.51515
-2.25168 -14.9652 7.68505
-2.32434 -14.6539 7.97703
-2.51569 -14.3486 8.4358
-2.66917 -14.1139 8.80097
-2.74142 -14.0053 8.97266
-2.84451 -13.8511 9.21937
-2.98248 -13.6565 9.53969
-3.09871 -13.5403 9.7535
-3.2229 -13.3946 10.0208
-3.30967 -13.246 10.288
-3.38023 -13.1189 10.5144
-3.46214 -12.9641 10.7844
-3.57019 -12.7883 11.1065
-3.63574 -12.6309 11.3576
-3.67808 -12.5131 11.5342
-3.73919 -12.3945 11.7094
-3.63778 -12.1487 11.8817
-8.9565 -0.282616 -16.9483
-8.64743 -0.545736 -16.4819
-8.51659 -0.598795 -16.3215
-8.06955 -0.698883 -15.7779
-2.99298 -2.85629 15.6724
-2.89423 -2.65801 15.6191
-2.78261 -2.41393 15.5495
-2.60977 -2.10171 15.4295
-2.52436 -1.84123 15.3563
-2.43115 -1.46684 15.2676
-2.30029 -1.00548 15.1427
-2.25355 -0.646164 15.0804
-2.22648 -0.383028 15.0387
-2.2072 -0.0427356 14.9925
-2.19528 0.325099 14.9463
-2.16884 0.629312 14.8931
-2.1507 1.0263 14.8265
-2.22133 1.30186 14.8415
-2.30291 1.62085 14.8576
-2.3925 1.93238 14.8743
-2.4466 2.11173 14.8833
-2.52722 2.36917 14.8966
-2.59923 2.57244 14.9058
-2.68626 2.81814 14.914
-2.75213 3.08023 14.9093
-2.86259 3.31187 14.9188
-3.16249 3.88747 14.9445
-3.30992 4.14023 14.9597
-3.43598 4.36542 14.9679
-3.53534 4.5537 14.9679
-3.78489 4.9192 14.9672
-4.0231 5.27329 14.9323
-4.19268 5.48365 14.9075
-4.30116 5.61466 14.8904
-4.38784 5.72124 14.8756
-4.48761 5.85957 14.8528
-4.62485 6.04221 14.8082
-4.79428 6.26483 14.7536
-5.00137 6.5468 14.6828
-5.16584 6.76754 14.626
-5.42012 7.10572 14.5331
-5.64266 7.40706 14.4369
-5.76813 7.58898 14.3739
-6.10826 8.13137 14.1467
-6.31287 8.4606 14.0075
-6.47258 8.72906 13.8927
-6.6689 9.04336 13.7525
-6.73574 9.16209 13.6995
-6.87185 9.36844 13.5977
-6.94654 9.54562 13.5227
-7.21993 10.0171 13.2749
-7.41152 10.3244 13.1082
-7.5008 10.505 13.0187
-7.6337 10.7703 12.8847
-6.21548 -17.7441 12.212
-6.61548 -18.1574 12.2114
-6.9012 -18.6219 12.1852
-7.10889 -18.9531 12.1318
-7.12734 -18.9842 12.1248
-7.30423 -19.2866 12.0508
-7.58674 -19.7106 11.8979
-7.79212 -20.0092 11.7703
-7.90669 -20.1721 11.6847
-7.94012 -20.2209 11.6596
-8.08253 -20.4321 11.5571
-8.22809 -20.6399 11.4381
-8.42845 -20.9149 11.2605
-8.57134 -21.1255 11.1201
-8.7517 -21.3565 10.9331
-8.96042 -21.583 10.7342
-9.10401 -21.7915 10.5591
-9.25578 -22.0387 10.3332
-9.48598 -22.3615 9.98711
-9.63453 -22.5686 9.76202
-9.96464 -23.0186 9.25835
-10.1214 -23.1489 9.05951
-10.3966 -23.3827 8.69525
-10.724 10.9992 -16.7385
-11.1668 11.1882 -16.4991
-11.4887 11.3482 -16.2874
-11.8738 11.5214 -16.0548
-12.1963 11.5573 -15.869
-12.4797 11.5682 -15.7065
-12.6896 11.5613 -15.5904
-12.9711 11.5377 -15.4366
-13.6651 11.4371 -15.0604
-13.9812 11.372 -14.881
-14.183 11.3255 -14.7571
-14.415 11.1979 -14.6377
-14.7723 11.0118 -14.4143
-15.0884 10.8038 -14.2143
-15.2855 10.6593 -14.0864
-15.4763 10.4976 -13.9578
-15.6158 10.3731 -13.8624
-15.8865 10.1058 -13.6658
-16.2511 9.71768 -13.3918
-16.3732 9.57526 -13.2978
-16.5206 9.39723 -13.1832
-16.6407 9.24517 -13.0872
-16.7864 9.05528 -12.9666
-16.9082 8.88185 -12.8671
-17.0579 8.64582 -12.7424
-17.1929 8.43206 -12.6226
-17.3084 8.2414 -12.4966
-17.3926 8.09714 -12.4121
-17.6796 7.56735 -12.1476
-17.872 7.19167 -11.9121
-17.9731 6.97859 -11.8089
-18.1056 6.67278 -11.6598
-18.2019 6.4379 -11.5529
-18.3658 6.00102 -11.3199
-18.3882 5.94117 -11.2881
-18.4939 5.65737 -11.137
-18.5938 5.38368 -10.9905
-18.6915 5.1052 -10.8394
-18.8467 4.65722 -10.5955
-19.0037 4.19023 -10.3377
-19.0894 3.92321 -10.1862
-19.1409 3.75928 -10.0929
-19.2516 3.3772 -9.86468
-19.3825 2.9118 -9.58227
-19.4745 2.56508 -9.36386
-19.5476 2.26562 -9.16229
-19.575 2.15315 -9.08656
-19.6474 1.85162 -8.88118
-19.6807 1.69712 -8.76665
-19.7169 1.51891 -8.63019
-19.7674 1.25589 -8.4238
-19.8166 0.994534 -8.21727
-19.8809 0.64934 -7.94327
-19.9268 0.398175 -7.74214
-19.9783 0.110963 -7.5099
-20.0432 -0.283519 -7.17991
-20.1251 -0.806446 -6.73916
-20.1438 -0.987373 -6.58493
-20.159 -1.15371 -6.42836
-20.1712 -1.30009 -6.30233
-20.1843 -1.45594 -6.17776
-20.1981 -1.69445 -5.92837
-20.2082 -1.90985 -5.69529
-20.2159 -2.18922 -5.40639
-20.2165 -2.42018 -5.14481
-20.2151 -2.62202 -4.9193
-20.2146 -2.75805 -4.78052
-20.2079 -2.95917 -4.55964
-20.1964 -3.14668 -4.3457
-20.1758 -3.45647 -4.00674
-20.1568 -3.65047 -3.78785
-20.1325 -3.86369 -3.54829
-20.0976 -4.11838 -3.26551
-20.0631 -4.3283 -3.03319
-20.0038 -4.62308 -2.71062
-19.952 -4.86427 -2.44732
-19.9194 -5.00553 -2.29344
-19.8446 -5.32493 -1.94618
-19.8055 -5.45587 -1.81103
-19.7698 -5.57544 -1.68722
-19.7298 -5.70997 -1.5474
-19.5934 -6.18573 -1.12076
-19.5113 -6.41876 -0.906975
-19.4096 -6.6629 -0.675749
-19.325 -6.8746 -0.498142
-19.2321 -7.0909 -0.31478
-19.0978 -7.3403 -0.0858387
-18.993 -7.50766 0.0699424
-18.8765 -7.6715 0.22476
-18.7473 -7.85002 0.391789
-18.6067 -8.01889 0.561658
-18.2295 -8.43176 0.98411
-17.8839 -8.7859 1.3568
-17.6311 -8.99941 1.60685
-17.4839 -9.10756 1.74383
-17.3201 -9.23176 1.88969
-17.1731 -9.33962 2.02414
-16.9041 -9.45797 2.31024
-16.7751 -9.51478 2.4524
-16.3514 -9.6687 2.97893
-16.1388 -9.72035 3.3041
-15.9596 -9.74653 3.63646
-15.8646 -9.74943 3.85226
-15.7703 -9.74528 4.0946
-15.7129 -9.72952 4.29965
-15.6721 -9.67995 4.60748
-15.6422 -9.5943 5.04746
-15.6714 -9.54274 5.19414
-15.7343 -9.44161 5.46325
-15.9879 -9.15135 5.83648
-16.2349 -8.83754 6.16153
-16.3934 -8.60154 6.3401
-16.7035 -8.09123 6.70492
-16.9933 -7.44853 7.04454
-17.0094 -7.40859 7.06567
-17.1365 -6.8052 7.51186
-10.724 10.9992 -16.7385
-10.3571 11.0139 -16.7207
-9.88998 10.9617 -16.7821
-9.6432 10.9333 -16.814
-9.42881 10.9066 -16.8429
-9.2497 10.8645 -16.8747
-8.95113 10.7329 -16.9093
-8.64314 10.5725 -16.937
-8.33082 10.3814 -16.9453
-7.98415 10.1378 -16.9496
-7.75282 9.94143 -16.9484
-7.51843 9.71999 -16.9339
-7.25056 9.3608 -16.8824
-6.94824 8.97608 -16.8208
-6.66962 8.56712 -16.7588
-6.45955 8.10754 -16.6766
-6.36735 7.90883 -16.6324
-6.28675 7.51994 -16.5712
-6.21846 7.21908 -16.5227
-6.15058 6.87624 -16.4726
-6.04539 6.26907 -16.3926
-5.97019 5.82894 -16.3094
-5.9641 5.47342 -16.3058
-17.6149 -21.9177 1.29222
-17.5217 -21.9423 1.53318
-17.431 -21.8727 1.93571
-17.3134 -21.7976 2.42871
-17.0751 -21.7558 3.06407
-16.9499 -21.7399 3.3873
-16.7755 -21.7068 3.84367
-16.6858 -21.6906 4.06765
-16.633 -21.6805 4.19975
-16.5066 -21.6594 4.50669
-16.2743 -21.6423 5.0012
-16.0624 -21.667 5.3074
-15.9569 -21.6804 5.4618
-15.8168 -21.6993 5.64321
-15.5964 -21.7243 5.92822
-15.3462 -21.7684 6.20379
-15.0475 -21.835 6.48735
-14.7619 -21.9196 6.72373
-14.4812 -22.0073 6.92389
-13.9264 -22.2158 7.2118
-13.7551 -22.2769 7.30168
-13.188 -22.4743 7.59734
-12.9424 -22.5606 7.7205
-12.6392 -22.672 7.86206
-12.2052 -22.83 8.05566
-11.8759 -22.9449 8.17344
-11.6336 -23.0248 8.25828
-11.0884 -23.2592 8.39722
-10.9271 -23.3177 8.4476
-10.3966 -23.3827 8.69525
-5.9641 5.47342 -16.3058
-5.71373 5.16021 -15.9526
-5.60457 4.93745 -15.7933
-5.56089 4.85299 -15.7299
-5.44771 4.5013 -15.5338
-5.39262 4.07686 -15.3274
-5.33093 3.6306 -15.1062
-5.39772 3.10634 -14.9738
-5.44669 2.68961 -14.8641
-5.50018 2.41017 -14.8054
-5.58212 2.00744 -14.7233
-5.65054 1.68291 -14.6581
-5.91634 0.970366 -14.533
-6.18916 0.503365 -14.5381
-6.49487 0.178068 -14.6779
-6.62195 0.0669482 -14.7516
-6.87385 -0.119987 -14.9109
-7.38119 -0.363672 -15.2856
-7.76205 -0.533483 -15.5742
-8.06955 -0.698883 -15.7779
0 1
1 2
2 3
3 4
4 5
5 6
6 7
7 8
8 9
9 10
10 11
11 12
12 13
13 14
14 15
15 16
17 18
18 19
19 20
20 21
21 22
22 23
23 24
24 25
25 26
26 27
27 28
28 29
29 30
30 31
31 32
32 33
33 34
34 35
35 36
36 37
37 38
38 39
39 40
40 41
41 42
42 43
43 44
44 45
46 47
47 48
48 49
49 50
50 51
51 52
52 53
53 54
54 55
55 56
56 57
57 58
58 59
59 60
60 61
61 62
62 63
63 64
64 65
65 66
66 67
67 68
69 70
70 71
71 72
72 73
73 74
74 75
75 76
76 77
77 78
79 80
80 81
81 82
82 83
83 84
84 85
85 86
86 87
87 88
88 89
89 90
90 91
91 92
92 93
93 94
94 95
95 96
96 97
97 98
98 99
99 100
100 101
101 102
102 103
103 104
104 105
106 107
107 108
108 109
109 110
110 111
111 112
112 113
113 114
114 115
115 116
116 117
117 118
118 119
119 120
120 121
121 122
122 123
123 124
124 125
125 126
126 127
127 128
128 129
130 131
131 132
132 133
133 134
134 135
135 136
136 137
137 138
138 139
139 140
140 141
141 142
142 143
143 144
144 145
145 146
146 147
147 148
148 149
149 150
150 151
151 152
152 153
154 155
155 156
156 157
157 158
158 159
159 160
160 161
161 162
162 163
163 164
164 165
165 166
166 167
167 168
168 169
169 170
170 171
171 172
172 173
173 174
174 175
175 176
176 177
177 178
178 179
179 180
180 181
181 182
182 183
183 184
184 185
185 186
186 187
187 188
188 189
189 190
190 191
191 192
192 193
193 194
194 195
195 196
196 197
197 198
198 199
199 200
201 202
202 203
203 204
204 205
205 206
206 207
207 208
208 209
209 210
210 211
211 212
212 213
213 214
214 215
215 216
216 217
217 218
218 219
219 220
220 221
221 222
222 223
223 224
224 225
225 226
226 227
227 228
229 230
230 231
232 233
233 234
234 235
235 236
236 237
237 238
238 239
239 240
240 241
241 242
242 243
243 244
244 245
245 246
246 247
247 248
248 249
249 250
250 251
251 252
252 253
253 254
254 255
255 256
256 257
257 258
258 259
259 260
260 261
261 262
262 263
263 264
264 265
265 266
266 267
267 268
268 269
269 270
270 271
271 272
272 273
273 274
274 275
275 276
276 277
277 278
278 279
279 280
280 281
281 282
282 283
283 284
284 285
285 286
286 287
287 288
288 289
289 290
290 291
291 292
292 293
293 294
295 296
296 297
297 298
298 299
299 300
300 301
301 302
302 303
303 304
304 305
305 306
306 307
307 308
308 309
309 310
310 311
311 312
312 313
313 314
314 315
315 316
316 317
317 318
318 319
319 320
320 321
321 322
322 323
323 324
324 325
325 326
326 327
327 328
328 329
329 330
330 331
331 332
332 333
333 334
334 335
335 336
336 337
337 338
338 339
339 340
340 341
341 342
342 343
343 344
344 345
345 346
346 347
347 348
348 349
349 350
350 351
352 353
353 354
355 356
357 358
359 360
360 361
361 362
362 363
363 364
364 365
365 366
366 367
367 368
368 369
369 370
370 371
371 372
372 373
373 374
374 375
375 376
376 377
377 378
378 379
379 380
380 381
381 382
382 383
383 384
384 385
385 386
386 387
387 388
388 389
389 390
390 391
391 392
392 393
393 394
394 395
395 396
396 397
397 398
398 399
399 400
400 401
401 402
402 403
403 404
404 405
405 406
406 407
407 408
408 409
409 410
410 411
411 412
412 413
413 414
414 415
415 416
416 417
417 418
419 420
420 421
421 422
422 423
423 424
424 425
425 426
426 427
427 428
428 429
429 430
430 431
431 432
432 433
433 434
434 435
435 436
436 437
437 438
438 439
439 440
440 441
441 442
442 443
443 444
444 445
445 446
447 448
448 449
449 450
450 451
451 452
452 453
453 454
454 455
455 456
456 457
457 458
458 459
459 460
460 461
461 462
463 464
464 465
465 466
466 467
467 468
468 469
469 470
470 471
471 472
472 473
473 474
474 475
475 476
476 477
477 478
478 479
479 480
480 481
481 482
482 483
483 484
484 485
485 486
486 487
487 488
488 489
489 490
490 491
491 492
492 493
493 494
494 495
495 496
496 497
497 498
498 499
499 500
500 501
501 502
502 503
503 504
504 505
506 507
507 508
508 509
509 510
510 511
511 512
512 513
513 514
514 515
515 516
516 517
517 518
518 519
519 520
520 521
521 522
522 523
523 524
524 525
525 526
526 527
527 528
528 529
529 530
530 531
531 532
532 533
533 534
534 535
535 536
536 537
537 538
538 539
539 540
540 541
541 542
542 543
543 544
544 545
545 546
546 547
547 548
548 549
549 550
550 551
551 552
552 553
553 554
554 555
555 556
556 557
557 558
558 559
559 560
560 561
561 562
562 563
563 564
564 565
565 566
566 567
567 568
568 569
569 570
570 571
571 572
572 573
573 574
574 575
575 576
576 577
577 578
578 579
579 580
580 581
581 582
582 583
583 584
584 585
585 586
586 587
587 588
588 589
589 590
590 591
591 592
592 593
593 594
594 595
595 596
596 597
598 599
599 600
600 601
601 602
602 603
603 604
604 605
605 606
606 607
607 608
608 609
609 610
610 611
611 612
612 613
613 614
615 616
616 617
617 618
618 619
619 620
620 621
621 622
622 623
623 624
624 625
625 626
626 627
627 628
628 629
629 630
630 631
631 632
632 633
633 634
634 635
635 636
636 637
637 638
638 639
639 640
640 641
641 642
642 643
643 644
644 645
645 646
646 647
647 648
648 649
649 650
651 652
653 654
654 655
655 656
656 657
657 658
658 659
659 660
660 661
661 662
662 663
663 664
664 665
665 666
666 667
667 668
668 669
669 670
670 671
671 672
673 674
674 675
675 676
676 677
677 678
678 679
679 680
680 681
681 682
683 684
684 685
685 686
686 687
687 688
688 689
689 690
690 691
691 692
692 693
693 694
694 695
695 696
696 697
697 698
698 699
699 700
700 701
701 702
702 703
703 704
704 705
706 707
708 709
709 710
710 711
711 712
712 713
713 714
714 715
715 716
716 717
717 718
718 719
719 720
720 721
721 722
722 723
723 724
724 725
725 726
726 727
727 728
728 729
729 730
730 731
731 732
732 733
733 734
734 735
736 737
737 738
738 739
739 740
740 741
741 742
742 743
743 744
744 745
745 746
747 748
748 749
749 750
750 751
751 752
752 753
753 754
754 755
755 756
756 757
757 758
758 759
759 760
760 761
761 762
762 763
763 764
765 766
766 767
767 768
768 769
769 770
770 771
771 772
772 773
773 774
774 775
775 776
776 777
777 778
778 779
779 780
780 781
781 782
782 783
783 784
784 785
785 786
786 787
787 788
788 789
789 790
790 791
791 792
792 793
793 794
794 795
795 796
796 797
797 798
799 800
800 801
801 802
802 803
803 804
804 805
805 806
806 807
807 808
808 809
809 810
810 811
811 812
812 813
813 814
814 815
815 816
816 817
817 818
818 819
819 820
820 821
821 822
822 823
823 824
824 825
825 826
826 827
827 828
828 829
829 830
830 831
831 832
832 833
833 834
834 835
835 836
836 837
838 839
839 840
840 841
841 842
842 843
843 844
844 845
845 846
846 847
847 848
848 849
849 850
850 851
851 852
852 853
853 854
854 855
855 856
857 858
858 859
859 860
860 861
861 862
862 863
863 864
864 865
865 866
866 867
867 868
868 869
869 870
870 871
871 872
872 873
873 874
874 875
875 876
876 877
877 878
879 880
880 881
881 882
882 883
883 884
884 885
885 886
886 887
887 888
888 889
889 890
890 891
891 892
892 893
893 894
894 895
895 896
896 897
897 898
898 899
899 900
900 901
902 903
903 904
904 905
905 906
906 907
907 908
908 909
909 910
910 911
911 912
912 913
913 914
914 915
915 916
916 917
917 918
918 919
919 920
920 921
921 922
922 923
923 924
924 925
925 926
926 927
927 928
928 929
929 930
930 931
931 932
932 933
933 934
934 935
935 936
936 937
937 938
938 939
939 940
941 942
942 943
943 944
944 945
945 946
946 947
947 948
948 949
949 950
950 951
951 952
952 953
953 954
954 955
955 956
956 957
957 958
958 959
959 960
960 961
961 962
962 963
963 964
964 965
965 966
966 967
967 968
968 969
969 970
970 971
971 972
972 973
973 974
974 975
975 976
976 977
977 978
978 979
979 980
980 981
982 983
983 984
984 985
985 986
986 987
987 988
988 989
989 990
990 991
991 992
992 993
993 994
994 995
995 996
996 997
997 998
998 999
999 1000
1000 1001
1001 1002
1002 1003
1003 1004
1004 1005
1005 1006
1006 1007
1007 1008
1008 1009
1009 1010
1010 1011
1012 1013
1013 1014
1014 1015
1015 1016
1016 1017
1017 1018
1018 1019
1019 1020
1020 1021
1021 1022
1022 1023
1023 1024
1024 1025
1025 1026
1026 1027
1027 1028
1028 1029
1029 1030
1030 1031
1031 1032
1032 1033
1033 1034
1034 1035
1036 1037
1037 1038
1038 1039
1039 1040
1040 1041
1041 1042
1042 1043
1043 1044
1044 1045
1045 1046
1046 1047
1047 1048
1048 1049
1049 1050
1050 1051
1051 1052
1052 1053
1053 1054
1054 1055
1055 1056
1056 1057
1057 1058
1058 1059
1059 1060
1060 1061
1061 1062
1062 1063
1063 1064
1064 1065
1065 1066
1066 1067
1067 1068
1068 1069
1069 1070
1070 1071
1072 1073
1073 1074
1074 1075
1075 1076
1076 1077
1077 1078
1078 1079
1079 1080
1080 1081
1081 1082
1082 1083
1083 1084
1084 1085
1085 1086
1086 1087
1087 1088
1089 1090
1090 1091
1091 1092
1092 1093
1093 1094
1094 1095
1095 1096
1096 1097
1097 1098
1098 1099
1099 1100
1100 1101
1101 1102
1102 1103
1103 1104
1104 1105
1105 1106
1106 1107
1107 1108
1108 1109
1109 1110
1110 1111
1112 1113
1113 1114
1114 1115
1115 1116
1116 1117
1117 1118
1118 1119
1119 1120
1120 1121
1121 1122
1122 1123
1123 1124
1124 1125
1125 1126
1127 1128
1128 1129
1129 1130
1130 1131
1131 1132
1132 1133
1133 1134
1134 1135
1135 1136
1136 1137
1137 1138
1138 1139
1139 1140
1140 1141
1141 1142
1142 1143
1143 1144
1144 1145
1145 1146
1146 1147
1147 1148
1148 1149
1149 1150
1150 1151
1151 1152
1152 1153
1153 1154
1154 1155
1155 1156
1156 1157
1157 1158
1158 1159
1159 1160
1160 1161
1161 1162
1162 1163
1163 1164
1164 1165
1165 1166
1166 1167
1168 1169
1169 1170
1170 1171
1171 1172
1172 1173
1173 1174
1174 1175
1175 1176
1176 1177
1177 1178
1178 1179
1179 1180
1180 1181
1181 1182
1182 1183
1183 1184
1184 1185
1185 1186
1186 1187
1187 1188
1188 1189
1189 1190
1190 1191
1191 1192
1192 1193
1193 1194
1195 1196
1196 1197
1197 1198
1198 1199
1199 1200
1200 1201
1201 1202
1202 1203
1203 1204
1204 1205
1205 1206
1206 1207
1207 1208
1208 1209
1209 1210
1210 1211
1211 1212
1212 1213
1213 1214
1214 1215
1215 1216
1216 1217
1217 1218
1218 1219
1219 1220
1220 1221
1221 1222
1222 1223
1223 1224
1224 1225
1225 1226
1226 1227
1227 1228
1228 1229
1229 1230
1230 1231
1231 1232
1232 1233
1233 1234
1234 1235
1235 1236
1236 1237
1237 1238
1238 1239
1239 1240
1240 1241
1241 1242
1242 1243
1243 1244
1244 1245
1245 1246
1246 1247
1247 1248
1248 1249
1249 1250
1250 1251
1251 1252
1252 1253
1253 1254
1254 1255
1255 1256
1256 1257
1257 1258
1259 1260
1260 1261
1261 1262
1262 1263
1263 1264
1264 1265
1265 1266
1266 1267
1267 1268
1268 1269
1269 1270
1270 1271
1271 1272
1272 1273
1274 1275
1275 1276
1276 1277
1277 1278
1278 1279
1279 1280
1280 1281
1281 1282
1282 1283
1283 1284
1285 1286
1286 1287
1287 1288
1288 1289
1289 1290
1290 1291
1291 1292
1292 1293
1293 1294
1294 1295
1295 1296
1296 1297
1297 1298
1298 1299
1299 1300
1300 1301
1301 1302
1302 1303
1303 1304
1304 1305
1305 1306
1306 1307
1307 1308
1308 1309
1309 1310
1310 1311
1311 1312
1312 1313
1313 1314
1314 1315
1315 1316
1316 1317
1318 1319
1319 1320
1320 1321
1321 1322
1322 1323
1323 1324
1324 1325
1325 1326
1326 1327
1327 1328
1328 1329
1329 1330
1330 1331
1331 1332
1332 1333
1333 1334
1334 1335
1335 1336
1336 1337
1337 1338
1338 1339
1339 1340
1341 1342
1342 1343
1343 1344
1344 1345
1345 1346
1346 1347
1347 1348
1348 1349
1349 1350
1350 1351
1351 1352
1352 1353
1353 1354
1354 1355
1356 1357
1357 1358
1358 1359
1359 1360
1360 1361
1361 1362
1362 1363
1363 1364
1364 1365
1365 1366
1366 1367
1367 1368
1368 1369
1369 1370
1370 1371
1371 1372
1372 1373
1373 1374
1374 1375
1375 1376
1376 1377
1377 1378
1378 1379
1379 1380
1380 1381
1381 1382
1382 1383
1383 1384
1384 1385
1385 1386
1386 1387
1387 1388
1388 1389
1389 1390
1390 1391
1391 1392
1392 1393
1393 1394
1394 1395
1395 1396
1396 1397
1397 1398
1398 1399
1399 1400
1400 1401
1401 1402
1402 1403
1403 1404
1404 1405
1405 1406
1406 1407
1407 1408
1409 1410
1410 1411
1411 1412
1412 1413
1413 1414
1414 1415
1415 1416
1416 1417
1417 1418
1418 1419
1419 1420
1420 1421
1421 1422
1422 1423
1423 1424
1425 1426
1426 1427
1427 1428
1428 1429
1429 1430
1430 1431
1431 1432
1432 1433
1433 1434
1434 1435
1435 1436
1436 1437
1437 1438
1438 1439
1439 1440
1440 1441
1441 1442
1442 1443
1443 1444
1444 1445
1445 1446
1446 1447
1447 1448
1448 1449
1449 1450
1451 1452
1452 1453
1453 1454
1455 1456
1456 1457
1457 1458
1458 1459
1459 1460
1460 1461
1461 1462
1462 1463
1463 1464
1464 1465
1465 1466
1466 1467
1467 1468
1468 1469
1469 1470
1470 1471
1471 1472
1472 1473
1473 1474
1474 1475
1475 1476
1476 1477
1477 1478
1478 1479
1479 1480
1480 1481
1481 1482
1482 1483
1483 1484
1484 1485
1485 1486
1486 1487
1487 1488
1488 1489
1489 1490
1490 1491
1491 1492
1492 1493
1493 1494
1494 1495
1495 1496
1496 1497
1497 1498
1498 1499
1499 1500
1500 1501
1501 1502
1502 1503
1503 1504
1505 1506
1506 1507
1507 1508
1508 1509
1509 1510
1510 1511
1511 1512
1512 1513
1513 1514
1514 1515
1515 1516
1516 1517
1517 1518
1518 1519
1519 1520
1520 1521
1521 1522
1522 1523
1523 1524
1524 1525
1525 1526
1526 1527
1528 1529
1529 1530
1530 1531
1531 1532
1532 1533
1533 1534
1534 1535
1535 1536
1536 1537
1537 1538
1538 1539
1539 1540
1540 1541
1541 1542
1542 1543
1543 1544
1544 1545
1545 1546
1546 1547
1547 1548
1548 1549
1549 1550
1550 1551
1551 1552
1552 1553
1553 1554
1554 1555
1555 1556
1556 1557
1557 1558
1558 1559
1559 1560
1560 1561
1561 1562
1562 1563
1563 1564
1564 1565
1565 1566
1566 1567
1567 1568
1568 1569
1569 1570
1570 1571
1571 1572
1572 1573
1573 1574
1574 1575
1575 1576
1576 1577
1577 1578
1578 1579
1579 1580
1580 1581
1581 1582
1582 1583
1583 1584
1584 1585
1585 1586
1586 1587
1587 1588
1588 1589
1589 1590
1590 1591
1591 1592
1592 1593
1593 1594
1594 1595
1595 1596
1596 1597
1597 1598
1598 1599
1599 1600
1600 1601
1601 1602
1602 1603
1603 1604
1604 1605
1605 1606
1606 1607
1607 1608
1608 1609
1609 1610
1610 1611
1611 1612
1612 1613
1613 1614
1614 1615
1615 1616
1616 1617
1617 1618
1618 1619
1619 1620
1620 1621
1621 1622
1622 1623
1623 1624
1624 1625
1625 1626
1626 1627
1627 1628
1628 1629
1629 1630
1630 1631
1631 1632
1632 1633
1633 1634
1634 1635
1635 1636
1636 1637
1637 1638
1638 1639
1639 1640
1640 1641
1641 1642
1642 1643
1644 1645
1645 1646
1646 1647
1647 1648
1648 1649
1649 1650
1650 1651
1651 1652
1652 1653
1653 1654
1654 1655
1655 1656
1656 1657
1657 1658
1658 1659
1659 1660
1660 1661
1661 1662
1662 1663
1663 1664
1664 1665
1665 1666
1667 1668
1668 1669
1669 1670
1670 1671
1671 1672
1672 1673
1673 1674
1674 1675
1675 1676
1676 1677
1677 1678
1678 1679
1679 1680
1680 1681
1681 1682
1682 1683
1683 1684
1684 1685
1685 1686
1686 1687
1687 1688
1688 1689
1689 1690
1690 1691
1691 1692
1692 1693
1693 1694
1694 1695
1695 1696
1697 1698
1698 1699
1699 1700
1700 1701
1701 1702
1702 1703
1703 1704
1704 1705
1705 1706
1706 1707
1707 1708
1708 1709
1709 1710
1710 1711
1711 1712
1712 1713
1713 1714
1714 1715
1715 1716

