1738 0 1673
8.54488 -23.3689 10.3422
8.40762 -23.1791 10.6068
8.32441 -22.9036 10.9319
8.1629 -22.5641 11.3497
7.94675 -22.3298 11.6343
7.74259 -22.0493 11.9385
7.56464 -21.7837 12.2093
7.34493 -21.4413 12.5481
7.153 -21.0853 12.8847
6.92672 -20.6424 13.1687
6.7214 -20.2965 13.388
6.6036 -20.0709 13.5157
6.4495 -19.7758 13.6666
6.37174 -19.6199 13.7397
6.23672 -19.3416 13.8391
6.04947 -18.9463 13.9598
5.87987 -18.529 14.0639
5.81301 -18.2436 14.1225
5.77008 -18.1075 14.1419
5.69329 -17.9675 14.112
5.4269 -17.4906 14.0053
7.73862 -21.0186 2.29447
7.61338 -21.336 2.44825
7.57209 -21.6487 2.72228
7.48289 -21.8927 2.85209
7.42406 -22.0872 2.97246
7.32392 -22.4211 3.1809
7.21356 -22.6099 3.25961
7.03563 -22.9026 3.38037
6.7808 -23.2048 3.47293
6.47092 -23.5149 3.55464
6.22953 -23.7093 3.59187
5.84872 -23.9401 3.60125
5.47013 -24.1348 3.58328
5.1205 -24.2881 3.5379
4.67221 -24.4519 3.42465
4.38399 -24.5488 3.32888
4.09546 -24.6457 3.22765
3.81809 -24.7351 3.073
3.65429 -24.7903 2.96793
3.30216 -24.911 2.70842
3.118 -24.9783 2.56736
2.74815 -25.0936 2.22236
2.53951 -25.1986 1.93619
2.4785 -25.4292 1.62891
2.43369 -25.6152 1.32575
2.4268 -25.9056 0.88891
2.81098 -26.3981 0.268674
3.18156 -26.6794 0.0441791
3.37564 -26.8052 -0.0300921
3.6008 -26.9315 -0.148303
3.86975 -27.0791 -0.174964
4.08265 -27.1867 -0.196071
4.40535 -27.3318 -0.251874
1.93332 -19.465 9.38001
2.05259 -19.9816 9.49409
2.10344 -20.2365 9.50915
2.20799 -20.7684 9.46548
2.30546 -21.0607 9.39666
2.41061 -21.3556 9.29543
2.55565 -21.6606 9.17341
2.63616 -21.8178 9.09287
2.87022 -22.1491 8.66694
3.12523 -22.5003 8.17741
3.20856 -22.6078 8.00059
3.31374 -22.7174 7.77386
3.43919 -22.8363 7.47022
3.54045 -22.9045 7.18952
3.60587 -22.923 6.93798
3.66641 -22.9308 6.68899
3.72303 -22.9136 6.40754
3.76847 -22.8745 6.13909
3.80009 -22.7789 5.78373
3.8095 -22.716 5.5528
3.83465 -22.6064 5.29161
3.85802 -22.5134 5.07235
3.89203 -22.3776 4.75682
3.92529 -22.2448 4.46865
3.96016 -22.0967 4.22963
4.02733 -21.9008 3.95908
4.0686 -21.5202 3.5501
4.07786 -21.2088 3.24371
4.07593 -21.1759 3.21355
4.05089 -20.9515 3.01653
4.00159 -20.7181 2.82757
3.93675 -20.4547 2.62021
3.86576 -20.2884 2.5074
3.6903 -19.9392 2.28581
3.53125 -19.7223 2.17611
3.39627 -19.5383 2.08322
3.16611 -19.3057 2.00196
2.47861 -19.0075 2.14987
2.20426 -18.8021 2.50587
2.08177 -18.7068 2.66165
1.95701 -18.6094 2.82361
1.83391 -18.5088 2.98095
1.74076 -18.437 3.15961
1.52113 -18.2547 3.64636
1.41563 -18.1492 3.98855
1.3419 -18.0882 4.4205
1.27959 -18.0286 4.81102
1.25393 -17.9517 5.18841
1.24265 -18.0326 5.53624
6.80065 -18.6667 -2.26592
6.76678 -18.8357 -2.09259
6.72419 -19.0605 -1.85847
6.69679 -19.2221 -1.68406
6.68072 -19.3334 -1.55802
6.66219 -19.5191 -1.32929
6.6522 -19.6872 -1.10686
6.678 -20.156 -0.343159
6.74859 -20.3965 0.183868
6.83231 -20.4651 0.389686
6.90279 -20.4969 0.524715
7.08055 -20.5761 0.864283
7.38816 -20.7179 1.45451
7.55407 -20.9119 1.90521
7.73862 -21.0186 2.29447
8.70781 -14.45 -5.1332
8.70781 -14.45 -5.1332
8.70781 -14.45 -5.1332
16.049 -14.1623 8.77245
16.4074 -14.2289 8.28386
16.6305 -14.1925 8.00585
16.8968 -14.1601 7.65624
17.0377 -14.1316 7.46743
17.1199 -14.1092 7.35548
17.3214 -14.0744 7.06727
17.5196 -14.0262 6.77289
17.6852 -13.9881 6.51151
17.9515 -13.9167 6.07049
18.0873 -13.8805 5.84029
18.2008 -13.8453 5.62654
18.281 -13.8233 5.47969
18.4021 -13.7793 5.23044
18.5 -13.7508 5.03041
18.6056 -13.7134 4.80253
18.7875 -13.6404 4.39415
18.9211 -13.5954 4.07773
19.0622 -13.5491 3.73003
19.2188 -13.4907 3.23328
19.3605 -13.4399 2.77894
19.3734 -13.4356 2.73726
19.4629 -13.4076 2.44436
19.5709 -13.3754 2.0884
19.6851 -13.3437 1.70791
19.7837 -13.3102 1.37787
19.8397 -13.2897 1.18998
19.9423 -13.2497 0.837316
20.0174 -13.209 0.560037
20.1763 -13.059 -0.0116628
6.32782 -10.7758 -4.94165
6.32782 -10.7758 -4.94165
6.32781 -10.7758 -4.94165
3.00904 -7.22347 -8.66462
3.00905 -7.22291 -8.66514
3.00904 -7.22246 -8.66558
1.18214 -5.45827 9.99221
1.21188 -4.74955 9.81223
1.21517 -4.63936 9.77337
1.22117 -4.45589 9.7128
1.22442 -4.19391 9.61852
1.22563 -4.00323 9.54809
1.22714 -3.68678 9.43877
1.23229 -3.06373 9.24502
1.2356 -2.66474 9.12763
1.23749 -2.4758 9.07554
1.24043 -2.26721 9.02359
1.24627 -1.94709 8.9495
1.2551 -1.59684 8.8789
1.26575 -1.27329 8.82315
1.28715 -0.733217 8.74353
1.30576 -0.292737 8.68304
1.32557 0.202447 8.61243
1.36051 0.647787 8.59466
1.40311 1.09304 8.59724
1.43314 1.39136 8.60319
1.47227 1.80214 8.60501
1.52949 2.40066 8.60951
1.59212 2.89495 8.63948
1.61021 3.32434 8.58294
1.60238 3.59509 8.51459
1.60107 4.01611 8.43704
1.63335 4.36844 8.41683
1.63888 4.65278 8.37213
1.64344 4.93031 8.32618
1.64783 5.18778 8.28377
1.65469 5.57538 8.22002
1.6621 5.88872 8.1702
1.68638 6.26573 8.13056
1.66161 6.58783 8.04345
1.65617 6.87147 7.98284
1.58311 7.22759 7.82232
1.54981 7.39942 7.74749
1.49611 7.68278 7.62527
1.40707 8.03513 7.4398
1.35696 8.43555 7.28715
1.30174 8.67307 7.16294
1.20568 9.12225 6.93582
1.1399 9.57106 6.73761
1.08446 10.0039 6.54526
1.03956 10.4274 6.36766
1.01156 10.8774 6.18923
1.00305 11.1132 6.09683
0.990157 11.4898 5.94772
0.983777 11.8057 5.82105
0.977568 12.166 5.67742
0.980368 12.4843 5.55171
0.981368 12.7071 5.46296
0.984901 13.0917 5.30948
0.988728 13.3203 5.21786
0.99397 13.5703 5.11712
1.00059 13.8395 5.0081
1.00889 14.1127 4.89646
1.01672 14.3506 4.79884
1.03034 14.7449 4.63644
1.03672 14.9115 4.56721
1.05 15.2419 4.42921
1.05548 15.3688 4.37569
1.07428 15.7744 4.20274
1.08837 16.0614 4.07869
1.10755 16.4407 3.91314
1.1213 16.7067 3.79524
1.1388 17.0419 3.6452
1.16202 17.4912 3.44269
1.17143 17.6757 3.35842
1.18659 17.9862 3.2126
1.19933 18.258 3.0825
1.2132 18.5584 2.93621
1.22984 18.9338 2.74794
1.24669 19.4069 2.49371
1.26239 19.8219 2.27085
1.22079 20.1356 1.99901
1.17489 20.3894 1.7507
1.12982 20.6328 1.51296
1.08591 20.8578 1.29053
1.02826 21.149 1.00806
0.97469 21.429 0.747638
0.917113 21.8028 0.477074
0.8806 22.0646 0.225999
0.822432 22.2194 -0.187631
6.99661 -6.55023 17.3075
6.75106 -6.34504 17.425
6.56634 -6.05378 17.5381
6.45585 -5.89828 17.5969
6.25935 -5.79046 17.6613
6.04763 -5.56159 17.7475
5.80274 -5.31664 17.8389
5.47107 -4.9792 17.9628
5.29011 -4.76667 18.0402
5.09405 -4.58306 18.0514
4.88387 -4.36751 18.0426
4.59117 -3.98832 17.9888
4.2955 -3.59791 17.8969
4.19874 -3.48066 17.856
3.98033 -3.17644 17.7438
3.77348 -2.85606 17.6085
3.66182 -2.67309 17.5219
3.56115 -2.48846 17.4308
3.36001 -1.97725 17.1195
3.26475 -1.71215 16.9616
3.16477 -1.40304 16.7865
3.05636 -1.10255 16.6065
2.98689 -0.764195 16.4493
2.93254 -0.510611 16.3292
2.92827 -0.440619 16.306
2.92196 -0.282728 16.2568
2.98405 0.172565 16.1954
3.04057 0.5839 16.1358
3.09894 0.984999 16.0786
3.18537 1.43513 16.0234
3.23648 1.65505 15.9996
3.34718 1.99227 15.9758
3.45364 2.27192 15.9587
3.60111 2.59946 15.9437
4.0645 3.35268 15.9124
4.21086 3.60108 15.8956
4.39564 3.8847 15.8652
4.59519 4.16466 15.8357
4.69774 4.29748 15.8226
4.87935 4.51598 15.7911
5.1388 4.94131 15.6961
5.71577 5.96677 15.4289
5.9296 6.35767 15.3207
6.09965 6.69807 15.2177
6.24099 6.97342 15.1194
6.37148 7.19832 15.0356
6.53438 7.43272 14.9419
7.9943 -2.52233 -14.4763
8.19355 -3.08331 -14.0772
8.4616 -3.57542 -13.8171
8.73601 -4.01755 -13.598
8.99286 -4.34126 -13.4564
9.13138 -4.51312 -13.3836
9.3154 -4.72937 -13.2945
9.62614 -5.06498 -13.1567
9.7734 -5.28672 -13.0212
9.95891 -5.54129 -12.8793
10.054 -5.67657 -12.8018
10.177 -5.85556 -12.6975
10.2103 -5.91602 -12.6583
10.5694 -6.5184 -12.2667
10.7391 -6.81045 -12.0767
10.7848 -6.89055 -12.0246
10.8779 -7.05732 -11.9157
10.9722 -7.22947 -11.8032
11.0796 -7.43753 -11.666
11.2089 -7.70752 -11.4865
11.3013 -7.91534 -11.3472
11.4116 -8.18609 -11.1638
11.4744 -8.34668 -11.0546
11.532 -8.50223 -10.9482
11.6396 -8.79545 -10.7474
11.814 -9.28482 -10.4113
11.9042 -9.54624 -10.2312
12.0292 -9.91488 -9.97893
12.0565 -10.1229 -9.82549
12.0649 -10.4374 -9.59091
11.9991 -10.7578 -9.32915
17.1906 -3.07242 -14.9292
16.9575 -3.19621 -15.1042
16.8073 -3.26696 -15.2178
16.626 -3.3355 -15.358
16.3595 -3.40688 -15.5486
16.0702 -3.47516 -15.7549
15.8317 -3.50799 -15.9264
15.6638 -3.52565 -16.0262
15.4612 -3.56626 -16.1384
15.308 -3.59306 -16.2223
14.8101 -3.69357 -16.4908
14.3739 -3.6002 -16.7084
14.1778 -3.57057 -16.7874
13.8798 -3.49182 -16.9027
13.6957 -3.4366 -16.9662
13.4056 -3.33661 -17.0611
12.9021 -3.13898 -17.2129
12.6772 -3.04736 -17.2791
12.3291 -2.91236 -17.3764
12.1446 -2.81434 -17.43
11.9557 -2.68945 -17.4756
11.6349 -2.46039 -17.5451
11.3794 -2.2767 -17.5955
11.1465 -2.0944 -17.6254
10.9359 -1.904 -17.6524
10.749 -1.75108 -17.6576
10.4871 -1.56146 -17.5939
10.0446 -1.23492 -17.4859
9.45949 -0.647727 -17.4478
3.39811 2.7273 -11.8861
3.4924 2.8545 -12.1081
3.59764 2.9738 -12.3468
3.74521 3.10643 -12.6523
19.3897 4.05994 -9.15819
19.3642 4.1233 -9.18602
2.08975 6.01211 -9.19845
2.08992 6.01253 -9.19859
2.08999 6.01268 -9.19863
16.0131 8.0548 -5.60365
15.958 8.20108 -5.7262
15.9044 8.34045 -5.84257
15.85 8.47628 -5.95541
15.7562 8.70471 -6.14465
15.6732 8.90107 -6.3073
15.5633 9.14602 -6.51026
15.437 9.40964 -6.72876
15.3449 9.59041 -6.87852
15.2344 9.79821 -7.05032
15.1882 9.88053 -7.11811
15.0964 10.0415 -7.25042
14.9596 10.2583 -7.42623
14.8019 10.4987 -7.61959
14.6099 10.7794 -7.84292
14.406 11.0634 -8.06561
14.2246 11.2863 -8.23261
14.1122 11.4195 -8.33055
13.9798 11.5688 -8.43733
13.7406 11.8214 -8.61026
13.3679 12.1831 -8.83957
13.0751 12.4554 -9.00089
12.7224 12.7559 -9.17367
12.4279 13.0157 -9.28962
12.156 13.2871 -9.34095
11.8641 13.7955 -9.36567
19.1305 10.4919 -1.23689
19.2327 10.1997 -1.4099
19.2807 10.0193 -1.41439
19.3527 9.74279 -1.41346
19.4134 9.52926 -1.47619
19.4881 9.23485 -1.51215
19.5396 9.01887 -1.51882
19.5992 8.77274 -1.53578
19.6618 8.50874 -1.55078
19.7708 8.02007 -1.59459
19.838 7.62336 -1.59683
19.9031 7.20812 -1.60128
19.9896 6.6218 -1.57553
20.0106 6.05591 -1.68038
19.9974 5.5979 -1.67713
19.9815 5.26257 -1.63919
19.9456 4.81479 -1.58524
19.8865 4.28328 -1.59998
19.8312 3.94141 -1.48025
19.8092 3.83485 -1.45865
19.732 3.44108 -1.30702
19.6518 3.08035 -1.15896
19.5646 2.71433 -0.984282
19.4934 2.42598 -0.821079
19.4265 2.16575 -0.67172
19.3404 1.83241 -0.449796
19.3115 1.73667 -0.389251
19.26 1.56331 -0.263435
19.1941 1.33157 -0.0550675
19.0766 0.933492 0.291044
19.0098 0.682383 0.580599
18.9773 0.558218 0.728975
18.92 0.324132 1.03558
18.8613 0.0893292 1.36323
18.8556 0.0672133 1.3938
18.8278 -0.0437307 1.55331
18.7627 -0.301756 1.95501
18.7301 -0.429701 2.16632
18.7008 -0.542246 2.36726
18.6601 -0.696885 2.65252
18.6274 -0.814322 2.90028
18.5861 -0.920264 3.29264
18.5209 -1.10662 3.82186
16.1133 18.5546 -7.01733
16.5197 17.8592 -6.88929
16.6898 17.5987 -6.81927
16.9249 17.2102 -6.70342
17.1784 16.7673 -6.54184
17.4104 16.3455 -6.35587
17.4982 16.1765 -6.27724
17.6386 15.8862 -6.12474
17.715 15.7218 -6.04929
17.9004 15.326 -5.81425
17.9962 15.1317 -5.62815
18.0949 14.8874 -5.44673
18.1889 14.6497 -5.2727
18.2962 14.3705 -5.06283
18.3848 14.1382 -4.89438
18.4837 13.8461 -4.66642
18.5516 13.6142 -4.41806
18.6479 13.2363 -4.09003
18.6989 13.0299 -3.90139
18.7605 12.7776 -3.67987
18.8278 12.4886 -3.41885
18.917 12.1027 -3.07258
18.9693 11.8487 -2.83134
19.0105 11.609 -2.5781
19.0406 11.4231 -2.38617
19.0538 11.3178 -2.25272
19.09 11.0827 -2.02798
19.1054 10.9122 -1.82145
19.1327 10.6957 -1.6175
19.1305 10.4919 -1.23689
6.18786 22.5558 6.92044
6.11477 22.2252 7.237
6.09326 22.1296 7.32659
6.05096 22.0202 7.43441
5.94654 21.7829 7.66477
5.88368 21.6219 7.81612
5.80155 21.3905 8.02977
5.72064 21.1478 8.24606
5.64065 20.8621 8.49036
5.58571 20.6707 8.64829
5.52192 20.4447 8.83111
5.45874 20.1458 9.0671
5.45884 19.8984 9.25401
5.50662 19.5988 9.45401
5.5889 19.2472 9.68508
5.74885 18.8064 9.96484
9.41598 -18.5981 2.45727
9.3816 -18.6877 2.47369
9.25678 -18.9741 2.51902
9.17287 -19.1483 2.54141
9.08744 -19.3225 2.56342
8.962 -19.5644 2.58785
8.81713 -19.7703 2.57225
8.48117 -20.19 2.51785
8.28364 -20.4432 2.49261
8.1308 -20.6596 2.49552
7.95461 -20.8771 2.46473
7.73862 -21.0186 2.29447
0.792429 -9.79103 3.16245
0.790098 -9.92109 3.4921
0.781945 -9.93574 3.81224
0.780392 -9.93581 3.84817
0.73429 -9.92869 4.74542
0.709257 -9.92909 5.27052
0.707304 -9.93056 5.31944
0.696861 -9.94286 5.60098
0.690244 -9.9524 5.82617
0.68439 -9.96266 6.17634
0.682857 -9.98461 6.80279
0.696194 -9.89138 7.43028
18.8526 -17.4731 -2.05592
18.8545 -17.7319 -1.59675
5.46406 7.10418 -16.1657
5.86655 6.56333 -16.8034
6.17746 6.00507 -17.2529
6.272 5.83511 -17.3834
6.5222 5.41102 -17.6893
6.62309 5.17858 -17.7486
6.71608 4.98514 -17.8217
6.86624 4.71779 -17.9367
7.05648 4.41978 -18.0396
7.19017 4.20874 -18.1001
7.29108 4.05222 -18.1387
7.60863 3.53362 -18.2192
7.82877 3.15426 -18.2415
7.96321 2.92378 -18.2511
8.08583 2.70047 -18.2485
8.21151 2.46499 -18.2399
8.38265 2.12247 -18.2107
8.54049 1.79396 -18.1758
8.68062 1.49542 -18.1374
8.86083 1.10963 -18.0825
8.98435 0.850858 -18.0434
9.21131 0.38265 -17.966
9.2363 0.188529 -17.8534
9.25857 0.0501223 -17.7758
9.28002 -0.107772 -17.6835
9.45949 -0.647727 -17.4478
11.8641 13.7955 -9.36567
11.8226 14.266 -9.32123
11.8277 14.5501 -9.28523
11.8464 15.0372 -9.22024
11.919 15.4274 -9.14994
11.9896 15.6745 -9.09645
12.2837 16.2922 -8.95587
12.5634 16.7085 -8.86884
13.1069 17.1387 -8.8053
13.4711 17.4129 -8.74874
13.7074 17.6041 -8.70041
14.4908 18.0324 -8.36916
14.7776 18.152 -8.24684
15.1036 18.2437 -8.00976
15.2778 18.2992 -7.87321
15.4522 18.3802 -7.72086
15.5973 18.4502 -7.58963
15.8275 18.4108 -7.38426
16.1133 18.5546 -7.01733
1.85488 26.5845 -0.0640044
1.6901 26.2031 0.0613971
1.53821 25.8036 0.128445
1.27011 25.0658 0.258029
1.17121 24.7049 0.27898
0.971429 23.929 0.355242
0.912399 23.4006 0.301505
0.878972 23.0245 0.243237
0.87238 22.7462 0.212352
0.822432 22.2194 -0.187631
2.1892 27.6383 -2.33284
1.94579 27.2707 -1.70231
1.92439 27.2148 -1.46618
1.9082 27.1537 -1.23543
1.89265 27.0175 -0.859696
1.89537 26.9265 -0.574724
1.85488 26.5845 -0.0640044
4.40535 -27.3318 -0.251874
4.66442 -27.5821 0.0528884
4.85594 -27.7313 0.22488
4.90886 -27.7695 0.268983
5.09835 -27.8973 0.431672
5.4346 -28.1635 0.838072
20.1763 -13.059 -0.0116628
20.3443 -12.708 -0.479191
20.4235 -12.5244 -0.686852
20.487 -12.3798 -0.857431
20.5702 -12.177 -1.12729
20.6386 -11.9979 -1.35523
20.6703 -11.9117 -1.4754
20.7422 -11.7018 -1.77773
20.8053 -11.5175 -2.04183
20.8543 -11.3545 -2.29679
20.9214 -11.1078 -2.69543
20.952 -10.984 -2.90283
20.99 -10.7982 -3.24379
21.0079 -10.6168 -3.6388
21.0126 -10.5134 -3.86097
20.9747 -10.4403 -4.21192
20.9037 -10.3135 -4.81599
20.8163 -10.1842 -5.49123
20.737 -10.1315 -5.95201
20.5528 -9.97541 -6.75233
20.4879 -9.93311 -7.01218
20.4718 -9.91962 -7.07822
20.3067 -10.0234 -7.5268
20.2152 -10.1309 -7.73891
1.54846 -12.7281 9.71255
1.36867 -12.3989 9.36864
1.23542 -12.1598 9.03518
1.08761 -11.7877 8.68472
0.941133 -11.3874 8.3261
0.832484 -11.0815 8.05634
0.740632 -10.7354 7.78458
0.709989 -10.5864 7.60523
0.698705 -10.4105 7.49333
0.696194 -9.89138 7.43028
16.2832 -7.18936 8.23647
16.1296 -7.78498 8.04583
16.0674 -8.17554 7.76046
15.9857 -8.48175 7.52938
15.8441 -8.93567 7.16024
15.6836 -9.21062 6.89639
15.4194 -9.66107 6.34218
15.3934 -9.72848 6.04978
15.3882 -9.81322 5.49073
15.3926 -9.82413 5.38082
15.5104 -9.80012 4.70562
15.6263 -9.7363 4.33542
15.8356 -9.58755 3.87714
15.9375 -9.50504 3.69653
16.08 -9.39757 3.44355
16.2744 -9.24237 3.12318
16.4988 -9.00168 2.84914
16.6931 -8.83282 2.55096
16.8998 -8.65233 2.23231
17.0482 -8.52218 2.00312
17.1527 -8.42169 1.84755
17.2982 -8.27946 1.63183
17.4236 -8.15238 1.44647
17.5538 -8.01146 1.25858
17.6929 -7.84839 1.068
17.8641 -7.64379 0.825099
17.9597 -7.5248 0.700003
18.1405 -7.28952 0.432453
18.3758 -6.97469 0.0767983
18.4667 -6.84556 -0.0686714
18.7175 -6.45567 -0.448527
18.8445 -6.24126 -0.634404
18.9516 -6.05572 -0.797895
19.1093 -5.75178 -1.10649
19.2262 -5.51019 -1.36611
19.3327 -5.28188 -1.60322
19.4684 -4.95906 -1.95556
19.623 -4.55539 -2.42578
19.6473 -4.48843 -2.50218
19.7925 -4.0585 -2.9851
19.8923 -3.70611 -3.36808
19.9508 -3.48245 -3.60713
20.0214 -3.19041 -3.91094
20.0721 -2.94798 -4.14986
20.1075 -2.74737 -4.33592
20.1549 -2.47435 -4.58606
20.1844 -2.25472 -4.77567
20.2104 -2.04292 -4.9525
20.25 -1.66966 -5.25171
20.2871 -1.27058 -5.56112
20.3058 -0.992167 -5.76643
20.3183 -0.723432 -5.96314
20.3251 -0.432762 -6.15851
20.3274 -0.248494 -6.28592
20.3237 0.0112152 -6.46183
20.3063 0.537219 -6.81815
20.2803 0.825358 -7.01477
20.2576 1.06418 -7.16486
20.2164 1.36386 -7.3589
20.1634 1.66158 -7.557
20.0969 1.998 -7.77515
20.0269 2.27006 -7.95408
19.9059 2.70103 -8.24252
19.803 3.034 -8.46372
19.7089 3.29242 -8.63327
19.618 3.51953 -8.79304
19.5124 3.77597 -8.96006
19.3642 4.1233 -9.18602
1.44709 22.9818 -5.14544
1.28975 22.7861 -4.70578
1.19396 22.6236 -4.45898
1.09927 22.4782 -4.20761
1.02416 22.4076 -3.9813
0.929419 22.3013 -3.5786
0.806901 22.1652 -2.98594
0.701961 22.0375 -2.48213
0.721894 22.0026 -1.55704
0.766287 22.0223 -0.804483
0.785957 22.0617 -0.562104
0.822432 22.2194 -0.187631
5.4346 -28.1635 0.838072
5.32892 -28.2819 1.33381
5.25896 -28.4056 1.89463
5.27909 -28.4269 2.18084
5.29239 -28.4326 2.35547
5.33682 -28.4317 2.7309
5.41515 -28.4176 3.26741
5.4713 -28.3893 3.69224
5.51137 -28.353 4.00246
5.53308 -28.3251 4.17321
5.58508 -28.2319 4.59114
5.64744 -28.0766 5.10643
5.72427 -27.8562 5.72285
5.79147 -27.6322 6.21797
5.83036 -27.4929 6.49717
5.91533 -27.3109 6.78749
5.9373 -27.276 6.83793
6.04975 -27.0765 7.13316
6.15177 -26.8553 7.40956
6.26752 -26.5889 7.74294
6.35061 -26.3974 7.98022
6.42963 -26.2617 8.12627
6.56836 -26.008 8.40736
6.6927 -25.768 8.64908
6.84084 -25.5743 8.79312
7.01135 -25.3441 8.97116
7.24848 -25.0304 9.20923
7.38608 -24.8486 9.34711
7.57396 -24.5962 9.53762
7.74933 -24.3451 9.71713
7.89293 -24.135 9.86637
8.16769 -23.7353 10.1491
8.54488 -23.3689 10.3422
5.4269 -17.4906 14.0053
4.84309 -17.6085 13.7619
4.59574 -17.5552 13.6365
4.36346 -17.4994 13.5069
4.1173 -17.4595 13.3672
4.03036 -17.4465 13.3174
3.73495 -17.4277 13.1395
3.42457 -17.4625 12.8772
3.05139 -17.5048 12.5622
2.7821 -17.7061 12.1323
2.67464 -17.7757 11.9502
2.48333 -17.9737 11.5469
2.33164 -18.1614 11.1875
2.28453 -18.2245 11.0695
2.17878 -18.3672 10.805
2.0883 -18.5741 10.4693
2.0212 -18.7802 10.192
2.01157 -18.9421 10.0601
1.93332 -19.465 9.38001
17.5457 10.3389 3.90066
17.1606 10.7336 4.21628
16.8369 11.0159 4.46966
16.7198 11.1162 4.55808
16.4804 11.325 4.73244
16.1228 11.6178 5.00615
15.9264 11.7687 5.16172
15.221 12.3564 5.62375
14.9365 12.5821 5.79058
14.541 12.825 6.0433
14.2827 12.9605 6.21004
14.0356 13.0901 6.36627
13.81 13.2199 6.49395
13.531 13.3713 6.65305
13.3149 13.4931 6.77203
12.9241 13.7219 6.98208
12.7657 13.8179 7.0664
12.5751 13.9408 7.16678
12.346 14.0957 7.28841
12.1805 14.2132 7.37765
11.9566 14.3875 7.50214
11.7726 14.539 7.60845
11.6121 14.6816 7.70483
11.4147 14.8649 7.82539
11.1856 15.088 7.96963
10.9856 15.289 8.09739
10.7761 15.5086 8.2328
10.6889 15.6023 8.29144
10.473 15.8462 8.44136
10.3317 16.0084 8.53974
10.1144 16.256 8.69855
9.88906 16.5071 8.86939
9.65519 16.8114 9.01886
9.3654 17.0794 9.24146
9.06461 17.3191 9.43594
8.91235 17.4372 9.53242
8.64043 17.6401 9.70233
7.94267 17.9751 9.97893
6.93945 18.3996 10.0685
6.73219 18.445 10.0687
6.22032 18.5611 10.0642
5.74885 18.8064 9.96484
9.66933 10.681 -16.7939
9.02933 10.5799 -16.7136
8.88986 10.5398 -16.7104
8.65101 10.4751 -16.6994
8.64066 10.4727 -16.6986
8.42655 10.4098 -16.692
8.28634 10.364 -16.6864
7.92701 10.1612 -16.6821
7.5136 9.84296 -16.6663
7.29646 9.65647 -16.6675
7.11858 9.48368 -16.6609
6.92584 9.29276 -16.6511
6.73939 9.10297 -16.6157
6.49794 8.81168 -16.5772
6.34258 8.60216 -16.5426
6.15125 8.29199 -16.4951
6.06787 8.16636 -16.4683
5.93063 7.92587 -16.4199
5.74826 7.54796 -16.3701
5.46406 7.10418 -16.1657
15.7425 -22.6098 2.08559
15.4812 -23.0229 1.79013
15.1788 -23.4454 1.4574
14.8825 -23.8485 1.13604
14.7432 -24.0162 1.03076
14.5317 -24.278 0.840149
14.3783 -24.4463 0.75626
14.2728 -24.5639 0.688967
14.0746 -24.7809 0.57864
13.6875 -25.2002 0.361168
13.4625 -25.3995 0.239023
13.2556 -25.5782 0.191744
12.8905 -25.8898 0.0766905
12.491 -26.2235 -0.0481983
12.294 -26.3727 -0.0892906
11.9959 -26.5894 -0.128771
11.4704 -26.9443 -0.158226
11.0491 -27.2314 -0.182551
10.8664 -27.3471 -0.18478
10.6304 -27.4898 -0.182587
10.4373 -27.5953 -0.173057
10.1853 -27.7211 -0.155097
9.86706 -27.8775 -0.12565
9.63353 -27.9755 -0.102509
9.01948 -28.1976 0.0051418
8.45467 -28.383 0.114114
8.20874 -28.4388 0.169508
7.76419 -28.4658 0.295847
7.3713 -28.4668 0.398155
6.96669 -28.4286 0.487011
6.48297 -28.3735 0.580643
6.08009 -28.3155 0.64116
5.85121 -28.249 0.664111
5.4346 -28.1635 0.838072
2.18574 -10.913 12.8001
1.94829 -10.299 12.6488
1.80634 -9.91534 12.5636
1.59028 -9.18666 12.4919
1.55175 -9.05449 12.4781
1.42306 -8.59694 12.3918
1.35717 -8.34838 12.3389
1.32948 -8.16218 12.2349
1.30278 -7.93674 12.118
1.28266 -7.70239 11.9616
1.2645 -7.40887 11.7417
1.25626 -7.21633 11.5897
1.24756 -6.98032 11.4043
1.23592 -6.62053 11.0951
1.20581 -6.30064 10.6706
1.19784 -6.21844 10.5597
1.19119 -5.97142 10.3631
1.18214 -5.45827 9.99221
13.4549 23.0305 -1.41191
13.1171 23.3378 -1.26622
12.8409 23.63 -1.23694
12.5048 23.9793 -1.20284
12.4423 24.0438 -1.19778
11.972 24.5162 -1.13061
11.7835 24.6946 -1.15635
11.476 24.979 -1.20386
11.1641 25.2579 -1.25518
10.9046 25.4835 -1.29723
10.7631 25.6045 -1.32227
10.5184 25.808 -1.36829
10.3105 25.9818 -1.4095
10.0835 26.1708 -1.45514
9.62732 26.5443 -1.55312
9.33526 26.7716 -1.59162
9.1684 26.9052 -1.66029
8.94761 27.0674 -1.69587
8.58894 27.3255 -1.79245
8.20614 27.5937 -1.88628
7.94238 27.7724 -1.95089
7.82489 27.8514 -1.98039
7.70704 27.9305 -2.00998
7.46626 28.0899 -2.0713
7.11507 28.3216 -2.155
6.72892 28.5739 -2.24086
6.44903 28.7129 -2.30114
6.247 28.7963 -2.35993
5.96213 28.9042 -2.42483
5.63878 29.0047 -2.4918
5.25456 29.0952 -2.58362
4.97153 29.0961 -2.61788
4.40552 29.096 -2.69993
4.07403 29.009 -2.70465
3.72484 28.8832 -2.69458
3.3385 28.7298 -2.66268
3.01427 28.577 -2.64683
2.68217 28.2427 -2.5534
2.59587 28.1488 -2.52548
2.38278 27.9003 -2.44474
2.1892 27.6383 -2.33284
20.2152 -10.1309 -7.73891
19.9618 -10.9747 -7.91068
19.8374 -11.4471 -7.9377
19.7359 -11.8329 -7.94868
19.6313 -12.2108 -7.94979
19.544 -12.5217 -7.94327
19.448 -12.8671 -7.90553
19.3172 -13.16 -7.91457
19.152 -13.5361 -7.89072
19.0687 -13.727 -7.8719
18.9698 -13.9365 -7.84581
18.6721 -14.5596 -7.75995
18.531 -14.8287 -7.70671
18.3955 -15.0736 -7.62907
18.2354 -15.3434 -7.54635
18.1263 -15.5209 -7.49022
17.987 -15.7243 -7.42006
17.8114 -15.9752 -7.33124
17.5662 -16.3145 -7.20664
17.3808 -16.5658 -7.11287
17.1619 -16.8737 -6.99808
17.0117 -17.0585 -6.95084
16.8204 -17.2848 -6.89955
16.6495 -17.4993 -6.84312
16.4615 -17.7488 -6.77169
16.2665 -17.9978 -6.70724
15.9156 -18.4241 -6.61643
15.7545 -18.6189 -6.57795
15.6442 -18.7534 -6.55217
15.5018 -18.9269 -6.51877
15.4389 -19.0035 -6.504
15.1088 -19.4052 -6.42637
14.539 -20.0968 -6.29245
14.3587 -20.3155 -6.24993
14.1027 -20.6245 -6.18911
13.9767 -20.7747 -6.15904
13.7938 -20.9917 -6.1152
13.5055 -21.3299 -6.04598
13.2941 -21.5725 -5.99533
12.9146 -21.9904 -5.90622
12.6306 -22.2936 -5.84113
12.3452 -22.5821 -5.77809
12.0283 -22.86 -5.72015
11.8372 -23.0172 -5.68582
11.4805 -23.288 -5.62646
11.3867 -23.3536 -5.61159
11.1093 -23.5368 -5.5674
10.8865 -23.6725 -5.53285
10.6681 -23.7959 -5.49896
10.4365 -23.9205 -5.46221
10.1162 -24.0732 -5.40893
10.0158 -24.1132 -5.39125
9.78265 -24.1999 -5.34531
9.32216 -24.3692 -5.25022
8.70565 -24.5808 -5.10878
8.21497 -24.7399 -4.97177
8.0053 -24.8026 -4.89649
7.6725 -24.9062 -4.7638
7.42437 -24.9749 -4.65992
7.08064 -25.0894 -4.4977
6.76578 -25.1531 -4.34522
6.43647 -25.327 -4.10712
5.95066 -25.5364 -3.72171
5.77027 -25.6165 -3.57367
5.67503 -25.6587 -3.49514
5.43489 -25.7731 -3.28281
5.19476 -25.8917 -3.0547
5.07484 -26.016 -2.86953
4.75775 -26.3208 -2.27171
4.58956 -26.5235 -1.89251
4.40258 -26.7476 -1.45761
4.36572 -26.8802 -1.20944
4.3642 -27.0699 -0.792837
4.36979 -27.1483 -0.627566
4.40535 -27.3318 -0.251874
8.54488 -23.3689 10.3422
9.10818 -23.2161 10.2148
9.7422 -23.1923 9.91397
9.98466 -23.1675 9.79012
10.3991 -23.1315 9.56383
10.8926 -23.0926 9.28061
11.4569 -23.0414 8.96478
11.8846 -23.0176 8.69891
12.2838 -22.9929 8.4015
12.6351 -22.964 8.0905
12.9504 -22.9379 7.78023
13.1758 -22.9132 7.54498
13.4588 -22.8802 7.23082
13.7566 -22.8396 6.87349
13.9097 -22.8153 6.67494
14.0545 -22.7863 6.45647
14.1667 -22.7628 6.28253
14.3583 -22.722 5.99195
14.6106 -22.6669 5.59332
14.8557 -22.6114 5.13338
14.926 -22.5955 5.0051
15.027 -22.5725 4.8189
15.2213 -22.5443 4.40833
15.4282 -22.4922 3.90254
15.5484 -22.5219 3.31333
15.5972 -22.5482 2.99338
15.6364 -22.5681 2.73933
15.7592 -22.5245 2.31996
15.7425 -22.6098 2.08559
1.93332 -19.465 9.38001
1.78062 -19.4368 8.68886
1.75602 -19.4351 8.55467
1.67625 -19.4235 8.11715
1.57627 -19.3931 7.56687
1.4503 -19.3303 6.95176
1.39918 -19.2567 6.66746
1.38051 -19.1862 6.56133
1.32609 -18.8842 6.24987
1.29705 -18.7045 6.0796
1.25862 -18.4482 5.85302
1.24265 -18.0326 5.53624
1.24265 -18.0326 5.53624
1.21045 -17.6392 5.61495
1.19768 -17.509 5.68613
1.18541 -17.3893 5.76069
1.1711 -17.2174 5.92192
1.17905 -16.7542 6.23853
1.21418 -16.2576 6.65351
1.25588 -15.8642 6.98925
1.36845 -15.4358 7.46377
1.50177 -15.0084 7.96396
1.5341 -14.8005 8.15279
1.53818 -14.3899 8.43037
1.58835 -13.96 8.89339
1.6194 -13.5739 9.27745
1.60795 -13.2992 9.4574
1.59915 -13.1269 9.56555
1.54846 -12.7281 9.71255
16.049 -14.1623 8.77245
15.8281 -13.9755 9.13753
15.7041 -13.8464 9.34861
15.5695 -13.6982 9.57565
15.4529 -13.581 9.765
15.2385 -13.3631 10.1102
15.1584 -13.3081 10.2219
14.9008 -13.1747 10.5441
14.7034 -13.1027 10.7692
14.508 -13.0537 10.9712
14.179 -12.9732 11.3005
13.9255 -12.9387 11.5165
13.6896 -12.9055 11.7053
13.3754 -12.8638 11.9215
13.2123 -12.8422 12.0329
12.9601 -12.8084 12.2048
12.7055 -12.7561 12.3239
12.1591 -12.6293 12.555
11.6058 -12.4502 12.7093
11.3879 -12.338 12.7603
11.0189 -12.1578 12.8006
10.8629 -12.0283 12.7875
10.6346 -11.8141 12.7497
10.4471 -11.625 12.7142
10.1752 -11.3388 12.6599
10.0139 -11.1483 12.6239
9.89852 -10.922 12.5888
9.78543 -10.5463 12.532
9.82909 -10.3459 12.5142
9.90747 -9.99291 12.4816
9.92859 -9.89481 12.4724
9.94537 -9.68578 12.4464
10.1591 -9.37998 12.4266
10.2904 -9.21341 12.4146
10.5154 -8.93755 12.3855
10.6832 -8.76409 12.3621
11.0326 -8.45402 12.3041
11.2431 -8.28415 12.2639
11.3251 -8.2224 12.2469
11.7719 -7.96803 12.1249
12.1622 -7.7905 12.0009
12.5875 -7.65069 11.8348
13.0075 -7.52987 11.6558
13.1815 -7.49328 11.569
13.4532 -7.44591 11.4195
14.0436 -7.38514 11.0307
14.4476 -7.36102 10.7127
14.7248 -7.33724 10.4601
14.9895 -7.32935 10.2027
15.1446 -7.3209 10.0355
15.4336 -7.28987 9.68322
15.6027 -7.26347 9.41043
15.7815 -7.23934 9.12051
15.9643 -7.21271 8.81467
16.1177 -7.21525 8.52672
16.2832 -7.18936 8.23647
16.049 -14.1623 8.77245
15.922 -14.5809 8.71734
15.8617 -14.7333 8.71445
15.6671 -15.0221 8.79712
15.5649 -15.1876 8.83338
15.411 -15.4119 8.89665
15.0215 -15.8316 9.01724
14.7149 -16.1246 9.12256
14.3971 -16.3234 9.24108
13.5456 -16.4979 9.59147
13.1392 -16.5115 9.76093
12.8741 -16.4712 9.87442
12.5091 -16.4046 10.0307
12.1961 -16.2927 10.1642
11.7371 -16.1139 10.3581
11.4413 -15.9844 10.4813
11.1102 -15.822 10.6166
10.8675 -15.6898 10.7149
10.757 -15.6289 10.7595
10.3886 -15.422 10.9123
9.98239 -15.2017 11.089
9.76876 -15.0924 11.1851
9.5224 -14.9805 11.3099
9.23267 -14.8575 11.4514
8.83885 -14.743 11.7303
8.411 -14.6823 12.0525
8.07493 -14.6632 12.3049
7.75427 -14.6523 12.5563
7.57523 -14.6644 12.7099
7.44681 -14.675 12.8119
7.35017 -14.6987 12.9001
7.21781 -14.7442 13.019
7.03175 -14.8937 13.1865
6.89915 -14.997 13.2961
6.65966 -15.235 13.5228
6.29362 -15.6424 13.7384
6.06128 -15.9749 13.8966
5.85972 -16.2751 13.9985
5.72775 -16.6302 14.0164
5.61451 -16.912 14.0379
5.50817 -17.1619 14.0383
5.4269 -17.4906 14.0053
1.18214 -5.45827 9.99221
1.10041 -6.22201 9.79579
1.08168 -6.31945 9.70549
1.04614 -6.43352 9.49303
1.01274 -6.55061 9.29903
0.956562 -6.76391 8.97862
0.916506 -7.00138 8.78075
0.838133 -7.53251 8.39357
0.806817 -7.79506 8.22973
0.794495 -7.90779 8.16442
0.772881 -8.10468 8.04946
0.711556 -8.69243 7.71261
0.695048 -9.0845 7.53352
0.694966 -9.25874 7.4907
0.695177 -9.43923 7.46496
0.696194 -9.89138 7.43028
6.99661 -6.55023 17.3075
7.37077 -6.36861 17.219
7.73891 -6.16281 17.1337
7.98261 -6.03667 17.0565
8.34846 -5.85706 16.9282
9.0619 -5.49903 16.6739
9.24831 -5.3918 16.5845
9.48883 -5.25753 16.4521
9.70849 -5.11449 16.319
9.924 -4.9584 16.1784
10.2392 -4.72313 15.9679
10.4131 -4.58999 15.8469
10.6146 -4.43503 15.7056
10.7935 -4.29454 15.5779
10.9845 -4.11715 15.4339
11.1565 -3.97175 15.2924
11.3666 -3.80845 15.1177
11.6615 -3.5382 14.8647
11.91 -3.33025 14.6419
12.1229 -3.1417 14.4484
12.3786 -2.89744 14.2114
12.6718 -2.61488 13.9382
12.7486 -2.53906 13.8653
12.911 -2.37585 13.7105
13.0339 -2.24837 13.5927
13.2448 -2.02843 13.388
13.4595 -1.80391 13.1793
13.5781 -1.68009 13.0638
13.7418 -1.50652 12.9016
13.9287 -1.30919 12.7138
14.1456 -1.08077 12.4916
14.3133 -0.908309 12.3143
14.4657 -0.75508 12.1501
14.6486 -0.57834 11.9481
14.7857 -0.44813 11.7954
14.9323 -0.310879 11.6308
15.0802 -0.179745 11.4606
15.1823 -0.0893677 11.343
15.3235 0.0311136 11.1774
15.7517 0.368797 10.666
15.9261 0.460243 10.443
16.1134 0.545411 10.1994
16.2753 0.616365 9.98711
16.5111 0.719254 9.67736
16.57 0.731072 9.59793
16.7939 0.755185 9.2932
17.0207 0.776778 8.98276
17.4282 0.794411 8.41618
17.7748 0.756065 7.894
18.0056 0.718871 7.526
18.0626 0.611601 7.33555
18.112 0.517568 7.15886
18.1603 0.420573 6.98029
18.2079 0.317016 6.78979
18.2381 0.252313 6.66889
18.2727 0.1782 6.53023
18.3776 -0.0494738 6.10884
18.4415 -0.236516 5.76512
18.5013 -0.44573 5.38512
18.4996 -0.670575 5.03634
18.5002 -0.834335 4.70476
18.5055 -0.929575 4.42503
18.5209 -1.10662 3.82186
6.99661 -6.55023 17.3075
6.74614 -6.92732 17.3216
6.67858 -7.032 17.3247
6.43666 -7.45178 17.2977
6.34887 -7.67218 17.2741
6.25705 -7.90432 17.2453
6.13543 -8.20747 17.203
6.06518 -8.37474 17.1801
5.95921 -8.65092 17.1488
5.69369 -9.09311 17.0521
5.48507 -9.41887 16.9671
5.39781 -9.55933 16.9165
5.06245 -10.0365 16.6699
4.89263 -10.2493 16.5376
4.74705 -10.4216 16.4102
4.60582 -10.5796 16.2777
4.41018 -10.7736 16.0824
4.26892 -10.9078 15.9344
4.05271 -11.0944 15.6917
3.72468 -11.3306 15.2892
3.57064 -11.3989 15.0749
3.54411 -11.4035 15.0328
3.43752 -11.4271 14.8439
3.34243 -11.4445 14.6757
3.23701 -11.4678 14.4884
3.05124 -11.4893 14.1575
2.84827 -11.5008 13.7952
2.65517 -11.484 13.4541
2.54713 -11.4657 13.2575
2.43441 -11.3218 13.0977
2.18574 -10.913 12.8001
7.9943 -2.52233 -14.4763
7.63235 -2.23129 -14.3316
7.4262 -2.11844 -14.1836
7.08144 -1.85148 -13.9907
6.84988 -1.67102 -13.8605
6.61956 -1.48055 -13.7208
6.34804 -1.1912 -13.5902
6.16675 -0.977647 -13.5169
5.95693 -0.726303 -13.4312
5.6877 -0.365978 -13.3444
5.51682 -0.12622 -13.2937
5.29518 0.207891 -13.2365
5.13908 0.453296 -13.1978
4.96059 0.747019 -13.155
4.66232 1.2767 -13.0879
4.4664 1.68677 -13.0706
4.25829 2.16195 -12.9977
4.15034 2.41404 -12.9604
4.04872 2.65982 -12.9279
3.96883 2.80101 -12.8683
3.74521 3.10643 -12.6523
7.9943 -2.52233 -14.4763
8.01777 -2.26005 -14.8115
8.13085 -2.09788 -15.1166
8.29792 -1.93499 -15.4555
8.49397 -1.75446 -15.8255
8.65646 -1.61351 -16.1066
8.7574 -1.52735 -16.277
8.82583 -1.47182 -16.3837
8.91976 -1.33784 -16.551
9.03537 -1.19711 -16.7382
9.45949 -0.647727 -17.4478
17.1906 -3.07242 -14.9292
17.321 -2.65087 -14.926
17.4046 -2.28102 -14.9472
17.4302 -1.89917 -14.995
17.4202 -1.40737 -15.0905
17.4145 -0.970473 -15.1692
17.4061 -0.469389 -15.2611
17.4006 -0.114132 -15.3262
17.3699 0.128901 -15.3788
17.3306 0.385394 -15.4312
17.2963 0.5972 -15.4763
17.2357 1.06448 -15.5487
17.1685 1.39883 -15.6058
17.0351 1.63913 -15.7
16.8604 2.01798 -15.8071
16.6504 2.41897 -15.9291
16.5309 2.63593 -15.9955
16.4203 2.81671 -16.0548
16.284 3.02913 -16.1257
16.1369 3.24589 -16.2015
15.797 3.7089 -16.368
15.4457 4.18384 -16.531
15.2538 4.44683 -16.6134
15.0468 4.70155 -16.7109
14.8316 4.96382 -16.8085
14.6602 5.14826 -16.8932
14.472 5.36974 -16.9715
14.2631 5.59088 -17.0652
13.8715 6.00247 -17.2337
13.4975 6.39202 -17.3908
13.1588 6.7459 -17.5267
12.7804 7.15028 -17.6679
12.4456 7.51665 -17.7809
12.2517 7.74068 -17.8305
12.0979 7.92123 -17.8639
11.877 8.19853 -17.8932
11.6348 8.49637 -17.9044
11.3508 8.84141 -17.911
11.0828 9.17105 -17.7794
10.9258 9.34341 -17.7059
10.4795 9.86969 -17.4588
10.1014 10.2318 -17.2102
9.87292 10.4334 -17.0414
9.66933 10.681 -16.7939
17.1906 -3.07242 -14.9292
17.4044 -3.32056 -14.6697
17.5784 -3.56955 -14.4425
17.6934 -3.72862 -14.2924
17.8023 -3.88047 -14.1481
17.9668 -4.11515 -13.929
18.0995 -4.31205 -13.7433
18.1862 -4.44202 -13.6205
18.2958 -4.61103 -13.4592
18.4259 -4.81921 -13.2586
18.4841 -4.91839 -13.1584
18.5529 -5.03701 -13.0387
18.793 -5.44863 -12.6227
19.134 -6.05938 -11.9135
19.2056 -6.19017 -11.7599
19.2261 -6.22799 -11.7154
19.3193 -6.40114 -11.5112
19.3978 -6.55465 -11.33
19.4742 -6.71235 -11.1437
19.5611 -6.90385 -10.9177
19.6766 -7.18624 -10.5883
19.7502 -7.37886 -10.3659
19.8491 -7.65469 -10.0469
19.9136 -7.84964 -9.82291
19.9678 -8.0236 -9.62576
20.0603 -8.37197 -9.24147
20.1388 -8.74713 -8.85189
20.1709 -8.9506 -8.65546
20.1893 -9.22323 -8.44409
20.197 -9.49616 -8.24406
20.1963 -9.59603 -8.17644
20.1933 -9.73217 -8.08914
20.2152 -10.1309 -7.73891
6.53438 7.43272 14.9419
6.90894 7.48691 14.8563
7.37378 7.41677 14.7837
7.68775 7.37152 14.7334
7.92869 7.34105 14.6929
8.26983 7.26278 14.6204
8.66396 7.19795 14.5254
8.98286 7.13798 14.45
9.12912 7.1081 14.4152
9.46704 7.04126 14.3332
9.84227 6.96522 14.2396
10.1428 6.88236 14.1401
10.4024 6.8073 14.0372
10.8653 6.64915 13.7185
11.1645 6.56079 13.4937
11.4253 6.44058 13.3043
11.5895 6.40489 13.1486
11.7957 6.34033 12.946
12.3092 6.20284 12.4245
12.6116 6.12777 12.1128
12.8005 6.09239 11.9203
12.9863 6.06439 11.7332
13.2985 6.03604 11.4106
13.6001 6.0466 11.08
13.7074 6.0511 10.9603
13.9425 6.07107 10.6933
14.3755 6.07526 10.2012
14.536 6.11562 9.99955
14.8153 6.21543 9.62975
15.103 6.33446 9.2335
15.4887 6.5701 8.67235
15.643 6.68094 8.43808
15.815 6.85805 8.15584
15.9575 6.98297 7.92769
16.1468 7.20763 7.59823
16.5469 7.75961 6.88349
16.6526 7.9141 6.68615
16.7713 8.12396 6.42935
16.9539 8.45161 6.02984
17.1207 8.75712 5.65813
17.2168 8.92781 5.44158
17.3615 9.35484 4.96565
17.4509 9.61198 4.66318
17.511 9.84889 4.4093
17.5812 10.0532 4.09922
17.5457 10.3389 3.90066
6.53438 7.43272 14.9419
6.43061 7.82962 14.851
6.33837 8.15805 14.7759
6.21705 8.59136 14.6756
6.03157 9.20417 14.5338
5.97705 9.38194 14.4926
5.85372 9.77725 14.3989
5.59734 10.4624 14.2147
5.49227 10.7631 14.1264
5.40796 11.0023 14.054
5.29467 11.3056 13.9601
5.13533 11.7348 13.8232
5.02574 12.032 13.7272
4.91384 12.3222 13.6297
4.76375 12.7097 13.4885
4.71213 12.9026 13.415
4.61873 13.1481 13.3222
4.5485 13.393 13.2221
4.49429 13.6109 13.1286
4.40988 13.9382 12.9835
4.31465 14.3793 12.7769
4.27419 14.6513 12.6435
4.26118 14.9048 12.5107
4.24165 15.3393 12.2808
4.24307 15.4944 12.1962
4.24889 15.7346 12.0637
4.26128 15.9371 11.9497
4.28737 16.19 11.804
4.33254 16.3998 11.6764
4.36865 16.562 11.5773
4.42005 16.7428 11.4638
4.51003 16.9913 11.3025
4.60835 17.2319 11.1434
4.6856 17.3965 11.0318
4.86751 17.6875 10.8236
4.93712 17.7944 10.7463
5.09638 18.0337 10.5724
5.25734 18.2172 10.431
5.42715 18.3486 10.3202
5.74885 18.8064 9.96484
19.1305 10.4919 -1.23689
19.0366 10.554 -0.718997
18.989 10.4635 -0.32027
18.9453 10.414 -0.0147595
18.8814 10.3931 0.34368
18.8346 10.3629 0.621982
18.7085 10.2417 1.43291
18.6019 10.2751 1.69535
18.4451 10.3056 2.05551
18.2184 10.2845 2.59885
17.9461 10.2707 3.18372
17.7567 10.296 3.53379
17.5457 10.3389 3.90066
16.1133 18.5546 -7.01733
16.0325 19.1471 -6.79671
15.9522 19.4532 -6.7241
15.9303 19.668 -6.58264
15.8821 19.9482 -6.39892
15.8476 20.1887 -6.22528
15.7817 20.512 -6.00349
15.7404 20.7124 -5.85885
15.675 21.0143 -5.63424
15.5965 21.3672 -5.35308
15.523 21.6419 -5.02712
15.3634 21.8106 -4.71068
15.2132 21.9691 -4.37313
14.8816 22.2971 -3.66797
14.6961 22.4227 -3.38386
14.6502 22.4539 -3.31457
14.4771 22.5735 -3.04438
14.3657 22.6439 -2.87311
14.2472 22.7184 -2.68804
14.002 22.8644 -2.2964
13.8345 22.9604 -2.08911
13.6816 23.026 -1.88335
13.4549 23.0305 -1.41191
6.18786 22.5558 6.92044
6.69518 22.4669 6.81113
7.59507 22.3784 6.53463
7.73932 22.3303 6.50271
8.37101 22.0711 6.39075
9.02283 21.8258 6.24525
9.36053 21.5728 6.18426
9.80618 21.2147 6.09775
10.1043 20.8967 5.98762
10.2259 20.7509 5.93235
10.3908 20.5293 5.85639
10.5238 20.3382 5.79622
10.6753 20.1105 5.72653
10.9136 19.7555 5.60487
11.0694 19.4283 5.51876
11.2796 18.9497 5.3934
11.4007 18.6666 5.30269
11.5142 18.3891 5.20835
11.5834 18.2216 5.14355
11.649 18.074 5.07254
11.7012 17.9644 5.01111
11.8748 17.6509 4.77831
11.9992 17.4691 4.60134
12.1277 17.3151 4.41432
12.2533 17.2278 4.2276
12.4745 17.1404 3.89874
12.5816 17.1209 3.73993
12.6978 17.1164 3.56845
12.8452 17.13 3.35182
12.9606 17.1717 3.18349
13.1267 17.2875 2.94166
13.3257 17.4986 2.64661
13.5226 17.7812 2.34409
13.5717 17.8654 2.26521
13.6664 18.0787 2.0993
13.7356 18.2606 1.96939
13.7955 18.4927 1.82699
13.8734 18.8845 1.60076
13.8936 19.3284 1.37042
13.9065 19.9276 1.06432
13.9034 20.402 0.816378
13.8775 20.9686 0.511537
13.8391 21.3195 0.321766
13.7823 21.6062 0.121896
13.7041 21.9015 -0.120432
13.6142 22.2189 -0.370136
13.5218 22.5088 -0.593056
13.4414 22.7341 -0.835347
13.4549 23.0305 -1.41191
6.18786 22.5558 6.92044
6.15797 22.8043 6.70756
6.03217 23.2044 6.38589
5.99219 23.3443 6.2715
5.90612 23.6052 6.0595
5.75143 24.0004 5.73544
5.61531 24.2334 5.53108
5.48024 24.447 5.34615
5.38015 24.6118 5.19851
5.24959 24.8178 5.0133
5.08889 25.0527 4.79767
4.89612 25.2215 4.6182
4.67811 25.4242 4.38801
4.49707 25.5791 4.18538
4.31625 25.7312 3.9844
3.99734 25.9968 3.6313
3.7238 26.2054 3.31865
3.62616 26.2913 3.18033
3.45276 26.407 2.94702
3.08738 26.5433 2.45489
2.78823 26.6635 2.00527
2.5892 26.6744 1.5804
2.52301 26.6786 1.43685
2.44039 26.6791 1.25824
2.28718 26.6798 0.920024
2.13247 26.6882 0.549964
2.0329 26.7199 0.261218
1.85488 26.5845 -0.0640044
3.74521 3.10643 -12.6523
3.8126 3.48469 -12.9483
3.90823 4.16173 -13.4302
4.05731 4.83782 -13.9403
4.10934 4.98792 -14.0751
4.22109 5.25413 -14.3323
4.43337 5.74156 -14.7999
4.53349 5.93106 -14.9895
4.65146 6.12571 -15.2027
4.71584 6.22527 -15.3042
4.88447 6.48907 -15.5396
5.12857 6.74756 -15.8158
5.46406 7.10418 -16.1657
18.8545 -17.7319 -1.59675
19.218 -16.9798 -1.42368
19.3485 -16.7018 -1.29607
19.51 -16.3107 -1.11414
19.5906 -16.0771 -1.00499
19.6982 -15.7676 -0.861309
19.7804 -15.4831 -0.731498
19.8538 -15.1912 -0.600526
19.932 -14.7031 -0.226113
20.0136 -14.1256 -0.0846429
20.046 -13.8926 -0.0512823
20.1 -13.4978 0.000726398
20.1763 -13.059 -0.0116628
18.8545 -17.7319 -1.59675
18.639 -18.2882 -1.43887
18.4767 -18.703 -1.21183
18.2173 -19.3437 -0.868493
18.1152 -19.5213 -0.745629
17.8089 -20.0402 -0.359975
17.5408 -20.4833 -0.00655981
17.4037 -20.6686 0.190266
17.274 -20.8391 0.35807
16.8758 -21.3592 0.874733
16.7226 -21.557 1.06085
16.657 -21.639 1.14149
16.4792 -21.8443 1.36196
16.3832 -21.9445 1.4934
16.129 -22.2025 1.75628
15.7425 -22.6098 2.08559
11.8641 13.7955 -9.36567
11.4125 13.6 -9.52228
11.0599 13.5722 -9.63067
10.7128 13.4732 -9.72393
10.2127 13.3124 -9.82732
9.54447 13.1179 -9.91241
9.31316 13.0483 -9.93991
9.08282 12.9823 -9.96339
8.83387 12.9177 -9.98199
8.48684 12.8345 -9.99714
8.08665 12.7484 -10.0059
7.74296 12.6879 -10.006
7.50413 12.6497 -10.0046
7.18139 12.6166 -9.99645
7.1249 12.6124 -9.9944
6.50714 12.5802 -9.96721
5.85806 12.5864 -9.91743
5.23638 12.6221 -9.84667
4.89684 12.6607 -9.7887
4.53741 12.7596 -9.69703
4.30168 12.8337 -9.6341
4.13005 12.8907 -9.58627
3.7362 13.0285 -9.47225
3.42474 13.1533 -9.3726
3.10166 13.3112 -9.2521
2.79331 13.4818 -9.12426
2.52561 13.661 -8.99869
2.34815 13.7503 -8.91461
2.20631 13.9174 -8.82243
2.01609 14.2035 -8.68359
1.95413 14.3022 -8.63692
1.84922 14.4738 -8.55683
1.78325 14.6377 -8.4946
1.69881 14.8692 -8.41096
1.57327 15.1789 -8.29002
1.54148 15.3606 -8.24276
1.49611 15.5538 -8.18018
1.4454 15.7777 -8.10988
1.413 15.9804 -8.0492
1.36865 16.3842 -7.93162
1.35571 16.6137 -7.86959
1.33957 16.9275 -7.78544
1.32037 17.4012 -7.61525
1.32377 17.6144 -7.53924
1.32868 17.8542 -7.45219
1.33582 18.1208 -7.35402
1.34592 18.458 -7.22795
1.36995 19.0466 -6.99637
1.3888 19.4793 -6.82413
1.40955 19.8743 -6.66061
1.43755 20.2475 -6.51586
1.42965 20.3288 -6.45879
1.42623 20.6314 -6.29004
1.43218 21.091 -6.06808
1.43289 21.178 -6.02618
1.44089 21.5339 -5.86374
1.44482 21.8181 -5.72735
1.44656 22.1374 -5.56697
1.44772 22.4607 -5.40581
1.44709 22.9818 -5.14544
2.1892 27.6383 -2.33284
2.0102 27.3464 -2.60343
1.92825 27.2096 -2.78102
1.87155 27.0938 -2.94112
1.81272 26.8399 -3.2989
1.771 26.5921 -3.56479
1.73361 26.3188 -3.8277
1.70687 26.0443 -4.0381
1.69484 25.9128 -4.13408
1.66574 25.5667 -4.3711
1.6406 25.2233 -4.56647
1.61531 24.8734 -4.70124
1.57902 24.3807 -4.88786
1.56123 24.1654 -4.94391
1.54251 23.8993 -5.01811
1.50153 23.5351 -5.05856
1.44709 22.9818 -5.14544
19.3642 4.1233 -9.18602
19.2399 4.3916 -9.35727
19.0731 4.72303 -9.58067
18.8682 5.11902 -9.84884
18.7789 5.30895 -9.93659
18.6045 5.63891 -10.1308
18.4875 5.87204 -10.2442
18.3334 6.18396 -10.3844
18.2167 6.41111 -10.492
18.0799 6.66491 -10.6241
17.9175 6.96901 -10.7738
17.6653 7.42311 -11.01
17.5331 7.6685 -11.1251
17.4204 7.87409 -11.2215
17.3162 8.05801 -11.3145
17.2145 8.23188 -11.4061
17.1131 8.40459 -11.4963
17.0122 8.56633 -11.5909
16.8573 8.81032 -11.7327
16.6694 9.1001 -11.9012
16.4587 9.41418 -12.0845
16.3425 9.58285 -12.1837
16.1508 9.84756 -12.3422
15.9353 10.1453 -12.5191
15.8198 10.2943 -12.6107
15.6775 10.4732 -12.7222
15.3704 10.8191 -12.9508
15.1421 11.0374 -13.114
14.6594 11.4623 -13.4541
14.5513 11.5551 -13.53
14.376 11.6845 -13.6513
14.1342 11.8463 -13.8173
13.7672 12.0248 -14.0638
13.4847 12.1346 -14.2504
13.2676 12.2022 -14.3913
13.049 12.2611 -14.5322
12.816 12.3078 -14.6789
12.5769 12.3341 -14.8264
12.2285 12.3581 -15.0321
11.8131 12.3029 -15.2627
11.6349 12.2396 -15.3631
11.4998 12.1842 -15.4364
11.1605 12.0452 -15.618
10.779 11.8701 -15.8248
10.5206 11.7428 -15.9612
10.2199 11.5935 -16.1077
9.90754 11.4145 -16.263
9.67115 11.0854 -16.4705
9.66933 10.681 -16.7939
1.54846 -12.7281 9.71255
1.75337 -12.5687 10.5077
1.77515 -12.5512 10.5914
1.86518 -12.453 10.9516
1.913 -12.3965 11.1418
1.98703 -12.2837 11.4478
2.02519 -12.1937 11.6173
2.09642 -11.9222 11.9945
2.13617 -11.5964 12.2817
2.15772 -11.4003 12.447
2.18574 -10.913 12.8001
16.2832 -7.18936 8.23647
16.4256 -6.92308 8.17923
16.5866 -6.73959 8.00642
16.8306 -6.47312 7.73511
17.0983 -6.15187 7.3993
17.1894 -6.00754 7.23849
17.3208 -5.73309 7.03969
17.4196 -5.52756 6.79479
17.5382 -5.2076 6.5619
17.5871 -5.03837 6.419
17.6484 -4.82368 6.26794
17.7065 -4.62059 6.12014
17.7525 -4.45394 6.00001
17.8356 -4.15173 5.78126
18.0208 -3.4755 5.30267
18.0938 -3.1838 5.13504
18.1556 -2.9245 4.99877
18.1957 -2.74827 4.84948
18.2485 -2.49913 4.67835
18.3178 -2.1326 4.49769
18.3825 -1.75461 4.39654
18.4283 -1.47966 4.33722
18.5209 -1.10662 3.82186
0 1
1 2
2 3
3 4
4 5
5 6
6 7
7 8
8 9
9 10
10 11
11 12
12 13
13 14
14 15
15 16
16 17
17 18
18 19
19 20
21 22
22 23
23 24
24 25
25 26
26 27
27 28
28 29
29 30
30 31
31 32
32 33
33 34
34 35
35 36
36 37
37 38
38 39
39 40
40 41
41 42
42 43
43 44
44 45
45 46
46 47
47 48
48 49
49 50
50 51
51 52
52 53
54 55
55 56
56 57
57 58
58 59
59 60
60 61
61 62
62 63
63 64
64 65
65 66
66 67
67 68
68 69
69 70
70 71
71 72
72 73
73 74
74 75
75 76
76 77
77 78
78 79
79 80
80 81
81 82
82 83
83 84
84 85
85 86
86 87
87 88
88 89
89 90
90 91
91 92
92 93
93 94
94 95
95 96
96 97
97 98
98 99
99 100
100 101
101 102
103 104
104 105
105 106
106 107
107 108
108 109
109 110
110 111
111 112
112 113
113 114
114 115
115 116
116 117
118 119
119 120
121 122
122 123
123 124
124 125
125 126
126 127
127 128
128 129
129 130
130 131
131 132
132 133
133 134
134 135
135 136
136 137
137 138
138 139
139 140
140 141
141 142
142 143
143 144
144 145
145 146
146 147
147 148
148 149
149 150
151 152
152 153
154 155
155 156
157 158
158 159
159 160
160 161
161 162
162 163
163 164
164 165
165 166
166 167
167 168
168 169
169 170
170 171
171 172
172 173
173 174
174 175
175 176
176 177
177 178
178 179
179 180
180 181
181 182
182 183
183 184
184 185
185 186
186 187
187 188
188 189
189 190
190 191
191 192
192 193
193 194
194 195
195 196
196 197
197 198
198 199
199 200
200 201
201 202
202 203
203 204
204 205
205 206
206 207
207 208
208 209
209 210
210 211
211 212
212 213
213 214
214 215
215 216
216 217
217 218
218 219
219 220
220 221
221 222
222 223
223 224
224 225
225 226
226 227
227 228
228 229
229 230
230 231
231 232
232 233
233 234
234 235
235 236
236 237
237 238
238 239
239 240
241 242
242 243
243 244
244 245
245 246
246 247
247 248
248 249
249 250
250 251
251 252
252 253
253 254
254 255
255 256
256 257
257 258
258 259
259 260
260 261
261 262
262 263
263 264
264 265
265 266
266 267
267 268
268 269
269 270
270 271
271 272
272 273
273 274
274 275
275 276
276 277
277 278
278 279
279 280
280 281
281 282
282 283
283 284
284 285
285 286
286 287
288 289
289 290
290 291
291 292
292 293
293 294
294 295
295 296
296 297
297 298
298 299
299 300
300 301
301 302
302 303
303 304
304 305
305 306
306 307
307 308
308 309
309 310
310 311
311 312
312 313
313 314
314 315
315 316
316 317
317 318
319 320
320 321
321 322
322 323
323 324
324 325
325 326
326 327
327 328
328 329
329 330
330 331
331 332
332 333
333 334
334 335
335 336
336 337
337 338
338 339
339 340
340 341
341 342
342 343
343 344
344 345
345 346
346 347
348 349
349 350
350 351
352 353
354 355
355 356
357 358
358 359
359 360
360 361
361 362
362 363
363 364
364 365
365 366
366 367
367 368
368 369
369 370
370 371
371 372
372 373
373 374
374 375
375 376
376 377
377 378
378 379
379 380
380 381
381 382
383 384
384 385
385 386
386 387
387 388
388 389
389 390
390 391
391 392
392 393
393 394
394 395
395 396
396 397
397 398
398 399
399 400
400 401
401 402
402 403
403 404
404 405
405 406
406 407
407 408
408 409
409 410
410 411
411 412
412 413
413 414
414 415
415 416
416 417
417 418
418 419
419 420
420 421
421 422
422 423
423 424
424 425
426 427
427 428
428 429
429 430
430 431
431 432
432 433
433 434
434 435
435 436
436 437
437 438
438 439
439 440
440 441
441 442
442 443
443 444
444 445
445 446
446 447
447 448
448 449
449 450
450 451
451 452
452 453
453 454
454 455
456 457
457 458
458 459
459 460
460 461
461 462
462 463
463 464
464 465
465 466
466 467
467 468
468 469
469 470
470 471
472 473
473 474
474 475
475 476
476 477
477 478
478 479
479 480
480 481
481 482
482 483
484 485
485 486
486 487
487 488
488 489
489 490
490 491
491 492
492 493
493 494
494 495
496 497
498 499
499 500
500 501
501 502
502 503
503 504
504 505
505 506
506 507
507 508
508 509
509 510
510 511
511 512
512 513
513 514
514 515
515 516
516 517
517 518
518 519
519 520
520 521
521 522
522 523
524 525
525 526
526 527
527 528
528 529
529 530
530 531
531 532
532 533
533 534
534 535
535 536
536 537
537 538
538 539
539 540
540 541
541 542
543 544
544 545
545 546
546 547
547 548
548 549
549 550
550 551
551 552
553 554
554 555
555 556
556 557
557 558
558 559
560 561
561 562
562 563
563 564
564 565
566 567
567 568
568 569
569 570
570 571
571 572
572 573
573 574
574 575
575 576
576 577
577 578
578 579
579 580
580 581
581 582
582 583
583 584
584 585
585 586
586 587
587 588
588 589
590 591
591 592
592 593
593 594
594 595
595 596
596 597
597 598
598 599
600 601
601 602
602 603
603 604
604 605
605 606
606 607
607 608
608 609
609 610
610 611
611 612
612 613
613 614
614 615
615 616
616 617
617 618
618 619
619 620
620 621
621 622
622 623
623 624
624 625
625 626
626 627
627 628
628 629
629 630
630 631
631 632
632 633
633 634
634 635
635 636
636 637
637 638
638 639
639 640
640 641
641 642
642 643
643 644
644 645
645 646
646 647
647 648
648 649
649 650
650 651
651 652
652 653
653 654
654 655
655 656
656 657
657 658
658 659
659 660
660 661
661 662
662 663
663 664
664 665
665 666
666 667
668 669
669 670
670 671
671 672
672 673
673 674
674 675
675 676
676 677
677 678
678 679
680 681
681 682
682 683
683 684
684 685
685 686
686 687
687 688
688 689
689 690
690 691
691 692
692 693
693 694
694 695
695 696
696 697
697 698
698 699
699 700
700 701
701 702
702 703
703 704
704 705
705 706
706 707
707 708
708 709
709 710
710 711
711 712
713 714
714 715
715 716
716 717
717 718
718 719
719 720
720 721
721 722
722 723
723 724
724 725
725 726
726 727
727 728
728 729
729 730
730 731
732 733
733 734
734 735
735 736
736 737
737 738
738 739
739 740
740 741
741 742
742 743
743 744
744 745
745 746
746 747
747 748
748 749
749 750
750 751
751 752
752 753
753 754
754 755
755 756
756 757
757 758
758 759
759 760
760 761
761 762
762 763
763 764
764 765
765 766
766 767
767 768
768 769
769 770
770 771
771 772
772 773
774 775
775 776
776 777
777 778
778 779
779 780
780 781
781 782
782 783
783 784
784 785
785 786
786 787
787 788
788 789
789 790
790 791
791 792
792 793
794 795
795 796
796 797
797 798
798 799
799 800
800 801
801 802
802 803
803 804
804 805
805 806
806 807
807 808
808 809
809 810
810 811
811 812
812 813
813 814
814 815
815 816
816 817
817 818
818 819
819 820
820 821
821 822
822 823
823 824
824 825
825 826
826 827
828 829
829 830
830 831
831 832
832 833
833 834
834 835
835 836
836 837
837 838
838 839
839 840
840 841
841 842
842 843
843 844
844 845
846 847
847 848
848 849
849 850
850 851
851 852
852 853
853 854
854 855
855 856
856 857
857 858
858 859
859 860
860 861
861 862
862 863
863 864
864 865
865 866
866 867
867 868
868 869
869 870
870 871
871 872
872 873
873 874
874 875
875 876
876 877
877 878
878 879
879 880
880 881
881 882
882 883
883 884
884 885
885 886
887 888
888 889
889 890
890 891
891 892
892 893
893 894
894 895
895 896
896 897
897 898
898 899
899 900
900 901
901 902
902 903
903 904
904 905
905 906
906 907
907 908
908 909
909 910
910 911
911 912
912 913
913 914
914 915
915 916
916 917
917 918
918 919
919 920
920 921
921 922
922 923
923 924
924 925
925 926
926 927
927 928
928 929
929 930
930 931
931 932
932 933
933 934
934 935
935 936
936 937
937 938
938 939
939 940
940 941
941 942
942 943
943 944
944 945
945 946
946 947
947 948
948 949
949 950
950 951
951 952
952 953
953 954
954 955
955 956
956 957
957 958
958 959
959 960
960 961
962 963
963 964
964 965
965 966
966 967
967 968
968 969
969 970
970 971
971 972
972 973
973 974
974 975
975 976
976 977
977 978
978 979
979 980
980 981
981 982
982 983
983 984
984 985
985 986
986 987
987 988
988 989
989 990
991 992
992 993
993 994
994 995
995 996
996 997
997 998
998 999
999 1000
1000 1001
1001 1002
1003 1004
1004 1005
1005 1006
1006 1007
1007 1008
1008 1009
1009 1010
1010 1011
1011 1012
1012 1013
1013 1014
1014 1015
1015 1016
1016 1017
1017 1018
1018 1019
1020 1021
1021 1022
1022 1023
1023 1024
1024 1025
1025 1026
1026 1027
1027 1028
1028 1029
1029 1030
1030 1031
1031 1032
1032 1033
1033 1034
1034 1035
1035 1036
1036 1037
1037 1038
1038 1039
1039 1040
1040 1041
1041 1042
1042 1043
1043 1044
1044 1045
1045 1046
1046 1047
1047 1048
1048 1049
1049 1050
1050 1051
1051 1052
1052 1053
1053 1054
1054 1055
1055 1056
1056 1057
1057 1058
1058 1059
1059 1060
1060 1061
1061 1062
1062 1063
1063 1064
1064 1065
1065 1066
1066 1067
1067 1068
1068 1069
1069 1070
1070 1071
1071 1072
1072 1073
1073 1074
1074 1075
1076 1077
1077 1078
1078 1079
1079 1080
1080 1081
1081 1082
1082 1083
1083 1084
1084 1085
1085 1086
1086 1087
1087 1088
1088 1089
1089 1090
1090 1091
1091 1092
1092 1093
1093 1094
1094 1095
1095 1096
1096 1097
1097 1098
1098 1099
1099 1100
1100 1101
1101 1102
1102 1103
1103 1104
1104 1105
1105 1106
1106 1107
1107 1108
1108 1109
1109 1110
1110 1111
1111 1112
1112 1113
1113 1114
1114 1115
1115 1116
1116 1117
1118 1119
1119 1120
1120 1121
1121 1122
1122 1123
1123 1124
1124 1125
1125 1126
1126 1127
1127 1128
1128 1129
1129 1130
1130 1131
1131 1132
1132 1133
1134 1135
1135 1136
1136 1137
1137 1138
1138 1139
1139 1140
1140 1141
1141 1142
1142 1143
1143 1144
1144 1145
1145 1146
1146 1147
1147 1148
1148 1149
1149 1150
1150 1151
1151 1152
1152 1153
1153 1154
1154 1155
1155 1156
1156 1157
1157 1158
1158 1159
1159 1160
1160 1161
1161 1162
1162 1163
1163 1164
1164 1165
1165 1166
1166 1167
1167 1168
1168 1169
1169 1170
1170 1171
1171 1172
1172 1173
1173 1174
1174 1175
1175 1176
1176 1177
1177 1178
1178 1179
1179 1180
1180 1181
1181 1182
1182 1183
1183 1184
1184 1185
1185 1186
1186 1187
1187 1188
1188 1189
1189 1190
1190 1191
1191 1192
1192 1193
1193 1194
1194 1195
1195 1196
1197 1198
1198 1199
1199 1200
1200 1201
1201 1202
1202 1203
1203 1204
1204 1205
1205 1206
1206 1207
1207 1208
1208 1209
1209 1210
1210 1211
1211 1212
1212 1213
1213 1214
1214 1215
1215 1216
1216 1217
1217 1218
1218 1219
1219 1220
1220 1221
1221 1222
1222 1223
1223 1224
1224 1225
1225 1226
1226 1227
1228 1229
1229 1230
1230 1231
1231 1232
1232 1233
1233 1234
1234 1235
1235 1236
1236 1237
1237 1238
1238 1239
1239 1240
1240 1241
1241 1242
1242 1243
1243 1244
1244 1245
1245 1246
1246 1247
1247 1248
1249 1250
1250 1251
1251 1252
1252 1253
1253 1254
1254 1255
1255 1256
1256 1257
1257 1258
1258 1259
1260 1261
1261 1262
1262 1263
1263 1264
1264 1265
1265 1266
1266 1267
1267 1268
1268 1269
1269 1270
1270 1271
1271 1272
1272 1273
1273 1274
1274 1275
1275 1276
1276 1277
1277 1278
1278 1279
1279 1280
1280 1281
1281 1282
1282 1283
1283 1284
1284 1285
1285 1286
1286 1287
1287 1288
1288 1289
1289 1290
1290 1291
1291 1292
1292 1293
1293 1294
1294 1295
1295 1296
1296 1297
1297 1298
1298 1299
1299 1300
1300 1301
1301 1302
1302 1303
1304 1305
1305 1306
1306 1307
1307 1308
1308 1309
1309 1310
1310 1311
1311 1312
1312 1313
1313 1314
1314 1315
1315 1316
1316 1317
1317 1318
1318 1319
1319 1320
1320 1321
1321 1322
1322 1323
1323 1324
1324 1325
1325 1326
1326 1327
1327 1328
1328 1329
1329 1330
1330 1331
1331 1332
1332 1333
1333 1334
1334 1335
1335 1336
1337 1338
1338 1339
1339 1340
1340 1341
1341 1342
1342 1343
1343 1344
1344 1345
1345 1346
1346 1347
1347 1348
1348 1349
1349 1350
1350 1351
1351 1352
1352 1353
1353 1354
1354 1355
1355 1356
1356 1357
1357 1358
1358 1359
1359 1360
1360 1361
1361 1362
1362 1363
1363 1364
1364 1365
1365 1366
1366 1367
1367 1368
1368 1369
1369 1370
1370 1371
1371 1372
1372 1373
1373 1374
1374 1375
1375 1376
1376 1377
1377 1378
1378 1379
1379 1380
1380 1381
1381 1382
1383 1384
1384 1385
1385 1386
1386 1387
1387 1388
1388 1389
1389 1390
1390 1391
1391 1392
1392 1393
1393 1394
1394 1395
1395 1396
1396 1397
1397 1398
1398 1399
1399 1400
1400 1401
1401 1402
1402 1403
1403 1404
1404 1405
1405 1406
1406 1407
1407 1408
1408 1409
1409 1410
1410 1411
1411 1412
1412 1413
1413 1414
1414 1415
1415 1416
1416 1417
1417 1418
1418 1419
1419 1420
1420 1421
1421 1422
1423 1424
1424 1425
1425 1426
1426 1427
1427 1428
1428 1429
1429 1430
1430 1431
1431 1432
1432 1433
1433 1434
1434 1435
1436 1437
1437 1438
1438 1439
1439 1440
1440 1441
1441 1442
1442 1443
1443 1444
1444 1445
1445 1446
1446 1447
1447 1448
1448 1449
1449 1450
1450 1451
1451 1452
1452 1453
1453 1454
1454 1455
1455 1456
1456 1457
1457 1458
1459 1460
1460 1461
1461 1462
1462 1463
1463 1464
1464 1465
1465 1466
1466 1467
1467 1468
1468 1469
1469 1470
1470 1471
1471 1472
1472 1473
1473 1474
1474 1475
1475 1476
1476 1477
1477 1478
1478 1479
1479 1480
1480 1481
1481 1482
1482 1483
1483 1484
1484 1485
1485 1486
1486 1487
1487 1488
1488 1489
1489 1490
1490 1491
1491 1492
1492 1493
1493 1494
1494 1495
1495 1496
1496 1497
1497 1498
1498 1499
1499 1500
1500 1501
1501 1502
1502 1503
1503 1504
1504 1505
1505 1506
1506 1507
1508 1509
1509 1510
1510 1511
1511 1512
1512 1513
1513 1514
1514 1515
1515 1516
1516 1517
1517 1518
1518 1519
1519 1520
1520 1521
1521 1522
1522 1523
1523 1524
1524 1525
1525 1526
1526 1527
1527 1528
1528 1529
1529 1530
1530 1531
1531 1532
1532 1533
1533 1534
1534 1535
1536 1537
1537 1538
1538 1539
1539 1540
1540 1541
1541 1542
1542 1543
1543 1544
1544 1545
1545 1546
1546 1547
1547 1548
1549 1550
1550 1551
1551 1552
1552 1553
1553 1554
1554 1555
1555 1556
1556 1557
1557 1558
1558 1559
1559 1560
1560 1561
1562 1563
1563 1564
1564 1565
1565 1566
1566 1567
1567 1568
1568 1569
1569 1570
1570 1571
1571 1572
1572 1573
1573 1574
1574 1575
1575 1576
1576 1577
1578 1579
1579 1580
1580 1581
1581 1582
1582 1583
1583 1584
1584 1585
1585 1586
1586 1587
1587 1588
1588 1589
1589 1590
1590 1591
1591 1592
1592 1593
1593 1594
1594 1595
1595 1596
1596 1597
1597 1598
1598 1599
1599 1600
1600 1601
1601 1602
1602 1603
1603 1604
1604 1605
1605 1606
1606 1607
1607 1608
1608 1609
1609 1610
1610 1611
1611 1612
1612 1613
1613 1614
1614 1615
1615 1616
1616 1617
1617 1618
1618 1619
1619 1620
1620 1621
1621 1622
1622 1623
1623 1624
1624 1625
1625 1626
1626 1627
1627 1628
1628 1629
1629 1630
1630 1631
1631 1632
1632 1633
1633 1634
1634 1635
1635 1636
1636 1637
1638 1639
1639 1640
1640 1641
1641 1642
1642 1643
1643 1644
1644 1645
1645 1646
1646 1647
1647 1648
1648 1649
1649 1650
1650 1651
1651 1652
1652 1653
1653 1654
1655 1656
1656 1657
1657 1658
1658 1659
1659 1660
1660 1661
1661 1662
1662 1663
1663 1664
1664 1665
1665 1666
1666 1667
1667 1668
1668 1669
1669 1670
1670 1671
1671 1672
1672 1673
1673 1674
1674 1675
1675 1676
1676 1677
1677 1678
1678 1679
1679 1680
1680 1681
1681 1682
1682 1683
1683 1684
1684 1685
1685 1686
1686 1687
1687 1688
1688 1689
1689 1690
1690 1691
1691 1692
1692 1693
1693 1694
1694 1695
1695 1696
1696 1697
1697 1698
1698 1699
1699 1700
1700 1701
1701 1702
1702 1703
1704 1705
1705 1706
1706 1707
1707 1708
1708 1709
1709 1710
1710 1711
1711 1712
1712 1713
1713 1714
1715 1716
1716 1717
1717 1718
1718 1719
1719 1720
1720 1721
1721 1722
1722 1723
1723 1724
1724 1725
1725 1726
1726 1727
1727 1728
1728 1729
1729 1730
1730 1731
1731 1732
1732 1733
1733 1734
1734 1735
1735 1736
1736 1737

