171 0 142
-26.1672 -47.1249 4.54406 
-11.6539 -49.5757 1.34739
-4.53969 -44.3184 16.6028 
-11.0634 -49.572 13.2829
-36.2859 -35.525 3.31612 
-31.6761 -41.5175 1.28581
-37.8267 -30.7947 -3.75805 
-28.4654 -35.0051 -4.58167
-39.0849 -29.2789 3.70411 
-37.8267 -30.7947 -3.75805
-31.1001 -29.3138 17.5036 
-35.2637 -31.2982 11.2679
-4.2855 -31.5336 24.663 
-5.38233 -23.2912 1.12206
-27.5932 -27.3248 21.6455 
-31.1001 -29.3138 17.5036
-38.4724 -27.3061 -6.61678 
-34.2796 -17.8935 -15.5396
-1.71492 -22.9548 14.9885 
-0.306392 -16.1229 13.4377
-29.3946 -21.8722 21.0561 
-28.483 -26.5093 21.1913
-3.85529 -20.7427 29.1326 
-4.2855 -31.5336 24.663
-17.9214 -18.9358 30.3677 
-18.0096 -18.7297 30.4094
-34.2796 -17.8935 -15.5396 
-21.7852 -28.371 -7.67456
-17.8865 -17.9585 30.5752 
-17.4073 -5.57682 31.7979
-35.6376 -18.7483 3.69129 
-41.1973 -20.1758 -2.11753
-1.15711 -12.6635 24.1998 
-3.72805 -16.9057 30.3898
-25.7563 -9.26213 26.6695 
-23.3381 -24.4049 26.5688
-22.334 -8.14852 -25.5328 
-20.6636 -1.93548 -29.8746
-33.9919 -2.30526 15.8096 
-25.7563 -9.26213 26.6695
-2.02986 -1.52367 21.4465 
-1.98836 -3.57385 28.5154
-1.98836 -3.57385 28.5154 
-3.47272 -8.44686 31.4054
-1.37703 2.93442 11.1577 
-0.83924 12.0765 8.29591
-36.8582 1.69023 -6.25559 
-36.1361 8.50696 -16.0218
-4.74915 5.02693 -29.0466 
-5.6129 13.9979 -30.0193
-24.6317 5.86644 -10.6051 
-24.6317 5.8665 -10.6052
-22.3296 6.34473 -33.4012 
-24.3304 2.82807 -32.4214
-33.84 9.70908 -18.4502 
-30.6549 8.70518 -17.2579
-28.9455 8.37993 17.4545 
-33.7891 8.33635 9.14789
-3.94809 8.69483 30.7669 
-9.25448 4.01918 33.489
-33.6231 12.3532 -21.426 
-35.7435 22.2634 -5.80681
-24.8737 13.4788 -23.8421 
-16.7134 18.4287 -31.0829
-36.3697 14.3778 -0.499854 
-37.3687 12.9079 -0.877052
-16.7134 18.4287 -31.0829 
-35.7435 22.2634 -5.80681 
-36.3697 14.3778 -0.499854
-33.9514 25.4858 -3.38681 
-3.91031 26.7581 20.5413 
-3.94809 8.69483 30.7669
-4.80454 28.9519 19.1551 
-3.91031 26.7581 20.5413
-0.249369 31.1114 -1.11143 
-2.53662 44.1984 2.88412
-31.0343 32.0228 -18.6026 
-30.4241 27.4095 -13.2587
-10.9021 37.6758 11.5501 
-3.31083 39.3308 8.4813
-28.42 37.3827 -17.199 
-27.582 39.2389 -14.7552
-5.85006 38.1732 -30.5697 
-5.54551 47.8171 -25.9089
-12.9758 50.6296 -18.5796 
-9.39751 52.4119 -18.9281
-1.33935 -10.0404 15.6734 
-36.686 -9.06475 12.314 
-36.041 -9.41549 14.4689
-16.6906 19.4655 -31.1134 
-28.42 37.3827 -17.199
-23.5506 27.1913 -24.6755 
-26.8906 26.0685 -25.4249
-4.69318 -13.5423 -14.3995 
-7.39459 -7.88741 -22.5694
-12.7012 -49.4064 13.5659 
-5.2418 -48.6181 5.59093 
-2.13212 -43.1587 10.9173 
-5.2418 -48.6181 5.59093
-31.3226 -27.5364 17.9787 
-1.62874 -22.1286 8.90701 
-41.1973 -20.1758 -2.11753 
-38.4724 -27.3061 -6.61678
-33.7891 8.33635 9.14789 
-29.6815 5.51031 17.5751
-8.6504 26.7734 -31.2944 
-4.43776 25.5258 -30.6583
-5.54551 47.8171 -25.9089 
-16.8339 46.3413 -23.2402
-11.0634 -49.572 13.2829 
-21.7852 -28.371 -7.67456 
-17.1879 -43.7655 -1.75416
-11.3096 -9.5325 34.386 
-29.6815 5.51031 17.5751 
-20.1727 9.18915 25.7427
-37.3687 12.9079 -0.877052 
-26.8906 26.0685 -25.4249 
-33.6231 12.3532 -21.426
-1.95186 31.8015 -28.5999 
-6.32406 52.6559 -9.15611
-9.46393 34.4987 -30.4151 
-8.6504 26.7734 -31.2944
-16.445 42.1103 3.47645 
-21.7827 34.1599 5.45275
-16.8339 46.3413 -23.2402 
-3.47272 -8.44686 31.4054 
-11.3096 -9.5325 34.386
-37.7783 -26.6375 7.46654 
-31.3226 -27.5364 17.9787
-18.3179 -4.26174 30.8915 
-27.5968 -42.7335 11.1137 
-4.98378 -37.0632 23.992 
-4.53969 -44.3184 16.6028
-27.582 39.2389 -14.7552 
-10.6426 51.3913 -6.27089
-4.43776 25.5258 -30.6583 
-3.31083 39.3308 8.4813 
-17.1879 -43.7655 -1.75416 
-9.18077 51.7319 -6.41685 
-9.02128 -24.3054 -1.80029 
-2.13212 -43.1587 10.9173
-10.6426 51.3913 -6.27089 
-16.445 42.1103 3.47645
-8.23996 19.189 26.9402 
-29.3639 24.5531 7.638
-21.7827 34.1599 5.45275 
-24.3304 2.82807 -32.4214 
-3.72805 -16.9057 30.3898 
-3.85529 -20.7427 29.1326
-35.2637 -31.2982 11.2679 
-36.2859 -35.525 3.31612
-27.5968 -42.7335 11.1137
-39.0849 -29.2789 3.70411
-37.7783 -26.6375 7.46654
-4.98378 -37.0632 23.992
-1.62874 -22.1286 8.90701
-22.334 -8.14852 -25.5328
-9.02128 -24.3054 -1.80029
-36.8582 1.69023 -6.25559
-20.6636 -1.93548 -29.8746 
-22.3296 6.34473 -33.4012
-8.23996 19.189 26.9402
-16.6906 19.4655 -31.1134
-10.9021 37.6758 11.5501
-9.46393 34.4987 -30.4151
-1.95186 31.8015 -28.5999
-9.39751 52.4119 -18.9281 
-23.3381 -24.4049 26.5688 
-28.4654 -35.0051 -4.58167 
-5.38233 -23.2912 1.12206 
-9.25448 4.01918 33.489 
0 1
2 3
4 5
6 7
8 9
10 11
12 13
14 15
16 17
18 19
20 21
22 23
24 25
26 27
28 29
30 31
32 33
34 35
36 37
38 39
40 41
42 43
44 45
46 47
48 49
50 51
52 53
54 55
56 57
58 59
60 61
62 63
64 65
66 49
67 68
69 61
70 71
72 73
74 75
76 77
78 79
80 81
82 83
84 85
86 19
87 88
89 90
91 92
93 94
95 3
96 1
97 98
99 15
100 19
101 102
103 104
105 106
107 108
109 98
110 111
112 29
113 114
115 47
116 117
118 119
120 121
122 123
124 81
125 126
127 128
129 29
130 5
131 132
133 134
135 49
136 75
137 1
138 75
139 140
141 142
143 144
145 144
146 37
147 148
149 150
0 5
0 151
2 140
4 152
6 102
8 153
12 154
14 35
14 21
18 148
18 155
26 156
28 39
28 25
36 157
38 88
38 158
42 59
159 160
46 65
52 88
54 117
54 47
56 114
56 104
58 161
64 57
66 162
69 123
69 144
70 161
72 163
72 79
76 92
76 90
78 142
82 164
82 165
166 119
166 83
89 121
99 21
100 13
101 53
110 7
167 25
112 33
118 106
120 108
168 111
125 33
127 11
169 157
130 154
170 114
138 134
138 119
