1493 0 0
2.44711579201	4.08467171789
2.53729385379	4.22151151485
2.53849411497	4.42548185307
2.61162710839	4.54011608605
2.63781601847	4.6408771502
2.68393099389	4.6995706277
2.73528499545	4.75682136146
3.00151729341	5.01322363502
3.1866571018	5.23758503435
3.25552593705	5.31605121832
3.34962596618	5.39317718766
3.41444167237	5.50018507676
4.18860839436	10.3897687376
4.32334117213	10.4529509921
4.42199194873	10.4846075402
4.53786381249	10.5073904268
4.66451992607	10.5114025973
4.7900678301	10.461017729
4.87729202836	10.4411459315
4.93838844261	10.4316170471
5.10850030698	10.4151278299
5.17518880783	10.3892916639
5.25270699803	10.3496139501
5.32698736044	10.3061114918
5.42989877497	10.2436469408
5.53949002809	10.1564290736
5.64667314899	10.0969933517
5.71169554655	10.0641940265
5.83591035542	9.97833983722
-11.1268249351	0.228044562655
-11.3009029515	0.217126413942
-11.4859304721	0.256563841651
-11.5989192399	0.25046140467
-11.6772524337	0.240466951114
-11.7763650915	0.196200617724
-11.8852091289	0.17351103383
-11.9518297159	0.153551316364
-12.0136321086	0.13397213958
-12.1020588592	0.107465648793
-12.1848468528	0.0705029443053
-12.2435934302	0.0431838809607
-12.3241499016	0.0672491828011
-12.3926234102	0.0486024687943
-12.4656439175	-0.00350041761137
-12.5612280152	-0.0733393284699
-12.6542756197	-0.130549753995
-12.6963827889	-0.175665802342
-12.7022277743	-0.200141096765
-12.8183358143	-0.326304068711
-12.9033581902	-0.392643971261
-12.9459878571	-0.438475533533
-13.0183374598	-0.548829724001
-13.0828841625	-0.626521134758
-13.1320279406	-0.694962510122
-13.1763727459	-0.775359941835
-13.2602356436	-0.875983614806
-13.2879367354	-0.927492888156
-13.3223344928	-0.988586449965
-13.3523577993	-1.04706337419
-13.4159112523	-1.17083534573
-13.4440376757	-1.2978620973
-13.4728348016	-1.38566578644
-13.5032201169	-1.48121783138
-13.5146797062	-1.51872049113
-13.5399477246	-1.60550656661
-13.5720829233	-1.74896374514
-13.5941976484	-1.84214458656
-13.5912664762	-1.92314394066
-13.4960960992	-1.91997743973
-13.5300360437	-2.2053945951
-13.5306243084	-2.33258852133
2.40106173577	2.66203935873
2.38787098277	2.67840382105
2.35003454442	2.71782650943
2.33583218371	2.73262383067
2.3107630819	2.76661750319
2.2488809032	2.83729807154
2.18811467773	2.91613752517
2.06928451511	3.07402370995
2.03180697895	3.13411015188
1.97268933135	3.22691502677
1.96096080189	3.263764216
1.93455926403	3.29964042483
1.92608321807	3.34469140637
1.97703638373	3.37515254586
2.10384042561	3.46175061833
2.11506755698	3.62709166498
2.11008844999	3.81127019058
2.10565261359	3.99296143921
-2.84884837732	4.85442680736
-2.8890188066	4.82131513168
-2.90051786407	4.81232474298
-2.93408604561	4.80301309801
-2.95768864994	4.79137259041
-2.99826123711	4.77983061595
-3.05855707428	4.74772524213
-3.10146816931	4.71416134396
-3.14798737862	4.68008708415
-3.2157205754	4.62532720795
-3.26962639711	4.58079181212
-3.3020164807	4.55428965173
-3.41961256908	4.45853990021
-3.49755959063	4.38671448896
-3.59248169337	4.2722739221
-3.66413370849	4.19305924378
-3.76773032989	4.12871067418
-3.85983903277	4.02418850423
-3.95110626043	3.90468356102
-4.00305135855	3.80068480235
-4.02657241138	3.74119536336
-4.0736414401	3.59751631994
-4.06223109436	3.39820741724
-4.06409389248	3.35474175132
-4.05324045933	3.23948738418
-4.02331038385	3.12997143972
-3.98816289778	3.01919958513
-3.96542774183	2.95442375626
-3.92272036768	2.85326010979
-3.76266305484	2.63389997842
-3.67187747565	2.56806933078
-3.55520942445	2.47941469251
-3.43075592146	2.41383660013
-3.35328340917	2.38741780273
-3.30212286809	2.37773908149
-3.19465014871	2.35029934993
-3.03673750364	2.30405245215
-2.93620319397	2.29816318176
-2.79623283852	2.31736155493
-2.64908968695	2.3660544724
-2.52468880477	2.4142132062
-6.30846022925	3.09391262835
-6.27995853113	3.09446543223
-6.22524362984	3.09312799794
-6.21368679169	3.09272861454
-6.17677033659	3.09151009407
-6.14253112184	3.09066011492
-6.06677992976	3.08749675543
-5.99627474409	3.0831706012
-5.92531661358	3.07775185645
-5.82731821196	3.1012749545
-5.72656564005	3.07523887703
-5.60728843777	3.0613019256
-5.49841338122	3.04339283421
-5.40139765328	3.02429598975
-5.36933689608	3.01985830752
-5.30623736563	3.00009578496
-5.20942205118	2.94174114682
-5.07723761914	2.81304196784
-5.03346028679	2.77819040971
-4.93212831846	2.68089476302
-4.81185474438	2.5642247599
-4.76780126413	2.49486822029
-4.68033517357	2.40408948741
-4.46659018413	2.10710681123
-4.4338376106	2.06768983564
-4.36926620389	1.94687355996
-4.36749507096	1.77691703581
-4.29417854066	1.5545940506
-4.2707528265	1.48204868853
-4.335240088	1.23451635415
-4.45142500104	1.05877236634
-4.48499892046	1.00946247578
-4.51866872147	0.964716811142
-4.58923899471	0.901375241189
-4.65498104694	0.804547333004
-13.5239649779	-2.83650097235
-13.5146890707	-2.79833575509
-13.5367131433	-2.68039917601
-13.5468408431	-2.62017941208
-13.5558304707	-2.56526860313
-13.5701383333	-2.47866368897
-13.5844560465	-2.39657700438
-13.5304809555	-2.33258321456
-4.65496983748	0.804547867976
-4.83186111732	0.813162439829
-4.95508895402	0.826589408646
-5.06610054053	0.848799787767
-5.15780281334	0.871350276695
-5.34000036576	0.901504224479
-5.5250398457	0.894810202427
-5.70440398086	0.946502913041
-5.86467849342	0.981947251122
-6.00318431087	1.01072843651
-6.29181916334	1.07770511508
-6.37644438694	1.08753081638
-6.4902057347	1.103295018
-6.69382805095	1.13582588898
-6.83374641152	1.15861427753
-7.05300179387	1.19004575861
-7.21743866079	1.21024274455
-7.34961246045	1.21917083551
-7.44353546108	1.22762139411
-7.62210418588	1.24033953111
-7.69906073441	1.24016879451
-7.79253424824	1.24256788604
-7.87697361886	1.24220546375
-8.0293505466	1.23959799824
-8.13150813617	1.23526459162
-8.24047103652	1.22799626505
-8.34231927254	1.21686623264
-8.4501319259	1.20297282835
-8.54987846629	1.19021889018
-8.72760852779	1.16538639251
-8.79912359704	1.15511284534
-9.04048088608	1.11290028095
-9.17542528504	1.07833990778
-9.30626769972	1.04436936766
-9.36424613961	1.02807771611
-9.40715531923	1.01785130897
-9.46954173234	0.997251823826
-9.59838043027	0.942392325496
-9.82141384685	0.864150874799
-9.90866890414	0.922116849338
-9.97932911396	0.925945285037
-10.1894702071	0.85041101831
-10.2591215102	0.810563937864
-10.3347761374	0.783093582437
-10.6133484921	0.666214119002
-10.788344879	0.612733094715
-10.8531162946	0.569384722558
-10.9396194034	0.518806839031
-10.9890941761	0.471299461463
-11.0402579296	0.386367849993
-11.1268248309	0.228044390138
0.162412036121	7.1694397811
0.359693880034	7.17315002885
0.493728750608	7.22758967466
0.598054024231	7.29964872196
0.692375087397	7.37534654295
0.816224166483	7.42383441471
0.879142458249	7.46638670773
0.957226894581	7.51169161377
1.01617654519	7.54025360223
1.14368817341	7.62009809608
1.23532745161	7.67082003759
1.41740126707	7.76608209562
1.54125856776	7.78745747771
1.62906160371	7.8150168909
1.73017136784	7.85781327799
1.92206889951	7.92502789715
2.07669858348	7.98003988087
2.220980823	8.01834696678
2.3348917892	8.03429671678
2.59452987023	8.04900811068
2.78174282908	8.09712654468
-11.1015877074	-7.70161889004
-11.205690412	-7.73573118573
-11.3227635261	-7.71390990889
-11.4271888118	-7.64314869199
-11.4914740996	-7.59883326438
-11.5572749894	-7.54518355332
-11.7108940133	-7.40679282262
-11.9156955471	-7.15166837741
-12.0066870027	-7.04429481596
-12.0739102627	-6.94380378182
-12.1811587287	-6.77784391682
-12.2878196168	-6.59168943669
-12.525641114	-6.14242711347
-12.6685830308	-5.85618934364
-12.7772002471	-5.63711053744
-12.8052999574	-5.58451451543
-12.8563072283	-5.46927885101
-12.8917311057	-5.39140212758
-12.9473193484	-5.26184539541
-13.0041649662	-5.12773168605
-13.0525786374	-5.01119436396
-13.0914739634	-4.91610460498
-13.0584911291	-4.81728521521
-13.0803917805	-4.74587874739
-13.1024382679	-4.66555307766
-13.1245800003	-4.59615845641
-13.1597895824	-4.4712482095
-13.2147664547	-4.29831137077
-13.2450064037	-4.1931573981
-13.263691034	-4.11725483473
-13.2709541455	-4.07361876534
-13.2872950461	-4.00851161511
-13.3143559955	-3.8969961304
-13.3461550534	-3.76140606722
-13.3747573146	-3.6541489025
-13.4200915313	-3.45509560696
-13.435794303	-3.39979247529
-13.4491482855	-3.32240885429
-13.4639590577	-3.24273379066
-13.4764531526	-3.17248142658
-13.496798827	-3.04545857629
-13.5238304313	-2.83648437091
6.7570950705	6.0853071871
6.61345105207	6.1587353179
6.55773474359	6.18319209303
6.38599702785	6.27652437016
6.27539984017	6.34985344184
6.20885385465	6.44186660136
6.06739902224	6.53659181281
6.01260158709	6.57992344244
5.91231812344	6.609290763
5.78199143731	6.67572124794
5.62761120184	6.75763510985
5.43623427437	6.86172660105
5.31439524719	6.92630939081
5.25393113326	6.96049744156
5.18477505936	6.98210554963
5.10631720763	7.02125155483
4.99899184184	7.07550086015
4.90090529337	7.12519595784
4.78307118801	7.18176118919
4.62079181615	7.26644128619
4.46666346034	7.36450501653
4.30567932068	7.4511990227
4.20618721963	7.51006919035
4.14515518437	7.5468712006
4.02736463979	7.61215775016
3.93568975147	7.66261832395
3.73070532352	7.76428793737
3.56633387538	7.86060860037
3.53083401135	7.88409059508
3.40300433264	7.97076666194
3.27157617715	8.05724307773
3.17931885405	8.1253552011
3.0501892255	8.20870920871
-10.4753234603	-8.16710578794
-10.604283385	-8.01180324973
-10.6963564891	-8.00122818017
-10.9386327096	-7.92714877719
-10.9271829128	-7.87965280526
-11.0076655047	-7.79824128785
-11.1057067765	-7.70305211903
11.4827535972	5.97608167268
11.5430340034	6.07984866106
11.5478801787	6.16533632776
11.5567136292	6.23885284103
11.5577490877	6.33253390572
11.5491125292	6.44370975385
11.5196422667	6.53347603242
11.5009540735	6.61542839139
11.4781340963	6.72980064944
11.4669138011	6.79244515274
11.5000679093	6.90847470307
11.4943868291	6.9791332569
11.3908412619	7.10953536537
11.3658320777	7.24703204667
11.2406644847	7.38552282203
-3.95387369249	-6.33200982099
-3.82603987604	-6.25243088391
-3.79750312771	-6.11048059583
-3.79483072363	-6.06807730738
-3.79342362178	-5.93015040291
-3.78649056248	-5.77714667772
-3.7864263522	-5.74727753342
-3.7467078364	-5.5837015804
-3.7113411114	-5.31702075856
-3.70684519102	-5.16613397761
-3.72110503609	-4.99937426473
-3.72208530188	-4.93516104601
-3.71223437684	-4.77968867583
-3.70933847942	-4.71492218621
-3.70575889463	-4.63266721005
-3.70288678177	-4.49933220132
-3.69103309509	-4.3429400988
-3.6666272801	-4.14851150298
-3.66045154462	-3.98645501825
-3.64277258591	-3.75837116916
-3.6282222213	-3.61105406641
-3.62444911354	-3.57435750424
-3.6109577836	-3.46224655193
-3.59906571616	-3.36881160694
-3.58410538958	-3.25658340001
-3.56058295485	-3.07492019942
-3.524351141	-2.80213698455
-3.51931011649	-2.71795477606
-3.50894544712	-2.61582940446
-3.49314166961	-2.40676106123
-3.48524263033	-2.31849162964
-3.48395637243	-2.19981466281
-3.47622825485	-2.00229097995
-3.47138564672	-1.93156385253
-3.48508067829	-1.8087861066
-3.47850748114	-1.75779966293
-3.48626223058	-1.63879166822
-3.50530262662	-1.53322880355
-3.52416569493	-1.39427758993
-3.53863067362	-1.29680997954
-3.56028523078	-1.17903103193
-3.52028568129	-1.14264137243
-3.54440465996	-1.05146701208
-3.60510748972	-0.808243111579
-3.62371257129	-0.69708512962
-3.65492452214	-0.629506902639
-3.71533823478	-0.500152927454
-3.76529565467	-0.376062981074
-3.78730792917	-0.33169429101
-3.83590587252	-0.235900861529
-3.91650436407	-0.0804986436646
-4.00615808095	0.0312255384953
-4.05797862503	0.0929712636555
-4.14760802814	0.190831781848
-4.215158739	0.316965052157
-4.33262069246	0.461647171322
-4.44494727308	0.566667614226
-4.53377257873	0.671647486104
-4.65496983749	0.804547867976
-3.7541721234	-6.70471657157
-3.64839792119	-6.82763249764
-3.57595668793	-6.99129186548
-3.52378145215	-7.08515434202
-3.46896933192	-7.1797630046
-3.39116490784	-7.28955604609
-3.3110688056	-7.41576372933
-3.28566020062	-7.52157884555
-3.22724481599	-7.57563487997
-3.1423468271	-7.7623574092
-3.08121011812	-7.86235975358
-3.03407291043	-7.93579467186
-2.96291991933	-8.03666132024
-2.91928509739	-8.08108358783
-2.77328850016	-8.23642770605
-2.56334529175	-8.58550179932
-2.46064653747	-8.73567346435
-2.38965680149	-8.83249956024
-2.22942594618	-9.0499608695
-2.12563003125	-9.17729408561
-1.84770924029	-9.47942523772
-1.56063768303	-9.80964035659
-1.41193065583	-9.96573595386
-1.12442486281	-10.2095361205
-0.659110841033	-10.6187863039
-0.481478214511	-10.7381923026
-0.271068720925	-10.8870012344
0.00855836057228	-11.0559290554
0.141085938999	-11.128811821
0.334664583944	-11.228122436
0.600331761662	-11.3355848403
0.742648061947	-11.3990467008
0.937497698537	-11.4663597045
1.08565545694	-11.4965400197
1.20761553922	-11.5281053523
1.42466107636	-11.5258420028
1.56485303552	-11.5212457732
1.66818960614	-11.510530577
1.78922646112	-11.5020889223
1.8468331388	-11.501169364
1.91508671345	-11.480828257
1.99053914733	-11.4552779504
2.11295667421	-11.3666684009
2.16435779391	-11.3518187244
2.23138287325	-11.1988471793
2.25771425259	-11.1694020153
2.31977451651	-11.0787320771
2.41802930441	-10.9863557711
2.47071642277	-10.967773136
2.52882589392	-10.9766902802
2.58900686697	-10.9951522479
2.62454379873	-11.009130083
2.72165744643	-11.0600418467
2.85849251187	-11.1427329272
2.91276144505	-11.1688433313
3.13763185934	-11.1975414125
3.28821223504	-11.3083739937
3.44706137572	-11.3615220672
0.131209263747	11.8152615143
0.0950407027623	11.7628009376
0.0807609013167	11.7393638664
0.0695643885744	11.7210101007
0.0605471075043	11.705936926
0.0215021953151	11.6446294998
-0.0475171962959	11.5323334958
-0.111874483291	11.4300593934
-0.156599643601	11.3569301855
-0.226784592192	11.2644106604
-0.279940229201	11.1863193535
-0.331432844054	11.1114726065
-0.370993330672	11.0504801931
-0.427432584337	10.9908625524
-0.480454602046	10.7828753954
-0.537613329331	10.70303174
-0.563518709285	10.6086052858
-0.653765975319	10.5096489371
-0.775337230645	10.4589593999
-0.806867106249	10.4327099757
-0.852975727154	10.3410303668
5.97546166813	-8.8220524997
5.96852019767	-8.7651598406
5.96787206858	-8.67580748299
5.96699725574	-8.59270375241
5.95351562719	-8.42259256351
5.94844445197	-8.3014826882
5.92627188592	-8.17138370695
5.90231049328	-8.00412121409
5.89880410276	-7.81079020504
5.95831179548	-7.67815704206
5.38716731458	-9.52369204414
5.39930271301	-9.52725544744
5.41455214787	-9.57895546368
5.42615536286	-9.6706078029
5.44416295863	-9.82000577748
5.43957870985	-9.86608329272
5.42883551805	-9.91888829645
5.41756618422	-10.0368115919
5.41309232992	-10.1408397409
5.4423471928	-10.3793061809
5.38223937384	-10.5385896372
5.38274223477	-10.6642056301
5.35280517746	-10.8739884811
5.95342762345	-7.67727237892
5.95847877787	-7.54217258389
5.95305615456	-7.3312043745
5.95815128982	-7.20076207395
5.95405492807	-7.09793772208
5.95289001526	-7.02680075796
5.94536362645	-6.82445493537
5.93956854409	-6.69439621449
5.93072772371	-6.51881505782
5.92396879136	-6.41519099299
5.91874965146	-6.31180395157
5.90464207661	-6.16179029382
5.88184472483	-6.01768097445
5.89091918033	-5.79631593163
5.86333035654	-5.62534633255
5.84840901581	-5.52800197824
5.83219615382	-5.43140533276
5.80033444798	-5.26982064972
5.80782452247	-5.16069476974
5.76987007643	-5.07552678503
5.71025314561	-4.90426469921
5.68514696061	-4.84745981499
5.65558633822	-4.78624648896
5.60635129078	-4.68172280093
5.49353785268	-4.53175693442
3.91549181691	-12.326877963
3.91035000283	-12.3332193564
3.93912847681	-12.4121508699
3.89593289801	-12.3627947852
3.85760677596	-12.3477522286
10.4246509972	10.7499111386
10.3737946826	10.7860654574
10.375742784	10.7617778839
-6.56210860064	-10.1032658451
-6.62097052341	-10.0545379628
-6.69539468892	-9.96187910654
-6.7398950579	-9.89294806075
-6.78847358916	-9.81010424131
0.937788016354	-7.03531388408
1.13978134901	-7.03384249226
1.27409156793	-7.09075013563
1.35436732341	-7.13352199982
1.48036927392	-7.20612837205
1.51654823414	-7.24010279648
1.58110479396	-7.31131266803
1.65410139146	-7.39699652447
1.70510119963	-7.48910635713
1.73776125451	-7.54130455757
1.82794780096	-7.65686796733
1.90124684121	-7.72635540851
2.01808495617	-7.87269786281
2.06735762541	-7.93328893915
2.11223759816	-7.98379441781
2.15170338755	-8.03586223747
2.20402054962	-8.13008365916
2.26580042412	-8.24541646465
2.33071839848	-8.38522208039
2.35177628089	-8.46090138973
2.38181307172	-8.5204014271
2.45873458102	-8.65958597585
2.53140314622	-8.75574729871
2.65850170518	-8.87319151458
2.71521338694	-8.96980369896
2.75813517563	-9.05089161352
2.76419385504	-9.21818551095
2.83000191605	-9.3345861008
2.9167375002	-9.44596406213
2.97587476005	-9.54804629195
3.18577854319	-9.79627348248
-5.61440290116	-8.4473060632
-5.5822126938	-8.40918053843
-1.36368309359	0.312766424184
-1.44438946857	0.339532006518
10.3756991496	10.7617530186
10.2905273168	10.833064679
10.194368148	10.9449447223
9.98367242905	11.1079826551
9.76399737264	11.3595483775
9.57927273062	11.5175789376
9.4547849252	11.6407444891
9.39960323284	11.6942449717
9.28203694996	11.78732003
9.18090231883	11.8573043087
8.971897911	12.0026917767
8.90469858894	12.0523438189
8.76285631793	12.0957741215
-5.58240646313	-8.40901590884
-5.5364657307	-8.33117582313
-5.47208569892	-8.26689390247
-5.37386390416	-8.19670097199
-5.33330784412	-8.12155711572
-5.30070266127	-8.06712128603
-5.26309901154	-8.00127327943
-5.23356744797	-7.93223897134
-5.20951436198	-7.88355860336
-5.13569744633	-7.78939492593
-5.08857419595	-7.67939101608
-5.04149692527	-7.5866063398
-5.02306147525	-7.55031350857
-4.8929236842	-7.40556497122
-4.78619150388	-7.39991489376
-4.69277303668	-7.28153549388
-4.60261331449	-7.20936824291
-4.47298938366	-7.17891280606
-4.37289866995	-7.1084854907
-4.32182821096	-7.08033426705
-4.21582677209	-7.02105071819
-4.12967726446	-6.95560723435
-4.023838664	-6.88549284848
-3.96177033798	-6.83189510436
-3.89882793594	-6.80629323487
-3.75414245827	-6.70466634084
-6.78847358914	-9.81010424131
-6.76033226844	-9.7599762358
-6.6425908522	-9.63890404585
-6.54906084482	-9.56833968821
-6.46629665174	-9.49015274825
-6.39179062834	-9.43492622761
-6.33663549412	-9.38778880056
-6.2345717187	-9.31421658552
-6.1603167396	-9.23478980879
-6.04306980753	-9.14213045701
-5.95466175062	-9.05824734736
-5.88331032335	-8.94479422141
-5.78733329512	-8.83145931818
-5.68171767538	-8.70532128607
-5.65571293539	-8.6517172056
-5.62696295832	-8.57183333919
-5.59796854353	-8.48516322114
-5.58244849716	-8.40897068141
3.18581933126	-9.79633252291
3.18153010467	-9.67724232409
3.2240390622	-9.63748572177
3.28152544736	-9.59716269781
3.33154716221	-9.55241629571
3.38348564639	-9.4878269691
3.46417743347	-9.44363631165
3.53560193098	-9.39455732531
3.596097839	-9.36870257442
3.61135079371	-9.35818594961
3.72025864718	-9.32781444513
3.92272330972	-9.34974476799
3.96216598392	-9.3156719505
4.10557580561	-9.21254940893
4.20031165897	-9.19874283615
4.24397121993	-9.17916485001
4.31426970041	-9.19419258273
4.38020258367	-9.15442193584
4.43465408507	-9.13019806904
4.48488842019	-9.10370320802
4.55960274757	-9.06369473076
4.62553914343	-9.0352639806
4.80470798568	-8.90663541278
4.93567721217	-8.84315624598
5.14152928776	-8.74759819186
5.22004445507	-8.68752885465
5.2985072771	-8.59819886042
5.44505810727	-8.34437121853
5.54415944873	-8.16540934404
5.70642788438	-7.95415879519
5.80212440106	-7.86972649184
5.95634247191	-7.67765849779
5.4189196642	-10.9505352667
5.35280517578	-10.8739884861
-13.5299095049	-2.33258352628
-13.5974626036	-2.36437664573
-13.5946579281	-2.48903959529
-13.5725472819	-2.63822465179
-13.5239649774	-2.83650097229
4.24655053179	-2.73843921018
4.25482129247	-2.72572518047
-2.52469836975	2.4142067971
-2.38496510641	2.56215400472
-2.21328142731	2.68492951375
-2.13453999597	2.73154576148
-1.98810826187	2.82094488384
-1.84765723119	2.87564232739
-1.68838589729	2.98323673417
-1.55016404042	3.06371704177
-1.47334391833	3.09659915495
-1.34310165127	3.16282073534
-1.20554381965	3.23820334941
-1.12506623363	3.28024376787
-0.989826726591	3.34163349865
-0.668845719974	3.46700204086
-0.588723899194	3.49361224948
-0.497160064027	3.53009297431
-0.265079073969	3.60062963007
-0.120361187143	3.63968361015
0.0566293265417	3.68249140541
0.14872844009	3.70141852239
0.320685883755	3.73605109573
0.436392284335	3.75786507296
0.529429911679	3.7917429285
0.626106093405	3.7976226544
0.870125306353	3.99645566325
0.997940542848	4.03392041078
1.07881273508	4.04858407756
1.24636150561	3.98172119832
1.37655097647	3.98798484309
1.46613215007	3.98989771085
1.62399223551	3.96204655005
1.72048329071	3.9851027815
0.769729795564	-3.90641273279
0.794849925124	-3.92206001887
0.85557794426	-3.93096425067
0.885782992264	-3.95869304788
0.937278386598	-3.97783544829
-0.853083493477	10.3410485179
-0.980187096634	10.3671553135
-1.12442967314	10.3793630539
-1.1776622647	10.3791359614
-1.25694839361	10.3351704966
-1.37801531563	10.3184769904
-1.42482469874	10.2990481899
-1.55325444724	10.2488366207
6.08439696168	-2.77039803869
6.09710409594	-3.03449156795
6.09787354351	-3.14963435813
6.09327160007	-3.31019133012
6.0879314521	-3.44604150316
6.07566967534	-3.6360633737
5.99337852153	-3.80302058237
5.98508956653	-3.84247535596
5.96795711497	-3.89954193082
5.93905696945	-3.98883949352
5.90939204462	-4.06962592262
5.86810257946	-4.17056030507
5.81633441257	-4.34372765083
5.74905513529	-4.43505540877
5.64269684564	-4.53682774327
5.49366904721	-4.5317130656
0.787516781267	-0.335291147793
0.586342371599	-0.323816494506
0.482725189067	-0.318925927692
0.39686206728	-0.297954406578
0.354362951543	-0.284250246617
0.138586219982	-0.222586685778
0.0134405999611	-0.180240329508
-0.0809241008028	-0.149020541462
-0.199748274665	-0.12009746527
-0.363188226693	-0.0923791910612
-0.46453578295	-0.0651894828137
-0.635467469089	-0.0147416042385
-0.734542739172	0.00986654040891
-0.842436253848	0.0622334688529
-0.930916722472	0.112420721157
-1.04757379754	0.156265809559
-1.13512382133	0.193617408864
-1.23682397332	0.235074197299
-1.32643454048	0.277685010549
-1.44436963046	0.3395637522
5.49364855299	-4.53168237176
5.36828659999	-4.40703299231
5.22983848111	-4.23864562513
5.11437137276	-4.05625333602
5.06778279931	-3.96445491689
4.91667175474	-3.75002500621
4.80147267938	-3.52978942816
4.6715638762	-3.31003892575
4.61748320932	-3.2254898413
4.45267357697	-2.97806044766
4.24657349823	-2.73847566143
9.10251502639	8.59491174676
9.29788435543	8.45792199776
9.48385814918	8.39277113295
9.62620768439	8.32477030593
9.69749347608	8.32752103479
9.72910943655	8.29680084663
9.99356515578	8.17348679435
10.1077929586	8.10302124059
10.1928170939	8.10136248185
10.3404564734	8.00963872998
10.4257824792	7.9489154156
10.5328271325	7.88700584542
10.6169478159	7.84212852926
10.6842491068	7.77348286797
10.7166114017	7.75352836897
10.8197751564	7.6886956889
10.8825978568	7.66558224739
11.0575256743	7.51835940804
11.2406644847	7.38552282203
8.09419372092	10.0010364685
8.26547496509	9.93032361721
8.35306002839	9.78091188227
8.53666164467	9.60002134242
8.55754806396	9.56845839689
8.64563536116	9.4805634417
8.75630531556	9.37871388189
8.82959262391	9.27185620776
8.82652471534	9.16930038918
8.85445205473	9.1215309532
8.89821801089	9.06225466084
8.97387025454	8.91682059865
9.02046867715	8.79297710344
9.10238325192	8.59487689842
-10.5523582985	-8.42324660878
-10.5320687533	-8.34282538775
-10.48061938	-8.20379996172
-10.4752359206	-8.16668766516
8.76376187593	12.093272473
8.60702989633	12.2415336924
8.50694061734	12.3212149291
8.44224343694	12.3485721215
8.38399289971	12.4443063686
8.2868892564	12.4906134717
8.09051606322	12.5886442104
8.03567997358	12.6047613328
7.93698309732	12.6419703099
7.81010179299	12.6859572381
7.69414608149	12.723164483
7.60812061233	12.748936013
7.46566386419	12.7778764341
7.42662016394	12.7895142125
7.3419455521	12.8077753112
7.25769366374	12.8250855426
7.20602393928	12.8314196833
7.08690155038	12.8388296908
6.98385621181	12.8340429555
6.89456006608	12.8301294726
6.79935476428	12.8231789584
6.72802810463	12.8145692226
6.64348861729	12.7991360075
6.43350707231	12.7452264939
6.29623007041	12.7147108305
6.21664222799	12.6817899608
6.11844968867	12.6345890532
4.21580052264	4.48293552985
4.06929156032	4.35164483329
3.95558995278	4.17395908376
3.89443810755	4.1319575326
3.84322867638	4.09948725781
3.82095483218	4.08573551406
3.76578627117	4.05359416162
3.63299464186	3.98259673168
3.54804970673	3.93067190966
3.44377036665	3.90284488784
3.26590489851	3.95701677478
3.11863172727	3.94821382994
2.93614974903	3.99474950238
2.73571550434	4.10731374594
2.65983265484	4.0337389694
2.56774554111	4.0619540997
2.44716178444	4.08469806602
0.937289299704	-3.97784211063
0.986725202654	-4.11628757814
1.02809472201	-4.22704113729
1.0448008373	-4.39399391686
1.05505763014	-4.4651182519
1.05925757048	-4.55927464424
1.06409233104	-4.68818220987
1.11738713149	-4.84110782705
1.10689320304	-4.93561667636
1.0898992499	-5.04492840409
1.0794657174	-5.12311570878
1.06499169718	-5.2416690888
1.04748497789	-5.36561801644
1.00589599909	-5.52415111225
0.984029221229	-5.5965984086
0.964357532687	-5.67993743001
0.945680248887	-5.77301704496
0.921638051487	-5.8960122218
0.905520882309	-5.98148721862
0.884773504107	-6.09413935474
0.931046794434	-6.19003161077
0.912140255172	-6.35400376712
0.913470816794	-6.37899546623
0.905968707179	-6.50073383278
0.920077904977	-6.65421860635
0.922225229989	-6.74524620851
0.922201860219	-6.75973920017
0.925893806721	-6.82041177929
0.942280695291	-6.93114187407
0.944822741851	-7.0335589904
-10.2064532162	-3.70263483435
-10.2406604921	-3.84909813743
-10.2557028593	-3.92391692196
-10.3140987292	-3.98072339997
-10.3182860625	-4.11726726187
-10.4006413251	-4.25511692257
-10.4006446866	-4.37363628646
-10.4084152641	-4.45538607074
-10.3749851171	-4.53653966082
-10.3866535351	-4.55298576754
-10.3567159714	-4.65098979879
-10.4007647036	-4.8290040011
-10.436899286	-4.88689311867
-10.4596742018	-5.00556606183
-10.4920634674	-5.13577325352
-10.5060288133	-5.21412246788
-10.5203682256	-5.27522729959
-10.5410983889	-5.36835251275
-10.5760066409	-5.46561099927
-10.6129063032	-5.60252212509
-10.662167639	-5.67448443767
-10.6685919595	-5.70081326225
-10.7031503851	-5.80888229207
-10.7234527364	-5.87535963126
-10.7290211386	-5.89447001167
-10.7349043716	-6.03444333836
-10.7504279029	-6.09847972131
-10.8067129265	-6.18138347674
-10.8188581449	-6.2802398222
-10.8187858062	-6.36501478626
-10.8601429219	-6.4307480413
-10.857626436	-6.48283496463
-10.8694877127	-6.56398318287
-10.877383007	-6.62423863276
-10.8823248832	-6.67800521928
-10.8795295273	-6.72950875679
-10.8832927561	-6.77722960735
-10.8260633143	-6.89815122808
-10.880519583	-6.97656034862
-10.8992538312	-7.08586774962
-10.9179540606	-7.17562671503
-10.9477803458	-7.28531874632
-11.0104427639	-7.42007446899
-11.0267888647	-7.55509095516
-11.1057121535	-7.70305102551
2.447167784	4.08481126002
2.29302645169	4.07470484554
2.10565261359	3.99296143921
-11.1268248308	0.228044389884
-11.0711341001	-0.00736609549343
-11.0348977455	-0.134561829158
-10.9973889244	-0.226442420373
-10.9962574324	-0.331963731924
-10.9593682992	-0.445132774649
-10.8745440472	-0.590002467804
-10.8401744914	-0.722758418411
-10.8374522313	-0.735237465242
-10.8177350913	-0.81640714968
-10.798178474	-0.880117479658
-10.772223681	-0.97276131661
-10.7093583991	-1.11201715165
-10.6778734123	-1.20493146283
-10.6750588102	-1.26854087963
-10.6260269368	-1.37976360638
-10.6305239907	-1.56807901923
-10.6071733414	-1.67410374763
-10.5878671897	-1.75097536404
-10.565329738	-1.81625244449
-10.5438680725	-1.90041376565
-10.5114189778	-1.98339670053
-10.4544429441	-2.16905216601
-10.4350825333	-2.24050385835
-10.4239491358	-2.33970012812
-10.4189299929	-2.40090689156
-10.4028069739	-2.49047582737
-10.3927501253	-2.58681578692
-10.3821001653	-2.70731433553
-10.3733665775	-2.79534146692
-10.3691193583	-2.8520730494
-10.3742555189	-2.94451531614
-10.3337671255	-3.00808074366
-10.3497916817	-3.11272374644
-10.3409611229	-3.19121545223
-10.3193468679	-3.35432428349
-10.297516447	-3.47066873656
-10.2667725285	-3.55282623977
-10.2382418435	-3.6490036213
-10.2063199351	-3.7026532216
5.83590600936	9.97926706419
5.96417822344	10.0456602347
6.08010537477	10.0763117574
6.11707713126	10.0855233505
6.15587503584	10.0945358049
6.25280397705	10.1145541206
6.46663407106	10.1045804792
6.57043571266	10.1242622906
6.6523655585	10.1343926594
6.87724142964	10.1551354241
7.13869842933	10.1608502455
7.45370605097	10.1598277069
7.61752272541	10.1237632679
7.69061848224	10.1011017997
7.75099632829	10.0808691235
7.96178771976	10.0153073262
8.09419226173	10.0010357987
5.83594336507	9.97735989649
5.63909842917	9.90710567969
5.58375194384	9.85085393548
5.43631295075	9.70912920139
5.29680767571	9.56681703992
5.11738870254	9.40856099341
5.03453573249	9.31347810769
4.86604160088	9.22243224754
4.7389936238	9.15967030558
4.69432371745	9.11028495952
4.61137842901	9.06542521877
4.48518774751	9.020869518
4.38078412189	8.97378650839
4.34092864363	8.95221439143
4.20631445902	8.88296643834
4.08416824241	8.8177140739
3.99309610904	8.77035462448
3.95540151446	8.75320639542
3.84026156617	8.68377086151
3.63096592775	8.53760579755
3.38105361966	8.38184651139
3.22693786958	8.3160938351
3.13726866507	8.29114502018
3.05017536087	8.20882015397
0.162378006647	7.16938872166
0.0454902558103	7.0460224109
-0.0727412159582	6.90313000855
-0.223559630002	6.73207912132
-0.273057284561	6.6372250006
-0.357084822513	6.52926677015
-0.433701949697	6.39391700393
-0.486159991593	6.28337874869
-0.513730441563	6.17948341053
0.791477539873	1.12136547296
0.899359573019	0.821897068526
0.925369399919	0.713441348895
0.928317070421	0.697251010263
0.939659596721	0.609569105998
0.897727403164	0.470255728914
0.868413027963	0.243717788895
0.840005197292	0.0895005487641
0.783685307837	-0.08427682778
0.767083370006	-0.198662694318
0.794139463219	-0.331968400937
0.162377345817	7.16939500021
0.00437674874027	7.27880380715
-0.0403872631975	7.33422046283
-0.0985094497484	7.37482476216
-0.199871543991	7.4370954391
-0.249722258554	7.4826617403
-0.335941773167	7.54392775733
-0.365589273295	7.5914148348
-0.401143223169	7.66810109104
-0.429676069629	7.73234083487
-0.48521252944	7.83729856116
-0.525815330512	7.94210085752
-0.559700231727	8.03547875047
-0.606005338909	8.19902783698
-0.703098476127	8.42264891719
-0.713122154642	8.53598898338
-0.726710625742	8.61403683663
-0.72610228528	8.7709478218
-0.725564751164	8.96263509988
-0.714010043084	9.01461050443
-0.699930795828	9.25578910017
-0.679267668923	9.49868324688
-0.659472770137	9.60405299843
-0.673106499417	9.67041444877
-0.68099928735	9.75247339624
-0.719768233393	9.81329484044
-0.745730211862	9.95182236627
-0.738480000381	10.0613441857
-0.783146501403	10.1459644448
-0.825362435789	10.2221167575
-0.853026108346	10.3410011871
6.75709513631	6.08530780196
6.86955013166	5.95543884878
6.92439792255	5.89114494344
6.98873963103	5.83114363568
7.03478684988	5.78564903216
7.10903090918	5.71801132045
7.20019713508	5.65189689009
7.2721788356	5.60941861443
7.38876663144	5.54582998133
7.45197985132	5.52671884153
7.5117583564	5.49515711567
7.66518596129	5.38394801043
7.72832122323	5.35780727072
7.8542474348	5.31595855382
7.89925501585	5.30367406342
8.0705391814	5.267352158
8.29392392531	5.28106852711
8.37661376816	5.26615704311
8.42121200279	5.26064565494
8.52803518077	5.2527811364
8.60814888934	5.25021371901
8.64658871171	5.25090775303
8.71659922065	5.25098064922
8.80346571487	5.25756448484
8.93291358635	5.26281635446
9.08541833241	5.28844321789
9.17203392856	5.27789880996
9.26838911018	5.3000503366
9.42470797628	5.34381105971
9.48952905493	5.36072565383
9.58361874043	5.37813378879
9.71373902326	5.4108877561
9.86365794126	5.45648226514
9.88676713882	5.46382442946
9.98887528544	5.49913174392
10.0710230279	5.5244583947
10.1899098571	5.56010124951
10.2692265634	5.58371939389
10.3419623251	5.60549050468
10.4410442563	5.63900881679
10.6825993996	5.69692523494
10.7579214174	5.77029568244
10.8153009219	5.77492484671
10.9832409309	5.80227389012
11.1293502328	5.8263706255
11.2992006796	5.88788951823
11.483278169	5.97648938616
6.75709456788	6.08530224616
6.84008487195	6.17669325746
6.90542505129	6.28354662058
6.96837451445	6.35423750536
7.02940043415	6.39492771651
7.08288504402	6.4759011771
7.13866883968	6.54643632899
7.19034388205	6.59976242863
7.24631233489	6.66183544915
7.28793025089	6.69905949407
7.29630637216	6.71021947535
7.33088984703	6.8355251235
7.39424440478	6.88320764782
7.54196975334	7.0146683904
7.56666323174	7.08029124467
7.6158802106	7.1286717076
7.71074547566	7.22461868537
7.76296176901	7.27990347511
7.82048746694	7.41662964552
7.90032622052	7.49987765226
7.93321975895	7.52910330701
8.04008014734	7.6181435242
8.18803900455	7.72800334857
8.26340683058	7.79771485129
8.35461937372	7.90173185871
8.4113027612	7.94715307239
8.47808746953	8.00010325721
8.61306857038	8.04141213163
8.71739920993	8.09464666654
8.83120350103	8.19825878965
8.93561149942	8.30472440152
8.97661787089	8.36657995887
9.02398316676	8.40269155236
9.10234199476	8.59488884228
-10.4759263767	-8.16761187802
-10.3691176013	-8.17281932011
-10.2740424909	-8.2143019229
-10.1400810674	-8.33438563776
-9.98935685673	-8.40356748727
-9.90565399293	-8.45735596202
-9.78555703813	-8.60265919353
-9.61771294468	-8.67577981693
-9.45579447884	-8.74809727907
-9.39301011472	-8.7866321492
-9.33121312786	-8.81591269154
-9.2349596302	-8.86100508071
-9.12752524076	-8.90682152079
-8.9000781354	-9.0076677816
-8.63132477704	-9.12045204138
-8.32634078021	-9.22029618805
-8.27371242149	-9.23932538928
-8.26575775877	-9.24262516313
-8.18288754888	-9.27187505726
-8.0361606593	-9.36040710803
-7.90520865434	-9.40608706578
-7.82849032528	-9.45006529556
-7.66534785802	-9.51168307763
-7.60320318077	-9.53353169028
-7.5074467461	-9.57212424456
-7.37766568646	-9.62160247058
-7.27266374949	-9.65046411553
-7.14705818141	-9.70499063538
-7.05903664674	-9.72015042465
-6.94669831092	-9.7361473159
-6.87553553157	-9.76979452774
-6.78847358915	-9.81010424131
11.4832778411	5.97649023649
11.6336850396	5.81634802747
11.6897616283	5.7669619137
11.7201640292	5.77316371983
11.7970567063	5.70343455114
11.9511817091	5.5431896657
12.0082438672	5.4637530412
12.0382849893	5.40649098006
12.0595018068	5.36022275981
12.0931295278	5.28654540239
12.1093515943	5.20667165568
12.13411416	5.13418562142
12.1543898172	5.06719174891
12.1635819229	4.98092377917
12.176207691	4.82270622118
12.1739745664	4.72877013962
12.1561200158	4.55525977177
12.1426001144	4.47428984323
12.1530695967	4.3632723807
12.0582624479	4.20476540717
11.9633884885	4.02786571132
11.8773742505	3.89874049956
11.8615790662	3.85540416485
11.7986562839	3.77902238015
11.7282091269	3.70514272559
11.594267403	3.55616403644
11.5582895992	3.51616377661
11.5195545735	3.4749729105
11.4513956022	3.403657676
11.3748645945	3.31193140149
11.3153634242	3.22908670899
11.289337264	3.18961953375
11.2310051554	3.08953360623
11.1466557428	2.96485761639
11.0848689086	2.88601922274
11.0468050721	2.80124691423
11.0269662577	2.76820892217
10.9108097696	2.59742451999
10.8645071734	2.52558399708
10.8263247111	2.46695489542
10.7781124118	2.39787713177
10.7057243	2.29832044904
10.5824492412	2.14503085541
10.4248314943	1.96431888531
10.3210637534	1.79817684576
10.1970471574	1.68741611452
1.364450431	-3.92167584049
1.26415506065	-3.94679137373
1.1897597723	-3.9388371795
1.13447036631	-3.9363701607
1.04865489048	-3.95361043929
0.937276996544	-3.97779040375
-3.95389383206	-6.33206086956
-4.21926222869	-6.2273525332
-4.29147911602	-6.17023600044
-4.36642675066	-6.11970675664
-4.43321102814	-6.06959914146
-4.54377320183	-5.95828129402
-4.71869031502	-5.82005764712
-4.88327370182	-5.62375213971
-4.9593072261	-5.48101668313
-5.02195909321	-5.40198818469
-5.13701332738	-5.31044300552
-5.20157489181	-5.25507162419
-5.26801966597	-5.19085300097
-5.31218712625	-5.14363717136
-5.34568181353	-5.114417463
-5.48200959542	-4.97468216065
-5.59689231143	-4.92912952018
-5.73428984471	-4.81734040207
-5.81995998188	-4.74107058921
-5.982225844	-4.57201717346
-6.08539158975	-4.5018469334
-6.18017376237	-4.43822019261
-6.2734311226	-4.37363643211
-6.48815385619	-4.24745282615
-6.73336579946	-4.10847695186
-6.84307679773	-4.05251902337
-6.93644519333	-4.00437759234
-7.0727576754	-3.93093255607
-7.16088883712	-3.89626025293
-7.26912407497	-3.84948671996
-7.4616381342	-3.77963852552
-7.58451834651	-3.7342768317
-7.62028241946	-3.72342365702
-7.78077055545	-3.70156526955
-7.85059112366	-3.6840438632
-8.12924443774	-3.60240313715
-8.33719957358	-3.55653781634
-8.43418050035	-3.50947148212
-8.63394503183	-3.40703189398
-8.83678709439	-3.35872071532
-9.03552410024	-3.30530326767
-9.14783384579	-3.27586175882
-9.20930003555	-3.34539141822
-9.25568496002	-3.42465367963
-9.38652685414	-3.51439101129
-9.5028294613	-3.54708077155
-9.67916488436	-3.59153095121
-9.77879045386	-3.61439185587
-9.9165719668	-3.64559981017
-10.0866057338	-3.69341333969
-10.1182756848	-3.70085447219
-10.2063967994	-3.70262743847
-3.95386776917	-6.33200579046
-3.80944917523	-6.55436469974
-3.75422734556	-6.70471106422
3.4449310968	-11.3642262483
3.4664169962	-11.1913221155
3.43687998753	-11.0718336089
3.35856323866	-10.9602632295
3.2794250755	-10.8408667222
3.18240046372	-10.6355854223
3.07793214534	-10.5799886231
2.9061482996	-10.4760296028
2.81721203756	-10.408495678
2.67244765549	-10.300195647
2.5106633768	-10.1434417004
2.37735903146	-10.059259423
2.26518009717	-9.97298435238
2.1497691639	-9.93441437972
2.10595093142	-9.85450162354
2.03381616209	-9.78909068983
2.0192414253	-9.7376110311
1.95256512844	-9.66510238392
1.88603522321	-9.58578448538
1.80448614352	-9.52929469503
1.62888405086	-9.38682521838
1.50542433852	-9.28180471549
1.40684321884	-9.16825776777
1.33734816861	-9.10283212799
1.27105466745	-9.02574601055
1.17627431886	-8.92541672413
1.07112762548	-8.7838809711
1.02084421668	-8.7172574863
0.954871084094	-8.59834101987
0.902597360832	-8.47432947499
0.863445491652	-8.35473344832
0.825339006529	-8.22427782129
0.795390120721	-8.13219705987
0.780733122506	-8.03735269911
0.76686211089	-7.9180244884
0.754954769109	-7.80512262491
0.740627657633	-7.67705832207
0.737881842214	-7.62751820921
0.744748336931	-7.53431009574
0.758060480057	-7.40807903616
0.832779436394	-7.25325658446
0.861808875317	-7.18088289672
0.910930337665	-7.0896596751
0.9504018195	-7.03186168237
3.44220599689	-11.3640113973
3.60519264573	-11.4977258946
3.63601486206	-11.5138436333
3.67930230695	-11.5685509351
3.56208809884	-11.6840332045
3.57669926881	-11.7486217361
3.59719277392	-11.8965210815
3.48588649999	-11.9897806472
3.55979027306	-12.0989603801
3.74985355341	-12.1241361306
3.82629796959	-12.1822886352
3.8424263216	-12.2181008725
3.88727420922	-12.3326894356
10.3757312754	10.7617684297
10.4631481193	10.6185970463
10.5467118317	10.4958288173
10.6162045345	10.3940395103
10.7072942994	10.2591186893
10.7639847026	10.167350467
10.8123810196	10.0826682743
10.9138490273	9.90547889492
10.9816988124	9.76462483908
11.0137924791	9.68822333671
11.07542668	9.54016860303
11.0951944528	9.45134383898
11.1396073411	9.32728538268
11.1726707825	9.230872792
11.2006177889	9.12593220824
11.3164545921	8.89686254938
11.4269049368	8.52258768819
11.4656860372	8.35894565728
11.4832194021	8.26863642777
11.4886065897	8.21008244181
11.4937262297	8.14327012989
11.5025295326	8.08485292479
11.4964664046	7.98103780238
11.4357474344	7.78749229709
11.3981039706	7.6759976219
11.3987732629	7.56281739493
11.3133453873	7.41891677302
11.2406644847	7.38552282203
3.05019379168	8.2086916904
2.86502454416	8.15207521914
2.78180303534	8.09713827419
-1.44442128424	0.339512181678
-1.55347230561	0.400790798207
-1.68587116482	0.480799722398
-1.75916099788	0.547817659917
-1.81960515902	0.584645906917
-1.84894193753	0.652395410976
-1.95303148974	0.733232634235
-2.06058177563	0.847440507276
-2.10803191872	0.904537716495
-2.14764870264	0.978155181734
-2.19610543969	1.04555315991
-2.28342603388	1.15471901943
-2.35349812667	1.26346897625
-2.38207353968	1.31229873355
-2.41574583603	1.3788753229
-2.52863933686	1.54812311835
-2.55903118956	1.65087650461
-2.57422996182	1.73724177488
-2.60508128031	1.81398891134
-2.59125415439	1.90182303433
-2.61973496811	2.06874271965
-2.63020170381	2.16762997948
-2.52469748832	2.41420732454
3.18583177537	-9.79630190446
3.37065363935	-9.94605099396
3.5527613339	-10.0968798072
3.5930908521	-10.1364004889
3.64304981895	-10.2089184147
3.76744030442	-10.2427292546
3.87846523797	-10.2844628389
3.94482730914	-10.3497769542
4.04928926587	-10.4285796138
4.11700333788	-10.4633211995
4.1866242007	-10.5209990179
4.3053355663	-10.6247446413
4.42574294237	-10.7258503606
4.53564355439	-10.7927033691
4.582773284	-10.8194424246
4.70735586785	-10.8473414216
4.81787621276	-10.9001558056
4.91902333324	-10.9348746228
5.02127780524	-10.9501241814
5.1095338193	-10.9210945273
5.2596582611	-10.9392703822
5.35280517578	-10.8739884861
4.24651589004	-2.73842898215
4.12336158085	-2.6012549867
3.92613110912	-2.40884865171
3.79662374303	-2.27828672513
3.61388376808	-2.12465802638
3.48700313897	-2.01916767334
3.34094635218	-1.90048437619
3.16163183509	-1.75690702733
2.84808690324	-1.5293494512
2.71173319287	-1.4222149784
2.61185919578	-1.35713107613
2.47676930544	-1.2649003461
2.38012740132	-1.20825554551
2.299375971	-1.1538200142
2.20784414734	-1.1013016087
2.09133167617	-1.030013142
1.94506679488	-0.949399403747
1.81668020531	-0.877267230319
1.74228980248	-0.831940746729
1.6516962978	-0.786352648405
1.40493213526	-0.661593065078
1.27026892986	-0.626438397596
1.20015919035	-0.599897040742
1.07179368593	-0.55837020797
0.924528038641	-0.504937410391
0.821924401307	-0.458600667507
0.787575093964	-0.337532489667
2.78174699625	8.09725072822
2.66559137303	7.91044843748
2.6232433969	7.7381451676
2.61093203576	7.6550072549
2.59620077967	7.56147583149
2.56168246031	7.40419317507
2.57548009636	7.29983622351
2.56744151958	7.2218903237
2.54180209611	7.04472376628
2.49650662378	6.82797855693
2.46944315159	6.73063475179
2.43716728321	6.62923427304
2.38743083224	6.50436617854
2.33299871668	6.37073128479
2.26016650771	6.21028008444
2.20459580414	6.10962294852
2.17072077403	6.02323041642
2.05957220303	5.81716381359
2.01781868624	5.74459186369
1.99789283943	5.66331063934
1.89516262406	5.53226472789
1.83343514618	5.48359473925
1.79608681925	5.42985207235
1.73844623689	5.32257782401
1.59029256617	5.11140118234
1.52337706966	4.93854676795
1.49559716424	4.76858411394
1.50397878339	4.66806702759
1.59800283143	4.52338176616
1.64144060385	4.37922172746
1.65692481442	4.35614337114
1.75294977868	4.19220608669
1.72047216255	3.98510430554
8.09418083213	10.0010291966
8.15562524705	10.0540948781
8.22583093818	10.0949210704
8.2807947078	10.1720021375
8.3051547794	10.2497429238
8.31579044071	10.3060116362
8.32765242481	10.4132536962
8.34029281827	10.4658493809
8.35710245768	10.5565703512
8.39472512496	10.7061284062
8.41372128875	10.7779343063
8.4447153064	10.8755068142
8.54979075086	11.0016340457
8.62099976117	11.279337247
8.64104840304	11.3800087543
8.69275738303	11.4082751582
8.70629103052	11.4822252643
8.73463999212	11.6361423801
8.78065182783	11.7617471532
8.81492351998	11.9771514403
8.76375455003	12.0933415626
1.72048325973	3.98510234213
2.10568096169	3.992969475
