2630 0 0
13.9936482516	7.04445663427
14.2445356806	7.05882192884
14.3477272143	7.02596258016
14.5758326394	6.90484596457
14.7170385368	6.84818045148
14.8817295765	6.76355539508
15.0554495682	6.66475375865
15.3608551217	6.50551683276
15.5463879933	6.40630380032
15.757139442	6.31643059552
15.9204675865	6.21586073155
16.0099023549	6.16442116914
16.1782185215	6.07177089773
16.3185975998	5.98070388926
16.3568636374	5.96441709051
16.4928315629	5.91293816243
16.6820738857	5.84309880312
16.8656155577	5.80442841065
16.9997659293	5.79392107342
17.1191328522	5.78818434567
17.2260780292	5.79200132697
17.3107853339	5.81001820875
17.4133080729	5.82924476032
17.5193284007	5.87087826703
17.7115712481	6.1186854949
17.8183798491	6.25493538104
17.8794237353	6.35054826687
17.9363057348	6.46820131604
18.0622116504	6.70738642463
18.0147455463	1.22957937339
17.8402957792	1.48958768894
17.8169395051	1.66573091501
17.8118908126	1.79725936007
17.8099892805	1.87078004455
17.7832655579	2.21151128661
17.8203385719	2.38078052812
17.8310291343	2.49921430962
17.8405243525	2.58877284365
17.7778152866	2.89777179526
17.7245469437	3.05599380457
17.699719343	3.18620944637
17.6662572326	3.2896842998
17.5459741058	3.56368729939
9.56798203801	7.04056877892
9.70261645673	7.22076186814
9.96664875613	7.43564757231
10.2594010061	7.59433912365
10.3976636679	7.63304431906
10.5786439263	7.7129472798
10.8399109232	7.75095740803
11.0868556135	7.7941877761
11.3116343561	7.76381753466
11.7126506791	7.70271193939
7.43204920099	8.56517028898
7.65687952557	8.58490422497
7.84031193416	8.57569194406
7.98805638896	8.63036317488
8.25395179258	8.6426764367
8.51327376714	8.70911440843
8.76321259895	8.78659085633
8.95210069669	8.8658785242
9.07310268964	8.91875741402
9.27497821316	9.04395769353
9.44152781067	9.15271878801
9.67447670248	9.32968357301
9.93868782938	9.52314476051
10.0552280053	9.62189683156
10.2365396656	9.77531642848
10.4391631463	9.94498880464
7.74312768201	6.37036331213
7.53227211073	6.5931227239
7.45739204146	6.87964965497
7.39597627966	7.12768491176
7.37961073969	7.24089901387
7.26029754008	7.42835729576
7.32038748933	7.56973263642
7.37869629043	7.74041819585
7.44382333214	7.91588462513
7.48997473921	8.18713482241
7.43204554636	8.56517120821
9.45917265816	1.45414390671
9.43402093341	1.78119854541
9.43235946921	2.0233841643
9.42010283129	2.3039227018
9.36361118248	2.59079848762
9.31485406088	3.03498640248
9.2925110704	3.27159823393
9.27620880172	3.46585862467
9.27659653078	3.65978237973
9.21345983824	3.83672201975
9.13998885205	4.14385082424
15.9042378201	-3.62514146147
16.2000144266	-3.6320215129
16.4416442343	-3.66908231792
16.7044954328	-3.71987937953
16.9503446563	-3.71747133255
17.0901516682	-3.66826535554
17.2103009938	-3.59688834137
17.4107240238	-3.49114317388
17.5153312454	-3.43096171822
17.7708150739	-3.30995690588
17.9270308877	-3.21330423868
18.0608982478	-3.11831014593
18.1668963999	-3.04054360104
18.2536177264	-2.96942637933
18.3686520652	-2.8869419974
18.5118265674	-2.7731341368
18.5941021779	-2.71733994195
18.7785564609	-2.59169781665
18.8892106337	-2.51622049229
18.9359105002	-2.49953848446
19.0730383282	-2.45247515534
19.1745645308	-2.39650665024
19.342815372	-2.38909327122
19.4344950822	-2.35357157898
19.5191357985	-2.29607512918
19.6358140676	-2.24972620242
19.7583759188	-2.23222462832
19.9496122209	-2.21951374853
20.0924963176	-2.19849265026
20.2445029648	-2.20502135709
20.4142210826	-2.23835436819
20.5901638908	-2.27970045699
20.7432422337	-2.33892903234
20.8091679332	-2.36516226074
20.9821469402	-2.41448901746
21.0900217382	-2.47774614014
21.2364022107	-2.55647952629
21.4149858503	-2.63690783352
21.5629631218	-2.72599124058
21.7376602976	-2.8319985117
21.9253998802	-3.00484169678
22.0154176358	-3.14311491937
22.1259603552	-3.25033184513
22.171529483	-3.30096864021
22.2827732685	-3.46105969152
9.75272300899	-0.580543018587
9.80373424871	-0.104655131838
9.86172071334	-0.0152700255275
9.89178372541	0.127549363333
9.91986986269	0.27578599427
9.89201240557	0.348963829708
9.84225531842	0.612039949492
9.68777022238	0.890066111735
9.6361962871	1.06219400704
9.62207733314	1.1936769599
9.4590275436	1.4542458629
6.05078747663	8.88661334867
5.95382644821	9.10602913952
5.85505614323	9.23925630996
5.61689215759	9.40370274968
5.51095041323	9.48899560826
5.28626540207	9.60547534306
5.05311076112	9.7492509596
4.83149224445	9.87350823743
4.75804897223	9.90469863107
4.65250832794	9.93571316966
4.4677353137	9.98783954022
4.36284788501	10.0207691507
4.15805021775	10.0337196396
3.97259676001	10.0308264231
3.85863006488	10.026808562
3.73669585665	10.0411126828
3.60405796811	10.0461407941
3.3479895985	10.1436924384
3.22770439758	10.1860307847
2.96555923652	10.3002090797
2.86607585809	10.3432662656
2.81348625139	10.367066235
2.67009041359	10.430764168
2.40341110943	10.5387606933
2.09900901329	10.6930828991
18.733346925	-5.1955154963
18.7720636306	-5.32972558099
18.9425518846	-5.61340213383
19.0485804523	-5.851615356
19.1122747069	-6.02967496756
19.1429729299	-6.12387788615
19.1999610233	-6.20753830672
19.2850917025	-6.36775825338
19.3510161547	-6.46766482978
19.4981015235	-6.7665632529
8.39348626122	-0.899850787161
8.49076817296	-0.89331775547
8.64369164552	-0.861026766337
8.86976461732	-0.7941270117
9.07926105577	-0.761954728282
9.2667462088	-0.705409742038
9.36125936088	-0.384083476144
13.1222645567	-8.39657074716
12.9334279568	-8.26125554131
12.8258644736	-8.08691814784
12.8398715657	-7.86804152069
12.9149997026	-7.64670718219
12.9184381366	-7.53263694223
12.9552605002	-7.37645891315
13.063808663	-7.01339159467
13.0856980464	-6.84101920011
13.0760542632	-6.63875229965
13.0768317245	-6.4694992422
13.073598254	-6.32939367914
13.0603508843	-6.19148819901
13.0022174894	-5.8595914897
12.9325887711	-5.63979804007
12.8495048403	-5.47660564599
12.7771714627	-5.3619233947
12.666413202	-5.17802305766
12.6364537739	-5.1298387609
12.5406008692	-4.90051589364
12.4407998809	-4.6781823769
12.3650690638	-4.44824293188
12.3214046284	-4.28306821357
12.3025017255	-4.09994073197
12.2884907046	-3.89951616649
12.2937024401	-3.7516931439
12.3526424505	-3.59646219539
12.3821392699	-3.52484685451
12.4534913778	-3.46313681647
12.51960301	-3.37473391413
12.6868424698	-3.33088974827
12.8875707389	-3.30730963981
13.0448707536	-3.34034781445
13.0631739805	-3.34632245794
13.2377492984	-3.40899601441
13.3577747512	-3.49697094847
13.4167265802	-3.54043875846
13.5208864954	-3.63408035231
13.6439402703	-3.76848502848
13.7888165434	-3.87913844219
13.9895409135	-4.02499323163
14.1555379373	-4.07696258447
14.3064365039	-4.1971742905
14.5310558412	-4.26056113069
14.6944801011	-4.22451993609
14.9214715953	-4.16116703809
15.1037967848	-4.11037297359
15.3067328727	-3.99552252361
15.4017100577	-3.94294341017
15.5031399814	-3.89361376581
15.652791874	-3.78708622708
15.9103606097	-3.62773101114
9.9424495595	-5.76812203172
9.8421872059	-5.7919857854
2.09898307522	10.6931037871
2.13836371788	10.8539377518
2.29248948353	11.0579574513
2.55352816963	11.2506740902
2.67824871823	11.3838225353
2.78234550789	11.4888178452
2.81845375071	11.5126290824
2.95015318428	11.6420771414
3.11433685717	11.7834317598
3.35963779083	11.9143839865
3.50215708503	11.9738075685
3.63993149126	12.0360915523
3.81969102634	12.116652682
3.96369503266	12.1748291837
4.10088734635	12.2244907328
4.36504309041	12.309964257
4.46959974528	12.3390177893
4.57832301789	12.3548163631
4.7955221807	12.4069303358
5.03835620379	12.4582918802
5.27169766429	12.5107159459
5.59777674985	12.5569219001
5.82853929385	12.5825117927
6.20822814298	12.6164930432
6.51283504909	12.6306834889
6.87717148685	12.6297618262
7.33844741753	12.6126404161
7.58825807623	12.5735146847
7.89201945924	12.5246758004
8.13210583421	12.4988022258
8.5195891477	12.3955508457
9.69688742809	-6.03620412311
9.64026778995	-6.2687544351
9.52420700591	-6.59326824408
9.4873391728	-6.77749304428
9.42464392411	-6.94272133032
9.32431668284	-7.01405168048
8.98381740274	-7.16689784273
8.62844013932	-7.34258227724
8.46991517371	-7.38562645071
8.24323326225	-7.44789684365
8.12690938537	-7.46058905506
7.96757316074	-7.5001516699
7.77364434862	-7.61291543984
7.6017582769	-7.6940441754
7.41672282061	-7.78405604975
7.25538546696	-7.86578645472
7.11309566599	-7.98490118314
7.0395688035	-8.03793807278
6.96432493172	-8.11465209899
6.91418026011	-8.17712897397
6.86833844784	-8.26819291562
6.82839438957	-8.54053939265
4.70521271867	4.86205632039
4.70143262961	4.91694248056
4.69220550613	5.03095276083
4.68231034579	5.15746330988
4.65804479251	5.30813303883
4.57664972586	5.73055202856
4.55396090849	5.88018838551
4.50671010688	6.11809777493
4.41914518535	6.28937662655
4.38558143203	6.42873137933
4.32578561079	6.61442616403
4.28446542027	6.69379439165
4.25168196953	6.97037879735
11.889479099	-10.8677434456
11.8865244575	-10.8487028491
11.8761571102	-10.7575734611
11.8527213815	-10.6945586329
11.8645109116	-10.5727426717
11.9563087654	-10.2446268735
12.0599850869	-9.90854370655
12.113717533	-9.70062429586
12.1106891786	-9.525620564
11.9926038974	-9.21231428038
5.95144160717	-5.33176448085
5.99083466972	-5.13950473102
6.03556560018	-4.99552112409
6.09328875116	-4.87462389693
6.26040046582	-4.74139285677
6.36641759914	-4.58041248561
6.38936810129	-4.56374843783
6.53102603176	-4.45924219491
6.71834321376	-4.34084557796
6.87550072695	-4.20498401141
7.02798368912	-4.05931216897
7.26105921914	-3.85544205438
7.40558213206	-3.77151651874
7.67429730426	-3.66398932417
7.83230046545	-3.61139073825
8.02576536751	-3.54120622117
8.16394615039	-3.50945954484
8.357933144	-3.44777533139
8.54020524187	-3.44062396902
8.63604519239	-3.42617069144
8.75150647176	-3.40860431371
8.89557555717	-3.34107979411
9.11044805252	-3.28183859973
9.47327092668	-3.19002758033
9.81429542246	-3.06744003299
10.122391475	-3.04237188353
-3.48860880631	13.2380645163
-3.84849478382	13.2156173247
-4.28922742792	13.2478166409
-4.59713342065	13.2566678447
-4.8140358464	13.2584504238
-5.10535278652	13.2711208248
-5.28858597326	13.2832474729
-5.53360417778	13.2418365257
-5.8332205491	13.2051284537
-6.05247463825	13.1716018541
-6.42701350855	13.1420554056
1.87411475811	-2.28941527959
1.7670414996	-2.72518983148
1.76077767141	-2.8372220136
1.75291342333	-2.91471754813
1.77253666746	-3.17099536194
1.8236098854	-3.31401210523
1.91274513277	-3.50766913071
2.02271937851	-3.70029665068
2.08377433119	-3.81928731201
2.17512516821	-3.96293727157
2.26084970679	-4.114298819
2.3659821102	-4.22956808679
2.46082633757	-4.35051494812
2.59613865199	-4.52193781055
2.84275176346	-4.71477820717
2.8548641144	-4.72339945072
2.99925655156	-4.81196097237
3.24000134312	-4.91297424812
3.49165855228	-4.9888393633
3.71885764514	-5.03757592254
3.826650226	-5.05939114531
3.93702487133	-5.08666373715
4.17598562155	-5.14909920366
4.39634493044	-5.15117559697
4.64903480489	-5.18985863436
4.81184550064	-5.20702749074
4.98261384652	-5.23632916494
5.12669648397	-5.24123429636
5.26889487765	-5.23783936694
5.39412824988	-5.21158140075
5.5514548545	-5.21466998063
5.95144797615	-5.33172280143
4.93403856603	-14.0531371572
4.94314580222	-14.0457486354
5.00229329243	-14.0023268972
5.14820243242	-13.9028624745
5.25084008114	-13.8297505316
5.3287626926	-13.7727684685
5.40269220468	-13.7163415769
5.55667806495	-13.6081157028
5.64171421318	-13.5437207498
5.73312497014	-13.4730786737
5.86397620503	-13.342012171
6.02291414938	-13.1991227265
6.16339411635	-13.067751479
6.24140680187	-12.9750780952
6.43980346768	-12.7696639486
6.43959746859	-12.7695039674
6.54687374319	-12.6919963215
6.67198489005	-12.5963835651
6.84728230393	-12.479382444
7.07458358948	-12.3041793705
7.21428368676	-12.2601205562
7.29201499335	-12.2295505535
7.43251845403	-12.1892991487
7.80744824596	-12.0027969622
8.28745206415	-11.9038923155
-0.265574261742	-16.333959968
-0.297692346192	-16.3308052305
-0.361641737834	-16.3231484364
-0.416400449234	-16.3166179728
-0.486318833377	-16.3050713192
-0.563888831484	-16.2912340271
-0.688312813216	-16.2678484964
-0.75056308961	-16.255837255
-0.811818214909	-16.2398349355
-0.938173510157	-16.219351639
-1.01261382017	-16.2133338786
-1.1006925941	-16.1968811246
-1.21361875847	-16.1795012411
-1.33190228339	-16.1788162618
-1.3884250378	-16.1689442184
-1.46592425476	-16.1556796744
-1.55517717966	-16.1467482005
-1.70547190257	-16.1114446307
-1.80565752978	-16.0897723183
-1.91652021805	-16.0693625062
-1.97690222837	-16.053064696
-2.60174830821	4.70651833612
-2.76605029064	4.86128915206
-2.95523940075	5.02913494364
-3.17774166164	5.12789740319
-3.39972822295	5.25431614213
-3.52019100973	5.31706855519
-3.61001405766	5.36345296218
-3.69916700155	5.40882746767
-3.84468666431	5.4532909725
-4.03180922861	5.54836226021
-4.24798783857	5.6676250315
-4.45119024838	5.7262593913
-4.57169047844	5.7901495691
-4.77650459594	5.77852785877
-5.08439588874	5.87805106613
-5.20398911401	5.9294252522
-5.36557658986	5.9795073346
-5.60056469332	6.0772017275
-5.99529482216	6.26362391449
-16.6520712129	10.4339649436
-16.6594864305	10.4184155659
-16.6893657916	10.3579194189
-16.7172827136	10.3009446053
-16.7829942026	10.1662471943
-16.7900013629	10.1512371566
-16.9396106883	9.98716624208
-17.0309384437	9.83016642549
-17.0861970603	9.73261190073
-17.1762881221	9.47444426286
-17.2099632797	9.38740657291
-17.2776227117	9.22503866447
-17.3271727941	9.07572601448
-17.2630641234	8.87143198388
-4.8379192895	6.74264342262
-4.83793526123	6.74286668859
-4.83794723736	6.74286065661
-8.92760019277	11.7576781708
-8.6771713656	11.6064631679
-8.51710211876	11.6667828686
-8.36124353194	11.7489263906
-8.26894254426	11.8053659241
-8.22536520668	11.828865169
-7.82313458753	11.8913954693
-6.83135082998	6.87502394294
-6.69869761512	7.10925496721
-6.6695434375	7.19386435877
-6.53865484346	7.25524045134
-0.562163157305	-4.99580859752
-0.849202558772	-4.60645597902
-0.93408058038	-4.50517867018
-1.08836094263	-4.18112884848
-1.17408719501	-3.98978875982
-1.23733987241	-3.81680993526
-1.31362371386	-3.67881435651
-1.40653685911	-3.38102332407
-1.49978846673	-3.08923539272
-1.57228087015	-2.8125259679
-1.61461802326	-2.62933810737
-1.72607182059	-2.20714892963
1.76551765581	-12.7246944216
1.9579679225	-12.6219144878
2.15208183557	-12.5935513694
2.29976341254	-12.5544977832
2.4618109534	-12.5442111216
2.57193575013	-12.5109922941
2.68797422168	-12.4463196994
2.89856732073	-12.3500583162
3.11361388361	-12.1525236743
3.30858914667	-11.9612649206
3.37878462069	-11.8741907479
3.410211472	-11.7236672805
-8.04879213411	7.05404818855
-8.26325143193	6.73129818101
-8.32025222454	6.56288625436
-8.49910769253	6.3620451373
-8.5609284157	6.25040185299
-8.63130834385	6.1328698788
-8.71024378081	5.91237055037
-8.78449553915	5.7316150058
-8.86668863818	5.47823097749
-8.91592352066	5.33579446422
-8.96181161111	5.14924185158
-8.99257884659	4.98183507343
-9.02508935059	4.79569636048
-9.05486131544	4.46029930484
-9.1403001143	3.97291321512
-9.15617124679	3.78402359097
-9.16943768341	3.46497922717
-9.19847969322	3.29329863531
-9.21108911232	3.07903327369
-9.18148382274	2.95896147113
-9.14093595175	2.82876689445
-9.07986268889	2.64371235295
-8.94146541202	2.41805341377
-8.69758787601	2.14115208717
-8.62957340105	2.03845057453
-8.5096681604	1.8829528052
-8.38895636559	1.67936117433
-8.19519358301	1.42980515759
-8.06356135869	1.24399938716
-7.95192694902	1.1082095204
-7.87221483498	0.982984688467
-7.8119315131	0.883681189796
-7.67039637723	0.674962260799
-7.64241239582	0.599050329411
-7.47892544154	0.252109498551
-10.7835464528	8.54683551862
-10.8399964705	8.5662928499
-10.9627917689	8.59705804398
-11.0554550684	8.62690630776
-11.2116089231	8.67321436046
-11.3658184816	8.71036614474
-11.6066648937	8.75125405814
-11.7992084251	8.7633939161
-11.9585926759	8.76723315516
-12.275920061	8.75515953536
-12.4854574276	8.7207581351
-12.7466484694	8.66119163045
-13.1025573054	8.60160712401
-13.3881112835	8.48815515478
-13.7566165828	8.43199842553
-14.0151777968	8.27167883371
-14.1226186443	8.19837949535
-14.247289223	8.11628602116
-14.4852219667	8.03470137701
-4.80910181813	0.412504743279
-4.49827615977	0.858278046356
-14.4852965684	8.03481004066
-14.5098994733	8.2253514548
-14.607907882	8.43017366016
-14.7985552854	8.55234185135
-14.8273852646	8.63790216492
-15.0454143689	8.71072339765
-15.2830958048	8.78561462594
-15.4763666869	8.85190754672
-15.6789813397	8.85279449391
-15.7962790024	8.86372268765
-15.9412874393	8.85893759072
-16.0788115262	8.85952750785
-16.1882762352	8.87431460559
-16.4030163802	8.86366593822
-16.6042494838	8.85411165499
-16.733247777	8.83096247829
-16.8444720015	8.83791902722
-17.026916921	8.85521823563
-17.2617365781	8.87000703858
-7.47890842534	0.252118793792
-7.1370151518	0.082907316847
-6.8968937326	0.0623986203131
-6.6860141298	0.107573328069
-6.52193707669	0.137900065454
-6.26886627158	0.224851441354
-5.91107739287	0.2960956988
-5.66950968309	0.310962303549
-5.30568703405	0.348922587518
-5.05807380281	0.340326283362
-4.80953678036	0.412283555162
-7.81839905088	-1.00406449408
-7.66379566968	-0.766000139247
-7.58808242337	-0.567349251181
-7.55804683017	-0.522975147043
-7.45675109965	-0.319468113125
-7.47887384889	0.252101096844
-5.66769941926	-12.8686706781
-5.82188462441	-13.3096364368
-5.84461188425	-13.510921836
-5.86385466099	-13.6051032405
-5.67138918639	-13.8524898293
-5.49680216968	-13.9879851086
-5.39304957939	-14.0548191833
-5.25095096345	-14.1430882555
-5.07010314778	-14.2854101924
-4.90660250607	-14.3535454503
-4.84165752073	-14.382458807
-4.73705338272	-14.4245397184
-4.64547226175	-14.4408499568
-4.4949753898	-14.5073266821
-4.34567930165	-14.5698908394
-4.17849070538	-14.6497109005
-4.03814381021	-14.7028830789
-3.82112086274	-14.797248063
-3.6324926311	-14.8509582481
-3.364090653	-14.9338092535
-3.1264023987	-14.9807681936
-3.04166140161	-14.9976945175
-2.92415487467	-15.0186165329
-2.68418365927	-15.0529156546
-2.3698878671	-15.0439705571
-2.24252041178	-15.0353092467
-2.16895017113	-15.0374695103
-2.04231044858	-15.0365025738
-1.84052480979	-15.011268663
-1.58734667564	-14.9755600682
-1.41173385122	-14.9713550814
-1.10623241511	-14.9694760467
-0.885579281901	-14.9854908268
-0.674155716258	-14.9955564053
-0.520937869473	-15.0071928925
-0.265787905588	-15.010865134
-0.148770117265	-15.011543162
-0.00115679785255	-15.0059097463
0.132085668263	-15.007414326
0.219694715725	-14.9976312089
0.341272293333	-14.9775500628
0.479222562436	-14.9418251693
0.575688871734	-14.9022141349
0.716348951188	-14.8417267249
0.822897172157	-14.7766753192
0.845431247748	-14.7412331001
0.956478993889	-14.6949137074
1.02264824707	-14.6523458788
1.26714735752	-14.5026566991
1.30711591566	-14.4663356804
1.38469487539	-14.3954940533
1.49581810252	-14.2461622639
1.72798542516	-14.1051345476
1.83231901924	-13.9473350537
1.86676951732	-13.8749101565
1.88571954859	-13.7623978661
1.93034527621	-13.637869769
1.94181593618	-13.3619687436
1.91779254291	-13.2456448232
1.87940020892	-13.1142599128
1.81769583251	-12.9795662646
1.76538330034	-12.7246868421
-6.46865623	-12.8499759146
-6.12736358591	-12.8965571061
-5.94050378483	-12.8749297549
-5.66821408596	-12.8680051077
-13.2602752938	-12.4499975847
-13.2944523473	-12.4064242678
-13.3188005806	-12.3685969062
-13.3462751392	-12.3319868422
-13.4148315667	-12.2783045958
-13.481210005	-12.2265113178
-13.588940468	-12.1384365211
-13.6536690869	-12.071852029
-13.7418039815	-11.9709478039
-13.8410625086	-11.872186226
-13.9817519557	-11.6770418686
-14.0358015247	-11.5910430638
-14.0818745775	-11.5235386917
-14.1323939447	-11.4510126295
-14.1592974529	-11.3845700021
-14.1833943781	-11.3264281917
-14.2293152911	-11.2158491959
-14.3071337965	-10.9756371806
-14.3185250099	-10.8046549634
-14.3193676613	-10.7278843669
-14.2950511494	-10.5981787857
-14.2551257492	-10.5360638119
-14.2120778257	-10.4783737547
-13.9443843586	-10.3310050801
-13.7197829481	-10.1966806772
-13.5516249819	-10.1118104376
-13.5011991113	-10.0082554504
-12.1238443677	1.51007410646
-11.8100556045	1.60100072945
-11.6097079722	1.57965338936
-11.4413634021	1.5997801416
-11.2912312409	1.58746440935
-11.1303715187	1.57302354654
-10.9589222621	1.53594878486
-10.7720420407	1.54648121768
-10.5766795196	1.48614322209
-10.4785840079	1.41041766378
-9.93388765334	-10.170826527
-10.1532305347	-10.3947205361
-10.2864385944	-10.5143191261
-10.4105558016	-10.6104967378
-10.4516495885	-10.6576052894
-10.5042769295	-10.7548268799
-10.646700043	-10.9536320083
-10.8727285121	-11.0202572599
-11.0166367791	-11.0572186787
-11.2226866325	-11.0527976741
-11.3428265302	-11.0641469184
-11.5173555768	-11.1287864807
-11.6127656825	-11.2410064601
-13.024472209	-0.0199585852394
-13.0523014536	-0.216643916655
-13.0549097846	-0.260513051803
-13.0672016453	-0.40653642711
-13.1078152927	-0.667725465044
-13.2089854888	-0.905065794083
-19.2397776105	2.27533047749
-19.3201475262	1.99001095896
-19.3058585372	1.88612940126
-19.2991339718	1.66954641844
-19.3192164508	1.44254214374
-19.3314828495	1.24593472007
-19.3790931889	0.831826991665
-19.3828266542	0.643824449076
-19.3873148131	0.51739553823
-19.3966213244	0.344153392656
-19.4071194051	0.238231682164
-19.3537312133	0.00616395548446
-19.400143353	-0.141213719071
-19.4298599517	-0.394628614893
-19.4084754044	-0.62551190533
-19.3953392321	-0.784267729956
-19.3653982727	-1.05219013267
-17.5309652472	-2.94922123189
-17.5413599475	-2.95957719052
-17.5889554904	-3.0001062473
-17.7112631203	-3.07009890375
-17.791717334	-3.12475363022
-18.0693994297	-3.33026473289
-18.2977694909	-3.40809512832
18.8346369738	-7.78941994725
18.8610429584	-7.75036870345
18.9358336192	-7.66640562147
19.0307629294	-7.52240766145
19.0738291425	-7.45115282737
19.1278938393	-7.36540429709
19.2031453099	-7.24254399661
19.2670747988	-7.12370246224
19.3792846636	-6.91887070067
19.4981015542	-6.76656325831
3.0731572425	-0.0720348614926
3.16899278934	-0.222364546928
3.21985258483	-0.268988942057
3.39739862346	-0.435641463848
-14.6811730473	7.69828008661
-14.3064120121	7.57650083605
-14.2412574592	7.45741395457
-14.2514682355	7.25947825973
-14.2815252232	7.0029011373
-14.2964837438	6.83285070874
-14.3055289427	6.66389449609
-14.3083988628	6.54041907589
-14.316271714	6.35971641243
-14.323302615	6.14608226717
-14.3771438424	5.84052023892
-14.3854339567	5.60661655562
-14.424909651	5.3915209746
-14.4734328065	5.1105917386
-14.5018050331	4.90173125477
-14.5256280658	4.77694508578
-14.5678115688	4.55993030516
-14.6077741901	4.34409591524
-14.6226644915	4.2078141449
-14.6534835886	4.00596063935
-14.6851907386	3.72936617261
-14.6812551995	3.58101230682
-14.6618134775	3.37673608437
-14.6248238449	3.11543376125
-14.5954387565	2.92561703189
-14.5595810167	2.72582916262
-14.499052321	2.36394181669
-14.4544562521	2.11413287267
-14.446197297	2.08425383189
-14.3912072617	1.95445929731
-14.3263792188	1.80028165654
-14.275431335	1.64215566508
-14.193225908	1.47218422105
-14.0717990124	1.26545909774
-13.9883737028	1.1631443427
-13.8650868712	0.992423327946
-13.7694469631	0.875935242133
-13.7228888658	0.757217092825
-13.6236782711	0.679525182533
-13.5677972409	0.638615526609
-13.4891594548	0.585625717344
-13.2181330938	0.400893495158
-13.0251097915	-0.0199521636694
-13.3145271546	4.68995392004
-13.0749481099	4.80341755451
-12.9722961573	4.85356703396
-12.833060573	4.89602790677
-12.6471374388	4.89872311486
-12.4469898308	4.81569662667
0.499587393528	16.084114455
0.437023565555	16.0645508483
0.342029040961	16.043770392
0.27606246485	16.0290353157
0.203809661661	16.0102427705
0.157118941399	15.998885725
0.0576296483904	15.9740319551
-0.0763820495076	15.9451655898
-0.14346693534	15.9313909804
-0.223927191719	15.9156192057
-0.307623794887	15.9002536739
-0.396563972222	15.8857934516
-0.492279663412	15.8701525575
-0.626582431776	15.8480771099
-0.69902623063	15.8403391376
-0.745713398827	15.8363818902
-0.767741966369	15.8348790382
-0.836578149311	15.8290256052
-0.857911729997	15.8277558017
17.2434724721	3.71201225503
17.3275288301	3.67624346139
17.3864001774	3.65744895605
17.5459485184	3.5637553758
19.4913464012	4.57282458679
19.2894085698	4.92389945011
19.2265825022	5.05353991793
19.0446500495	5.32899494558
18.9374839275	5.48137912794
18.8915733837	5.57731939725
18.7596081653	5.76654646241
18.6093562942	6.07056316335
18.4606416526	6.30753936064
18.3573495236	6.46898445698
18.191793004	6.68356289066
18.0622266839	6.70742443132
19.6001817877	1.88350803163
19.623208467	2.20401560584
19.6702821646	2.35373319892
19.6746845023	2.44869673814
19.6742364805	2.63693081128
19.680781666	2.82175962687
19.678246999	3.0070100759
19.6718140576	3.16852639754
19.6878377176	3.47110256142
19.6930902282	3.6287711536
19.631709696	3.85323395957
19.6266270348	3.95005317755
19.4912442972	4.57282668137
9.00149733306	1.04799064853
9.23821738314	1.39160786319
9.45906822368	1.45418451955
20.4591661671	-4.91141057514
20.4714092594	-5.10134817511
20.4402418713	-5.35032636466
20.3044870424	-5.61331128715
20.2422934371	-5.65538614997
20.1746209954	-5.75438915001
20.1689402591	-5.83222970691
20.1304420045	-5.93807268016
20.0717875903	-6.03763695488
19.993370136	-6.152381014
19.9033098502	-6.32362178701
19.7696415855	-6.50085536385
19.6762863558	-6.6397025244
19.4981012343	-6.76656318302
4.25178843778	6.97022981418
4.42611430496	7.13372591034
4.48221217803	7.2271594309
4.62637898673	7.32951574989
4.73929917954	7.41783220182
4.90370175729	7.54354964934
5.01993553672	7.65245713964
5.10635755498	7.73721086355
5.25754920041	7.83282686488
5.30642793112	7.9457889345
5.37267771276	8.09195909558
5.47780241145	8.1178491873
5.49726765459	8.21900773243
5.5927392127	8.38729275092
5.79057489166	8.56214520969
5.81775304563	8.59992109427
5.92831169678	8.71359825718
6.05167874051	8.88622851175
-1.72613929842	-2.20724280686
-1.46258486174	-2.23746148783
-1.07617814423	-2.36563934035
-0.948750879596	-2.43001700877
-0.717217048461	-2.58435304505
-0.494912543008	-2.67739416331
-0.156902956074	-2.84040744046
0.0253343986419	-3.06021586042
0.161531944633	-3.27108865667
0.198219011098	-3.36880586538
0.257011823807	-3.50340658722
0.219250036889	-3.91322951597
0.224340601237	-4.25066003596
0.216911410349	-4.50249346121
-17.8509305219	5.54943529619
-18.0953770691	5.64478835463
-18.3805419946	5.72272587738
-18.5616460697	5.73873739493
-18.6800365074	5.7994436016
-18.9950565726	6.01179949717
-19.3654096642	-1.05221779958
-19.2451554699	-1.01872118373
-18.9227062926	-1.08511288324
-18.7481871344	-1.11441639191
-18.4180305628	-1.20747301549
-18.3446012934	-1.23550617112
-18.170542229	-1.25101188548
-18.0143621145	-1.29172077322
-17.8147632879	-1.30663132813
-17.6642537519	-1.29858789151
-17.511540751	-1.2459416351
-17.3299944852	-1.18415284119
-17.21132692	-1.11085918649
-16.9860834688	-0.954563831778
17.5460016288	3.56355745295
17.6642093421	3.66852211404
17.7677539996	3.71698429942
17.8646696781	3.7781791849
17.9545774602	3.87235883641
18.0860522963	3.95437336539
18.1406801636	4.01476238326
18.2319464171	4.04814227157
18.3748053052	4.08752665748
18.5688773521	4.15459628052
18.6781434195	4.18579966083
18.8348673834	4.21821378455
18.9682207587	4.25477121457
19.0313428041	4.27169891724
19.1773979132	4.29233013676
19.3246090236	4.30070408735
19.4402533228	4.28909159941
19.4912855154	4.57284767487
8.51961550271	12.3955749058
8.80202960332	12.4473079821
8.93095504066	12.4999861843
9.11263840382	12.5244270032
9.29687658626	12.5222910668
9.50267858213	12.509095336
9.73664086866	12.4845387148
9.97792276295	12.4448644354
10.2989595931	12.3864766172
10.5852090097	12.3166937522
11.1097346072	12.1417068203
11.4489113131	12.0083203677
12.8724069165	11.3906341899
13.4741710983	11.075282682
13.8377020775	10.8536751569
13.95157709	10.7832415255
14.1053357729	10.6830197967
14.2660013197	10.5705599831
14.5579042408	10.3473556176
14.8265594294	10.1152118112
14.9326144242	10.0526941536
15.1111583755	9.8852347231
15.2166691151	9.76348569487
15.3902900617	9.56741572598
15.6418251951	9.21186606889
15.8029579816	8.99537027455
15.821642048	8.88582106986
15.7359921672	8.84356486931
8.43136649136	-9.71226379511
8.27755235461	-9.65451784231
8.18435144463	-9.60377036808
8.08746307964	-9.58215188291
8.01477648642	-9.53423008211
7.74639477287	-9.45318678555
7.56871884841	-9.34796155601
7.483596219	-9.22557116391
7.3825581986	-9.17446448132
7.25764615102	-9.02334610473
7.10918698334	-8.93231508237
7.02845872632	-8.85288808164
6.93408013135	-8.75204096621
6.82839439077	-8.54053939172
0.217097756768	-4.50258915262
0.435776527496	-4.72636921686
0.534524497457	-4.80888468634
0.724997685666	-4.86787136207
0.93283764603	-5.00016786773
1.08873786778	-5.03256072772
1.37408708575	-5.16714865751
1.50309663466	-5.33293993968
1.53714798076	-5.38267950231
1.65764585665	-5.62617204771
1.66529705625	-5.82973370911
1.65386887144	-5.90397205327
1.62597271195	-6.0304439317
1.55106910933	-6.2863906584
1.46988000691	-6.51879777647
1.37136428235	-6.68767327942
1.3407935022	-6.82559749235
1.2190318012	-7.0373462633
1.13710400059	-7.18065434407
1.08649880631	-7.32211296582
0.966358260481	-7.56122978776
0.912096553	-7.68353264583
0.878372459921	-7.76027944918
0.753179776993	-7.98970322467
0.664776955741	-8.14170728068
0.479786701775	-8.36262695838
-4.49828483092	0.858319752323
-4.73333493211	0.888477695203
-4.91711465022	1.09288663155
-5.10171553057	1.30375738892
-5.1241576004	1.34396292203
-5.21671924458	1.48651511795
-5.32165669614	1.66584960401
-5.38407762966	1.79381676669
-5.52781862066	2.08036113675
-5.65676675775	2.35044211028
-5.74486152227	2.49885459768
-5.88443430175	2.86266426821
-5.94520570137	3.02945558861
-6.000902151	3.2851656416
-6.09534977134	3.69342107059
-6.14130597719	3.98048795727
-6.14995488432	4.11200202109
-6.18447854886	4.34255550277
-6.19661267751	4.57839777389
-6.19948408727	4.79830344307
-6.18666996057	4.93624459444
-6.19428687738	5.12315663372
-6.16086876375	5.23208610795
-6.18142893222	5.43687003204
-6.14401314316	5.5644961736
-6.13423362195	5.73703962762
-6.09042168468	5.85980087911
-5.99521665383	6.26606577496
-12.446988027	4.81568956243
-12.3943176989	5.03470495307
-12.3355885883	5.25110327637
-12.2868979106	5.41330370362
-12.253686854	5.48508171666
-12.2125776632	5.59061379532
-12.1195698604	5.71569570695
-12.0447074536	5.84572765463
-11.9140048313	6.07770712928
-11.7972861221	6.25441964427
-11.7142279854	6.37871987749
-11.5981816046	6.45085826903
-11.4627206042	6.60147614086
-11.2890226187	6.77680378621
-11.1612744802	6.89142370567
-11.1037959027	6.9383800991
-10.9436786005	7.00822422536
-10.6504163407	7.21771527811
-10.485465158	7.32734299067
-10.3802582996	7.42538069083
-10.172435402	7.53857991397
-9.88122439833	7.62175439956
-9.79003541159	7.63409771034
-9.61845608691	7.63699127223
-9.49581426936	7.62750852495
-9.39772683666	7.61215692041
-9.203011254	7.55473765186
-8.880577222	7.49162850185
-8.6782801436	7.39614363054
-8.38620958178	7.26606753974
-8.29068606785	7.20535480756
-8.04876320489	7.05404918188
-20.0331628077	4.20107582145
-20.1781229881	4.16699689996
-20.3133569974	4.10473693854
-20.4914405349	3.98302419773
-20.6207614312	3.85369870913
-20.6620911086	3.77730317235
-20.7284121836	3.68305680348
-20.8493036265	3.50048795788
-20.8888540588	3.42765556606
-20.9278075265	3.35323412944
-20.989520891	3.23195720703
-21.0661850847	3.06968348766
-21.1997584345	2.74299962457
-21.2682211716	2.5501985468
-21.3981819366	2.22799181852
-21.4256535747	2.09401421968
-21.4564226037	1.90254222758
-21.4837236015	1.71729839748
-21.5161794349	1.46772959177
-21.5595928147	1.19054708665
-21.5672560022	1.056257794
-21.569722767	0.944768746428
-21.5728409019	0.862524032708
-21.5730293971	0.75064737275
-21.5758205235	0.494199146139
-21.5511969726	0.0698862767818
-21.5061815757	-0.389605925187
-21.4391391709	-0.834797067423
-21.354503561	-1.2613846817
-21.2105257822	-1.84885379797
-21.1522929874	-2.0491989552
-21.044299149	-2.38255115413
-20.9747720044	-2.57112080489
-20.8941801884	-2.77606854453
-20.7872523788	-3.01637425002
-20.5302244433	-3.5998903097
-20.1899997011	-4.17746150347
-19.9098819221	-4.58363747212
-19.604161077	-4.94005674085
-19.4261273956	-5.19077126137
-19.155495876	-5.46490363084
-18.9709094852	-5.63530112944
-18.8235358406	-5.7465877176
-18.6151464773	-5.90094440478
-18.5021893625	-6.01981801782
-18.3379950261	-6.08889214191
-18.1731047391	-6.16174545292
-17.9913614492	-6.22255480745
-17.8073717143	-6.2236684161
-17.5818461184	-6.21786249558
-17.4392225362	-6.26536967306
-18.325978269	3.30941411123
-18.3045542107	3.52054819044
-18.2848527894	3.58837363054
-18.2560276938	3.76520082807
-18.1573060105	3.98866190548
-18.1021126234	4.25897291366
-18.1145769365	4.64687265302
-18.1098445626	4.66976488298
-18.0625624394	4.84782171637
-18.0409164072	4.91870494548
-17.99350654	5.15215424489
-17.850958363	5.54945363597
-11.9121771963	-7.50553870099
-11.6268262309	-7.42548743076
-11.5265105656	-7.39614988029
-11.1491766108	-7.29068950024
-10.9303261807	-7.1738913903
-10.7853039844	-7.10024552077
-10.5634783157	-6.97522942308
-10.3702717444	-6.83635310197
-10.2353241275	-6.75413109562
-10.091556007	-6.69267068081
-9.98955034301	-6.669940332
-9.94247245729	-6.51193843113
-9.79770135387	-6.36657722325
-9.5887381715	-6.15765094904
-16.982122451	-0.9578432224
-16.7750458978	-1.09095252269
-16.6636160786	-1.14159664746
-16.5416966265	-1.21916644315
-16.4440347901	-1.24793331607
-16.3029737953	-1.33349083923
-16.1444052002	-1.39663110763
-15.9699043058	-1.47597350896
-15.7242313934	-1.50445610099
-15.5910839695	-1.56194774265
-15.4449965406	-1.60934584905
-15.2427055865	-1.64828148171
-15.0341365896	-1.68908656219
-14.9466554916	-1.69803346641
-14.858824583	-1.70337644868
-14.6064627534	-1.70662431359
-14.4841144889	-1.70923537783
-14.4077542205	-1.67921964298
-14.3100531895	-1.6542164473
-14.235704833	-1.61116064486
-14.0834141063	-1.49193965651
-13.761061094	-1.2973443317
-13.726488046	-1.270703749
-13.6413515741	-1.18843380931
-13.4588574975	-1.02038083145
-13.2089854885	-0.905065794158
8.28728649311	-11.9089248778
8.07638090425	-11.8367278326
8.15423688455	-11.643139224
8.15751807733	-11.4796516089
8.11862471474	-11.2482334326
8.09748340139	-11.1155721322
8.12153070688	-10.9057164613
8.16222584183	-10.7595626668
8.19287777305	-10.6759194865
8.20503857209	-10.5858654945
8.22745953999	-10.4657460558
8.25979798435	-10.3366692733
8.3395166473	-10.1604860771
8.3262863562	-9.95309595016
8.43133679988	-9.71254548266
7.45647260468	4.92504298876
7.28117739402	4.77759296886
7.17173005514	4.64670864597
6.95015508534	4.17942153299
6.96670663822	3.89746470201
6.95180473885	3.77557769411
6.88339163134	3.57893844193
6.82822995439	3.29552697211
6.80199406131	3.15704955646
6.81441284717	2.92991357013
6.85424558579	2.74754059642
6.9826322514	2.40868038235
7.07619358143	2.25195407668
7.21344417974	2.10723790508
7.33825183401	2.00069900993
7.52540435152	1.87766936251
7.83178276812	1.64134109667
7.96020759431	1.56833914642
8.06779110686	1.48180015588
8.21495660425	1.32001190176
8.37914889029	1.26242773128
8.40543512368	1.23861655335
8.51409971047	1.14150792309
8.75010502913	1.15308519517
9.00156080593	1.04810301614
6.42488582626	-8.40295172955
6.53241404283	-8.42546256732
6.6543279249	-8.48115777069
6.82839439323	-8.54053939311
13.2742483861	5.18867476447
13.0265580215	5.31912223474
12.8750144621	5.38638194776
12.7767706639	5.46223487197
12.6202370522	5.70552895161
12.4823387551	5.83664540712
12.3878266339	5.94717535028
12.3462350514	6.01376065278
12.2241030263	6.2005099486
12.1109582151	6.36195864309
12.1067096637	6.47722525915
12.0183685481	6.65581182154
11.967609321	6.70074968282
11.9126376862	6.84634132367
11.8750858637	6.93003282768
11.8719048487	6.93850226032
11.789079029	7.17698783748
11.760597537	7.42087753294
11.7126584181	7.70285528775
16.3973259939	-1.90840017154
16.5280167867	-1.65423361876
16.6259924893	-1.45569930393
16.7115230198	-1.3369187964
16.7693454708	-1.17798066976
16.8962268205	-0.889079865324
17.0794184234	-0.619863993783
17.1084812713	-0.503263939284
17.2565140683	-0.226706989736
17.3462041169	-0.045403727426
17.4204406391	0.117160739486
17.4632403233	0.205135063163
17.5505150002	0.355877604479
17.6410459801	0.563873375268
17.7937300581	0.837336596058
17.8380289892	0.94694389175
18.0147932522	1.22953177692
-13.2089854894	-0.905065793839
-12.978127728	-1.13601432709
-12.8926921879	-1.43584600437
-12.8817192332	-1.56581377226
-12.8706391381	-1.78924602497
-12.8585656659	-1.91726747527
-12.8123497925	-2.2840337016
-12.7820080549	-2.60420142002
-12.8926003418	-2.89419730835
-13.0459423827	-3.17235736702
-13.1039549717	-3.25593076495
-13.2206937132	-3.40002854818
-13.3355142023	-3.52608815918
-13.4634738945	-3.67366988875
-13.5618644612	-3.76015423217
-13.6604459286	-3.82703837054
-13.8435755189	-3.96321987453
-13.910836419	-3.98822263714
-13.9243987891	-3.98941774607
-14.0007049984	-4.01517942157
-14.1817622447	-4.06694478794
-14.5496842601	-4.19024036227
-14.6242705205	-4.20481926896
-14.6938483241	-4.22142284716
-14.7631779417	-4.22867039031
-14.8803282297	-4.27710596342
-15.0882872019	-4.4261873632
-15.2174722328	-4.50302253531
-15.3611119978	-4.61044628902
-15.4204361892	-4.66404062807
-15.5703415795	-4.94282022124
-15.6806729097	-5.23915705415
-15.7367665189	-5.42095708956
-15.8060138731	-5.64199031624
-15.927366641	-5.81670546988
-15.9912427755	-5.97076178793
-16.0439781814	-6.14276229093
-16.0744209106	-6.22466468304
-16.0881533788	-6.29160962347
-16.1476648041	-6.44572933988
-16.1927723906	-6.63190145582
-18.9950567337	6.01179953019
-18.9894214003	6.2887957672
-18.9052224619	6.42313036836
-18.8867327487	6.46490937105
-18.8483977514	6.53582626777
-18.7370872455	6.71463475858
-18.6621284128	6.8153768234
-18.6250306363	6.91376918408
-18.6077789087	6.94652277626
-18.4721847565	7.23320441779
-18.3398198328	7.50777265971
-18.2499141349	7.59367085056
-18.1521403238	7.77481278466
-18.0610181661	7.90887546245
-18.0276807608	7.99301376752
-17.808466714	8.29104412531
-17.7676846397	8.37546331373
-17.7250388442	8.43838250296
-17.6681745603	8.52694759052
-17.6003629293	8.61760520421
-17.470028496	8.76372609411
-17.2626731893	8.86976948567
-11.6127662466	-11.2410019108
-11.8981503368	-10.9888528546
-12.082705763	-10.8655146395
-12.1913172352	-10.8050669741
-12.3692652726	-10.7017303132
-12.5104981268	-10.5902092086
-12.5458558118	-10.5563300466
-12.622304703	-10.4814246404
-12.7727927199	-10.4414986506
-12.9897822533	-10.2830917938
-13.1066958915	-10.210112017
-13.2710143844	-10.1073356713
-13.5012392131	-10.0050806818
15.7360782602	8.84422288684
16.0091394233	8.61760614475
16.1890995483	8.45511680365
16.4039024054	8.2754332451
16.7026907932	8.02223140895
16.9498912024	7.8334261809
17.2127465452	7.57698728482
17.3224761278	7.48513973077
17.486726858	7.35203872129
17.5253899253	7.28221824943
17.5595233266	7.25352018612
17.7495867203	7.09224110851
17.8777573495	6.98305483643
18.0622576567	6.7074233634
-16.5771246126	-6.84190959775
-16.5304893437	-7.02568803481
-16.465500891	-7.23235592267
-16.3738969341	-7.38641543296
-16.1144884433	-7.65812681083
-16.0027115257	-7.78200820027
-15.7138206	-8.06848729521
-15.4680079794	-8.25074174246
-15.2493403897	-8.47594194768
-15.0644169873	-8.63422714929
-14.9355705451	-8.76173273964
-14.75891591	-8.92605417346
-14.4983941708	-9.12164751102
-14.3929419415	-9.19651906677
-14.2637871083	-9.28036376658
-14.2126026643	-9.31685032163
-14.0111322018	-9.45686927614
-13.7611831275	-9.66265401528
-13.5567237932	-9.89082823422
-13.5012392131	-10.0050806831
23.128282141	-2.55890006032
22.7624533408	-2.1722605535
22.6955385501	-2.08032222927
22.6114465307	-1.97054473888
22.5100640917	-1.89599173625
22.4136254575	-1.82231355479
22.2833553701	-1.72692419071
22.225887222	-1.63411484264
22.201741028	-1.57185156509
22.161861735	-1.53141160447
22.093643089	-1.47847271424
21.9548650539	-1.39019886463
21.8435098257	-1.332581928
21.6639572581	-1.15888471427
21.5544858736	-1.06983667906
21.3876471313	-0.96411826626
21.2172756389	-0.831080355098
21.1155759283	-0.751685330363
21.0238015517	-0.649987955553
20.947075973	-0.575275990163
20.8838168339	-0.513168308484
20.7730381371	-0.430087069278
20.6705889288	-0.315106341795
20.5510528532	-0.145596226623
20.4616389701	0.00733801145081
20.430269874	0.0899792928852
20.3647733697	0.213723209006
20.3254964971	0.392384371636
20.2585986658	0.526191372677
20.2308008641	0.626007063603
20.1844878889	0.782930602238
20.1320592067	0.873387522872
20.0893464877	1.05018883438
19.9817678353	1.14881633669
19.9252239792	1.29198576987
19.8359010542	1.43982812383
19.7687241535	1.52666516919
19.661464632	1.68328630617
19.599727793	1.88268774562
-16.1927723852	-6.6319017184
-15.9646899436	-6.77580279848
-15.6635030656	-6.79992852763
-15.6276918651	-6.86857812078
-15.4892969214	-6.8929131648
-15.3760729538	-6.87976515523
-15.1618052375	-6.86101471041
-14.9718712027	-6.849346439
-14.7680739523	-6.85131590694
-14.3875492969	-6.90034421462
-14.0003050012	-6.96881310793
-13.9622813252	-6.97745480615
-13.7779785498	-7.00249675231
-13.6921983923	-7.01253538258
-13.4163819531	-7.09135639968
-13.2707027655	-7.14214273078
-13.1148058487	-7.19760019702
-12.9467951911	-7.22808804768
-12.8027461451	-7.28302500867
-12.6633237113	-7.33577002749
-12.454675198	-7.39521274033
-12.199647909	-7.47600199217
-11.9122099761	-7.50550879413
-2.5233121267	-12.2022756679
-2.50870383575	-12.0108465903
-2.59150417145	-11.7270626385
-2.62489474999	-11.6167256613
-2.64118344796	-11.5563828882
-2.69643687495	-11.3662597138
-2.7348534	-11.1835887187
-2.82373002254	-10.7940955896
-2.87300928835	-10.6283487701
-2.89136343988	-10.3247022936
-2.90283595379	-10.1695117458
-2.91425477722	-10.0235047127
-2.90511101954	-9.81921820097
-2.91935544234	-9.64731981706
-2.91601474031	-9.49103965676
-2.91490941646	-9.30951526535
-2.89477690612	-9.00707741824
-2.87008225773	-8.80279188244
-2.85081735979	-8.34473232596
-2.87438184593	-8.24266418113
-2.86482527765	-8.09969829888
-2.85517776264	-7.90157963951
-2.79827253497	-7.56334766945
-2.77195434933	-7.27407682528
-2.7620494677	-6.9894317365
-2.74503533439	-6.73982792459
-2.74502692287	-6.61863199465
-2.74585706445	-6.51519131828
-2.74870531072	-6.37374745168
-2.75134642762	-6.32001962304
-2.76870324305	-6.09599496943
-2.77856303626	-6.01528550523
-2.83071291045	-5.836462128
-2.86066840896	-5.72676206186
-2.9370242638	-5.58102551694
-3.00905289072	-5.48971231904
-3.12188673488	-5.34560690435
-3.31138499217	-5.21314001075
-3.41849887948	-5.13291079152
-3.56725631788	-5.05460640595
-3.76961641537	-5.02380799715
-3.98959731285	-4.90207008959
-4.44353403621	-4.76279441808
-4.99383391077	-4.60265772705
-5.11630008575	-4.56634523613
-5.2962522679	-4.5217635885
-5.45325862166	-4.4835261372
-5.70847993297	-4.42008855421
-5.8507323411	-4.38753384426
-5.97600867117	-4.36927325486
-6.09128773487	-4.3521659675
-6.35497456963	-4.30867926924
-9.58873817136	-6.15765094795
-9.22742698398	-6.13415184076
-8.99770012141	-6.11260051264
-8.84806517664	-6.09394831664
-8.6510773648	-6.07657097767
-8.44300880908	-6.02251823942
-8.25303156438	-5.94419984895
-8.11672426547	-5.92559278814
-8.02884543381	-5.88876344718
-7.61562410795	-5.72039221073
-7.46815198667	-5.6240982366
-7.37456579153	-5.54136629889
-7.21909931793	-5.45830651357
-7.13672497647	-5.38089996843
-6.95597556343	-5.19735404849
-6.7895419118	-5.02658680581
-6.68560266361	-4.89276330436
-6.58977597404	-4.77476645992
-6.46367017871	-4.59400499613
-6.35497887789	-4.30934307691
-7.8232862133	11.8924325407
-7.61913539056	12.1263702068
-7.47353362387	12.2576940294
-7.34733838411	12.3794769428
-7.23741536438	12.4517907909
-7.16489783277	12.5020375155
-7.11233128612	12.5388264888
-6.86850148923	12.7278265699
-6.68108247509	12.8909697014
-6.42709594073	13.1420601493
11.9913591837	-9.21151737477
12.2210802525	-9.03608130381
12.3560990077	-8.9288296299
12.5639083162	-8.81503255994
12.8254765339	-8.59593613682
13.122246002	-8.3965881442
9.14001971098	4.14385041246
9.31491264571	4.52405327717
9.39905675729	4.65252833049
9.43934177653	4.79107387717
9.51232651392	4.99435934584
9.65282094467	5.2902160094
9.75187287902	5.58243664373
9.80023692639	5.75840131866
9.83640650483	5.9906255876
9.8651854071	6.12324423233
9.86842570513	6.31656623135
9.78888617486	6.52066200442
9.71651569207	6.77568947144
9.67213329327	6.83599410608
9.56799389418	7.04026396858
13.9936465128	7.04446107107
13.9003347898	7.22589938998
13.7827419318	7.29778683411
13.6109851128	7.38527434583
13.5054192283	7.51926965622
13.3920451507	7.58956305242
13.334624698	7.61463510135
13.239832898	7.65187320191
13.1222166475	7.6950405864
12.8616965822	7.76904548636
12.6241697114	7.81700319954
12.4012803448	7.85939275078
12.219002197	7.86416514886
12.051462392	7.83337921471
11.8888883123	7.79005254267
11.712676767	7.70283257588
13.9936595697	7.04443476544
13.881913813	6.82341358535
13.7921101767	6.6589473078
13.7429319746	6.46965618656
13.661623882	6.25078331342
13.5273632563	5.90506648437
13.4379786466	5.68751782096
13.3662256522	5.54608180018
13.2742232186	5.1886688031
18.014793243	1.22953177779
18.1953000143	1.23330381574
18.3192079285	1.30163167096
18.4666318182	1.38779321343
18.5472313084	1.44146275678
18.64029887	1.51523626888
18.8820097141	1.6898413911
19.0418256768	1.74006891832
19.1351545011	1.7663483072
19.3038181334	1.82309018807
19.5998222244	1.88345659055
9.5679731413	7.04022735757
9.45190353115	7.0411872399
9.13086906449	7.0194942712
9.01596389085	6.99746739438
8.79024071712	6.92389751869
8.62560634708	6.88312624677
8.51637295361	6.83078571553
8.40841428477	6.77898231705
8.25763319399	6.6589397363
8.0930763104	6.56785107363
7.82980549105	6.45053110094
7.74311725506	6.37036645222
7.43202305722	8.56517825076
7.09134884524	8.70665003086
6.92101871036	8.76448878575
6.67465400526	8.80035946374
6.46857986998	8.86870153326
6.30208136836	8.90311129605
6.05170188833	8.88622612118
7.74307644078	6.37038373961
7.75482777164	6.19187491737
7.70661019116	6.06151313135
7.65246206113	5.91448390032
7.56500726612	5.60655335111
7.48531569526	5.39207943425
7.43898022269	5.16833497064
7.45620004887	4.92556988055
15.9162155518	-3.63442740725
15.9056938843	-3.4039358897
15.9178658156	-3.25293952894
15.8833470937	-3.01070742307
15.9081842951	-2.85995111286
15.9628254994	-2.68346767195
16.0936989925	-2.42473239257
16.2012246663	-2.22351469668
16.397325228	-1.90836719577
9.75246791871	-0.580593781393
9.83853197524	-1.13106875432
9.88539513977	-1.40023099027
9.91776395581	-1.56423257302
9.95846042444	-1.72526509432
9.973079502	-1.88981785459
10.0102470586	-2.04784900728
10.0355910368	-2.19957575584
10.0599841457	-2.33803532541
10.0706790311	-2.41738471233
10.0951719097	-2.717001379
10.122282702	-3.04241988664
9.75259123985	-0.5806608828
9.36141489876	-0.384019848597
18.7334699289	-5.19547515363
18.4277272992	-5.27307423039
18.225441985	-5.29516292117
17.7630253483	-5.36118413725
17.6427121923	-5.39400202948
17.5404286556	-5.44115767785
17.3502206718	-5.50320203535
17.0640723084	-5.61595153875
16.8957424696	-5.69900652385
16.736435974	-5.79047161027
16.6702048118	-5.85237657886
15.9803095339	-6.29738148594
15.3802738613	-6.75426081028
15.1123998298	-6.96779176824
14.8369050747	-7.19724284425
14.3411979078	-7.60131634062
14.2050639243	-7.700449172
14.0045380953	-7.87871798828
13.8887772178	-7.96175471823
13.7663436642	-8.05211854602
13.5504120638	-8.20968312378
13.3281988687	-8.30894670643
13.1222462958	-8.39659543822
18.7338136277	-5.19681837507
18.9835134497	-5.0619498454
19.2077032125	-4.95302798817
19.3566904129	-4.87384966663
19.4835169686	-4.80466129438
19.6900636838	-4.76403007597
19.9558512804	-4.71900044933
20.0360767282	-4.7390156146
20.2278939772	-4.82751900209
20.4586948774	-4.91257419671
2.09894358433	10.6930918613
1.75514256211	10.7454100458
1.68705926686	10.7536082564
1.23144375969	10.7523838234
1.07579641544	10.746417292
0.836904443073	10.7520254006
0.623390841608	10.7839671166
0.424045701552	10.7900848889
0.231810883193	10.807732688
0.0782968935301	10.8256920394
-0.108270189757	10.8572746645
-0.540254747843	10.9533426774
-0.697647491905	10.9997800333
-1.02445148777	11.1088740133
-1.0530508836	11.1289906496
-1.24272796315	11.2167201328
-1.35351453402	11.2722187762
-1.49408151753	11.3509820314
-1.65569384595	11.4511749398
-1.76949053746	11.5044805292
-1.88780319828	11.5895513601
-2.00082459187	11.6724714945
-2.14197757512	11.7756811632
-2.37450955565	11.9796961014
-2.64894844196	12.2299882924
-2.99790551549	12.6054539076
-3.15081100738	12.7682201544
-3.44371563057	13.0530475181
-3.48866097509	13.2380726705
9.69688745684	-6.03620414637
9.45136888011	-5.96360071866
9.32877638571	-5.91602985753
9.16844814333	-5.87500098983
8.95819204882	-5.82960275776
8.7475620148	-5.81281240205
8.50625102625	-5.81941930594
8.35094221984	-5.83019814089
8.20484284624	-5.85599470845
7.90756332578	-5.82710203754
7.73593859144	-5.81314315161
7.50286829487	-5.79605735486
7.36654796465	-5.78157325665
7.05565515608	-5.68090634729
6.71525338055	-5.58258907132
6.53640711947	-5.52679140369
6.34624588515	-5.47929835937
6.30522682849	-5.46401140357
5.95142339657	-5.33172607365
9.69688745755	-6.03620414511
9.84218722274	-5.79198580049
-3.48864197828	13.2380563386
-2.99791427602	13.3580411149
-2.68803224491	13.396536462
-1.97975956057	13.4606317867
-1.76880995781	13.4871208598
-1.61478950834	13.5160430432
-1.28685370574	13.5385804685
-0.790727420156	13.564863468
-0.644321782378	13.5748521151
-0.493823762594	13.5858298435
-0.173066535512	13.6131325428
0.54102288131	13.7107312315
0.789394238892	13.7526647691
1.07851775248	13.8014209746
1.32157221946	13.8458525338
1.51958959463	13.8859145493
1.67988213339	13.9043611617
1.80382818161	13.9098787246
2.08005631756	13.9603931938
2.27033165158	13.9971658488
2.52861757704	14.0478709631
2.70253714002	14.0859174514
2.96906751743	14.1458533618
3.10685890291	14.177229177
3.29112105639	14.2205956242
3.44499861552	14.2565299786
3.65455563979	14.3053204802
3.84855832557	14.3645321854
4.01083587843	14.4026754909
4.17228188632	14.441275824
4.38256943124	14.4868709927
4.46925938616	14.5058269894
4.68494884118	14.5481146027
4.80564268519	14.5722683989
4.89748790112	14.5893564517
5.01453189027	14.6089974973
5.18053742711	14.6310238686
5.39236859646	14.6544360709
5.54406819196	14.6635939516
5.6530736164	14.6724828601
5.85477370429	14.7053084391
5.92487391824	14.708076612
23.9215246631	-1.79844248183
23.8582791858	-1.93944633666
23.7671225798	-2.10439695626
23.6382455679	-2.20661158715
23.5218975117	-2.32545726391
23.4636218622	-2.39334099512
23.4132797829	-2.44530729406
23.12821153	-2.55884145411
1.87414071934	-2.28941159801
2.11543961156	-1.94712050853
2.25956364854	-1.72950908223
2.32049387804	-1.61627345816
2.35571269717	-1.57292866921
2.45900565312	-1.45094237703
2.66402032316	-1.26753619144
2.77444328588	-1.15256375053
2.9478540535	-0.971581851888
3.13720360452	-0.76443902565
3.39741124346	-0.435323415811
1.87412443556	-2.28944292503
1.58716700278	-2.33493791401
1.41170905442	-2.23838124068
1.34045630153	-2.18392038255
1.25778903006	-2.07971763385
1.1399331813	-1.92474573151
1.05880205998	-1.8052967033
1.02196484411	-1.75672823808
0.979545464085	-1.69104347662
0.826496793444	-1.45415674617
0.708833775897	-1.07669568877
0.640176623726	-0.831064263752
0.561162409082	-0.599579279226
0.473724468343	-0.378352884619
0.423874167072	-0.233953019076
0.374422274852	-0.0663405565001
0.314406571191	0.117387323545
0.270790884636	0.262401402405
0.210145302756	0.470333177203
0.164903287608	0.624411801673
0.0856225547538	0.905304211111
0.0374500594487	1.08458614715
-0.0524881564346	1.39524080313
-0.0739769869757	1.49421966926
-0.118710400244	1.69111245583
-0.154450757178	1.84490682532
-0.209796817476	2.04162723025
-0.255031207585	2.19268510265
-0.300186345288	2.31858213234
-0.344532349987	2.47665727123
-0.514102276023	2.86402559079
-0.602318861759	3.04964395447
-0.675447069236	3.19472206324
-0.772335391255	3.368734024
-0.853059355437	3.51180217745
-0.9707638787	3.68211608939
-1.08192321629	3.85917239538
-1.18028712801	3.9184390788
-1.26225975994	3.99652887149
-1.38696618373	4.11064136533
-1.48287888296	4.200339847
-1.66717271677	4.41171121018
-1.83715151102	4.53324817756
-1.98902421999	4.63051853096
-2.1527441464	4.67948169479
-2.30914059112	4.70351120056
-2.6018609703	4.70630784258
6.43973120187	-12.7696502846
6.28763315231	-12.6507276769
6.15644393302	-12.504411363
6.06713733848	-12.3879011313
5.94639540687	-12.1734331393
5.7374689298	-12.0467479061
5.32809305083	-11.8426697317
5.16233931628	-11.7940706106
5.0890502354	-11.7853520308
4.95761051931	-11.7415975538
4.87664388505	-11.7205047957
4.74420815157	-11.6891844926
4.54024892446	-11.7094770324
4.38866473779	-11.7067088349
4.19586581864	-11.7022959855
4.02452328589	-11.6431995262
3.87333817512	-11.6331858699
3.6747192947	-11.6423350758
3.41021147081	-11.7236672721
-6.42701350854	13.1420554055
-6.76580472687	13.2983364125
-6.78272550301	13.3145300992
-6.88299573132	13.3703113974
-7.13128508832	13.4508484417
-7.40801095764	13.4859238986
-7.524153331	13.5084654353
-7.76533774032	13.5223587347
-7.8455180194	13.5017979054
-7.93524195775	13.4815675965
-8.17650232065	13.4174418266
-8.30547053925	13.3685889324
-8.46483839096	13.323879356
-8.72090462855	13.196949989
-8.84565970719	13.0978272433
-8.950834709	12.9828436157
-9.02671953077	12.8946819964
-9.09811597567	12.8061461211
-9.17314637981	12.539889303
-9.15726430638	12.200944063
-9.09413496065	11.9897631053
-9.03776491856	11.8718746405
-8.92756287867	11.7577077056
-2.60172433159	4.7065360003
-2.72003666449	4.61281562665
-2.78612480441	4.51232013966
-2.9073321796	4.39922081745
-3.05123456912	4.12016118695
-3.11000148548	3.97653916476
-3.1904755916	3.70071497211
-3.26198230099	3.44036481591
-3.34710662164	3.21893374961
-3.41893583826	3.00150508116
-3.45825802531	2.92172423314
-3.49666842303	2.75613371301
-3.52952040691	2.63454373742
-3.56986395624	2.46427392739
-3.60904456225	2.33862502069
-3.65970617315	2.22012688106
-3.7068243597	2.08825037018
-3.75807754875	1.95702759067
-3.83402513204	1.77942263644
-3.88324017574	1.6533855687
-3.93233619858	1.56922712627
-4.06059284332	1.39546258154
-4.18107316621	1.23660335512
-4.33400416471	1.00365625898
-4.49831312797	0.858295515949
-8.92744213328	11.7579716797
-8.99082984648	11.6187632217
-9.07902908406	11.3866563173
-9.36369291992	11.1935999899
-9.4260893225	11.0200504475
-9.50369144934	10.9264095742
-9.57645799163	10.7379372243
-9.60925036178	10.6212787265
-9.66109072734	10.4155848893
-9.71365952439	10.2423825505
-9.69813691202	10.1299098906
-9.65349173049	9.99916652594
-9.61177963707	9.83324779686
-9.51888680141	9.62382019504
-9.44005992859	9.49083204599
-9.3554648717	9.35990255505
-9.24110062328	9.28290958863
-9.08600844998	9.24829891445
-8.97370347922	9.19470003095
-8.8545075804	9.15048350044
-8.69670322573	9.09515677259
-8.52948860154	9.03172392286
-8.39218311474	9.00408802713
-8.26620563264	8.972469905
-8.1253102045	8.8811561031
-7.86980132951	8.83037203749
-7.64156506975	8.79280778114
-7.43909447578	8.76665838601
-7.1947554379	8.74817979937
-7.11606098675	8.71405895799
-6.91152012723	8.68498233837
-6.66824886056	8.64917659391
-6.53246281995	8.61761271005
-6.3996368869	8.58688219533
-6.31198645585	8.56110018881
-6.13057848111	8.50267548667
-5.83188325954	8.3920764377
-5.66320500101	8.31232517915
-5.54384624107	8.25658682363
-5.33524449866	8.17486734218
-5.2408022631	8.13452907856
-5.08778504501	8.05039537179
-4.95124035693	7.97070676931
-4.66249347316	7.81914426297
-4.46347440042	7.67760975963
-4.24960348681	7.55083865002
-4.03739923543	7.41542027781
-3.87670878051	7.30349307493
-3.64978704283	7.14260413411
-3.50864387883	7.05691318003
-3.38993015865	6.97445298409
-3.30232959394	6.91460635221
-3.11895245284	6.80450805908
-2.97022038429	6.66129204549
-2.79914122114	6.59210949648
-2.45500753863	6.4571008148
-2.2896861609	6.39525431149
-2.12156729272	6.35224225458
-1.92472192768	6.30044498327
-1.83264491714	6.27706015946
-1.60308841379	6.21945610991
-1.44173172929	6.19156272329
-1.22964524635	6.11462472786
-1.08589298933	6.10022010236
-0.943079995724	6.1005271404
-0.725844842071	6.10084169181
-0.598735492493	6.09605552949
-0.444276451175	6.08173650402
-0.316550724401	6.08461498529
-0.158851429602	6.07675991028
0.10338101055	6.0435307941
0.355055315281	6.00695152666
0.488744798091	5.98831994297
0.669935002891	5.9601138663
0.866072130028	5.93350316041
1.1117495338	5.88933179843
1.28909104043	5.84134399421
1.42309745928	5.80451744759
1.56461937089	5.75379309075
1.75561230957	5.66980470247
1.95695964662	5.58116688402
2.15706330625	5.42231872546
2.29333536149	5.33166658744
2.43921478357	5.21434258104
2.63989964355	5.0403703518
2.89887171971	4.79975701092
3.03270644329	4.67247741343
3.15559462346	4.5404213068
3.20537740356	4.50906713833
3.35711517662	4.32233419521
3.49379117513	4.14584919156
3.65581126222	3.95064935028
3.73635489277	3.85683578344
3.86920220871	3.69868286937
4.02436839402	3.51007207377
4.15956287395	3.3483724546
4.28777261754	3.19484685335
4.39450164643	3.06154666137
4.54891859396	2.86994946349
4.69819622873	2.68526441956
4.85467021958	2.49148760465
5.00840606795	2.28599287932
5.08605732618	2.1606651345
5.15485760301	2.03591692881
5.23494522567	1.87470134812
5.30306480447	1.71821419167
5.35267856621	1.59735995535
5.40692664978	1.41788160281
5.44501169822	1.18979131366
5.45599152789	0.992907303218
5.424261306	0.854631037907
5.35595203965	0.76472759721
5.28573885686	0.661832028386
5.17585532603	0.481105131197
5.09373456937	0.349159077882
5.03773277747	0.267281412627
4.98257517161	0.197120782607
4.7392042293	-0.0210186787509
4.54757422016	-0.123173702245
4.43141475942	-0.179176041584
4.29517833806	-0.21246126919
4.16483473494	-0.265569761905
3.86266054876	-0.361111613428
3.62502203524	-0.440768615578
3.39738504158	-0.435939626361
-6.83135051066	6.87502541468
-7.03757955904	6.79082529719
-7.22085621458	6.85964805907
-7.32277420636	6.88436824179
-7.51277779131	6.95324412571
-7.68713241861	6.97136363267
-8.04881613378	7.05403024687
-6.83135039041	6.87502580246
-6.54739248807	6.67572695345
-6.32250708296	6.52692718994
-5.99524904342	6.26475096161
-0.562333380002	-4.99586427041
-0.552940269357	-5.26790711652
-0.563750146844	-5.40793711676
-0.608718740534	-5.60898669593
-0.680919401803	-5.7260335706
-0.756402474696	-5.91764617103
-0.780618078649	-6.03245601524
-0.780796474557	-6.29776528808
-0.817141313827	-6.46876027658
-0.835066546968	-6.66093597347
-0.836995765076	-6.73945747278
-0.809507374925	-6.95193377521
-0.777889146034	-7.1322823421
-0.691659239834	-7.45317097723
-0.62683294179	-7.74637240203
-0.586243851389	-7.83125278652
-0.473400698383	-7.92895447323
-0.38413466366	-8.00639391447
-0.272394993323	-8.08651723074
-0.0989760859854	-8.22772663314
0.0644985120732	-8.33965393721
0.186914537313	-8.41093702984
0.479820296608	-8.36261184831
-0.562291021322	-4.99587727314
-0.336623335525	-4.95203462624
-0.142188886046	-4.90711962387
0.216793931264	-4.50224576219
1.76553561546	-12.7246676234
1.53956599805	-12.6492737462
1.39756088038	-12.6253182799
1.24795513014	-12.588533662
1.07963995554	-12.5596933299
0.835427709328	-12.5320791976
0.580088683343	-12.5263371751
-0.071302651008	-12.4367158701
-0.63397740981	-12.3840045078
-0.898583169739	-12.3629433098
-1.24933828623	-12.3146559604
-1.50778415073	-12.2959462031
-1.70788389215	-12.2852232555
-1.87906352203	-12.2821456409
-2.07235912548	-12.2632588822
-2.20969725604	-12.2491188548
-2.28427654538	-12.2221091473
-2.52651857436	-12.2012526736
-4.80980353485	0.412508497826
-4.5890016541	0.299493131126
-4.39753399001	0.0851040668362
-4.29838551853	-0.0272774622944
-4.26065990562	-0.103899071021
-4.12832882591	-0.211769975085
-4.0004501982	-0.29679860202
-3.87214007772	-0.407048269112
-3.73407929869	-0.489582195115
-3.53569788892	-0.677664344471
-3.36722861496	-0.840526318529
-3.16316827455	-1.01545120669
-2.95500401139	-1.18800661209
-2.69721053604	-1.40603325096
-2.5660452645	-1.50202341426
-2.32646071577	-1.70331661761
-2.14248413982	-1.85400983944
-2.00315942976	-1.96719512076
-1.72608396174	-2.20717774041
-14.4852317851	8.03468534282
-14.6811329563	7.69827561892
-7.81839905088	-1.00406449408
-8.31907920327	-1.08681488482
-8.45255006304	-1.15339428675
-8.59290074642	-1.21190755743
-8.75442130731	-1.26628408795
-8.87719772126	-1.31306252702
-8.94506755668	-1.33976048534
-9.01574200036	-1.38014363946
-9.17323221761	-1.4577800304
-9.34537966695	-1.54631766478
-9.53114378902	-1.70503909552
-9.59229279946	-1.7861099772
-9.76160044098	-1.8990489624
-10.0130028679	-2.21015556218
-10.1742184142	-2.43408652206
-10.2722855678	-2.58572687926
-10.4069618288	-2.8978552163
-10.4520249049	-3.08167069385
-10.4854844873	-3.22956515958
-10.4977721745	-3.39869251612
-10.4524894528	-3.66772594225
-10.407296596	-3.80031425307
-10.3548924716	-3.94625695628
-10.3151024282	-4.1666110395
-10.2828644775	-4.2590748922
-10.2414220829	-4.34970173511
-10.1847319841	-4.50671239331
-10.0638390914	-4.72170832562
-10.0042263641	-4.86586967975
-9.99956426511	-5.00789955897
-9.94831529228	-5.19870490393
-9.82983421472	-5.43479024221
-9.75267573075	-5.63222826406
-9.7205005853	-5.75089555542
-9.6757405293	-5.86511276274
-9.58873817159	-6.15765094788
-7.81839905088	-1.00406449408
-7.70194950504	-1.17410712278
-7.65988141859	-1.29915021525
-7.65653686371	-1.50525751277
-7.62124679681	-1.74958981874
-7.54182184106	-1.99318656417
-7.48301553527	-2.17065749617
-7.43973907274	-2.27081296821
-7.35376992984	-2.42797020541
-7.24767986625	-2.52014771971
-7.15305924983	-2.66549661149
-7.0485395935	-2.91584001798
-6.96167566199	-3.08481026285
-6.93074073412	-3.24991640682
-6.85981998711	-3.40070645611
-6.74748346061	-3.64057010336
-6.70205209133	-3.72517889756
-6.64855592932	-3.82245782055
-6.44669377447	-4.12234534712
-6.35494445045	-4.30821878082
-5.66821796675	-12.8682582025
-5.39757380771	-12.8227636756
-5.27975848567	-12.782316528
-5.20933499284	-12.7136873266
-5.13661126433	-12.6793284617
-5.01670222011	-12.6628531202
-4.90374008104	-12.6578432989
-4.75197561563	-12.6542153641
-4.5864335536	-12.5884186241
-4.43031490525	-12.5837721081
-4.30583518913	-12.5684068495
-4.14293767367	-12.5110187973
-3.96602326456	-12.4878515875
-3.72372194077	-12.4350257926
-3.4300231652	-12.3855968457
-3.34880672824	-12.3580266091
-3.28044786737	-12.3532756679
-3.09347856703	-12.3487328652
-2.85864915681	-12.3314330379
-2.67854668519	-12.2714146245
-2.52157148857	-12.202198891
-6.47072390697	-12.8507460233
-6.54653077398	-12.7038353427
-6.60537798555	-12.4792572715
-6.63500668396	-12.3649009683
-6.74922679839	-12.2750790586
-6.86357208019	-12.1449117827
-6.96440087793	-12.0185220712
-7.06383092331	-11.9170600965
-7.17108122435	-11.8088779963
-7.30368449217	-11.62684526
-7.46812927483	-11.4682075726
-7.58224587276	-11.3750335517
-7.69662719977	-11.3027676076
-7.81976721852	-11.2003842251
-7.9678066259	-11.0630907357
-8.22589626095	-10.8700585933
-8.30871626683	-10.814054524
-8.43775913092	-10.7435072989
-8.56596074325	-10.6766038372
-8.70327311413	-10.6143438174
-8.92603870528	-10.5261697764
-9.06514541025	-10.4939382411
-9.09873040049	-10.4645038899
-9.29539336851	-10.4036496629
-9.43185515118	-10.2994819102
-9.64174731485	-10.3001275372
-9.73032449225	-10.2769820736
-9.9338754187	-10.1728914473
-6.46879440414	-12.8482877314
-6.60302541887	-13.0476859163
-6.732626329	-13.1131130136
-6.83310362855	-13.1333582367
-7.0179472437	-13.0996643789
-7.26491490235	-13.0626542333
-7.48938800856	-13.0003012293
-7.61882496632	-12.9801925732
-7.85074907903	-12.9302801786
-8.26365266817	-12.886532996
-8.54991715259	-12.8199238377
-8.73881578808	-12.7708117726
-8.93817880364	-12.7326166743
-9.1933415269	-12.6930126945
-9.51605170643	-12.6411057723
-9.70925965381	-12.6144426199
-9.86628728026	-12.5847653068
-9.96811411097	-12.5618696361
-10.0937455737	-12.5305853617
-10.1716151768	-12.4806642924
-10.3360415724	-12.4223359254
-10.6424816186	-12.2810251012
-10.7331040843	-12.2484411331
-10.9740687623	-12.0874594141
-11.3062502902	-11.819976437
-11.3562235856	-11.7463437761
-11.4024731255	-11.6721548716
-11.6127599211	-11.241022415
-12.1237732549	1.51007438539
-12.1369095829	1.78702573824
-12.1169275218	1.96194387661
-12.1276351768	2.05926904711
-12.1106351217	2.15849795389
-12.1229336338	2.39356645328
-12.1636285263	2.65210389855
-12.1902838777	2.82355083282
-12.2166059098	3.12079007021
-12.239095798	3.34579671675
-12.2663281237	3.5128447317
-12.2763913462	3.60419196729
-12.2890024479	4.0059558808
-12.3222075118	4.34362593919
-12.3779037567	4.69002121393
-12.4469903933	4.81569803487
-12.1237929495	1.50998479158
-12.2822423229	1.32400943605
-12.4001798357	1.01646922682
-12.4822827441	0.866111890721
-12.5368255098	0.757355597059
-12.6856183063	0.402512099886
-12.8445901377	0.319198914904
-13.0251043251	-0.0199634595614
-9.93390758633	-10.1749391924
-10.1733403205	-9.92592379187
-10.3685389412	-9.72071454159
-10.4412157816	-9.65112384725
-10.5746739367	-9.54298567818
-10.856261636	-9.38392420487
-10.8993496947	-9.3425981661
-11.0362034875	-9.20933786085
-11.1407899699	-9.1057801066
-11.2500360852	-8.89877977544
-11.3781914719	-8.74528638425
-11.4489206686	-8.61676237077
-11.5304902605	-8.48342188713
-11.5955438304	-8.38790160925
-11.6909297384	-8.24970718646
-11.7477539481	-8.11048946848
-11.8001847425	-8.03368299991
-11.8675776496	-7.86795719952
-11.9130883941	-7.64857818904
-11.91226747	-7.50553118014
-19.2397776105	2.27533047749
-19.1704340727	2.35903329093
-19.0438835406	2.46294976527
-18.8744979051	2.6270671734
-18.7338271575	2.80037849136
-18.6550384121	2.86184461662
-18.5710011486	2.96000508573
-18.4265419769	3.21764580455
-18.3259823675	3.30941357059
-19.2397776105	2.27533047749
-19.2951533116	2.4126758511
-19.4248213652	2.48431471373
-19.5391342842	2.73856488773
-19.5931019548	3.00991480689
-19.6178779927	3.1236174079
-19.648694634	3.28484343559
-19.6897250026	3.45108929257
-19.7144288024	3.60599036764
-19.8218606715	3.82852888002
-19.8932842252	3.9737128463
-20.0332726445	4.20120207309
-18.2977769958	-3.40810132399
-18.3636824366	-3.69924708739
-18.3236914334	-3.82836641974
-18.2350332902	-4.01975241252
-18.1430068122	-4.15232601131
-18.0743804087	-4.31970004607
-18.0348647429	-4.36073365372
-17.9817387986	-4.48324162455
-17.9397825492	-4.71260607562
-17.8547137558	-4.98001745994
-17.8464964128	-5.01105398603
-17.8093071107	-5.13145520753
-17.7032643594	-5.28475262603
-17.6538094911	-5.38762964333
-17.5455988665	-5.61320742245
-17.4870507135	-5.69015901
-17.450073607	-5.89068623499
-17.4180253887	-6.03641031867
-17.4384225036	-6.26399136939
-18.2977468389	-3.40806436303
-18.5389227902	-3.33294989496
-18.6497453891	-3.21059217648
-18.782404543	-3.08385907374
-18.868795901	-2.91578098756
-18.9139565462	-2.77326102735
-18.9532358203	-2.66786172342
-19.0128804864	-2.52130656342
-19.1052934575	-2.31979136923
-19.1715730956	-2.18496079943
-19.2169396371	-2.06539873907
-19.2527074071	-1.85995579327
-19.3147404432	-1.63567760985
-19.3689093252	-1.48446185385
-19.3826380045	-1.39039590847
-19.3654160414	-1.05221441373
-14.6811730461	7.6982800868
-15.1297797184	7.57657585887
-15.3605484054	7.41241243812
-15.4668222066	7.33984542845
-15.5736910907	7.26282092818
-15.8592658343	7.09227952276
-16.1281660496	6.89332719749
-16.2287284024	6.83720983112
-16.405659216	6.71752735433
-16.5892153842	6.59233713337
-16.7588050975	6.4696942276
-16.9476277181	6.32565686433
-17.091326854	6.21939231184
-17.2003341104	6.13023906871
-17.3484027035	6.01057350593
-17.6102085581	5.83876455247
-17.8509327245	5.54945644935
9.00142762063	1.04801711611
9.03991258726	0.743947465339
8.98033829411	0.485952581558
9.09029670404	0.148396457441
9.24216697711	-0.0303615805908
9.36133473801	-0.384087295035
20.4591378149	-4.91137572652
20.6957177705	-4.80269655304
20.8872809499	-4.63416535418
21.0463243398	-4.47595472285
21.2867007703	-4.32724798982
21.5927377305	-4.12398655617
21.706643931	-4.08071185008
21.8489946355	-4.0288616034
21.9518686034	-3.9387265013
22.0625191261	-3.77452466111
22.1029591471	-3.71116514777
22.1707752726	-3.64124600809
22.28294765	-3.46118096038
4.25172906737	6.97020058274
3.94803078555	6.9806963033
3.7893413835	7.02332271916
3.60953515093	7.0524518381
3.40579478284	7.07278677205
3.23220675006	7.08145114362
2.93815280531	7.08027863645
2.74110435812	7.08767602679
2.56980786893	7.14321226063
2.27596608889	7.17158085479
2.09137829345	7.20898093734
1.93471897617	7.2394988967
1.76748596709	7.27483190708
1.68508112099	7.29437933167
1.36929504249	7.35983635609
1.14998312061	7.35428162705
1.01361835671	7.38249445096
0.92411498214	7.40821406461
0.852024651611	7.44985392346
0.635809200893	7.51402157783
0.336934540465	7.62350817622
0.20836529982	7.6911349598
0.0544622639236	7.78103135828
-0.113770737797	7.88888446637
-0.249483911631	7.97868766859
-0.485674921862	8.11546478041
-0.575687775075	8.1789851462
-0.667815353631	8.22924354769
-0.829009660751	8.3374455437
-0.947033011907	8.41484055524
-1.22208057809	8.5647819716
-1.41720824331	8.65009543292
-1.5882247628	8.71191118017
-1.94971491484	8.87743052365
-2.1605977577	8.97325044629
-2.45971343728	9.11356317295
-2.50024885672	9.13009664743
-2.82546106997	9.26577161153
-3.01773199531	9.34271868896
-3.13154340063	9.39045066133
-3.22933097811	9.44579924748
-3.44258514279	9.52462328448
-3.62196159855	9.5912889575
-3.82889017684	9.66770779354
-4.12270309787	9.78167054133
-4.22824483687	9.83042898706
-4.36927899392	9.88946681888
-4.64840375097	10.0027120714
-4.7978842308	10.0745833489
-4.9197857918	10.1626287931
-5.04124885134	10.196537136
-5.27145724385	10.33055784
-5.40296598732	10.4198023208
-5.46535269568	10.4779106833
-5.70061887014	10.6392415031
-5.8401643624	10.6953537431
-6.05176911886	10.8199583597
-6.22402406529	10.9300179677
-6.3365017209	10.9902217837
-6.43076345599	11.0428001739
-6.5838615335	11.1244227325
-6.74399094078	11.2996069463
-6.87005789938	11.3785497377
-7.06634944067	11.4257722129
-7.17160901765	11.5001593127
-7.30490076484	11.572996487
-7.44637789496	11.7050695545
-7.82487474867	11.8922208429
8.51962177567	12.3955827992
8.68221396222	12.2167223798
8.82435490492	12.0073819202
9.10954833312	11.6985836931
9.22870318222	11.5810165704
9.34716982269	11.4556251472
9.48682186086	11.352590489
9.61723759904	11.2163747963
9.76835431213	11.039474151
9.92670763567	10.8718142175
10.0332496639	10.7531671723
10.1257851493	10.6531322571
10.1634667863	10.6219084877
10.2859934039	10.487826708
10.3845230539	10.3893502084
10.4103982721	10.325899873
10.4391604694	9.9449247055
10.1223358539	-3.04238739784
10.2127869168	-3.35304727513
10.2492555159	-3.53727581368
10.2704032665	-3.63435519288
10.2892952675	-3.72876056544
10.2996557648	-3.88994571971
10.3716846174	-4.20687791206
10.3782065517	-4.416204485
10.3798913286	-4.55437424577
10.3652005034	-4.76238599175
10.3512117277	-4.96597543463
10.3203237113	-5.15120599413
10.2746357012	-5.32746995566
10.2087890185	-5.41482123217
10.1110283375	-5.53484302599
10.0849998821	-5.56853336287
9.84218720615	-5.79198578584
8.43135535035	-9.71209832494
8.6730597967	-9.66092814832
8.82523244951	-9.65010161208
8.94714959572	-9.64506449566
9.17193905904	-9.59367424332
9.31876801009	-9.56413407067
9.63507149447	-9.53739376035
9.77118347191	-9.61413585727
9.86595821887	-9.60679888487
9.91608767178	-9.60247082821
10.0759006427	-9.5774116963
10.4153383045	-9.47298819771
10.5947561694	-9.40026990701
10.8397777518	-9.29947839431
10.9501855148	-9.24897256912
11.1718069369	-9.12969095659
11.3695509679	-9.08244880814
11.6216650863	-9.00727179682
11.8237614527	-9.09789104418
11.9913886548	-9.21148955741
-20.0332270452	4.20114244334
-19.9454972166	4.56819948456
-19.8152737043	4.63503305822
-19.7341073605	4.75624845273
-19.5625344722	4.96915482916
-19.4725127332	5.13621247466
-19.3964822708	5.29204921875
-19.3470710634	5.38040215117
-19.2332948631	5.54059889778
-19.1484368961	5.67712003467
-19.1003165798	5.72643454696
-18.9950567413	6.01179953427
-18.325999916	3.30940512006
-18.1154198089	3.01889126191
-18.0449158366	2.96435651001
-17.7637201013	2.61308595494
-17.6151344084	2.46868322013
-17.5367466869	2.3012930303
-17.4169474319	2.15922808264
-17.3658219584	2.02251517366
-17.3215196823	1.89258298717
-17.2994979229	1.81456572059
-17.2373560214	1.65684843847
-17.2058569221	1.54823204358
-17.1502429152	1.30746016282
-17.1156596774	1.13564991627
-17.1113917324	1.05129551759
-17.0866741628	0.930733477907
-17.0201999894	0.508164365556
-16.9964685283	0.270229858502
-16.9765646544	0.116614320745
-16.9714592987	0.0268317414966
-16.9521180843	-0.191621684141
-16.9290702661	-0.466512442768
-16.9319070487	-0.555999227105
-16.9571821046	-0.69488355792
-16.9821285905	-0.957826851367
10.4392133575	9.94502857551
10.8844569963	10.0437201677
11.039371039	10.0208235855
11.1067508019	10.0106678797
11.2077892095	9.99155473325
11.3706685792	9.95934942744
11.4915968559	9.93319675126
11.6647031857	9.90859083945
11.8688025612	9.85218719692
12.1523710515	9.80004637572
12.3458250463	9.71956537723
12.4137551806	9.69992193085
12.7815637513	9.61426610803
13.0033702854	9.55157608406
13.298744892	9.47591776379
13.5679770635	9.40261555537
13.8150324565	9.32432840944
14.0315304126	9.2509010986
14.2033797503	9.19835916447
14.3365708074	9.14390005576
14.5202389924	9.07971810003
15.026854583	8.93473578476
15.1103120466	8.90743837928
15.2588084145	8.86903982516
15.3786266204	8.85981471086
15.7360782532	8.84422288458
8.28868109241	-11.9081867906
8.91378582081	-11.6588703214
9.30517128146	-11.4238460056
9.55660750039	-11.2679315751
9.89592549905	-11.0363119598
10.6524360658	-10.4699188963
11.3772921257	-9.75585548146
11.599497311	-9.54696748089
11.9913321267	-9.21142742583
7.4561439413	4.92556721496
7.66640238117	4.75026946859
7.82298375728	4.6739270054
8.18623279404	4.46885300553
8.45319658527	4.33592491744
8.65118305935	4.26910387574
8.83978516717	4.17508589909
9.14004927797	4.14381444892
22.2824889071	-3.46082507852
22.5402586986	-3.2835583933
22.6852154719	-3.23585313428
22.809256172	-3.12720917514
22.8487132161	-3.03502088281
22.9300721597	-2.97032580103
22.9868597198	-2.88801341181
23.0768823883	-2.78949845146
23.1282748693	-2.55890944876
13.2742238035	5.18866884034
13.2729703417	4.91382553826
13.2742425802	4.83513468495
13.2797813562	4.69343792491
13.3288367333	4.46049251426
13.3497758039	4.26766914034
13.3666832902	4.13573886244
13.4136354467	4.02102682408
13.4291866462	3.91705604557
13.4670361753	3.69491828755
13.5224534337	3.42087214783
13.5633943666	3.25893917282
13.6251414014	2.99284885455
13.7054676407	2.70368389628
13.7738229119	2.4876911768
13.8218608951	2.34736275319
13.8905625791	2.14872872961
13.9343714027	2.02417631848
13.9781240221	1.90559643701
14.0104117232	1.81839926796
14.0496942117	1.71925115308
14.1031189736	1.57331205003
14.173388454	1.39894283651
14.222550552	1.27694876398
14.3098373265	1.09202987673
14.3994739205	0.888545008037
14.4556111345	0.765661443339
14.4964729127	0.659751147643
14.5258955024	0.593017609864
14.5888923585	0.450329100085
14.6742724648	0.22304881403
14.7406959702	0.0694190969895
14.8568921088	-0.209339239017
14.9067505602	-0.336027284988
14.9574690118	-0.469069366642
15.0365897048	-0.573108816597
15.0854865548	-0.677265807624
15.1484883244	-0.778097525798
15.2097071234	-0.8926097603
15.257220291	-0.976664242531
15.3474963748	-1.1472091424
15.4289695799	-1.33194370162
15.4813893003	-1.47332374647
15.5777742279	-1.59263089534
15.682020341	-1.69414900174
15.8729584916	-1.84573817427
15.9549567725	-1.90419648848
16.2099734221	-1.96406762406
16.3973256675	-1.90836103208
3.41021147081	-11.7236672718
3.34083778435	-11.5200643096
3.26457315124	-11.327293357
3.19459422455	-11.1749415939
3.10082352419	-11.1073783725
3.0009004582	-11.0164325951
2.8063705445	-10.8506470128
2.61949455915	-10.7258821987
2.44876404948	-10.6207117639
2.28370558947	-10.4889818986
2.12937753996	-10.362781422
1.95497821463	-10.2165426752
1.68440956971	-9.98700708793
1.56880130869	-9.88437707789
1.3334622041	-9.63901706486
1.21487214326	-9.49619015
1.0492724644	-9.29549737529
0.881856180284	-9.08084188022
0.768290421166	-8.96520167656
0.6536539375	-8.812713789
0.557001960812	-8.64815805258
0.479834768612	-8.36262828036
-16.5771401399	-6.84189444446
-16.1934327077	-6.63301619192
-16.5771383782	-6.84189711779
-16.9446893616	-6.76346806188
-17.2931115628	-6.38160428464
-17.4393074046	-6.26539055211
