2609 0 0
10.6659110109	7.78680256942
10.6164917252	7.55358743652
10.6269493529	7.45035247006
10.6337492003	7.39925185733
10.6704487819	7.25313087797
10.7217899568	7.04922883417
10.7736969351	6.90954440837
10.8023982423	6.83591030966
10.8484937167	6.71541368998
10.925950017	6.60480834731
10.9687780057	6.52946074679
11.0490531419	6.38481998701
11.138923421	6.24261112538
11.1814937301	6.17197610614
11.2412915345	6.06347667729
11.2808559015	5.92786764741
11.3152793679	5.87632841824
11.3835343269	5.72282463469
11.4390982305	5.50199568038
11.474383288	5.32123517833
11.479189809	5.19336945579
11.4846559679	5.09485274944
11.4958746058	4.99361695376
11.5117120907	4.76106782629
11.5187204713	4.47831830002
11.5223672914	4.32004627034
11.5467872363	4.17308157001
11.5493002277	4.07904146833
11.5593978421	3.83964682516
11.5627549897	3.75025086728
11.5305060807	3.52685977259
11.5059674867	3.43676709386
11.4200954913	3.29749674005
11.3745472995	3.10333596382
11.3653338961	2.90953816396
11.3310322371	2.56040980741
11.2795782108	2.39423660522
8.64993247315	9.74074909992
8.47215427605	9.75756425731
8.39765665662	9.73782456509
8.30225270607	9.6916603246
8.05760234118	9.62166183874
7.97008513143	9.60015185232
7.84222090415	9.51957839121
7.84222090415	9.51957839121
7.91191594461	9.40231136146
7.93975780871	9.34341883422
7.99005541375	9.25931897912
7.97093598135	9.19981473029
8.01995662216	9.0967373018
8.06338780115	9.04707337561
8.09398646734	8.94893148296
8.14084321723	8.75188132341
8.17038882229	8.65356876523
8.20043854366	8.55621649206
8.25538063943	8.42905859494
8.30347143795	8.3205371061
8.33461409778	8.24500018358
8.35526842521	8.20608088764
8.43040057325	8.04977511364
11.5389928832	10.0903818052
11.6791296879	10.0622678797
11.807346603	10.0141083211
11.9182269042	9.9835473867
11.9788933093	9.94871213111
12.1695822323	9.79635001567
12.2757722695	9.69063242296
12.3492086399	9.60829667585
12.4360695778	9.52117070863
12.5090836735	9.43767098705
12.6134737794	9.33799125039
12.679598361	9.1306684719
12.7627533742	9.0639550964
12.8316809943	8.98858869381
12.9771577317	8.89181721362
13.1018481379	8.71608992066
13.1820682474	8.63819391662
13.2468608178	8.58278111864
13.3374270542	8.48505805189
13.4745846799	8.40688537628
6.50153158755	9.69372978397
6.64088126847	9.68458968329
6.83739385954	9.67349018781
7.04333855283	9.65171227881
7.17378535579	9.66526458277
7.32312492879	9.65452454182
7.44737832299	9.63412004463
7.51887098043	9.60911490233
7.63871245459	9.57373421302
7.84222090415	9.51957839121
12.5995409064	6.76834098691
12.4940505885	6.93493333648
12.4680859083	6.99215878853
12.446952394	7.03597641595
12.4244398839	7.07649201811
12.2679081278	7.28525387125
12.2047488045	7.36258683053
12.1050641597	7.47204800096
12.102278512	7.49841812615
11.9941076415	7.58704362602
11.9356863342	7.64053405843
11.811541759	7.7223701649
11.7168248089	7.78858701952
11.6777257138	7.81044804219
11.6133149134	7.85026166206
11.5790810013	7.9045882376
11.4945980581	7.86826538772
11.4420289543	7.93328542035
11.331331673	7.98101512238
11.2217902308	8.00971062445
11.1370242549	8.01810238802
11.0480591282	8.03707104655
10.9453240806	8.1220131057
12.3482710716	6.58304619198
12.3632400903	6.59349838014
12.408261494	6.63394062437
12.5995578486	6.76834638187
8.21657697046	6.79601366521
8.24440906492	6.92026290826
8.28244903452	6.97229707727
8.29431823409	7.00953018893
8.31016609748	7.10533385499
8.30664959114	7.1891252502
8.28178763166	7.31402541156
8.29235140898	7.41394710338
8.29481163352	7.48820285342
8.30342287741	7.58210357683
8.29101768263	7.71571657573
8.31481397386	7.76281892322
8.33467656595	7.81854521721
8.36299626278	7.88910336555
8.3889753515	7.94495022366
8.43040057325	8.04977511364
7.65975297172	1.99528729826
7.5625997544	1.99941034905
7.42119381036	1.96828954764
7.28720248946	1.95437570264
7.16088289982	1.92003337886
7.06356816208	1.89307575799
6.87901733632	1.84084121414
6.67594123911	1.76724603735
6.53912976111	1.73587750583
6.37303322461	1.72857852196
6.22823450176	1.72357716012
6.15975354782	1.71144804736
6.02206769633	1.69353582226
5.97811116088	1.68966858593
5.92061063409	1.691434103
5.77834816317	1.70500839934
5.64416737161	1.72949755735
5.51195863511	1.77713971041
5.40919427768	1.84174292367
5.33194819697	1.90752630324
5.25894704025	1.97944319553
5.17484709065	2.052271826
5.15312842682	2.0956322381
5.10291251763	2.14356866944
5.06433082417	2.18523349648
4.99503192529	2.2773742635
4.92291353871	2.35360707767
4.84089990507	2.45659004405
4.78839209814	2.53471632545
4.72712733496	2.64411882514
4.69222999308	2.71189335603
4.62887948019	2.82504578061
4.5630758741	2.98794798778
4.53053661128	3.08579365083
4.49684393422	3.18977528048
4.46524607581	3.32250100784
6.06681528132	12.8782421217
6.05325399862	12.881045207
5.98743384578	12.8564967612
5.91413898698	12.8144388362
5.8495963808	12.7705431278
5.81861023116	12.7470276116
5.76890974194	12.7088753053
5.67367572808	12.6416243916
5.59993923237	12.5765618179
5.55222532965	12.5216841615
5.47067991174	12.4760332112
5.41455870241	12.4492542955
5.3295527451	12.4058157574
5.2416466057	12.3655462407
5.0636278054	12.3017129584
4.89953225049	12.2533709037
4.75727755688	12.2115730486
4.45875574417	12.1297560167
4.31038159663	12.0901146375
4.06517494979	11.9832015562
3.79701064344	11.8901744794
3.5682514403	11.8328670343
3.40145421424	11.7973695435
3.22272588271	11.7713887347
3.05659474256	11.7493666031
2.86191190519	11.6991199916
3.33405738068	10.2607986049
3.33982592322	10.3768572748
3.37193344111	10.4217171618
3.45513894221	10.5212172142
3.54332734725	10.6033985194
3.55776310661	10.6448388249
3.59378645832	10.678801892
3.70067938172	10.7869493516
3.77625041808	10.8602530967
3.89905164626	10.9445212567
3.93933633226	10.9641519296
3.99368704189	11.0253444337
7.48480487806	5.75543404714
7.44668427215	5.8043051731
7.45099592285	5.81152451687
7.45958508161	5.82016677452
7.42993052631	5.87476882852
7.35705336949	6.01534363955
7.27996916656	6.17316032326
7.23822472829	6.32330794959
7.21714324696	6.42362537544
7.2020571693	6.5273293514
7.19848112458	6.56757732006
7.18939070395	6.6334850409
7.14516049419	6.83224220493
2.86186356036	11.6991002158
2.74449365736	11.5309986774
2.64788362781	11.3879567804
2.59375077901	11.3192152469
2.55495124214	11.2676395623
2.50061361472	11.1966050205
2.44061304481	11.1246043726
2.36545789956	11.0736025681
2.26764442864	11.0260926402
2.15217292778	10.9911633368
1.98813605151	10.9044874453
1.87746027821	10.8479683458
1.66521906538	10.779257298
1.39884043025	10.7313989595
1.30658328707	10.717051815
1.11091396667	10.6903485073
0.700060041509	10.5681112916
0.532903898402	10.5036582555
0.266304072486	10.3698566679
-0.126728748948	10.1669401632
-0.39967270054	10.0306760466
-0.583671046411	9.93969891051
-0.914609700811	9.78617124212
-1.09356175467	9.71087180703
-1.21930589014	9.64731734725
-1.50153171126	9.53808062616
-1.65218350897	9.47432329991
-1.70293762093	9.44051387444
-1.77415471399	9.41742013088
-1.82913456222	9.40858615459
-1.98286937801	9.38967045934
-2.04141138324	9.39113280649
-2.08810553344	9.39421835266
-2.14486711023	9.40067383223
-2.2223981435	9.40373451723
-2.35847979366	9.45144264549
-2.49590496099	9.52692739507
-2.5284974029	9.58155406673
10.7718631168	2.86143789823
10.7364087168	3.03540667414
10.6792258418	3.15909333856
10.6081403859	3.31373079713
10.5252534278	3.47784260672
10.4618313391	3.59998954645
10.3720141582	3.73233600817
10.3078075467	3.85958043446
10.2071418107	4.04394947301
10.147444677	4.15504254222
10.0626198485	4.30439193912
9.97882134074	4.42296759702
9.92759149734	4.49323447758
9.86950168733	4.57480605124
9.761253239	4.71702821765
9.54462109067	4.99846218831
9.36124875852	5.24157183804
9.20700471512	5.38366681254
9.09063949048	5.52988498341
9.01970006706	5.63732959699
8.99297726365	5.673647657
8.94434920449	5.7287523358
8.8897991965	5.80093467862
8.79029451151	5.98939285868
8.70781508286	6.1165739044
8.64768570691	6.20573112539
8.59609722279	6.28462671867
8.4863046667	6.44590215223
8.44734092966	6.49843900047
8.38605141495	6.57553121023
8.33814447567	6.62790363447
8.30755179673	6.67664049667
8.21657697046	6.79601366521
2.09325832897	8.59781748335
2.18017227832	8.74215314378
2.2146511645	8.8383202916
2.23833300473	8.95921367489
2.32820964149	9.12059804332
2.38210409507	9.23493956296
2.41880652988	9.27376302941
2.4037781592	9.38331546811
2.42312016616	9.43553876157
2.4556074192	9.48616364498
2.46520851155	9.5381729747
2.49903972116	9.64950104364
2.54755446702	9.71839422716
2.64984860177	9.81101974192
2.69090731196	9.85076321248
2.78040035764	9.94896743712
2.83248793757	10.0053462358
2.89553950198	10.0595728842
2.96331721338	10.1076970293
3.02549461268	10.1654585729
3.09974765479	10.2026330871
3.19033301199	10.2324865033
3.24052894923	10.2480564514
3.33404705093	10.2603244768
11.2881173205	2.25390994956
11.2698499275	2.31965675355
11.2641951824	2.34892343021
11.2685573178	2.39004245007
11.270295293	2.39284521284
11.2771184469	2.38630590463
11.2795782107	2.39423660522
5.94272234426	6.17858129338
5.93118016916	6.19147554456
5.86213210339	6.25509099715
5.81436444038	6.31652239241
5.78093247715	6.35969500293
5.73782223524	6.39336010463
5.67068241882	6.43293912281
5.61259761147	6.47270602385
7.75292633717	-1.31689689457
7.99132783538	-1.0947480755
8.0989878271	-0.974191328597
8.19280825908	-0.937226005475
8.32258226309	-0.855585307401
8.51265714166	-0.675020174256
8.66770974088	-0.500534925223
8.81301857563	-0.340833069851
8.96447834011	-0.108977339152
9.01975246514	-0.012883144547
1.11918911254	8.46419647807
1.08721824775	8.32306362301
1.00889896077	8.24041219574
1.00932913763	8.17782946436
0.87350722496	8.07406990413
0.841400778139	8.05716567711
0.767978385286	7.96896209213
0.697036474579	7.92730623792
0.58342144231	7.89578952183
0.399001250208	7.72193770302
4.79019928675	0.877070338393
4.83336420456	0.808787528513
4.90152507586	0.715813418396
4.9670488691	0.630966025581
5.04883864907	0.484735446795
5.0927173764	0.36183859543
5.1313971186	0.223828824833
5.19598421334	0.102753048816
5.27699715671	-0.00482428786557
5.43550717287	-0.0797785798608
11.0191729328	-1.3422777695
11.1525737786	-1.12024299538
11.1945551076	-1.01744059604
11.2567639757	-0.860278289733
11.3011307116	-0.768114950978
11.3265036118	-0.634425353922
11.4075463302	-0.39682361697
11.4401077849	-0.273305971217
11.4636370821	-0.100849100791
11.4799690194	-0.00579381453146
11.4959122363	0.141187738992
11.5037674314	0.215875723646
11.5106816931	0.343302150749
11.5207128048	0.495635343819
11.5358848555	0.672135528072
11.5506877896	0.783254409126
11.550719786	0.869906544539
11.51241636	1.06133164647
11.5119789901	1.28582844786
11.5238349065	1.53382739203
11.4833759724	1.77188054923
11.2889288551	2.25390221743
0.398983481467	7.72192878541
0.226960780008	7.74226875779
0.146993559107	7.73053339589
-0.03951524655	7.66345274947
-0.252085143335	7.62177504849
-0.496793056751	7.50872683961
-0.733583672313	7.44596197269
-0.92871876175	7.37877598718
-1.04954462091	7.33804052998
-1.31785028182	7.21333365228
-1.56092349776	7.11447795925
-1.61603473363	7.09212856538
-1.69546873373	7.05111434653
-1.81456162922	6.99516287668
-2.25862393497	6.8694925704
12.9890488056	0.633072131815
12.9890428493	0.633081556111
12.9890242504	0.633072719427
12.7289927573	-1.01297386792
12.7289174713	-1.02432463568
12.7280333473	-1.09071745496
12.72705748	-1.13281671797
12.7258570369	-1.20123501953
12.7251266216	-1.27398388987
12.7210924803	-1.3381659402
12.7187487936	-1.38276673862
12.7228111053	-1.43145770617
12.7236501464	-1.46627364138
12.7245751265	-1.5052607683
12.7257165344	-1.54205383657
12.7264371908	-1.56479822219
12.7265809549	-1.57056490607
12.7270371697	-1.59100111161
12.7270247495	-1.60285827123
5.81054463668	-3.00327321737
5.81581963945	-2.96797564067
0.50946416524	2.4916757524
0.656301361945	2.29530817847
0.719609211153	2.21657344614
0.78379119807	2.07332238596
0.783767384804	2.07332736146
1.02950824571	2.06256842427
1.21765907204	2.07220796913
1.38904811065	2.06235989698
1.53198909673	2.04013346322
1.66645606481	2.02858165847
1.76685695176	2.01148974763
1.94100681192	1.98895957628
2.14533727097	1.94899695009
2.28279081446	1.92497019193
2.33720903554	1.91373845871
2.41607318062	1.90145355368
2.48368605223	1.8881411733
2.59078945677	1.85756146015
2.68975816401	1.83286961224
2.75195778176	1.80452444775
2.88141273303	1.77543058539
-0.392342611907	5.97532179027
-0.39244131017	5.97522850475
-2.69569326081	8.0361779455
-2.60165992417	8.09088134198
-2.50371888995	8.13781841729
-2.43150720562	8.16227874092
-2.37258609225	8.18157679107
-2.23187508253	8.22329630602
-2.08595043675	8.26022654492
-1.96088041439	8.29361065057
-1.89908820236	8.29975571173
-1.80312604634	8.33733603244
-1.68167195911	8.34705927641
-1.61180017062	8.35156007441
-1.4325434681	8.35940171193
-1.23442137398	8.36998309062
-1.18969552788	8.36860891217
-1.01890315672	8.38969959857
-0.9035342426	8.44365818777
-0.771740192204	8.45509530284
-0.678625416785	8.46429156366
-0.598520250964	8.48598938567
-0.501197289741	8.51015034934
-0.341384748774	8.54668783266
-0.259853474589	8.56101104108
-0.101823966186	8.61284894071
0.0247312575927	8.64774684804
0.148969309201	8.68191048278
0.230006607438	8.67687477058
0.338210318716	8.6943508362
0.582267751558	8.66287963317
0.690390519338	8.64200632093
0.771869708319	8.61343529493
0.843431835617	8.61767747188
0.918685621615	8.55177133175
1.00844345067	8.52209933275
1.11942551178	8.46394843138
0.0596042125349	0.744829001124
0.227570900994	0.868526311622
0.268690595555	1.11784227158
0.316054945636	1.27047957993
0.368457844966	1.44270224417
0.429062521052	1.56518334632
0.507896952691	1.69798183838
0.614612688737	1.81385909373
0.667571726878	1.88194548359
0.783771322876	2.07329136964
2.16302161327	-1.5620626843
2.30674639773	-1.74481209472
2.40235780288	-1.99113445957
2.51767523526	-2.34011244912
2.62780605155	-2.62710618052
2.69516364968	-2.80323824251
2.72572364975	-2.89447981878
2.79377657436	-3.09667606706
2.87251789581	-3.33350613275
2.93681102448	-3.53250979562
-2.36785180223	4.51308022617
-2.48017917856	4.43931179829
-2.54062909938	4.39403554331
-2.63150340421	4.39040246695
2.91492150942	-4.6899151098
2.93709509961	-4.70930944744
2.95027653736	-4.72249225912
2.9610392412	-4.7322356631
2.99359714588	-4.76619401142
3.03520910585	-4.80727678954
3.06368823886	-4.81508575386
3.10893335863	-4.86946186719
3.15727732555	-4.93609066998
3.22972035841	-5.00335298949
3.31679647924	-5.10312890944
3.54879095181	-5.25141597324
3.6512057878	-5.30923699292
3.75384931029	-5.33277699472
3.95238589947	-5.32165994438
-2.63147361789	4.3904168187
-2.69328308358	4.52363870687
-2.72703405719	4.58655649462
-2.78594409312	4.6878222505
-2.81895916214	4.74071064227
-2.86828357764	4.83953496794
-2.97091759344	4.92001310157
-3.08713551978	4.95498996543
-3.19245325083	4.98476870202
-3.29495470045	4.98673785811
-3.45066006384	4.98802653554
-3.5768662364	4.98303591929
-3.67960682226	4.970109038
-3.81952826383	4.94577007542
-3.91011904712	4.88692004638
0.453463360442	0.285334870676
0.548417089683	-0.0453294808065
0.716039676365	-0.328125494229
0.81727310225	-0.542683353601
0.878962706037	-0.637679005468
1.01771883659	-0.832292278324
1.16603180664	-1.05058273924
1.23425603709	-1.15352337046
1.31539032624	-1.27815463632
1.37598479445	-1.41656281637
1.5698105788	-1.60056427731
3.68866856299	-6.53942560929
3.73704675684	-6.70629299018
3.77394542263	-6.78346051806
3.80116954253	-6.8444208546
3.84584705808	-6.95986609934
3.86800198905	-7.0918846383
3.87666655896	-7.18190616539
3.91884101287	-7.34805419388
3.92340829785	-7.46838716246
3.84635340269	-7.63067207072
3.82444810467	-7.84832793757
3.81196751885	-7.94547757086
3.80175692789	-8.03828957382
3.78169044393	-8.14177906801
3.75934124878	-8.25418422136
3.72062381505	-8.37269697675
3.62811263404	-8.61493298898
3.58049356732	-8.77686137754
3.56024152672	-8.82857422458
3.50439271418	-9.00312405076
2.34273254165	-5.77894904337
2.33117286607	-5.82463325443
2.31064533505	-5.88297509998
2.29000134752	-5.93456772395
2.25270672355	-6.01917418345
2.22600258185	-6.07709495646
2.21083552949	-6.10940201968
2.1630034321	-6.20868232658
2.11628682231	-6.304165403
2.02665386887	-6.44087727979
1.97316249668	-6.53178068978
1.91447982498	-6.62915603539
1.84305443549	-6.74131420649
1.75903856226	-6.87306658083
1.62252934343	-7.07535778009
1.45338457111	-7.33726232782
1.19296202729	-7.7020340266
1.03581831952	-7.91275967973
0.908202162044	-8.05084076896
0.757098734779	-8.199405444
0.688586508138	-8.24340887835
0.652379488145	-8.26994155587
0.557001341117	-8.31815313765
0.401671286062	-8.38824617624
0.280538875937	-8.42957719688
0.0597193662232	-8.52152284492
-0.070302873587	-8.54616122462
-0.152773321944	-8.57345647537
-0.301442961434	-8.62830165481
-0.36300855726	-8.64289206875
-0.484871850311	-8.66751050829
-0.569410917714	-8.68281648933
-0.804438540796	-8.70889814859
-1.00296755984	-8.73666812152
-1.40219913314	-8.72339007855
-1.69869946602	-8.71110948945
-1.98167843426	-8.68732722078
-2.20176753096	-8.64461302341
-2.42000481677	-8.57724357416
-2.53234828118	-8.5354664516
-2.61391542553	-8.52841283045
-2.75438026002	-8.45064450634
-2.9586083935	-8.3554251105
-3.07791274614	-8.28760339394
-3.1178316993	-8.26611430767
-3.16904965324	-8.2423643457
-3.2414938819	-8.22768409466
-3.26603903201	-8.2179331904
-3.34535173953	-8.17791606118
-3.50079413698	-8.14276235451
-3.58658605497	-8.14161920033
-3.69053301696	-8.08802224439
-3.81824999391	-8.11067924308
-3.92382375252	-8.134100793
-4.12608454102	-8.16923763971
2.72618780266	-4.63875603437
2.74212628023	-4.61046689882
2.7894121034	-4.49986572353
2.83541944422	-4.42150996113
2.89584798315	-4.34700853293
2.91041796068	-4.28431951043
2.9424000287	-4.1358221458
2.9745777896	-3.94073087489
2.94464243455	-3.67230612354
2.93679287796	-3.53252290923
-5.61142037468	6.7391528275
-5.65622002629	6.69742828416
-5.70482664914	6.65018304682
-5.72873295382	6.59142164759
-5.74285379394	6.53676441845
-5.77101778305	6.41071964265
-5.79946430251	6.33362869945
-5.80678340707	6.25881445187
-5.80952193737	6.15853647115
-5.80177763152	6.07293400718
-5.80402167897	6.04218376806
-5.80540768343	5.91405681329
-5.82920458359	5.82527704347
-5.84106846855	5.7580920732
-5.86284350124	5.69362716239
-5.89561684115	5.61565939026
-5.93784410979	5.54322964248
-5.9860249359	5.46227085623
-6.03241905618	5.40120889467
-6.07381245141	5.33765393702
-6.12209294346	5.26630942677
-6.15139961253	5.22388363345
-6.20012558392	5.15610108626
-6.23686867316	5.10272211999
-6.26613558152	5.05997683533
-6.31449457813	4.98435620411
-6.37390920528	4.87972024327
-6.44796194313	4.76038074531
-6.49746516763	4.65010798655
-6.50697527997	4.61460685535
-6.54539933446	4.54474687479
-6.59274105499	4.45706928016
-6.60591794332	4.42010093061
-6.69802740351	4.27844171628
-6.78156916782	4.18133587224
-6.85102915715	4.07999223449
-6.91653166588	3.98857066225
-6.97798269619	3.89928983094
-7.07267317007	3.77778859649
-7.16240205237	3.64105309287
-7.21696653931	3.55968437984
-7.26979945747	3.49184678886
-7.35122164983	3.40363116085
-7.4225074697	3.3371107808
-7.47425309461	3.29099442901
-7.53331777136	3.24427357576
-7.58638949062	3.2366436667
-7.66615423197	3.15511168044
-7.89225618222	3.03596865392
-7.9538591025	3.0356686781
-7.99174602819	3.03294302892
-8.09383995451	2.98568581049
-8.19433790822	2.97307526104
-8.20247852376	2.97141634035
-8.2856135761	2.97507865297
-8.34254591771	2.97200545423
-8.48160672345	3.00466297549
-8.52604080139	3.00937022076
-8.67075393306	2.99371013262
-8.75863422943	2.98078854044
-8.79440763501	2.96564715453
-8.82193799777	2.94872868826
-8.85042823074	3.01350779506
-2.06294868249	-7.31787799374
-2.16692853008	-7.27480640959
-2.21405229881	-7.18685081559
-2.27097183739	-7.00425407862
-2.32303568228	-6.85484934574
-2.33341115047	-6.80376203557
-2.33505783982	-6.79273259205
-2.34614976167	-6.75109290518
-2.33376699267	-6.69507284267
-2.31489718149	-6.63541540805
-2.27222488963	-6.53332212056
-2.23303129405	-6.45173164674
-2.18887411388	-6.37566293906
-2.11164220981	-6.21152211259
-1.97204851518	-6.04554982438
-1.84702712881	-5.94342587656
-1.83956984017	-5.94575078453
-1.77526305056	-5.92352780063
-1.68801206172	-5.85121149892
-1.61802885561	-5.78476425335
-1.54835247448	-5.72320735536
-1.50475501494	-5.64622991223
-1.46824237092	-5.56134671905
-1.403072204	-5.50689343696
-1.30024683021	-5.42778311105
-1.22811752263	-5.3826404121
-1.17058487319	-5.32337459211
-1.12255567405	-5.27710151721
-1.0442783013	-5.23030615326
-1.02837284593	-5.227975264
-0.995985654156	-5.18751646142
-0.937919701813	-5.14645158928
-0.84792657978	-5.09085792315
-0.742254139301	-5.04262907159
-0.62195350722	-4.98450680735
-2.37686289309	0.558515745225
-2.35955784847	0.5183042637
0.791669414272	-9.44979745326
0.672839682708	-9.40636771206
0.420011130872	-9.33861962527
0.1846912043	-9.33471367627
0.016354630521	-9.30690289434
-0.0286744180227	-9.29823789331
-0.164866133986	-9.22885427805
-0.355299891771	-9.17500317492
-0.589224940276	-9.16174357814
-0.732915970842	-9.13924071178
-0.91045253477	-9.15739771404
-1.24122362529	-9.24034444391
-1.35617980218	-9.25202522871
-1.46637721874	-9.28825805497
-1.59826726292	-9.33819127705
-1.68763148959	-9.38995246859
-1.74001033869	-9.41081549731
-1.98782679231	-9.54637173203
-2.09196548248	-9.62587295877
-2.14747679542	-9.67204497587
-2.17578301752	-9.75237030676
-7.43978113636	2.62955937792
-7.45804210371	2.61012604547
-7.46040125581	2.60770562197
-7.48365313844	2.57594846749
-7.51899252644	2.55067319192
-2.17090516411	-7.77942617147
-2.11837232649	-7.63486107322
-8.71510561843	-12.9917448195
-8.67916861632	-12.8412082436
-8.59916618612	-12.761948586
-8.56270377509	-12.7170713933
-8.458802442	-12.6136812307
-8.31841485821	-12.5584480975
-8.27323350314	-12.4981493429
-8.21473417576	-12.3245262313
-8.13488423666	-12.1964236558
-8.10680730071	-12.1467138942
-8.06404144527	-11.9846732143
3.50438761809	-9.00312684746
3.39249853192	-9.07960002351
3.30076508242	-9.1080902024
3.10679868759	-9.17979376353
3.07732664707	-9.17026025836
2.95902723135	-9.19153450336
2.88181396754	-9.18854191337
2.79847023826	-9.17369903914
2.70181915371	-9.13811704581
2.63923201923	-9.10993617989
2.57402103211	-9.06474442259
2.51675181879	-9.01202032422
2.47481385837	-8.93875010051
2.41774586249	-8.84901101926
2.36354677422	-8.79855067225
2.28133106743	-8.59305111673
2.2586032816	-8.4147186145
2.25984104357	-8.32468036214
2.25882369907	-8.19604176539
2.28855138753	-8.03605035033
-7.92287527363	4.43650221872
-7.89662431129	4.55132049207
-7.83956820042	4.65483116603
-7.77320292544	4.78999482609
-7.68103707922	4.94354338616
-7.62635434783	5.02885990867
-7.54266354992	5.15650968783
-7.43246071872	5.2974045536
-7.34540405444	5.44529939155
-7.16287612535	5.67320930582
-6.94726931631	5.91730864499
-6.69316352346	6.16147012037
-6.54535490956	6.3056111175
-6.29568830588	6.48990577046
-6.10691031148	6.59525256599
-5.99045281784	6.64346128127
-5.82777420767	6.70737678222
-5.70247618633	6.72141209468
-5.6114996523	6.73920629425
-4.83323308902	-1.82471064055
-4.91811352792	-1.85188520034
-5.09495664602	-1.91453522492
-5.24728167092	-1.96289025506
-5.33904831014	-2.01407429671
-5.45364076686	-2.05085796794
-5.57232593369	-2.08521173302
-5.79833613425	-2.12437741313
-5.98908267033	-2.18034139435
-6.1002808319	-2.21811887871
-1.33323471437	-11.0457250906
-1.19240319084	-10.9858785684
-0.845679790127	-10.8159159426
-0.538360438789	-10.638146776
-0.410935832313	-10.565562848
-0.277425482838	-10.4823422805
-0.200461434943	-10.4243329618
-0.0795141659982	-10.3339356205
0.0878155186624	-10.1841730184
0.254463828207	-10.0450960498
0.374616515202	-9.93502828797
0.472906979214	-9.84304899662
0.534428064937	-9.77907448854
0.647082231808	-9.6184925974
0.791658873432	-9.44981607247
-6.10029933245	-2.21805990244
-6.05849541525	-2.37780151727
-6.05248536209	-2.54864538529
-6.05260459306	-2.67632120799
-6.07736533489	-2.87000464714
-6.10803738686	-3.0597254135
-6.09094115745	-3.29465778074
-6.10329760783	-3.43455977628
-4.7396267836	-11.8479257069
-4.70854161163	-11.8196241373
-4.66762956487	-11.781174154
-4.61759782404	-11.7464330967
-4.57306985023	-11.702980181
-4.53983546971	-11.6791938518
-4.45249769853	-11.6579332936
-4.40628073399	-11.651620387
-4.33553600141	-11.6438330816
-4.12037357106	-11.6272842996
-4.02033735956	-11.6208448766
-3.93944244056	-11.6135158794
-3.57277512066	-11.5933608036
-3.27006220594	-11.6155988004
-3.26996413172	-11.6155974575
-3.18994512281	-11.5985489538
-3.09953779636	-11.5896636573
-3.01336267006	-11.5847412005
-2.93015108183	-11.6156954708
-2.82826536392	-11.6481452133
-2.75618780303	-11.6752063981
-2.68866455921	-11.6676294439
-2.61961944222	-11.6572778284
-2.31660058823	-11.6010051908
-2.18150185685	-11.5635038646
-2.07913390236	-11.5266420263
-1.96447482892	-11.4812434249
-1.86710858899	-11.4456815599
-1.76527764348	-11.3586462855
-1.69483457095	-11.3216295853
-1.56292828184	-11.2495269995
-1.471722864	-11.195372279
-1.33323471437	-11.0457250906
-11.1445667994	-0.716665035331
-11.1445667994	-0.716665035331
-6.46437077031	-8.34697765031
-6.43564693219	-8.36633613589
-6.30862432683	-8.40578447125
-6.21915431659	-8.42970070192
-11.293842973	-10.3569015392
-11.2366954857	-10.4689947055
-11.1814453019	-10.5226941815
-11.0694775615	-10.5667765779
-10.9584959891	-10.7218327248
-10.8376907321	-10.8190416984
-10.7231554329	-10.9015703292
-10.6626510731	-10.9630468535
-10.5796935206	-11.0308875161
-10.5737634834	-11.0354412912
-10.5313853044	-11.0740379641
-10.3931206312	-11.141641747
-10.2542948445	-11.2158719381
-10.2298446895	-11.2293085318
-10.128655888	-11.252346354
-10.1145647588	-11.2598932677
-9.91984088255	-11.3607374071
-9.83665447187	-11.3766130357
-9.81292103703	-11.3873071781
-9.67465015394	-11.4772774053
-9.51528028488	-11.5437209999
-9.39233504877	-11.5707195797
-9.24766596452	-11.6140590373
-9.15413233718	-11.6377322173
-8.99217218589	-11.6994761918
-8.86834084318	-11.7331302853
-8.77880582734	-11.757985387
-8.66215252831	-11.8077348665
-8.58437177228	-11.8332212198
-8.4257967028	-11.8613989766
-8.2452397694	-11.9214281901
-8.06405795861	-11.9846528505
-10.9327274573	-1.93962955195
-10.9211177995	-1.71007148327
-10.9232589363	-1.5902085227
-10.9197452269	-1.51440339302
-10.8651226035	-1.29054872332
-10.774088232	-1.00128257204
-10.7499528259	-0.845273430852
-10.7100364655	-0.702352232813
-10.6448675137	-0.518326821754
-10.6326854125	-0.486399828492
-10.5903328835	-0.36423277784
-10.5195892212	-0.175912459101
-10.4371217271	0.0383934304104
-10.3061260393	0.346264365741
-10.2467177487	0.489023911804
-10.2044612297	0.575979541709
-10.1778361982	0.699441858246
-10.1394618109	0.762525208595
-10.1170416005	0.822225989139
-10.0446228618	0.952996461865
-9.97064468868	1.04827358281
-9.90811594161	1.14582151869
-9.830930025	1.2553994305
-9.78554226324	1.33593661186
-9.72801672874	1.42022593062
-9.65604179087	1.5225601152
-9.57772565382	1.63151402144
-9.44032692993	1.81497413629
-9.41072582499	1.83314315311
-9.28729268043	1.89671750229
-9.21573634109	1.95216324938
-9.1722726262	1.96724763752
-9.07530113373	1.96011993145
-11.1311126145	-8.71539604955
-11.2802138148	-8.73950004467
-11.380697689	-8.73939556074
-11.5801218186	-8.76052280815
-11.6729553613	-8.77054507889
-11.8312724653	-8.78626124741
-11.9553808797	-8.78582231599
-12.0360996956	-8.79247454489
-12.1479627162	-8.79973046763
-12.2225515537	-8.8472466848
-12.3460171987	-8.90039997599
-12.4259617991	-8.91146637955
-12.5334481144	-8.95884811173
-12.6505404884	-9.03762579762
-11.4691410076	-2.93361595237
-11.4244223162	-2.83210449504
-11.3596399022	-2.72851903627
-11.1866721811	-2.49859163307
-11.1418611222	-2.40791355285
-11.0526388015	-2.23125173608
-11.062133983	-2.16628681985
-10.999985182	-2.01205602818
-10.9327572016	-1.93959267045
-12.3267390385	-4.46989679852
-12.5331873456	-4.53598145994
-12.6508853488	-4.60890610915
-12.8115194825	-4.73407146279
-12.8385997868	-4.81040887689
-12.9505277793	-4.95089213218
-13.0219123435	-5.04023368159
-13.0831505751	-5.16717056017
-13.1607786503	-5.33946832266
-13.1810416344	-5.46584515491
-13.1585897967	-5.69822240126
-13.1493944822	-5.7521385797
-13.1308302823	-5.84376418452
-13.0631239309	-5.9826521817
-12.9562760841	-8.8604401396
-12.9348251791	-8.72990619357
-12.9313604045	-8.66800000267
-12.9158097775	-8.56768874994
-12.8464938194	-8.38063460306
-12.7746251628	-8.20869272733
-12.7394034391	-8.15171358021
-12.705328984	-8.09425644733
-12.655902947	-7.96456830952
-12.5914039323	-7.86432982247
-12.5188128255	-7.79158393527
-12.4687177065	-7.70539577816
-12.4095587047	-7.59636829688
-12.3658009977	-7.49105549243
-12.3114686623	-7.36827180709
-12.2363553251	-7.30342199351
-12.1226635743	-7.1523716902
-12.057967388	-7.06959767007
-12.0719508885	-5.11240307341
-12.1339399385	-5.24624142145
-12.2240632681	-5.28690812014
-12.2621406877	-5.41285118938
-12.257132342	-5.5904450238
-12.2991134824	-5.67178955757
-12.3063918921	-5.6938048161
-12.318008835	-5.73162636809
-12.358441729	-5.85785566228
11.165686936	11.7375923693
10.8888334587	11.8058762962
10.7302070913	11.86486251
10.5876038012	11.9235698314
10.4439802124	12.006520711
10.2956556144	12.0555125922
10.0850651149	12.1153833896
9.94362440201	12.1666621097
9.8524128538	12.1970057546
9.70939009601	12.2278924921
9.59501161932	12.243492557
9.48673217745	12.2567824607
9.35937714649	12.2627151989
9.24866477261	12.26408448
9.07008208509	12.2448974192
8.87938388302	12.1947424719
8.83763462487	12.1851541992
8.76458521758	12.1589115784
8.6721911892	12.0818250163
8.54016737797	11.971430752
10.7117539675	2.86698514337
10.7718766727	2.8614230715
5.01247333527	6.62916447702
5.0690607189	6.61513939019
5.29088291769	6.56682211379
5.37000563163	6.52653152287
5.44126977639	6.50439590899
5.53874094122	6.48336927884
5.61254977698	6.4727089893
1.6258302035	-2.36342895506
1.61899209629	-2.32270424711
1.58186116261	-2.22263250516
1.56863271933	-2.15156226144
1.50039126341	-1.96288208374
1.50618756655	-1.72989449174
1.56980599651	-1.60061442086
-8.37225073073	-13.5020124567
-8.42142482484	-13.4558199817
-8.49043883434	-13.3905178059
-8.51055631778	-13.3843851995
-8.54038138475	-13.3510535881
-8.59251367054	-13.2643449919
-8.62029449043	-13.2141360544
-8.67213658731	-13.1224215312
-8.69265116844	-13.0677430077
-8.71511580371	-12.9917427916
-13.0631223623	-5.98265346003
-12.9581018617	-5.96268043208
-12.8999226138	-5.96781825754
-12.7095162314	-5.87537635504
-12.542573275	-5.85386571368
-12.5107471016	-5.81115859799
-12.3534161036	-5.86047036722
-14.0146611441	-6.59618536418
-14.0069331223	-6.63330680257
-13.9859982963	-6.71498970842
-13.9761071013	-6.7486962677
-13.958430878	-6.80151556121
-13.938495303	-6.85722541199
-13.8760609218	-7.02242450858
-13.8430155831	-7.09721427271
-13.8108027133	-7.1686097606
-13.7773218142	-7.23818249532
-13.7242643321	-7.33885100904
-13.6927739105	-7.38295745427
-13.6468891249	-7.40825675121
-13.5607902028	-7.43524791328
-13.4871574503	-7.44797083086
-13.4613358018	-7.40095222762
-13.4347887698	-7.31387371582
-13.3851105408	-7.20281326688
-13.320766989	-7.01477733442
-13.2536851206	-6.79500098982
-13.2743258342	-6.69716813137
-13.2370844438	-6.50765033944
-13.2020184929	-6.31973315889
-13.1756036682	-6.20164704581
-13.0925635937	-6.09815164278
-13.0631423189	-5.98264173171
13.0338959804	6.67723401286
12.8531838724	6.74489670377
12.7834484031	6.7809211127
12.5995125431	6.76833026647
-0.62195321739	-4.98450544434
-0.531952237582	-5.02016210305
-0.338394198658	-5.04712472896
-0.0820024563518	-5.09218444888
0.0585681357264	-5.08310438435
0.140652858557	-5.07305065192
0.268635260341	-5.05465617078
0.428501206052	-5.0232485995
0.558261773084	-4.98273678269
0.630647986599	-4.95783297249
0.700854366061	-4.93944876278
0.755664511867	-4.92465935321
0.826130716286	-4.90496484861
0.879065791847	-4.89138349471
0.93666076714	-4.87626135553
1.03617231412	-4.84945535585
1.14825713631	-4.81923995914
6.74957091274	-4.76810939583
6.78586303925	-4.71378415757
6.85539139598	-4.65448895642
6.93248467343	-4.54001974906
6.99934098882	-4.42134287916
7.02914389009	-4.36447620104
7.10600843917	-4.23646014969
7.12086678466	-4.22268098822
7.15734116455	-4.14539222066
7.18650540321	-4.08947663079
7.21429774795	-4.03215378556
7.28065436881	-3.89259382442
7.33954422748	-3.76859058824
7.37055901038	-3.68858277531
7.40925048579	-3.60289090797
7.44833895774	-3.5116936733
7.49935109617	-3.39254075931
7.5652889322	-3.24644654288
7.59236845051	-3.12807224199
7.61225454472	-2.9608555199
7.64203649761	-2.81195008284
7.6635772256	-2.7104272598
7.68477770291	-2.58803481559
7.72240910553	-2.34056195334
7.74382446834	-2.19344247189
7.73749680453	-1.98977701585
7.74294039299	-1.79427918675
7.73464782063	-1.64702418771
7.73699986537	-1.53687687419
7.75312117608	-1.31670102623
-4.55191164313	3.91465490469
-4.38780490868	4.11464529162
-4.21056295794	4.38812834167
-4.10633421104	4.53376824621
-4.06523175645	4.59107982012
-3.99485440418	4.72102864264
-3.91009530156	4.88691323084
-12.057967388	-7.06959767007
-12.0858923357	-6.95811218088
-12.152067001	-6.79862980748
-12.1772086859	-6.67892906145
-12.1993785258	-6.57910465975
-12.2200973838	-6.49241728886
-12.2314866792	-6.45206747865
-12.2603805422	-6.36559577194
-12.2317049745	-6.1709407867
-12.3088751817	-6.0601604766
-12.3584042557	-5.85787692875
-2.94958603274	8.18903645669
-2.88963018499	8.15899101482
-2.83034288579	8.13282507006
-2.7425911375	8.09317012234
-2.69608174429	8.03617259215
5.81582820468	-2.96797902259
5.8342665297	-2.76353621621
5.84756755073	-2.67405573458
5.85106611911	-2.64507151067
5.81788038567	-2.50047526006
5.81353574179	-2.37024077708
5.82262983134	-2.23314321143
5.84277829579	-2.13313162128
5.86743978249	-1.92223563048
5.89749459511	-1.77720544087
8.0094678816	1.05063330355
8.2028815218	1.06645751845
8.30490112689	1.05890997907
8.51761227639	1.06339736643
8.64709132287	1.08767815538
8.70328477492	1.10803793122
8.79893674288	1.14328854582
8.96171339099	1.17787300489
9.01975249026	-0.0130105014932
9.06459346206	-0.0740396955444
9.13282783821	-0.11510533333
9.25041412611	-0.171950785713
9.45950208105	-0.166935436237
9.5209949756	-0.148792444141
9.72500148197	-0.077632680997
9.94956375311	-0.0232887995001
10.1336713895	0.0524365490385
10.1333330454	0.0520754922841
10.1247380372	-0.112795286578
10.133756678	-0.205982013059
10.140823519	-0.339455136884
10.1331613717	-0.543961131674
10.1318213432	-0.582861235973
10.1656225927	-0.677466647445
10.1903223476	-0.770375363186
10.2399765114	-0.847790971306
10.4262423775	-0.928992992544
10.4441987865	-0.945600805727
10.5365131157	-1.03165765314
10.611030288	-1.12321249078
10.6681474635	-1.19352416201
10.7995859255	-1.27298543064
10.9176950503	-1.37047873167
11.0191718271	-1.34229596228
5.43550569379	-0.0797826915521
5.64296732241	-0.0609970393591
5.80527897442	-0.0487915935333
5.89348721112	-0.034014867486
5.98459403977	-0.0171147444398
6.07040438238	-0.00404591796003
6.15902748512	0.0131722155359
6.31684656184	0.043553674595
6.47817563702	0.103820611819
6.55911300813	0.112104792608
6.68300808755	0.108805818207
6.80624346356	0.111259410458
6.90268117027	0.132942856744
7.01439530785	0.156120502051
7.11206182249	0.187798906572
7.21205131836	0.225071781495
7.30790163658	0.308121298603
7.37491663884	0.342028809426
7.44738893133	0.399934963966
7.5352478855	0.483087357107
7.7377102884	0.642886298484
7.86333546268	0.860285106737
7.90768113589	0.938840159286
8.00951847158	1.05082052039
-4.12607106589	-8.16922538944
-4.11906954649	-8.29616981667
-4.15757111627	-8.33618287147
-4.24052991041	-8.38300122413
-4.33470185772	-8.43071370084
-4.45345119807	-8.47587648438
-4.55816084106	-8.53084965529
-4.6088707604	-8.59167664957
-4.70590500283	-8.6126231738
-4.79348714707	-8.62898234026
-4.92957541057	-8.63524109817
-5.02875054048	-8.6409237096
-5.12087302765	-8.64089766843
-5.2146280889	-8.61520734652
-5.33653464342	-8.59612956013
-5.39340019995	-8.58782700512
-5.48987789348	-8.57074937042
-5.6102807805	-8.5509445519
-5.68832697493	-8.53503763836
-5.79820830386	-8.5360638954
-5.86917227342	-8.52089370934
-5.90978453648	-8.51244971771
-6.08307485011	-8.47887700672
-6.21911241377	-8.42969956687
-5.84718546076	-10.360040976
-5.64177762765	-10.3286451818
-5.50836493606	-10.3032690169
-5.22794777557	-10.3459192006
-5.07551725681	-10.3306971032
-4.75820685163	-10.2850885717
-4.63460320179	-10.263388528
-4.60923179122	-10.2531516899
-4.52510467184	-10.2276833104
-4.31621340706	-10.1574994642
-4.143170343	-10.0990252983
-4.07468448157	-10.0649902356
-3.80249625979	-9.97460471846
-3.58223529669	-9.88575496851
-3.45561330831	-9.82122843195
-3.30669129454	-9.68512750201
-3.18012055534	-9.67172327709
-3.05918884012	-9.67680636896
-2.92825347693	-9.68416301974
-2.8257165431	-9.72318427504
-2.80518422777	-9.72339394698
-2.56177490584	-9.71620391076
-2.33322696578	-9.72852840008
-2.17578301752	-9.75237030676
-7.65696628795	-9.13647092677
-7.56899138419	-9.08673898145
-7.47759304573	-9.04309071053
-7.36103862606	-9.0035608463
-7.31086790218	-8.97042385006
-7.19757879684	-8.89507989816
-7.08823960793	-8.80933419708
-7.0080504133	-8.75375662894
-6.92523592791	-8.70021821934
-6.89079881268	-8.67963903207
-6.88192891398	-8.67427500955
-6.69650706352	-8.58085344854
-6.51357204129	-8.49952500953
-6.44577559773	-8.47413893535
-6.38029900329	-8.45431131025
-6.33497108242	-8.44456990934
-6.21908519817	-8.43078566294
-12.5875526411	-9.98965653882
-12.462915454	-9.89288346485
-12.3569220722	-9.98063585905
-12.2901758544	-10.028614956
-12.1932738515	-10.0864788505
-11.9997151758	-10.1876945969
-11.876154066	-10.2933867814
-11.7380577415	-10.338348055
-11.6511284314	-10.3657080235
-11.5143925215	-10.3926366962
-11.3950016946	-10.3995987424
-11.2938429731	-10.3569015392
5.61259835917	6.47270586302
5.66982039973	6.53284524614
5.62797181069	6.60801119715
5.57631183218	6.69690624749
5.50298970912	6.83993502475
5.34033238483	7.12831380177
5.19208126415	7.25061763458
5.06950730896	7.3510935712
4.92789436235	7.45925583412
4.80323466688	7.54409904714
4.70916005862	7.60505210315
4.53875187033	7.69227935668
4.39185071799	7.77249546429
4.24062306909	7.83341922605
4.03575318421	7.91681706743
3.96343560371	7.94205389806
3.80235202703	7.97471740574
3.62497627817	8.04817177264
3.47092202361	8.07896723358
3.37847077276	8.09318087588
3.21589741599	8.11009471773
3.10081815008	8.12220894924
2.99582191396	8.13455900803
2.9128378957	8.13710113732
2.74395469511	8.15100431791
-0.840801351626	11.0897488638
-0.757013644392	11.124699906
-0.67702356018	11.1567507052
-0.508593157296	11.229617525
-0.360038164373	11.2888315152
-0.179732113475	11.3486260539
0.0248471945082	11.402981532
0.269728105743	11.484289934
0.460193873972	11.5452521413
0.529636925839	11.5659287015
0.69898659101	11.6133349988
0.887760739916	11.6619888779
1.07272131218	11.7056388226
1.41804113863	11.766537923
1.69580920034	11.8027324161
1.86229952478	11.8348476265
2.09315824971	11.856762382
2.35801097977	11.8521989577
2.58750029116	11.8286872041
2.70859278632	11.7999443593
2.861875673	11.6990905355
8.54018580685	11.9714262034
8.63534975876	11.9072133448
8.69122157747	11.8419204188
8.86263501372	11.675023756
9.015118292	11.5203944294
9.24363511705	11.3171595433
9.41217407113	11.1315118482
9.4794096191	11.0473863856
9.53530648653	10.9548730344
9.53743658327	10.8909663658
9.51629528288	10.832619312
9.52061312013	10.7087118503
9.47765590068	10.5921371635
9.41240032876	10.3870044039
9.35460426039	10.3178575007
9.28715942969	10.2437348284
9.12823986261	10.1751767029
8.99814640029	10.0879074272
8.88231990156	9.9786697599
8.77430168751	9.87032663186
8.69730070221	9.80268857327
8.64993247315	9.74074909992
2.74394111195	8.14948090638
2.63971808247	8.28124334284
2.58156076477	8.33705714641
2.54553003059	8.36648583582
2.45663163588	8.42304591395
2.38746720583	8.45760720513
2.26794554738	8.53047237976
2.22076533472	8.55528271689
2.09326543842	8.59781789606
2.88132631067	1.77502981914
2.86877199148	1.93645406728
2.92441367868	2.09541678267
2.96184549066	2.24100591613
2.98322939554	2.33902745964
3.02332556434	2.44158205174
3.02376865474	2.53276047241
3.0136207981	2.71858136855
3.01279218151	2.81263477324
3.01605095777	2.92859988414
3.00223951039	3.03388140052
2.97275359604	3.21734475986
2.89484331752	3.34768428811
2.7750228368	3.49463878276
2.71912462693	3.54720623547
2.70586998426	3.6117485941
2.61424497252	3.69355111175
2.47159934912	3.84732182541
2.38617310543	3.98048092336
2.23926732561	4.11934891707
2.11232252978	4.23057331576
-0.767649777256	11.1149291507
-0.840801351626	11.0897488638
-4.93330037438	7.01174515724
-4.77341275956	7.06073773334
-4.60967476335	7.10434498084
-4.49700481396	7.14607713738
-4.23015217437	7.1720838323
-4.04480150836	7.14151875053
-3.74100902592	7.07546543289
-3.67643806047	7.05427430277
-3.44282402518	6.9728832335
-3.25423411426	6.90890527838
-3.07230704423	6.85727634171
-2.8054830183	6.81934184723
-2.25853172803	6.86950817424
-12.6505404884	-9.03762579762
-12.5876360137	-9.11806577916
-12.5863832205	-9.20450555877
-12.580879517	-9.27352120743
-12.5746961627	-9.38844247058
-12.6080077108	-9.57165112198
-12.5876092255	-9.98966254902
7.14516092768	6.83224347471
7.26668005143	6.86478672562
7.40441213633	6.82987368927
7.55237479101	6.82448652266
7.6532204925	6.80390773966
7.79737125526	6.75320477746
7.91817302669	6.74061542793
8.01753231447	6.75017558364
8.21659614537	6.79598327195
-2.11836258604	-7.63488140976
-1.90477380435	-7.76542074605
-1.80236004068	-7.8074602479
-1.74027929918	-7.83975503689
-1.61882634189	-7.89917904103
-1.59749025975	-7.91186430066
-1.58638149459	-7.91881964776
-1.49653892465	-7.95753049138
-1.45890017185	-7.9704404339
-1.36302221077	-7.99534581306
-1.20286988994	-8.01765069476
-1.07261363093	-8.02518901198
-0.868332026936	-8.0292210193
-0.800053762828	-8.01568858866
-0.715140289146	-7.97510886778
-0.608255689003	-7.95350940211
-0.48847500094	-7.92987187102
-0.41326898402	-7.91033568502
-0.255623267087	-7.95007279641
-0.111993848148	-7.92515096746
0.060975810702	-7.89332704812
0.193755961405	-7.86068564467
0.329080629216	-7.82603732056
0.439369700204	-7.83408848951
0.585560886748	-7.78924679587
0.845527744268	-7.70251975463
1.00789904942	-7.64030948619
1.20716472359	-7.56455777959
1.32747803524	-7.50526779109
1.48216209262	-7.45682199917
1.71619486598	-7.32218339183
1.94099771142	-7.20782591596
2.22947734322	-7.02371793889
2.64581408529	-6.62858734494
3.08541076769	-6.1905265115
3.2553840828	-6.05303414033
3.41485310141	-5.98018827831
3.58288997928	-5.89099625546
3.70206789904	-5.82630215532
3.82626185537	-5.72616440973
3.88954543548	-5.61154555928
3.93404822792	-5.47830395856
3.95237087554	-5.32167053904
1.56981861494	-1.60060016396
1.73473619508	-1.55781240115
1.84031832822	-1.5478071541
2.00006077686	-1.5634092058
2.1630334437	-1.56210052626
8.96171334596	1.17788299114
9.0313793833	1.06816967147
9.05890217197	0.976075398428
9.0994200564	0.906044423655
9.11760324095	0.806710788378
9.12913055555	0.568415355193
9.08448014343	0.314186477035
9.06583256241	0.240496085861
9.04313569302	0.127662385956
9.01976430222	-0.0128711662614
9.61288682787	8.15349955439
9.49254551353	8.02364593776
9.40850001326	7.97056129355
9.2658042565	7.92287625845
9.16544019877	7.93197525402
9.06749905819	7.94866817477
9.00384917861	7.96682162081
8.86110584733	8.00242982968
8.7948927011	8.01400349166
8.74223616006	8.02256740725
8.56961392076	8.04837483225
8.43363364201	8.04907702215
-9.96885990276	-6.77535374726
-10.0128244004	-6.81959417163
-10.0918286892	-6.85282129118
-10.2629416487	-6.94665384332
-10.3816279824	-7.01602848018
-10.4426989293	-7.05560107706
-10.5819542927	-7.12443910984
-10.6849516885	-7.15316884045
-10.8251769532	-7.18026803386
-10.9536420194	-7.20336116264
-11.0721703191	-7.18576171113
-11.1375120187	-7.18840702042
-11.261257374	-7.20437272631
-11.3948361616	-7.20065524065
-11.4915866639	-7.20126916054
-11.5899050844	-7.11000868437
-11.8384053063	-7.09155772619
-11.954187553	-7.0797475278
-11.9784942094	-7.07715378427
-12.0377457182	-7.06382479786
-12.057967388	-7.06959767007
5.67012105288	9.11899474157
5.58711239137	9.15219138136
5.50687838511	9.16628489256
5.44943554248	9.17994265927
5.33188209242	9.19075011768
5.16030248509	9.23407687877
4.94111629488	9.26832675915
4.72996554645	9.31906634473
4.50602003375	9.34639228147
4.3559854994	9.38512407917
4.27535406649	9.38423611335
3.99480777556	9.46942196852
3.90650203181	9.57507778342
3.83510690995	9.65991754513
3.77911752843	9.73592150909
3.63726415351	9.86245028726
3.56391830719	9.94606295496
3.43470347483	10.1121905405
3.33401121942	10.2606076348
-9.0752879262	1.96012182448
-9.06731054141	2.09925324548
-9.06705922084	2.24260889983
-8.99274583968	2.37315782469
-8.99903621997	2.47728344548
-8.98240773489	2.54832787016
-8.94640247213	2.71546517823
-8.85073537593	3.01441679051
10.6659027576	7.78680697471
10.7710870967	7.87880007836
10.883449549	8.0101045283
10.9453243054	8.1220030798
10.6659193146	7.7867681811
10.4986086267	7.7505670052
10.4469791315	7.75315433239
10.3421785624	7.80845066901
10.2719077005	7.84076954853
10.2159707073	7.78785093915
10.1408106797	7.82422142375
10.0000503867	7.89313904147
9.94242093225	7.92408644924
9.86953101065	7.96360657176
9.81189984025	7.93897112214
9.784476226	7.96130285396
9.711623251	8.04617611028
9.68918803921	8.06277266647
9.61288682779	8.15349955445
8.64991917044	9.7407462049
8.81113187399	9.60898126745
8.8858748582	9.53752625954
9.0462158251	9.40891590371
9.18243477593	9.28632824029
9.27092801294	9.22622270982
9.34284469249	9.14549515804
9.4031897288	9.07354894904
9.45672357082	8.9987464268
9.46883498875	8.97198157862
9.45953238811	8.84028226238
9.4722816323	8.76782317938
9.47813787233	8.71753937181
9.4860328489	8.6662305959
9.48445025573	8.61170958204
9.50574107883	8.56372523659
9.57849109097	8.45798324871
9.57131872201	8.32805654554
9.60296471706	8.26029169969
9.61288682789	8.15349955439
11.5389928839	10.0903818055
11.4025400418	10.0667459112
11.3020399298	10.0467884552
11.2198422003	10.026244981
11.0895637399	9.96197933309
11.0096055696	9.91415537328
10.9342968019	9.87276117876
10.8646136109	9.77696850017
10.8432303488	9.73490536586
10.810759127	9.65387226434
10.7815995404	9.54152707213
10.8232349132	9.43336795525
10.8192738994	9.32058964308
10.8220529232	9.24638541915
10.830429999	9.16924882025
10.8511987574	9.07771861488
10.8745094821	9.00576950672
10.9029536203	8.92852249531
10.8922218678	8.82854036696
10.9099892365	8.75214385802
10.9279799165	8.63856368409
10.9433436775	8.54585376536
10.956149022	8.41942311122
10.945623781	8.2671613731
10.9453181948	8.12218555125
11.5389928832	10.0903818052
11.5231422456	10.1311929342
11.5494781028	10.2445257256
11.5817226983	10.3395573164
11.5726579344	10.524642152
11.5086679262	10.7119279134
11.4444137635	10.8070532421
11.428150446	10.8809982129
11.4180642793	10.9408477255
11.4088767487	11.0113671585
11.3889810795	11.0901905746
11.3512452628	11.2335135644
11.3400302629	11.3909004221
11.2997913286	11.4941479107
11.1656868102	11.7375923588
6.50153158755	9.69372978397
6.50726952555	9.80122163995
6.49408771176	9.85809164267
6.46364827199	9.97137838648
6.43385358797	10.0513177814
6.4331899784	10.1183788515
6.41881783614	10.1871263103
6.40248784854	10.2721971304
6.38525269811	10.3815250537
6.39945756449	10.6529292633
6.42502116125	10.7397043329
6.45267903743	10.817381178
6.4744146126	10.8669842562
6.5121343246	10.9285274437
6.61351909236	11.0728509796
6.7134756138	11.1306905448
6.78815866236	11.2151360143
6.88433201916	11.3206648038
6.9547278194	11.4106106719
7.00602336492	11.4558245669
7.1209523798	11.5395894383
7.24519511875	11.6026623545
7.3926561982	11.669157672
7.55567767586	11.7255783516
7.85697104073	11.8154602411
7.95067057163	11.8390725778
8.04607233338	11.8523123029
8.11393490489	11.8679853186
8.30792067197	11.8966099873
8.54018659866	11.9714340957
6.50153158755	9.69372978397
6.41563994135	9.65645136346
6.36837124802	9.62621826179
6.25580653575	9.5224851183
6.16618814167	9.47898778437
6.09590278275	9.43495555146
5.98376559713	9.35311421934
5.903918055	9.30784355153
5.78754383203	9.23298605515
5.73505229227	9.19291061408
5.6695696036	9.11758002836
13.4745393682	8.40686282091
13.4183615063	8.19146479344
13.399059791	8.09026063486
13.3795396744	7.94921947979
13.3629015718	7.85208832442
13.3403027164	7.65091378237
13.2913994857	7.5085927357
13.2704827255	7.38143966482
13.2424723416	7.22020487016
13.1665327794	6.94081793321
13.0338992571	6.67723409123
13.4745797726	8.40688255462
13.4887773876	8.67980898534
13.4757690553	8.8828010765
13.4828151401	8.95499195771
13.4130833944	9.185804765
13.3900300815	9.28513506354
13.3867371327	9.37701787193
13.3028863904	9.55809367076
13.1332654269	9.87766120305
12.6050903616	10.7112800559
11.9693688499	11.3607789901
11.4127141972	11.7000348131
11.2786055772	11.7510057727
11.1653225837	11.7368814969
13.4745797729	8.40688255463
13.616982027	8.31138844999
13.7333732294	8.1957689371
13.7882894043	8.11619879492
13.9015152587	7.91298576516
13.954338049	7.76645329177
14.0191203008	7.57902472821
14.0567602779	7.45971767028
14.1304596294	7.12356801444
7.83470702546	2.32714746903
7.76266942842	2.21595330031
7.74994670731	2.11295409458
7.69193294933	2.05111330373
7.65939260514	1.9954794389
7.65940386838	1.9953725044
7.76273854382	1.84787450473
7.82472934964	1.74935332608
7.84520670039	1.64515725945
7.87068459182	1.49141085917
7.86970361867	1.44621949548
7.93350638086	1.20633203073
8.0095171317	1.05082954608
10.7717495019	2.85966699603
10.8651266561	2.78579762433
10.9473821906	2.71826934785
11.0718054444	2.54098907064
11.2881036507	2.25387986463
2.09326585265	8.5978178706
1.91074717285	8.5729122209
1.78144583624	8.56981033333
1.74430751557	8.58291086985
1.65470423107	8.57663231373
1.55546420983	8.55780322964
1.45585743346	8.5021217551
1.29753135166	8.43124158067
1.11936085821	8.46387485093
7.75313416633	-1.31672848307
7.61053532604	-1.29370906904
7.53215889648	-1.18835271359
7.3676676282	-1.12841383602
7.26652838963	-1.1430472908
7.13374469637	-1.13244345097
7.0087742721	-1.18354004441
6.862605739	-1.21564432151
6.62876645289	-1.31151191219
6.56578710923	-1.36148333966
6.45208631327	-1.44086049658
6.31867637383	-1.52388833412
6.20462192551	-1.62048565768
6.04428003884	-1.7009226775
5.89747813335	-1.77722670484
11.0191700529	-1.34228649411
10.9856069367	-1.46431341254
10.9696097834	-1.50407394595
10.9737368234	-1.56159216055
10.9400086118	-1.67312702024
10.9255896766	-1.74862900557
10.9090604935	-1.84758521799
10.8796028772	-1.97120807588
10.771467885	-2.23098058435
10.7108718461	-2.33997276446
0.0655379726642	-4.10576957619
-0.037609444509	-4.21770533354
-0.0979569705236	-4.26949691819
-0.251253984721	-4.41423980713
-0.34123661254	-4.53397346523
-0.427490275799	-4.65358478626
-0.519005339346	-4.76010527365
-0.559504574333	-4.82750966783
-0.584795295517	-4.91155005638
-0.611548282982	-4.94322732922
-0.621961170729	-4.98452263734
0.399134165985	7.7219129517
0.416541319298	7.58823887774
0.412668735443	7.54118144255
0.405950608442	7.48433536544
0.407521477921	7.43320228349
0.435531408838	7.33311542475
0.477991701463	7.21829487958
0.517549550781	7.12378583277
0.552732837751	7.05608586468
0.582782434298	7.00684621239
0.608289934576	6.92531553804
0.649027996305	6.90872472985
0.766625615202	6.87070588181
0.829313264344	6.85573749984
0.917839020085	6.8454140795
0.995801629773	6.85320903121
1.06708765032	6.86722472278
1.17511366805	6.89441756145
1.22408556679	6.90574158088
1.36225998314	6.95962028401
1.52457590113	7.02553281154
1.68036890576	7.1262550183
1.83324518743	7.23049286879
1.94650385828	7.30928742129
2.07846402545	7.41328706629
2.20022858417	7.49431754476
2.27625764576	7.52244975937
2.40397451189	7.63910465229
2.64761637235	7.84725557252
2.70720689921	8.03114220704
2.74394536015	8.14993559171
-2.25853172803	6.86950817424
-2.32132962714	6.92258415219
-2.35661461775	6.94467241258
-2.39482749507	6.9785692131
-2.50190587631	7.03275253556
-2.57605041735	7.08319876294
-2.64751515702	7.16383944612
-2.76300323399	7.26500016671
-2.81592306696	7.35322780376
-2.87020174304	7.46022360851
-2.88196030478	7.50640041452
-2.89084396218	7.5740456824
-2.89004919774	7.67492743586
-2.85456261789	7.72815104427
-2.83067482712	7.76948988509
-2.78926024451	7.83085542605
-2.77327642	7.87363449678
-2.69611206822	8.03619979238
-2.52996170856	9.5772321874
-2.65427586672	9.47190200861
-2.72016718142	9.41892469934
-2.78910449892	9.36550944341
-2.91249961632	9.33658839683
-3.01803218011	9.26379951776
-1.71057289718	4.79145587549
-1.67235589799	4.53158040722
-1.68298681255	4.24084661061
-1.69191904762	4.11000754518
-1.70361766513	3.97116826049
-1.69849350496	3.76925964951
-1.69868974296	3.65628271153
-1.6971118815	3.4578016855
-1.68677089909	3.31777413121
-1.66787844738	3.16218552223
-1.65085123834	3.04120692378
-1.63388276886	2.84374035246
-1.60746221362	2.75397669719
-1.55939090256	2.60848124378
-1.53098785104	2.49380860296
-1.4840134248	2.38173481927
-1.43083102042	2.27631372136
-1.35559946874	2.152982122
-1.28306356045	2.03928067777
-1.21421963191	1.92722452046
-1.15612092333	1.85999373665
-1.09751465345	1.79585370723
-1.04710402312	1.74361486999
-0.926904338574	1.61404103547
-0.785864453451	1.47208794916
-0.707724573643	1.38093596197
-0.601038714054	1.26957127805
-0.458836855894	1.15833901644
-0.301744674419	1.02932713512
-0.173237790606	0.927071529724
0.0595880680662	0.744831042339
-2.53227052162	9.57142540371
-2.48866986529	9.72769455972
-2.41177901771	9.85968889786
-2.37268131035	9.92380583748
-2.28440768445	10.0848263753
-2.17384218364	10.2312724055
-2.0840009188	10.3363036803
-1.99632139752	10.4225465774
-1.92075620684	10.4939752643
-1.81109876205	10.5719768883
-1.65420322973	10.6592017569
-1.51454216025	10.7267559069
-1.44898598394	10.7601413499
-1.38606817126	10.7999778478
-1.37712906483	10.8237290823
-1.31097085739	10.8606945786
-1.2171443682	10.8982373674
-1.09647963268	10.9611456688
-0.971778800143	11.0278638018
-0.840830596061	11.0897737509
0.0596043270136	0.744829108374
0.270333824227	0.548080172446
0.453508569294	0.285314608073
2.16306423962	-1.56211518093
2.13028009059	-1.28950845098
2.10803478602	-1.2215779565
2.04942989212	-1.05905973023
1.9420482358	-0.892740031071
1.82724617662	-0.719497453873
1.75948665836	-0.521565385217
1.55075123378	-0.27108218441
1.32250635275	-0.0596666159262
1.15888695487	0.0787434139117
1.03022834418	0.186643999286
0.888505170421	0.271921691455
0.631596184708	0.387790789038
0.540101871738	0.419032950768
0.453489457982	0.285314798377
-2.6315054896	4.39067263966
-2.62412937692	4.12044953461
-2.6301242503	3.95087915083
-2.64751672982	3.83731925357
-2.65186584854	3.78900454176
-2.65872868864	3.73896756308
-2.68802821518	3.66274855263
-2.72148645279	3.54331600039
-2.74297542457	3.42989440648
-2.76047936636	3.30869404586
-2.80085285836	3.11861195464
-2.8401566531	3.02332458689
-2.85384923859	2.89796403422
-2.87334390825	2.68704363179
-2.87007327585	2.49858942317
-2.87615322589	2.44366576243
-2.885585201	2.2266129706
-2.87031842512	2.06149995027
-2.85920853042	1.97319733281
-2.84642877457	1.86976815871
-2.8328121522	1.78220105911
-2.78835717772	1.5541060411
-2.74053938592	1.37983420586
-2.70675438568	1.28748444127
-2.6607734295	1.15911802282
-2.60719473225	1.04497315246
-2.51595591923	0.86598663035
-2.51395096658	0.85926305118
-2.44416798288	0.703769804784
-2.3595544545	0.518308584804
3.68865597902	-6.53943892652
3.7006645702	-6.32007486701
3.60116103341	-5.9642015458
3.56083547073	-4.55490827288
3.35959689704	-4.13289780255
3.24453606919	-3.92215922415
3.10953875436	-3.7594736577
3.05612400614	-3.6947834211
2.9831995003	-3.59307014931
2.93681533838	-3.53253700738
3.68863978451	-6.5394417394
3.64108372883	-6.6003070461
3.5793769744	-6.63807654164
3.48481456808	-6.72017262945
3.34013326635	-6.84980530505
3.23838790517	-6.97480172397
3.0896276364	-7.151051142
3.03826306972	-7.21031340313
2.94384568504	-7.28732433222
2.82835453517	-7.42588817772
2.67032853712	-7.58117942886
2.54153284032	-7.76573157234
2.46447329703	-7.86346320342
2.2885687069	-8.0360434754
-5.61142037471	6.73915282751
-5.41730048142	6.79296636209
-5.24836286566	6.84388766323
-5.12460169659	6.91650473304
-4.93309112141	7.01174600173
-3.91009685439	4.88691337479
-3.89726575615	5.1885556292
-3.90440436304	5.34449140793
-3.97809890725	5.40323055707
-3.98798894749	5.49854927383
-4.01381367332	5.59572150067
-3.99802470324	5.72607909574
-4.03339743588	5.80087877851
-4.07725565141	5.88792110665
-4.11398483665	5.95240705006
-4.15796720439	6.02009788256
-4.24017819441	6.07529672895
-4.29241711963	6.15012675591
-4.38059961975	6.25363690937
-4.45030566083	6.35207617124
-4.50226560639	6.4591412636
-4.56855196372	6.55493649789
-4.62924641428	6.67038667587
-4.65738833213	6.71810432291
-4.73716846596	6.81655623498
-4.79938347825	6.88449892395
-4.84830694402	6.95660703689
-4.93307257029	7.01175854246
-2.06064363631	-7.31743417719
-2.11076495078	-7.45558565901
-2.11836332656	-7.63488024873
-2.0606436363	-7.31743417721
-1.84483909921	-7.2423220513
-1.69906001769	-7.18914798652
-1.37907124885	-7.07916545384
-1.2638478331	-7.05369767862
-1.20764947215	-7.03596300228
-1.10656294867	-7.00273302115
-1.06737340361	-6.98582080915
-0.985523275089	-6.96778865162
-0.896423984382	-6.93979723314
-0.822763724552	-6.89607154106
-0.716348116137	-6.86587306378
-0.574654855162	-6.82755469138
-0.424375863728	-6.78776947613
-0.320019879673	-6.76334085017
-0.23410488939	-6.73961379233
-0.0771400125338	-6.7008712554
0.115605797044	-6.64455662425
0.271939626133	-6.60167760808
0.358390226605	-6.58371840134
0.467278566273	-6.57008590676
0.598472596894	-6.50815878525
0.699822384018	-6.47039783615
0.740179392913	-6.44758024865
0.80568697705	-6.41638915698
0.905940529512	-6.36695858367
1.00342585143	-6.31701567173
1.13270119029	-6.23928652466
1.26238250055	-6.15449098103
5.01492011519	-5.85054202071
5.0940602623	-5.8006751052
5.13460266515	-5.74686433211
5.18137303171	-5.67786043327
5.21839665346	-5.61745173942
5.25828528592	-5.55011698245
5.31784595736	-5.43523248287
5.36013378921	-5.34123625106
5.40516478167	-5.25144666654
5.44261000458	-5.15628661872
5.4846355675	-5.06258725717
5.51972211958	-4.96805065385
5.52759166002	-4.86387272487
5.55635876967	-4.80403682149
5.58371164642	-4.59015069198
5.61123938378	-4.43933006901
5.64191014123	-4.2330375047
5.66161532179	-4.12288284384
5.68714865288	-3.98497652408
5.72995807574	-3.78569028312
5.74787471896	-3.67987666876
5.76950770047	-3.55888056398
5.80300377444	-3.34570163337
5.83093948692	-3.1744437365
5.79822032462	-3.08020210026
5.81581841747	-2.96797998311
-2.35957640023	0.518299403068
-2.3154446342	0.364998704889
-2.28695719341	0.247204702961
-2.26635559764	0.155568054943
-2.24732859055	0.0830953938623
-2.23065063962	0.00474496044125
-2.19889357365	-0.299856418156
-2.19365612017	-0.401685616711
-2.19920390858	-0.476814749647
-2.20825565327	-0.582497007836
-2.27467713042	-0.742093993973
-2.40034375339	-1.01859253675
-2.48103789227	-1.20352093105
-2.5313279585	-1.35212915054
-2.57510104082	-1.4484513314
-2.61579668312	-1.54501468885
-2.6768557578	-1.69579537257
-2.71883103142	-1.78483145231
-2.74578187231	-1.8801073351
-2.77903474308	-2.05619168445
-2.79488081863	-2.19225432198
-2.79750383143	-2.3403050341
-2.78568637386	-2.47828117567
3.52606130007	-9.47794347317
3.53319788601	-9.41871025204
3.53235049459	-9.32861126564
3.49809048308	-9.25891465178
3.49319621351	-9.23566797397
3.49177976113	-9.18394219839
3.50439782525	-9.00310689604
0.791678425439	-9.4497966812
0.893420479601	-9.32085324176
1.10283636802	-9.1671870802
1.28089783594	-9.02010298011
1.50515245662	-8.80504152926
1.63181715976	-8.6933899081
1.88660261439	-8.4041300055
2.28856358317	-8.03604613656
-8.7150792312	-12.9915711918
-8.87384730015	-12.9246264511
-8.97372374114	-12.9070025663
-9.04515459654	-12.9168696902
-9.09295013053	-12.9049037635
-9.1906508288	-12.8835746699
-9.27713741457	-12.8526541964
-9.33899322165	-12.8251812081
-9.43558310512	-12.7496670292
-9.57340532224	-12.6678125538
-9.65599018593	-12.6431689814
-9.78107041496	-12.6020038255
-9.890915835	-12.560759367
-9.9207891189	-12.549217529
-10.0232935048	-12.5105665308
-10.0964424644	-12.4825219028
-10.2406957199	-12.4523781954
-10.3451395484	-12.4017966971
-10.4957308545	-12.3302960597
-10.5704390654	-12.2579860785
-10.6675829175	-12.2030183001
-10.7475252593	-12.15322946
-10.8218729441	-12.1057152501
-10.8674336277	-12.0748997603
-10.9951430608	-11.9890108368
-11.1872073022	-11.83759063
-11.1914975537	-11.8342930122
-11.3050613483	-11.7974194383
-11.370238555	-11.7500451277
-11.4338677261	-11.7039378409
-11.5566958538	-11.6148143769
-11.6848347542	-11.493454992
-11.8386478589	-11.3375310594
-11.9562484526	-11.2274227327
-12.0697822406	-11.1073251332
-12.1464706275	-11.0143710338
-12.2126971897	-10.9104026311
-12.2896675498	-10.791962272
-12.328974974	-10.6998381446
-12.3631081441	-10.6226919144
-12.4249955461	-10.5355268045
-12.4777614273	-10.406012664
-12.5130834858	-10.2941317207
-12.5271248193	-10.215808734
-12.5876092253	-9.9896625487
-7.92289927783	4.43651417105
-8.00598252303	4.36712592215
-8.12012971291	4.24892319225
-8.2078863948	4.17347419508
-8.27110722193	4.10681951662
-8.34264086835	4.02592532793
-8.45321685965	3.84885752737
-8.47867813067	3.77300890238
-8.51454489229	3.69710326868
-8.61669033639	3.55017963597
-8.70491306858	3.40586148067
-8.76958977443	3.27655351709
-8.85042110085	3.01351240739
-7.922875572	4.43650991379
-7.80434592527	4.39853731123
-7.70428881776	4.39612550633
-7.61247728161	4.3661239134
-7.48308067705	4.3049628605
-6.55343738788	3.70912261545
-6.37971292405	3.59201306735
-6.20015203765	3.37623987062
-6.07585772422	3.26758570435
-5.98001338954	3.18829942643
-5.88846354089	3.07207360654
-5.87171987091	3.04587833051
-5.84339011829	2.99648286902
-5.80654407866	2.9217831336
-5.77067208831	2.84558616893
-5.75787091694	2.78219397778
-5.73683031614	2.72926655274
-5.70159997267	2.65609788622
-5.64477002816	2.51890605156
-5.59463883745	2.40537004468
-5.54750121753	2.27532207874
-5.52170820288	2.17737471526
-5.48692899917	2.0608456342
-5.4628642954	1.99711128559
-5.42070807829	1.85490630423
-5.37075246121	1.72939456158
-5.27431792859	1.50491975149
-5.22141244754	1.37690634477
-5.18396578412	1.28676884555
-5.12707249783	1.13583533778
-5.09114784061	1.0534017529
-5.03995994784	0.916409700766
-4.99968234676	0.810984344401
-4.92758027378	0.62560391383
-4.88344128969	0.504670040198
-4.84558110196	0.391778005108
-4.80849546664	0.282303522323
-4.76602792528	0.147726135837
-4.71187820263	-0.0347608111412
-4.67538978294	-0.19360539292
-4.64189512127	-0.361243350736
-4.60349420392	-0.560780241823
-4.57289424094	-0.702876015528
-4.55724941895	-0.80161996194
-4.55580333359	-0.942564695635
-4.60069669112	-1.25089319395
-4.63499194132	-1.41101415163
-4.68482534177	-1.51675164055
-4.73476383092	-1.60259341997
-4.79284772525	-1.71479255715
-4.83323964193	-1.82474019973
-8.06405795861	-11.9846528505
-7.88819741605	-11.9686376644
-7.7224482342	-11.8820549387
-4.60388268633	-8.07233943246
-4.48037108312	-8.10117513782
-4.32299869304	-8.16694021305
-4.19824194625	-8.22505442534
-4.1408763172	-8.25203435231
-4.12607106589	-8.16922538944
-4.83323456842	-1.82473248477
-4.79544588907	-1.99689425832
-4.74917551775	-2.0657670614
-4.71276134365	-2.13908137798
-4.68397288968	-2.27145759725
-4.66348779774	-2.37687440032
-4.64808740787	-2.46180595391
-4.60622829476	-2.62955782275
-4.59069775964	-2.78673048372
-4.5655619407	-2.96381326046
-3.57947400019	-12.4335042556
-3.50979602382	-12.3904000532
-3.49358637199	-12.3505070143
-3.4852313497	-12.3114039515
-3.46498595914	-12.1628955018
-3.43770696986	-12.0520208671
-3.42062705661	-11.9576967863
-3.41147235686	-11.9051777012
-3.37219134247	-11.7898596047
-3.31641214533	-11.7195803678
-3.27256656698	-11.677910409
-3.27010324471	-11.6155771434
-2.17579614806	-9.75238106838
-2.08464592292	-9.83228008169
-1.92481655839	-9.98189591136
-1.74214366317	-10.1229500341
-1.6672251744	-10.1731294364
-1.64145874098	-10.2154705677
-1.56531189532	-10.3348901522
-1.5153993092	-10.4718943312
-1.46337042341	-10.5511655139
-1.35197151174	-10.709546413
-1.37126835176	-10.7216599918
-1.39106289091	-10.8036087853
-1.33056617483	-10.9322205392
-1.33323014003	-11.0457418757
-6.10027081471	-2.21809554982
-6.23986927665	-2.2038187258
-6.28775301482	-2.20021322901
-6.38844372306	-2.19692372667
-6.53313880108	-2.19819322694
-6.66143887425	-2.18721480149
-6.79200485962	-2.205900634
-6.88256362804	-2.21027199021
-7.06644323802	-2.22982535643
-7.24593077325	-2.24903999595
-7.40714044246	-2.25042697579
-7.42962341675	-2.25172302215
-7.54376779082	-2.27383903336
-7.62991935262	-2.29353836628
-7.76868939255	-2.34762304909
-7.86409047186	-2.46278196462
-7.94091693624	-2.55814617965
-8.0469959679	-2.7163273739
-8.13738903357	-2.86404666757
-8.2154785276	-2.98034519022
-8.26922438758	-3.07503731275
-8.3264298357	-3.17712843086
-8.43381191811	-3.31508558097
-8.52144011588	-3.47945190139
-8.57415816298	-3.56642706076
-8.63248594683	-3.65352886674
-8.74744038444	-3.81421676448
-8.81117625959	-3.88749062339
-8.92288618598	-3.98253160755
-8.97673631697	-4.05545498715
-9.04788434223	-4.11022534508
-9.11635237853	-4.15304220334
-9.1964230804	-4.19340368545
-9.63659982913	-4.34611114767
-9.73484870644	-4.34679052548
-9.90510645937	-4.335806293
-10.0531553381	-4.30401711388
-10.1262370352	-4.35460194145
-10.1913268389	-4.33731068821
-10.2449198586	-4.31056411869
-10.2847191619	-4.29267715438
-10.3555706469	-4.26283432473
-10.4566401662	-4.21567234277
-10.5625240663	-4.08129283284
-10.6557616967	-3.985387322
-10.7492022797	-3.88808864161
-10.8198216367	-3.80383062652
-11.0046881197	-3.55202222162
-11.0669141564	-3.47166846646
-11.1879407688	-3.3152052316
-11.2591711914	-3.26706452738
-11.3502163533	-3.12838722189
-11.3922277483	-3.05079323939
-11.415140972	-3.00885737916
-11.4691471792	-2.93361495381
-11.2938429732	-10.3569015393
-11.2118120723	-10.2429904976
-11.1635663446	-10.1495192081
-11.1453996357	-10.0665787409
-11.1377098044	-9.9974135441
-11.130708296	-9.92720638002
-11.1294199374	-9.88175142105
-11.1280123285	-9.83511404123
-11.1273779814	-9.7756302892
-11.1259690302	-9.70053027071
-11.1476061959	-9.61227443804
-11.1264093652	-9.49460871798
-11.1071323548	-9.36645329974
-11.0828698278	-9.29887938167
-11.0782459466	-9.22881821468
-11.0767830015	-9.20225035978
-11.068238486	-9.09093282113
-11.0607979723	-9.03023723871
-11.0644742933	-8.93783554045
-11.1313122206	-8.71553780131
-10.9327310958	-1.93962580696
-10.79736112	-1.83438372344
-10.7317067936	-1.79890780172
-10.6498787939	-1.75896918248
-10.4993180824	-1.70425274427
-10.3866960184	-1.64546670703
-10.3290361953	-1.61003581358
-10.2362348942	-1.55855105454
-10.1686291595	-1.48415272595
-10.0404957783	-1.40426883923
-9.97301492068	-1.38545812126
-9.87690269015	-1.40415979386
-9.8822729858	-1.37539119456
-9.83323638212	-1.35344479415
-9.63705389321	-1.2768340579
-9.53561501596	-1.22128439783
-9.47679500922	-1.17766731325
-9.43222816542	-1.1455114464
-9.35374717563	-1.07172201173
-9.24342973082	-0.956753163223
-9.12474787736	-0.825623079424
-9.02693935716	-0.699271787838
-8.95778819159	-0.586174983513
-8.93398430197	-0.543689097554
-8.89239653979	-0.460423522977
-8.83830030522	-0.30545739753
-8.81991886237	-0.25186957183
-8.77185211412	-0.0999839736027
-8.74461615671	0.0747119649116
-8.72735595525	0.222997258616
-8.6943511775	0.384487588812
-8.67675725783	0.519702829248
-8.67544731077	0.590179623342
-8.68023129973	0.673805830405
-8.6894863677	0.788974370321
-8.70367780585	0.966484006128
-8.74113743636	1.06759066162
-8.75619349604	1.14699879406
-8.76897040072	1.28998468744
-8.78160763408	1.4225153715
-8.80717655106	1.50081968297
-8.85229319878	1.61932639364
-8.92963836126	1.78104203079
-8.96914275897	1.8355847031
-9.07528663824	1.960139684
-11.1311167575	-8.7166833714
-10.9917363397	-8.59015711468
-10.8877410705	-8.54259394728
-10.7251135153	-8.47815365574
-10.6443364855	-8.44572266007
-10.5046978338	-8.39415758339
-10.3773686449	-8.33526018621
-10.2595677616	-8.28921017105
-10.1792060659	-8.2793178875
-10.0913725369	-8.26617718635
-10.0779624613	-8.26423312011
-9.874484096	-8.25137729503
-9.69570946473	-8.26044577261
-9.59434874753	-8.27104791606
-9.48405724461	-8.28890922222
-9.301116868	-8.31744148456
-9.11440581839	-8.38909478349
-8.96773880944	-8.4426191558
-8.88224245075	-8.47867437408
-8.75121093047	-8.54897876232
-8.61593189136	-8.64112652294
-8.49631796079	-8.7327576866
-8.27873830318	-8.80071906202
-8.21776000047	-8.82678748651
-8.16544973465	-8.83549526137
-8.0108435477	-8.8962056341
-7.96981100965	-8.90857798976
-7.88680547368	-8.99113287524
-7.81060279584	-9.03887137555
-7.74522631122	-9.06837688336
-7.65694840962	-9.13646696103
-11.4692065603	-2.93361416836
-11.5504415101	-3.03704353391
-11.637053052	-3.16245116978
-11.7120473879	-3.27312256264
-11.7967500233	-3.39482814957
-11.8315243913	-3.47163406164
-11.8745323438	-3.55962532658
-11.9533477474	-3.6975407428
-11.9774792791	-3.78691678048
-12.0114078287	-3.87524113393
-12.0952193514	-4.0766388063
-12.1548423496	-4.21250292246
-12.2305326334	-4.31262051449
-12.2929409863	-4.38784801788
-12.3269711172	-4.4698845996
-12.3268586671	-4.46988111205
-12.2953552086	-4.58552809957
-12.2999188401	-4.66896587394
-12.2581749403	-4.80614407967
-12.2054114482	-4.88212214602
-12.1540006499	-4.96250438542
-12.1267765837	-5.02036348461
-12.0719508885	-5.11240307341
-12.9564208222	-8.86047355625
-13.0127399915	-8.93148046854
-13.0930126037	-9.07387381085
-13.06054522	-9.34304026735
-13.0285009609	-9.50311686312
-12.9402554546	-9.70224207581
-12.8866455088	-9.76445870426
-12.7887749735	-9.86829729733
-12.5876159118	-9.98966449946
-12.9562555391	-8.86042101433
-12.8162898131	-8.92126153592
-12.6505404884	-9.03762579762
-12.0719508885	-5.11240307341
-11.9598038113	-5.14973914067
-11.8292653052	-5.19503766245
-11.6801609101	-5.22598130073
-11.60232579	-5.26272354433
-11.4803541983	-5.29993711647
-11.358339504	-5.34753438384
-11.3052941697	-5.36728388685
-11.1807395946	-5.36340744222
-11.1099702581	-5.41807559069
-11.0239116758	-5.49290628044
-10.8507212333	-5.55024665105
-10.6788355459	-5.69359279826
-10.606530786	-5.7522587261
-10.5312856214	-5.82731567248
-10.4925826588	-5.8945226471
-10.3841376618	-5.97568653424
-10.3250733915	-6.07486233616
-10.2703585351	-6.15746974301
-10.1805462573	-6.24288838012
-10.1182932235	-6.37686078246
-10.0855280241	-6.44931515551
-10.0405732164	-6.54951010684
-10.0118657486	-6.60494933454
-9.96885990276	-6.77535374726
13.0338507837	6.67723341632
13.0462769461	6.42636241311
13.0131495783	6.2277709184
12.9765174157	6.00637137916
12.931816309	5.86388792298
12.8863406393	5.75755330768
12.8379229927	5.68442773306
12.83742389	5.54629874793
12.7483560927	5.17173112109
12.7133386489	4.99631205372
12.6128688773	4.70036997841
9.31340279178	1.85833592299
9.24094752936	1.70645442154
9.16898284101	1.56144546738
9.1261924955	1.4841092959
8.96170678277	1.17789987676
10.1335855864	0.0524222483268
10.2345388825	0.219168618986
10.3430530941	0.416078851808
10.3764355608	0.518109306749
10.4839609821	0.686474474906
10.5287758073	0.793789156743
10.5632564526	0.871495666535
10.5898825264	0.962523282477
10.636890379	1.0719349966
10.7287760167	1.2296419581
10.7669458696	1.31305849811
10.8145355309	1.44385262769
10.8243349777	1.47729529159
10.8578194607	1.55685708298
10.918220198	1.68241538448
11.0586513866	1.81344747297
11.131271944	1.96706561308
11.1577605494	2.0735201675
11.1995140221	2.15444743426
11.2795782112	2.39423660489
5.43550569159	-0.0797827088793
5.38560386817	-0.248429393657
5.38117567036	-0.318619786628
5.3755990643	-0.451195106529
5.38235940369	-0.603515250366
5.40309254688	-0.705132305498
5.40439163036	-0.83317579607
5.44389117394	-0.934452255791
5.48624936343	-1.03347282825
5.54017254819	-1.21675875172
5.64507144045	-1.43615234088
5.71135374455	-1.5387795276
5.82435752294	-1.67539220091
5.8974791449	-1.77722410936
-5.8508726898	-10.3615170339
-5.90087523119	-10.3290734783
-6.04617638337	-10.2069006772
-6.18442709674	-10.1526141314
-6.22883336373	-10.0953186192
-6.36483464572	-10.0023986266
-6.5435809235	-9.88713169447
-6.7149645773	-9.80011736625
-6.8280780337	-9.73833231638
-6.95967748528	-9.67021510253
-7.24149266184	-9.49155154496
-7.33027750424	-9.44123114539
-7.42556964093	-9.36098117151
-7.47431932635	-9.31429667348
-7.56685869747	-9.2394287901
-7.65696306305	-9.13648077499
-5.8444397495	-10.3620472918
-5.76581195991	-10.5176797782
-5.73006187909	-10.6953492067
-5.66496463901	-10.7970704644
-5.64642711963	-10.8658058802
-5.65472522348	-10.9499358808
-5.66085192196	-10.9896863361
-5.65699644128	-11.0372795975
-5.67587427332	-11.1081109131
-5.7570819009	-11.1053036936
-5.88160812767	-11.0808778636
-5.92793994226	-11.0657251783
-6.14630393297	-10.9984386119
-6.28192603722	-10.8977099268
-6.31848845825	-10.9028635179
-6.48704500733	-10.7988741853
-6.67828642493	-10.663177844
-6.77539643682	-10.6031474109
-6.87078273355	-10.5559857228
-6.98813383757	-10.4805095227
-7.08133962579	-10.3767350378
-7.15530865668	-10.326252196
-7.31072910419	-10.2090874188
-7.42996547498	-10.1183887999
-7.62289531724	-9.97341103336
-7.72921707383	-9.87634917465
-8.08889341148	-9.53628152421
-8.23307715049	-8.0110774827
-8.32282700626	-7.89079414071
-8.40640825787	-7.82461621153
-8.47362355049	-7.77516608248
-8.54966457395	-7.714322045
-8.66513595166	-7.63028099835
-8.7677810129	-7.58428266598
-8.94594594992	-7.42310524932
-9.06821474979	-7.32273524724
-9.1484713702	-7.25267113557
-9.27709251283	-7.1574390606
-9.47383497868	-7.04685468352
-9.69069713337	-6.90921627348
-9.96885990276	-6.77535374726
2.88146355433	1.77518425495
2.96193613104	1.59086315553
3.0508318934	1.43053121494
3.15098217713	1.26246030138
3.18876200957	1.2012786678
3.22119638276	1.11024447794
3.32268549881	0.915614088645
3.37498131508	0.813943468698
3.42243156446	0.692664514315
3.43938221424	0.581666345118
3.48221363344	0.440189821335
3.51173761525	0.300707243553
3.52015230327	0.140627726166
3.55095856257	-0.116920224271
3.56161217629	-0.285093333865
3.58166074387	-0.476511388734
3.58711057284	-0.601386095239
3.60233284914	-0.763769309421
3.61670256434	-0.84332046103
3.63309269889	-0.968658383125
3.64960581192	-1.07465250096
3.67294534334	-1.18349512136
3.69700440464	-1.29731494341
3.75170164602	-1.44899565671
3.78730750057	-1.55516790747
3.82758835458	-1.73139844183
3.86934523143	-1.92025103059
3.90670378955	-2.04119805494
3.95947186952	-2.22445186577
4.03790670893	-2.37942021022
4.08706504572	-2.41204139141
4.10560556393	-2.45613409047
4.13289630408	-2.53363632015
4.16643175849	-2.62902717327
4.18839407763	-2.68408370311
4.22673137893	-2.79638184817
4.29516484792	-2.9950131105
4.33178850988	-3.12331755872
4.36961711396	-3.22634802908
4.38528880819	-3.33781477414
4.39623790327	-3.45080909725
4.40983732831	-3.69969186913
4.38514665329	-3.88440324648
4.3294642781	-4.16921969427
4.29441021502	-4.42800439983
4.26524739865	-4.57680239407
4.23178432588	-4.72212335785
4.17115696227	-4.94411331
4.10689145897	-5.10650187758
3.95234441539	-5.32166609661
7.14516416613	6.83224381568
7.03028857408	7.06921456409
6.96188777298	7.16238677758
6.8785838482	7.27100050156
6.82704415192	7.34012238863
6.77040083112	7.41769628614
6.61084906534	7.58073817981
6.49522880537	7.7851887706
6.361095875	7.87887107683
6.25355247049	8.05575552826
6.18087440503	8.18228928431
6.04772316378	8.38166545739
5.83358537231	8.67154808392
5.78046965368	8.75135498814
5.73497431327	8.84965966543
5.70487015221	8.96796405914
5.67122037782	9.06855512187
5.67012105288	9.11899474157
