2609 0 0
-18.6103867118	3.32247196817
-18.8346395457	3.52044680673
-18.8427334617	3.68742120963
-18.8324693169	3.77673798603
-18.7161185439	4.10487988352
-18.5286461086	4.48925980642
-18.3615480727	4.76766383227
-18.2821292399	4.90402801937
-18.1229390003	5.13940796249
-17.9046588533	5.41003620288
-17.7818260513	5.54758108756
-17.5689818944	5.79747688236
-17.2839784817	6.05762738095
-17.1493127723	6.17732484315
-16.9702678997	6.34380220658
-16.7508531063	6.55222266926
-16.641491345	6.65361433728
-16.3526777133	6.93573101285
-13.9730073403	9.17370324783
-13.5498722171	9.52620510054
-13.3620857351	9.68968762883
-13.1970584206	9.82353920547
-13.0585537791	9.9393009591
-12.7061179518	10.2293495962
-12.3215430997	10.4821452324
-12.1253406064	10.625591217
-11.8912935034	10.7918776919
-11.7673780187	10.8799702225
-11.4876092241	11.0733635981
-11.4174159494	11.1180667669
-11.1897257639	11.2864848414
-11.0858444614	11.3611849504
-10.9041157546	11.4998011506
-10.6782759291	11.6520321029
-10.5203767783	11.7532168885
-10.2076040758	11.913540109
-10.0706261151	12.1279598625
-17.0350903328	-0.542306031832
-17.0163122163	-0.784773023427
-17.0146060946	-0.900305400186
-16.995533346	-1.10045755368
-17.0398806136	-1.43504705776
-17.0597295602	-1.57932490446
-17.097419866	-1.84606634282
-17.0974410954	-1.84639446929
-17.3620223737	-1.71914895964
-17.4571656884	-1.68575234846
-17.6245769156	-1.60400877584
-17.7742889724	-1.51813659922
-17.9190005919	-1.45334417863
-18.0276859153	-1.40260819679
-18.1488131526	-1.40936547626
-18.4544908563	-1.32224731794
-18.6072318943	-1.30204671651
-18.760183546	-1.26609961516
-18.9962930459	-1.22289155473
-19.1492003245	-1.19020218709
-19.2718710215	-1.19020377945
-19.3436644247	-1.17898185079
-19.6988400109	-1.20184326816
-14.8319093752	2.64912858385
-14.7339276007	2.87804174854
-14.6739120289	3.07095084042
-14.5996477189	3.2024053331
-14.5431797242	3.29635830887
-14.3778914488	3.56785889343
-14.3094046338	3.72937699291
-14.2063942047	3.91041190054
-14.1323894351	4.03833799757
-14.0494235338	4.16262160243
-13.9410352607	4.30964729889
-13.7864903629	4.50523338896
-13.6512137765	4.54316908119
-13.5336421973	4.63387890482
-13.3058929903	4.72551900579
-13.0878180189	4.84849794961
-12.9734125221	4.90175275566
-12.8398458964	4.96546684547
-12.6532826393	5.07933539615
-12.3009959094	5.20807073021
-15.9884275806	-3.65827837029
-16.0923507723	-3.45393074424
-16.1970010673	-3.16800521879
-16.3490770852	-2.89938585671
-16.4637469722	-2.70268706233
-16.5923406813	-2.50182694646
-16.6897525896	-2.344789896
-16.7637308593	-2.23239643613
-16.8916463216	-2.11519034201
-17.0974587897	-1.84636053518
-14.4356570801	6.54657984126
-14.7340231704	6.2642510577
-14.8197148837	6.17598889792
-14.8886586157	6.11942952444
-14.9383887256	6.08163787558
-15.2519385343	5.85023807248
-15.4060503602	5.70610059546
-15.6558117533	5.470189046
-15.7100081609	5.40703111376
-15.9780121914	5.172610449
-16.1420915795	5.04077684554
-16.4140368181	4.82437211331
-16.5987306595	4.66458055943
-16.6792417108	4.59493752659
-16.8042336073	4.47572257572
-16.9429482365	4.40769107536
-17.0228003987	4.37606723901
-17.1684198789	4.25970336101
-17.3760722322	4.09828626144
-17.5557742004	3.96732463376
-17.6868429267	3.87407405971
-17.8317492288	3.72902920509
-17.918236345	3.53305028267
-14.8186743957	6.72842349945
-14.7958906024	6.72037632258
-14.7288094452	6.68148633469
-14.435661111	6.54654058386
-19.6615308547	-3.42924502262
-19.6415803678	-3.18381789497
-19.7256197891	-3.03842270897
-19.756787606	-2.96480529844
-19.8602193359	-2.78642664
-19.9199916408	-2.65234415891
-19.8440312539	-2.49230394654
-19.8609323341	-2.33996969987
-19.8991034935	-2.2081409972
-19.9347036269	-2.04138820063
-19.865608703	-1.82342412108
-19.8689092187	-1.72128109354
-19.8559180677	-1.61745040818
-19.8799654077	-1.46365236525
-19.8328559862	-1.34977973588
-19.6987948041	-1.20187213058
-9.59704366663	6.01476158107
-9.51674005426	5.85403549126
-9.41089951808	5.66995590157
-9.28402797717	5.52726000338
-9.15704145382	5.40230528105
-9.07019059498	5.30362158475
-8.86215407406	5.1328260686
-8.63546318333	4.97972454638
-8.48579659879	4.81981615365
-8.32295069261	4.61154115102
-8.2010354311	4.45139463555
-8.13164618159	4.36825449731
-8.00565375936	4.18826447786
-7.96546512339	4.13082495682
-7.9230718184	4.05862307957
-7.81508109992	3.87273583696
-7.73044020978	3.6818987
-7.68896658547	3.4981954621
-7.65385452211	3.28231218452
-7.66204728989	3.18114950122
-7.63123566333	2.94150755329
-7.69149466186	2.78954250406
-7.69198802786	2.67643682873
-7.69488014655	2.56467787342
-7.70048723129	2.4704667336
-7.72016121189	2.27928622453
-7.74665966069	2.11252674468
-7.79599177634	1.89145985578
-7.83761062841	1.74858839973
-7.89833970616	1.56919456059
-7.94621583202	1.45741311934
-7.9928292147	1.23191390484
-8.12529533852	1.01589336987
-8.22457400531	0.869821532246
-8.30646320447	0.752617429406
-8.44159273465	0.568122572949
-8.6938672971	0.263805695526
-8.7933751397	0.158595272083
-8.97971844288	-0.0328414275286
-9.23063818076	-0.265473911655
-9.42467374756	-0.415680565847
-9.51409473733	-0.490688389573
-9.6577759697	-0.617721842304
-9.90599542414	-0.806823520718
-10.0702750161	-0.973293876741
-10.1826523164	-1.09148746455
-10.3125618215	-1.24154876453
-10.4051351759	-1.37539671617
-10.5160725986	-1.53278304336
-10.6026641112	-1.68227578141
-10.6956906197	-1.97205197831
-10.7570964459	-2.22721916494
-10.7990680152	-2.46400399004
-10.8378599002	-2.87639188703
-10.8276200417	-3.06895116621
-10.8218697159	-3.4113124993
-10.7440074715	-3.76267009873
-10.6658608698	-4.04404882708
-10.5778815499	-4.22842222099
-10.4513524329	-4.36141505132
-10.3109425404	-4.49352779929
-10.1609190296	-4.7125255868
-11.9630727309	-6.80623737159
-11.8232859654	-6.6138443779
-11.8169334213	-6.51521147427
-11.8095083918	-6.35286178102
-11.8764437541	-6.2101420421
-11.8782495334	-6.04286146764
-11.8702509952	-5.99383189017
-11.8806481276	-5.76573944866
-11.8930572168	-5.59907942255
-11.9206116994	-5.30265457109
-11.9328693615	-5.22142013426
-11.9216795678	-5.11215010367
-19.9788847341	-5.98041983989
-19.953900251	-5.95292823694
-19.9103692431	-5.93305652023
-19.8781874805	-5.89989476466
-19.8315230356	-5.83101750625
-19.7587584445	-5.6584637968
-19.6402477391	-5.48482155492
-19.5356225466	-5.32436218292
-19.4469265338	-5.22035112562
-19.3713918304	-5.11335783948
-19.3396131601	-5.07075800997
-19.2801878786	-5.01189792402
-19.0472961078	-4.85419905568
-10.1609188525	-4.71252558808
-10.2019918478	-5.135471255
-10.1964338796	-5.38812489129
-10.1908369885	-5.50815093253
-10.1856100097	-5.61247674373
-10.1742082465	-5.75965170502
-10.1342964915	-5.93159013794
-10.077392986	-6.0581133291
-9.98354268183	-6.18667264177
-9.9091578558	-6.28128260219
-9.77373421285	-6.40907451601
-9.59393102566	-6.51984620216
-9.35814690378	-6.64244146127
-9.07277626253	-6.74685945717
-8.97439077786	-6.75041065511
-8.76150357778	-6.76231678149
-8.31434584431	-6.80614418778
-8.13858384633	-6.8276799005
-7.92281413619	-6.87612221823
-7.55958139709	-6.90189683015
-7.33057463715	-6.89405527549
-7.1766499609	-6.90620475131
-6.799382569	-6.91794536932
-6.58228044717	-6.92182548236
-6.39796903424	-6.92620133523
-5.99242541217	-6.9090934946
-5.80122471683	-6.86798053489
-5.72125374257	-6.85425645084
-5.56888683689	-6.83918022154
-5.49046176077	-6.81867119431
-5.20623031009	-6.71849710521
-5.11146804818	-6.67434249538
-5.04753912353	-6.64498628153
-4.95107091298	-6.60097992781
-4.8350298518	-6.55645493108
-4.58437143856	-6.41430816301
-4.37037156155	-6.18288064941
-4.26870532771	-6.06660589804
-10.6554961079	13.4697389872
-10.8904349448	13.3055526135
-11.0532131666	13.2422364759
-11.234405957	13.17990561
-11.4077548161	13.1194746646
-11.5452515356	13.0062273751
-11.6658791043	12.9492094848
-11.8005323222	12.8868160444
-11.9975618184	12.7868816569
-12.1335222854	12.718632387
-12.2618556449	12.6358028215
-12.3746052612	12.5590803549
-12.4543138162	12.5145766696
-12.5312280457	12.4695299889
-12.665430401	12.38959668
-12.9827733576	12.1730590852
-21.258170275	-4.62683817299
-21.1787339772	-4.52899583141
-21.0974616774	-4.40162728375
-21.0341099895	-4.29022837398
-21.0119399026	-4.25483931066
-20.9805513212	-4.20819754664
-20.9325903456	-4.13941327557
-20.7791233449	-3.96464868614
-20.6648530001	-3.83245364997
-20.5767833569	-3.73872678382
-20.5041409961	-3.6560702965
-20.307069486	-3.56951212257
-20.2333201406	-3.52782796734
-20.0650826934	-3.54816542578
-19.9475171702	-3.5459240234
-19.856097605	-3.52312342231
-19.6614624288	-3.42923247366
-11.6987665054	-10.1762115553
-11.74328906	-9.90276719169
-11.7475287537	-9.72818038906
-11.6744658178	-9.55731122321
-11.6206239206	-9.34326924418
-11.6328823297	-9.12534359653
-11.7090519274	-9.03144995884
-11.6943017049	-8.86832838326
-11.6887962684	-8.78247995845
-11.6806010605	-8.66169270475
-11.6531900119	-8.56559623588
-11.609325765	-8.3470097899
-11.58256794	-8.20775333484
-11.6239075363	-7.99251938483
-11.61981143	-7.90106379412
-11.6137824377	-7.70037624802
-11.6093548992	-7.57399062174
-11.6096158747	-7.44637254386
-11.6251853333	-7.33507551469
-11.6139377287	-7.19411055061
-11.6608164725	-7.07263628468
-11.7682588839	-6.97613717049
-11.8408607813	-6.90923646177
-11.9630516224	-6.80608433136
-9.80575049357	13.1000547554
-9.86318551026	12.9042672362
-9.91052081157	12.7825531954
-10.0373958153	12.5466209983
-10.0744770158	12.3861299054
-10.0608932018	12.273496612
-10.071072842	12.1282786795
-18.5180114823	-7.7053976318
-18.4999199924	-7.71325582353
-18.4209200607	-7.76270503583
-18.298114819	-7.8266047049
-18.2174535126	-7.86816718867
-18.1292538202	-7.90419378231
-17.9960965402	-7.97177685611
-17.8916677715	-8.02696933797
-5.27467080928	9.12165392112
-5.68169177737	9.28062363748
-5.89680844567	9.33170430718
-6.04195536357	9.39652515363
-6.22704614085	9.44066343956
-6.51847548021	9.57438426964
-6.75458855087	9.72989084873
-6.99968881508	9.82201936612
-7.35484309212	9.86855109467
-7.52613193418	9.86783976607
-10.2478936243	-10.5125918112
-10.2540709793	-10.8195248552
-10.1622595513	-10.9576455294
-10.080012861	-11.040221761
-9.86777895939	-11.1753742461
-9.81848430925	-11.2073569501
-9.67012376326	-11.3085951081
-9.70454519686	-11.402968338
-9.56625915545	-11.4572623356
-9.29330872444	-11.7750015631
-5.85080532073	3.31867480401
-5.79886169262	3.40961250243
-5.73088363519	3.58706035416
-5.65431486432	3.77883918783
-5.58244233131	3.99405028933
-5.51898050456	4.15698943389
-5.42636770301	4.33308732431
-5.36160933193	4.54108512962
-5.30340091942	4.69401346923
-5.29002162397	4.98179833245
-4.88132893067	13.7749943837
-5.24129374695	13.9124401439
-5.3677861839	13.9410273618
-5.60743287216	13.9878901178
-5.77673338691	13.9982872563
-6.00066320923	14.0084005463
-6.36138756521	14.0013184842
-6.57225358122	14.0048032664
-6.88084054114	13.9584563504
-7.07814227286	13.928853261
-7.25945247703	13.9036613239
-7.35669893363	13.8977107012
-7.54541013076	13.8551196086
-7.79938746606	13.801140963
-8.05452655084	13.7465365221
-8.27103112119	13.705965185
-8.44848808816	13.6650883531
-8.71858337236	13.60944239
-8.9801972544	13.5854165209
-9.18432081453	13.4989533969
-9.40232951089	13.4280109939
-9.80576918651	13.100014201
-9.29322928123	-11.774994971
-8.93814493541	-11.7321386868
-8.84655401398	-11.7503877888
-8.61147788404	-11.7819155063
-8.27847390207	-11.8125118294
-7.84964408005	-11.8366806336
-7.45683741962	-11.8498036013
-7.19703438492	-11.8625576812
-6.99121087571	-11.8715568246
-6.59061360389	-11.9446356099
-6.28786182337	-12.0031684116
-6.20244354042	-12.022943151
-6.11146912461	-12.0289803297
-5.93080481777	-12.0867136393
-5.49179701728	-12.2187047393
-8.23537891882	15.8338917591
-8.2353816411	15.8338876446
-8.23538165831	15.8338875506
-4.50651390809	16.0892529876
-4.49319539878	16.0894046939
-4.42175496341	16.0884512776
-4.36543051887	16.0876876095
-4.24580313254	16.0840739471
-4.10971082867	16.0799242769
-3.94597303079	16.0734646452
-3.85483281169	16.06989947
-3.75332238092	16.0659354612
-3.67090884224	16.0619067145
-3.59432432393	16.0581844377
-3.52391028624	16.0572683589
-3.48380186585	16.0570639935
-3.46711748032	16.0581990932
-3.43674898343	16.0501594634
-3.42258672352	16.0377955336
-1.97755922723	7.92421791677
-2.02572020204	7.89263429965
-3.40186823921	-2.66871241566
-3.34133754818	-2.39354783074
-3.31444027908	-2.26379777474
-3.2161776486	-2.07841891646
-3.21623136885	-2.07841209648
-3.42705258619	-1.79769884805
-3.65712108035	-1.64166292151
-3.81313536735	-1.45534181622
-3.95035762792	-1.30982761768
-4.08676963359	-1.14067728764
-4.18256292202	-1.02831621861
-4.35425843979	-0.82849918271
-4.50981437397	-0.593227333258
-4.62744042484	-0.43397730998
-4.67152484975	-0.366795766479
-4.73076412298	-0.268560767376
-4.79581035828	-0.213817917725
-4.88439508874	-0.0778323128253
-4.96950354559	0.0548350142658
-5.01059213662	0.168749549498
-5.09929890865	0.378057357383
-1.4988826588	-15.9059649329
-1.49878659475	-15.9059246493
-4.61460073358	-9.04389714069
-4.79817166726	-8.97313860882
-4.97942120171	-8.96879250886
-5.10743635365	-8.94808702495
-5.22351543793	-8.9755762623
-5.38954894653	-8.96389376348
-5.59813334365	-8.97752936828
-5.77329524671	-9.0622312037
-5.88013191945	-9.0949917587
-6.03226688503	-9.18420266552
-6.20570379421	-9.28116435861
-6.29998006447	-9.33870673419
-6.55346571835	-9.50800041869
-6.83587283812	-9.70692894809
-6.89681761884	-9.75414426633
-7.07394771574	-9.89761363438
-7.23851237636	-9.99113212485
-7.41916277627	-10.0784140927
-7.56288914906	-10.1427911033
-7.6884191295	-10.1853014998
-7.82317583901	-10.2302348397
-8.03345729857	-10.2910053801
-8.14071572037	-10.3040003784
-8.33375265831	-10.3149346662
-8.51944559133	-10.3049686574
-8.69734821274	-10.28365543
-8.79564719427	-10.3046508252
-8.95073834194	-10.2865875812
-9.29374100326	-10.3150767213
-9.44864262172	-10.3189193662
-9.55644490903	-10.348166693
-9.74435396819	-10.363391777
-9.9209805882	-10.3957760445
-10.0443502555	-10.4315732159
-10.2464319819	-10.508028458
-1.0006285795	-1.73917093822
-1.36301486008	-1.68030926496
-1.68955840517	-1.79851642144
-1.87705399764	-1.84253349837
-2.10882845864	-1.92122436211
-2.30046427022	-1.98765832506
-2.50600531122	-2.0164121994
-2.75217002313	-2.03115088039
-2.87882070983	-2.03215896541
-3.21622287711	-2.0784128987
-0.519916633725	2.00531981348
-0.486705289161	2.29732211697
-0.370880062969	2.55047474461
-0.100282480415	2.86070244564
0.139767815577	3.11715656024
0.262632643119	3.27513946881
0.324445936738	3.35028579389
0.513446807693	3.50049446053
0.685671424809	3.6810961445
0.83364870802	3.87495297169
-2.27327928459	-6.99584539043
-2.13781978326	-7.03833446459
-2.03905005685	-7.09862695643
-1.91652460678	-7.26855862822
1.74420347767	5.29106682965
1.77898054743	5.32173057504
1.79625524385	5.33815574076
1.81265104346	5.35374610651
1.86114202231	5.40115281661
1.93050032318	5.46110816357
1.95981984518	5.50261456575
1.98121242468	5.58490038963
2.00853366253	5.66634104639
2.02578952246	5.79513948181
2.00599721599	5.97172106812
1.86028526169	6.32866478483
1.80387253886	6.51140971657
1.72466768898	6.68220479394
1.55366531137	7.00845653362
-1.91652460252	-7.26855863804
-1.88846822857	-7.45855815296
-1.88482800032	-7.56528923095
-1.89843181312	-7.73599906833
-1.89117061411	-7.82947674507
-1.87808817349	-8.00988463105
-1.83662051256	-8.2450722055
-1.79868109086	-8.45653746114
-1.69937248044	-8.62421765249
-1.62254476861	-8.77944174915
-1.54022454866	-8.99011938036
-1.44620406853	-9.17245949557
-1.36277338211	-9.31191760729
-1.21565020431	-9.50569002695
-1.07157939042	-9.54989142057
-0.85479539179	-1.01933269516
-0.573602587943	-0.664964469761
-0.415412862216	-0.325932235301
-0.286535362069	-0.039543692067
-0.239757409084	0.0855240708906
-0.143421114218	0.344529335685
0.0107136310929	0.638697166403
0.0659736823362	0.795115534914
0.126165701906	0.95708827441
0.180301093158	1.12864264533
0.239400552765	1.35324632649
2.91691620537	3.97124938138
3.00510751027	3.73295720584
3.02320828927	3.59595218832
3.02742895892	3.49307684578
3.04467457082	3.32139047745
3.12543935809	3.1556003009
3.19434285674	3.06736098118
3.29272714426	2.84955906088
3.37743312005	2.7258376128
3.53487764277	2.56889778795
3.72365008187	2.38465365483
3.8109434915	2.30952897198
3.91334946019	2.21412273758
4.03681730373	2.09948158359
4.15145514192	1.97070517117
4.3063986101	1.83595585586
4.6163976058	1.54961090745
4.78022228709	1.3988725592
4.85135978617	1.35806886119
5.08906313583	1.19142931911
3.61806556548	6.51113326752
3.66558016816	6.54447855879
3.7323948148	6.5933592948
3.82481279785	6.65698722959
3.92625445643	6.72776912918
4.00220346814	6.77520025338
4.04426430457	6.80121151235
4.15987106543	6.85821526336
4.2550527528	6.93117470808
4.49398203789	7.05123694102
4.60731844812	7.10592128338
4.70190067241	7.15080390558
4.81274536165	7.20020203434
4.95247198539	7.26104279752
5.13125888359	7.31439826608
5.35494749721	7.40267901785
5.60678787685	7.50131502948
5.79435799042	7.57440286204
5.96058600423	7.62221060579
6.18666575931	7.6998804453
6.30020855724	7.73552585916
6.40954177455	7.76932357224
6.58152015342	7.82345416284
6.79392834557	7.90517189794
6.98841468807	7.95053017493
7.26631933594	8.03908412356
7.47921261623	8.09680838474
7.60584346645	8.1344305642
7.84206504522	8.20437800069
7.94451395246	8.23800080648
8.12786173219	8.29481061473
8.26693505109	8.33832924222
8.69139739055	8.4574621854
8.91469244325	8.5066799157
9.33624712819	8.57077197144
9.66270945829	8.59962693199
10.0011029813	8.61525763479
10.2197807713	8.62839649933
10.570315378	8.66392630801
10.7640164859	8.68241710709
10.8995909054	8.69115347623
11.1711214379	8.71556587984
11.4585634331	8.71964204234
11.7588365267	8.69122942502
11.7991843211	8.66806623308
11.8834486344	8.64667452959
11.9819119882	8.68640441593
12.0438052903	8.69652876838
12.2126862389	8.67075627341
12.5129665003	8.58896927698
12.6360814568	8.58636857534
12.7334022019	8.49114002927
12.9347038837	8.46061179684
13.0946788854	8.41636085344
13.4126015299	8.32711362349
1.74725446403	4.94180044971
1.70485057108	4.92984944179
1.60100677025	4.90180419538
1.55626417133	4.84377126987
1.4712672422	4.79200236359
1.34903865015	4.7404870767
1.19836591946	4.60676098628
1.03682083575	4.38609895957
0.876119543223	4.09518909316
0.833649296009	3.87490792492
-1.80746719096	-13.2672868956
-1.81087533693	-13.4857442336
-1.77318918718	-13.6583419585
-1.75147670969	-13.7787586518
-1.70300096998	-13.8497874728
-1.62856447742	-14.0311923066
-1.5365367727	-14.1186366391
-1.44755627395	-14.1973829465
-1.35986739063	-14.2801498939
-1.2815501728	-14.3662837926
-1.24096278926	-14.3976050331
-1.04237463903	-14.5447316075
-0.886408683872	-14.6263695405
-0.784747112959	-14.6820420112
-0.686470849182	-14.7249462743
-0.569403905786	-14.7757110081
-0.457393238239	-14.8207474199
-0.277546596016	-14.8446627193
-0.130313060621	-14.8554742459
0.00727395461293	-14.8655064595
0.154895194582	-14.8578670529
0.239214047667	-14.8516276053
0.398435692792	-14.8331631245
0.516945029831	-14.8175223469
0.600616357689	-14.8189456801
0.736568285655	-14.7976191224
0.918849441007	-14.7662133584
1.14662788289	-14.7265764118
1.3216067708	-14.6952816707
1.43595093203	-14.6730640173
1.58217223571	-14.6436408078
1.72633468017	-14.6079745564
1.83991769624	-14.5819776624
2.02882248791	-14.5859517851
2.15567156484	-14.5677595919
2.2859925456	-14.5409469988
2.41979093419	-14.5089295496
2.51387526039	-14.4844738339
2.68824423349	-14.4370387689
2.82523133817	-14.3939274635
2.96147350118	-14.338481161
3.08388472647	-14.2743075558
3.2147829755	-14.1920112998
3.33540690492	-14.1162129875
3.4235412693	-14.0572596867
3.5413360946	-13.9823300874
3.60736105613	-13.9380300563
3.74632486165	-13.8543290309
4.06864148821	-13.6394245916
4.21455547488	-13.5640489538
4.35492108478	-13.5271302828
4.47145501483	-13.4539713068
4.61908296651	-13.2982788607
4.63168442833	-13.2864953332
4.72944473738	-13.19720544
4.73576132984	-13.1310467155
4.83105344378	-13.0112956981
4.85758425685	-12.9455810815
4.95011276798	-12.720620754
4.96414969948	-12.5416601126
4.97308699605	-12.4351118594
4.93047395375	-12.300050271
4.82790155655	-12.0463595438
7.95125867059	11.5465353897
7.97406944036	11.7081806105
7.87639998845	11.8972579606
7.67479871121	12.199365828
7.43446025854	12.4283762655
7.35372117214	12.4896211211
7.33865419315	12.5138792728
7.20307415624	12.6078704774
7.08559400604	12.6823206137
6.94282468521	12.8016952293
6.71203647238	12.9037198987
6.51648630492	12.9860954697
6.36908937957	13.0566428707
6.01823878399	13.2031224715
5.5168293279	13.3885655293
5.20202721155	13.4864518884
5.16674558216	13.4991648535
4.95010840946	13.5707640325
4.67723256538	13.6543973639
4.50281038873	13.7101289792
4.34068348272	13.7566752229
4.0874441542	13.8197432941
3.88396133573	13.8586529221
3.78197060343	13.8646414829
3.47703909778	13.9289541896
3.33361454431	13.9473368365
3.18378793093	13.9690254712
3.05126639666	13.9857845035
2.83694454322	14.0173330296
2.80082890055	14.0219998557
2.72738321058	14.0318867467
2.61235985577	14.0461586895
2.41682836322	14.0423789352
2.17370293481	14.0534766783
1.92242875418	14.0213665944
1.83792003598	-3.8632456613
1.87495052494	-3.80608879626
7.05094822833	5.87328124507
7.18189044944	6.10536639494
7.37834693119	6.47433879436
7.59204836428	6.69277625956
7.74155539951	6.88330764134
7.7887178452	6.92438802019
7.94702718499	7.0618612403
8.13162346285	7.2169068615
8.3665475462	7.34294705174
8.55535638637	7.35809745139
8.75319810963	7.42667549456
9.11801964914	7.39542547229
9.27394711313	7.33547746003
9.40177779306	7.23424627084
9.5675432343	7.0891815631
9.71244198132	6.98449341242
9.76708008538	6.93362381924
9.98158777698	6.68818896501
10.0794372672	6.47454657435
10.1361064294	6.34055226801
10.1435030774	6.11987396012
3.92139410728	-14.7740671275
3.959047823	-14.7719050188
3.96131634089	-14.771569102
4.0093174354	-14.7626130113
4.05708770951	-14.7511066003
8.87806748574	10.9936846319
8.5537419501	11.1962245873
16.6148393988	8.56707562591
16.486468224	8.53103427656
16.2656625425	8.54718627439
16.1893360839	8.54718828361
15.9718515753	8.53546141142
15.7652460736	8.61203201999
15.6624432963	8.60329961033
15.4370899364	8.52272262933
15.2474224866	8.46086250948
15.1979787452	8.40854955146
15.0410482684	8.17523470907
5.08898460877	1.19121483658
5.26454441851	1.33139351666
5.35632145294	1.45576925481
5.52362245781	1.73857578758
5.52895593704	1.83900750544
5.53298959793	2.0226171406
5.54364129935	2.18342996571
5.55125637108	2.36696609211
5.56445674953	2.63339079084
5.55790879704	2.79511136344
5.59565449616	2.95014304733
5.59205232541	3.12640240091
5.58561454426	3.29036627071
5.57434697601	3.53130852163
5.55674350626	3.71379036228
5.48405423163	4.11402252571
5.42821745339	4.43238559325
5.39186332662	4.5706318305
5.32158677641	4.80121872921
5.19977707646	5.04638436281
2.606527091	-11.9473649094
2.43899657362	-12.1132138958
2.2203436494	-12.1550719415
2.01921130436	-12.1838699678
1.76153812045	-12.2714885071
1.61099888569	-12.3223265519
1.38703614325	-12.3796855802
1.03572364776	-12.4870072998
0.846821902339	-12.5491862645
0.458657187395	-12.6708148218
-0.0259954005602	-12.7903062194
-0.461269319991	-12.9011972117
-0.625745762402	-12.9450970444
-0.963699826554	-13.0268553891
-1.13199954846	-13.0858093833
-1.25888703225	-13.1112642172
-1.42901847804	-13.1407975333
-1.63360684184	-13.1914582088
-1.80746718355	-13.2672868802
6.41872502606	-3.39536754068
6.55583919402	-3.47314665407
6.7780284542	-3.58944932914
6.92562085845	-3.68730998882
7.0245682108	-3.67462023922
7.17711110156	-3.74619891139
7.32391601179	-3.81120996559
7.56837090035	-3.89734852608
7.75916248811	-4.08987239229
7.90942941064	-4.1555073799
8.94547020136	3.52056882574
8.82074694355	3.67673472087
8.55128918669	4.00156856178
8.31825621685	4.35920489325
8.20381178601	4.51681640328
8.10918953657	4.64647792718
8.05085430542	4.74324038888
7.96084717693	4.88796158039
7.81073034487	5.02600780612
7.66551230854	5.20068161467
7.54052209896	5.33448596811
7.43274387618	5.45345923027
7.37853489789	5.52885296615
7.23315024587	5.71418163119
7.05090867314	5.873379751
7.90942456556	-4.15550839245
8.0645924831	-3.87409586168
8.20939689935	-3.69754042915
8.30217141153	-3.56698758095
8.44320196047	-3.43855379433
8.59107289887	-3.21319998678
8.71999271275	-2.97059202962
8.78902939194	-2.83885227886
8.83736794448	-2.73181036144
8.87093329943	-2.58253101461
8.97997643148	-2.37097418635
9.06253613965	-2.16425778856
9.16983209015	-1.92599426179
9.23469066456	-1.71903595339
9.20822344841	-1.53806776085
9.19561955006	-1.45465744026
9.176196495	-1.33572610106
9.13186385975	-1.00682743121
9.08095265943	-0.876060168355
9.03661710087	-0.786981828293
8.82759984694	-0.364599916377
8.67157016693	-0.0625843083473
8.67166656393	-0.0626215138653
8.68942295562	0.0853538895322
8.69652805882	0.238296259639
8.69248706707	0.369202771068
8.70256851775	0.517899321358
8.70974286105	0.656537633211
8.71673306594	0.775428731536
8.72792150864	0.914903450132
8.73463087392	1.02850547265
8.76806749625	1.55161246901
8.78511291313	1.80853390671
8.78790138201	2.00436514917
8.80736569054	2.25293690111
8.83032799654	2.4188603549
8.85433442126	2.64523349671
8.86666761195	2.77362255871
8.89072430755	2.96254791969
8.92467299777	3.1264727407
8.9430901142	3.5196809214
11.6534650473	-11.1683192011
11.6534914674	-11.1683061972
14.9510858135	4.32897070188
14.8796080376	4.32522195047
14.7037597601	4.4278261214
14.5630000678	4.5123971956
18.9414908433	2.74477086805
18.8767828878	3.00156575303
18.8101549094	3.10972818905
18.749894509	3.26424246263
18.571971662	3.49980994369
18.4658269311	3.7519696559
18.3642474394	4.01132606828
18.2889122245	4.16329976594
18.1843194208	4.34970425614
18.1771140772	4.36282043218
18.1209741412	4.46677379295
17.9768486525	4.69436490529
17.8042926804	4.95137835273
17.7758718632	4.99984883853
17.6424332331	5.21720414435
17.6074201187	5.2719026385
17.3696501917	5.60442940242
17.292255453	5.70531620357
17.263909748	5.73902606145
17.0650999479	5.97291461957
16.8546109445	6.20772886345
16.7019423721	6.36971637606
16.4818716973	6.58070801128
16.3485842768	6.71264443474
16.1200644292	6.92874784014
15.9682838169	7.07163617651
15.8131406482	7.2242437919
15.6349710862	7.39485165488
15.5511538069	7.4868675994
15.4116091074	7.60560625851
15.2303817083	7.87618965083
15.0410720533	8.17525818862
12.5683504972	-9.34369968419
12.3262476701	-9.61793004014
12.1974914038	-9.75849444288
12.1111379717	-9.83143476374
11.7899049608	-10.0306103423
11.4732327422	-10.2469782418
11.0506822134	-10.5162172997
10.813443827	-10.7039770894
10.4729814356	-10.8978849462
10.4250035348	-10.9263534737
10.2218687397	-11.0439401391
9.93697981363	-11.1825140473
9.64319365499	-11.340508258
9.23692360058	-11.5576581951
9.02859074318	-11.6613454169
8.90290263939	-11.7142501453
8.73352012919	-11.780039444
8.63716800854	-11.8170213117
8.52440679062	-11.8582977118
8.28890257814	-11.9286413574
8.14011581646	-11.9652182241
7.98545501342	-11.9997034871
7.76131071881	-12.0518469653
7.6612314541	-12.0504068157
7.51835976761	-12.0740168715
7.32249862112	-12.1340948969
7.16085700336	-12.1508223261
6.84955837265	-12.1877162803
6.7838871614	-12.1894377599
6.59983940807	-12.171131463
6.4573145317	-12.1372882297
6.37918979267	-12.0905931297
6.23858474939	-11.8412517837
18.3441464243	0.104358644328
18.5872206141	0.031395572452
18.7197180466	0.0134153338375
19.0005169106	-0.00937832437831
19.1203491133	-0.0173092046481
19.3374529776	-0.0583957710309
19.485905803	-0.0773200368032
19.608928223	-0.097448542981
19.7735696312	-0.1386192201
19.8831526084	-0.125581605585
20.0587765618	-0.0832974900022
20.1682845324	-0.0730097798287
20.3315372964	-0.0630550690778
20.5434415018	0.0861526170914
14.3970689628	-8.5192910893
14.1182796618	-8.58748324468
13.9604822516	-8.63071677457
13.5748507364	-8.82714494382
13.4182965667	-8.90244473568
13.1325802697	-9.06334321207
13.0643626706	-9.12633536537
12.7928479845	-9.2295438493
12.5683504993	-9.34369968501
17.2731048921	-6.86167275931
17.6284964875	-6.89338793865
17.8978565588	-6.8299905936
18.1999782315	-6.70990411043
18.2465287314	-6.7354607174
18.4739297461	-6.54942153007
18.6245639182	-6.43136506137
18.745526671	-6.30526171387
18.9321181333	-6.16372523865
19.1666497673	-6.0506429467
19.3275983179	-5.71558200327
19.3522425974	-5.64400672947
19.3820872863	-5.52281948277
19.3903006964	-5.21948628726
20.8571562892	-0.329031968705
20.7302807253	-0.603447798216
20.6765902825	-0.694779406918
20.6201534951	-0.858860750952
20.4834479757	-1.14363540801
20.33014561	-1.41395500976
20.2823539127	-1.49130889049
20.2778148841	-1.55773845676
20.1475683658	-1.75336058574
19.9732896755	-1.91751718284
19.8729333819	-2.01247321628
19.7867118023	-2.12741100321
19.6729258872	-2.29761026405
19.5396059186	-2.47610051677
19.4283625302	-2.63258392512
19.301159898	-2.8067045264
19.1362642922	-3.0242498078
18.9786884071	-3.06687148107
17.6149831955	-5.81949694102
17.8049948158	-5.65695492463
17.8473433595	-5.57071160368
17.8417898683	-5.28877327941
18.0925652702	-5.21784951149
18.1751415255	-5.13033645546
18.2037189176	-5.10966918996
18.2385037163	-5.06067198792
18.3638896605	-4.80235239225
-11.8155875304	2.41617337899
-11.6002681698	2.11938997283
-11.5735978277	1.92659570628
-11.5571390129	1.74897498008
-11.5024790573	1.57097502899
-11.492472357	1.37831870269
-11.4849760232	1.1212199629
-11.5338751562	0.967941568786
-11.5870763411	0.869817171782
-11.6155061544	0.720784962769
-11.6557687228	0.608828970574
-11.7220433745	0.510714853519
-11.7869910191	0.383244823646
-11.8410430497	0.273668157411
-11.9510110068	0.0849728529237
-12.0886929451	-0.0778611321957
-12.1262624145	-0.146120112382
-12.163379866	-0.242099055707
-12.249052335	-0.397940621729
-12.5224811584	-0.534741058678
-10.6306108997	13.6532843405
-10.6554596611	13.4698799802
-17.3625034136	-8.68433684566
-17.4075680571	-8.64672119193
-17.5770201835	-8.4650253449
-17.6508979454	-8.36106199942
-17.7208750064	-8.29306577337
-17.832829654	-8.14429840198
-17.8916110955	-8.0269257623
1.08573206528	1.77766998437
1.0295927337	1.76405318461
0.907122657425	1.73144298409
0.819777719898	1.70811458521
0.661721663979	1.57926647065
0.437049293226	1.43285752567
0.239619690801	1.35335357006
16.687615882	9.58370932093
16.7176527252	9.49655512589
16.7528732115	9.3517574288
16.758791724	9.3314348577
16.7744376999	9.26063782525
16.8146817215	9.10790358699
16.8212940825	9.01326683346
16.6914989321	8.85017038969
16.6676919414	8.74258695208
16.6148087161	8.56708294602
19.3903007	-5.2194862905
19.2191675082	-5.12432655633
19.1356476624	-5.07130352156
18.8803074725	-5.066321703
18.6437132674	-4.96486357427
18.5669611571	-4.93423125997
18.3640203761	-4.80260955016
21.136347875	-4.97761417617
21.1451306951	-4.93879895585
21.1628174991	-4.83921576943
21.1693799299	-4.7965235487
21.1788812632	-4.72498216447
21.1880793122	-4.64504874233
21.2165724109	-4.39188984899
21.199077086	-4.27634326146
21.198031935	-4.16341084114
21.1936156119	-4.04812255679
21.1745517732	-3.88728515628
21.1526986512	-3.80409019416
21.0943226946	-3.72504143744
20.9754318152	-3.61081182139
20.8877817862	-3.52977468258
20.8045326991	-3.57302956326
20.6933234298	-3.67132604729
20.5669790834	-3.81960591528
20.3638429258	-4.08271180402
20.15117405	-4.34700417318
20.0642720094	-4.45552477686
19.9696605185	-4.7066804246
19.855087301	-4.86800932722
19.7518341736	-5.03191918819
19.5192614989	-5.05418056935
19.3903006998	-5.21948629045
-13.4929088355	6.83111679241
-13.9100975485	6.74182609283
-14.0596979588	6.68379802882
-14.4356570803	6.54657984119
1.92244747594	14.0213454942
1.86018378877	13.9102464526
1.59340643187	13.6897381196
1.24221117567	13.4698716595
1.11557400788	13.3767347885
1.01723960506	13.308088349
0.870657016041	13.2093437661
0.702430946361	13.0785355399
0.542857666474	12.9404192238
0.467853818004	12.8853513322
0.368014631098	12.81482386
0.301554048939	12.7596763109
0.201517850128	12.6753175447
0.13684930848	12.6201749032
0.0670763121758	12.5615265573
-0.0563256340979	12.4576032927
-0.197976495468	12.3354608448
-0.276213837663	12.2648910446
-0.347031409211	12.2011874492
-0.48152358374	12.0853355107
-0.620221147864	11.9597580574
-0.777914225047	11.8241715167
-0.846809814486	11.7654413927
-0.991031091779	11.6484696964
-1.13695445795	11.5465109964
-1.25993451632	11.4560132157
-1.34919017781	11.3979674888
-1.43716900914	11.3393990546
-1.64168581718	11.2209229272
-1.83802473124	11.1061264936
-1.95714313317	11.036760596
-2.08050292441	10.9641742564
-2.23159258028	10.8800604098
-2.41919819628	10.7551552352
-2.64636398105	10.6201149755
-2.7975123378	10.5321147626
-3.06177258651	10.3774430742
-3.33792596849	10.2169483143
-3.47726417547	10.1360434008
-3.64293762542	10.0402360299
-3.94820713087	9.86864975411
-4.15806672386	9.74874866606
-4.3873196462	9.60456122554
-4.64259631251	9.46418369466
-4.82815530732	9.35262886199
-4.97409125108	9.27127659131
-5.27472853662	9.12161048036
0.305746480977	-9.42768273689
0.0596531486588	-9.43511354512
-0.370153415168	-9.48214565898
-0.609234305003	-9.48641841692
-0.665450857567	-9.49435252222
-0.818114117615	-9.50651552192
-1.07136837564	-9.54978064971
18.9788285885	-3.06689093342
18.9056755079	-3.27218653054
18.9018803173	-3.54097828474
18.7217098016	-3.7112656236
18.6950715326	-3.83533124806
18.6354022222	-3.97216582962
18.6066747885	-4.03541783721
18.5485927447	-4.17758629879
18.4149969185	-4.38841658762
18.3999024245	-4.52714645868
18.3640798894	-4.80315048608
-4.13865050351	-8.43707933524
-4.23723291428	-8.57281526269
-4.31892865323	-8.69472873921
-4.4933012415	-8.84399607771
-4.61454125431	-9.04405991728
-2.02552683329	7.8924665758
-2.27278822069	7.68520241695
-2.36390468432	7.61491394976
-2.40539346008	7.58899970456
-2.60720264284	7.4418070363
-2.79099804099	7.30764026382
-2.95289295266	7.19095637915
-3.07692695461	7.14660388724
-3.35315653095	6.98191221583
-3.55113157224	6.86093545229
-8.6517448415	7.31631086321
-8.79011971469	7.56884991002
-8.83458233759	7.72209589665
-8.90691333743	8.02988358646
-8.98555061716	8.20699095472
-9.0262869197	8.28082641564
-9.08440522207	8.40923527063
-9.1612566121	8.65420105593
-7.52613210485	9.86783768454
-7.41812938179	10.0209827817
-7.33824906655	10.1858413093
-7.2356589952	10.4217856857
-7.1663511958	10.7510922417
-7.17857878373	10.8326870036
-7.13197303164	11.0817926669
-7.04160865496	11.4344661758
-7.11535141376	11.711081124
-7.1153610231	11.7110329097
-6.89477792972	11.8105079842
-6.77610349469	11.9039901911
-6.621595927	12.0147377816
-6.41425816467	12.1776942238
-6.36956580465	12.2043316976
-6.2341251434	12.3098285587
-6.06886616599	12.3916257796
-5.93849602066	12.4751160795
-5.7312047466	12.7531725796
-5.69797614968	12.7839681522
-5.53235692106	12.949451985
-5.37269837326	13.0862525265
-5.26258811523	13.1981728691
-5.08655918302	13.3958323456
-4.86947015241	13.6078363268
-4.88132442565	13.775013341
-5.29003954894	4.98173195044
-5.49841400405	5.23491987532
-5.62171849754	5.38885630869
-5.68741599243	5.48580993712
-5.78987583413	5.57404792733
-5.85591269191	5.67133090568
-5.92349521934	5.77128612312
-6.06349036159	5.95346443779
-6.20338061895	6.17411612689
-6.26704030208	6.29612772261
-6.35703035911	6.42891436912
-6.45172958941	6.56633798818
-6.51333898541	6.68942683964
-6.62142478372	6.81083579914
-6.73700016436	6.91038325304
-6.87181734995	6.99702196155
-7.0134092923	7.05293757456
-7.1319725072	7.08831658614
-7.26872073658	7.13874438461
-7.44676667253	7.20309991435
-7.82091346796	7.2946153629
-8.24782333432	7.24886919964
-8.41769582661	7.24247095934
-8.651186834	7.31592070813
13.4126089246	8.32712318659
13.4517831942	8.17622636622
13.4049371922	8.03280729355
13.4360319307	7.86447342608
13.4713737556	7.70452922621
13.5300781268	7.53127928261
13.5797713154	7.37995426953
13.6332377536	7.24747835044
13.6918351254	7.09147818303
13.7259845929	6.9249143747
13.8101548595	6.72831927692
13.8852248176	6.57271527748
13.9424882793	6.43983241696
14.0329832984	6.27888638511
14.1275284393	6.03358097134
14.1553397079	5.94477911765
14.2297650012	5.78999218032
14.2931643133	5.5755298838
14.3397488312	5.43985324692
14.3977159117	5.26819325194
14.4368009671	5.14155081961
14.4528153386	5.08383799312
14.5124115284	4.79022514477
14.5630017341	4.51239720618
11.6369635006	1.078955331
11.5945660921	1.37307958441
11.5921454804	1.56871789816
11.5590438595	1.90670719074
11.5444522363	2.10520405164
11.5020188206	2.50127158434
11.4672084257	2.67216972157
11.4485423308	2.76163327192
11.4396412249	2.89702572475
11.4059657981	3.26924197
11.3753655752	3.59378381296
11.3597347157	3.76596863077
11.3198092848	4.28715821895
11.2858605039	4.74792204043
11.2944150756	5.00173849106
11.2874754296	5.42056906326
11.1933597998	5.5459766316
11.1066153841	5.63231647771
11.0035112167	5.73524268547
10.8819457361	5.81012187389
10.8622710651	5.82496495553
10.6195898157	5.9841888106
10.3482627671	6.12983830337
10.1435031523	6.1198739731
13.9806407047	1.07050964839
14.0643264708	1.36354368244
14.1077485051	1.58419084886
14.1330736911	1.831500436
14.1336540168	1.93272520176
14.1258916224	2.20474998183
14.1484426116	2.4503896098
14.1961239976	2.66422447058
14.2476654979	2.86352685154
14.2662859894	2.95241091025
14.2708889538	2.97539083926
14.3521561671	3.40714780966
14.4356255021	3.84521017506
14.4646538745	3.98964743932
14.4949729593	4.14986145868
14.5133840236	4.24283450295
14.5629963412	4.51239709568
20.7460560417	1.66173675097
20.4531232954	1.49405917266
20.3323344505	1.69889615835
20.2732117229	1.82568936332
20.1454648551	1.939028421
19.9462720898	2.15479267317
19.7796073196	2.3556114199
19.6257479344	2.51836978831
19.5061636684	2.60617696736
19.3621621912	2.72362399554
19.1570085745	2.79031630805
18.9415158991	2.74479802384
-17.8916248064	-8.02693280279
-17.785617302	-7.84934102205
-17.6036272788	-7.87424527249
-17.4606666356	-7.83289518312
-17.2737667944	-7.83118556271
-16.8086838556	-7.93180244224
-16.6711660512	-8.00424647024
-16.5034942467	-8.09284500599
-16.2450149691	-8.23135266816
-16.0496553832	-8.33355740859
-15.8983470132	-8.4137737679
-15.6031566422	-8.57775368015
-15.3224745082	-8.73251401836
-15.0706720524	-8.88941182027
-14.7073620768	-9.12031807821
-14.5878022792	-9.19538886756
-14.3466746582	-9.35273474198
-14.0612785889	-9.54542865235
-13.825248979	-9.74024440152
-13.6799588785	-9.80973145029
-13.444206875	-9.97464244847
-13.3228943643	-10.0544303157
-13.1747993754	-10.1377276349
-13.0711242208	-10.2151748457
-12.8375517105	-10.4051016433
-6.26489045507	-3.24029568811
-6.44200619758	-3.43607291922
-6.56222282388	-3.51406997704
-6.79640052843	-3.61506914922
-6.98690706256	-3.72064533825
-7.18755938272	-3.78958739349
-7.40331920724	-3.83825681888
-7.62298363265	-3.9761080753
-7.82499356284	-4.06274533091
-7.89830264737	-4.08829954458
-8.06001736754	-4.14264778711
-8.24445479595	-4.20619179307
-8.3984296562	-4.2513866548
-8.69174126922	-4.32014823679
-8.91302269401	-4.34793055204
-9.08946024554	-4.37112879681
-9.29064087361	-4.41595961192
-9.52389966117	-4.50844637079
-9.74912635772	-4.5538875765
-9.8847261453	-4.5705449209
-10.1609193114	-4.71252690372
-12.5224424066	-0.534769423723
-12.8010858438	-0.441452268154
-12.943332603	-0.388819792437
-13.2287346967	-0.232689182723
-13.4545336209	-0.073131349548
-13.7780382926	0.126894336084
-14.0765292151	0.266348797203
-14.2219162858	0.32653069485
-14.3975056026	0.376043420736
-14.5542046842	0.414184734781
-14.7346476671	0.438563921602
-14.9912271263	0.462742696584
-15.2119997888	0.430059632022
-15.6185540194	0.352017148357
-15.77221678	0.314263039982
-15.9296702302	0.246417870661
-16.1408085649	0.102427743396
-16.3396676355	-0.0387893510775
-16.5623400376	-0.224596961911
-16.7436740763	-0.373162342583
-16.8844361658	-0.47325312627
-17.0351067398	-0.542327646441
-12.8374494709	-10.4051707134
-12.5903814541	-10.3294362955
-12.4704658666	-10.3158228921
-12.4011007321	-10.3088047255
-12.2183318855	-10.3618601024
-12.1143722566	-10.3290174131
-11.9689951376	-10.2751321637
-11.9383536309	-10.2286150111
-11.6987672123	-10.1762073726
-5.09918249237	0.378027920833
-5.28770098571	0.2053295214
-5.53076392235	0.091304549551
-5.72619922329	-0.0302711055284
-5.81755198395	-0.0867387119533
-5.94718164687	-0.177607677866
-6.03231088887	-0.278102944182
-6.18777909409	-0.529382607196
-6.24260797505	-0.631305044592
-6.3209393735	-0.753640195894
-6.40867214528	-0.870554311347
-6.53417196966	-1.09200819796
-6.52043351505	-1.30288937313
-6.52088148548	-1.57629472881
-6.52282095503	-1.69089897
-6.50901428887	-1.82420320011
-6.4757660935	-1.9460831441
-6.45325769729	-2.22977812827
-6.37594405039	-2.41910466645
-6.34420505885	-2.61913146258
-6.31222655659	-2.76647337498
-6.28982119159	-2.93337505163
-6.26498908485	-3.24034975092
-2.89236784604	-13.1101489159
-3.17274280841	-13.0200073892
-3.37837947716	-12.9631926947
-3.59405724424	-12.910847103
-3.87982217435	-12.8093040212
-4.08695214113	-12.7047363695
-4.38099509058	-12.5869712095
-4.45041264832	-12.6089333069
-4.6586235326	-12.5039131142
-4.83471554586	-12.4828497473
-5.00963058733	-12.4163446723
-5.17612257931	-12.3352788275
-5.49177388117	-12.218643065
20.5436572284	0.0863232646969
20.5506877357	0.354141166845
20.5392541415	0.479299531315
20.5343087784	0.575494805157
20.5213515815	0.760748025851
20.4822355484	1.01543037386
20.7462722208	1.66180384549
-19.047252937	-4.8541883627
-19.0657059965	-4.60202880441
-19.1781580809	-4.44347179713
-19.3163429143	-4.28458473641
-19.3700052836	-4.16372524705
-19.4278055321	-4.00496372954
-19.4723045569	-3.84761703462
-19.5312348761	-3.70010975819
-19.6614623781	-3.42923361346
8.55238416097	11.1971789819
8.51914252585	10.8211168285
8.48208215659	10.6845401768
8.53146443926	10.6234425915
8.4752807304	10.4005324709
8.45268574679	10.3540964347
8.44509777304	10.3226247078
8.36769409011	10.1737745186
8.34142449557	10.1218159927
8.26457717002	10.005193365
8.10216662212	9.85967526992
7.96853809967	9.76387411777
7.7363459988	9.61963776332
7.63637548623	9.56704414926
7.52585560318	9.52624225693
7.37737270911	9.47813223195
7.21450891931	9.42444406654
7.09833314443	9.38755931342
6.86930023182	9.33420496339
6.66964802977	9.28872973016
6.42926922078	9.24231094681
6.21418861631	9.20691723074
6.05026231092	9.17651707314
5.86676528458	9.14170898583
5.6223108793	9.11177777704
5.23561910979	9.04918463192
4.97229479904	8.98975910956
4.70831206481	8.91455758971
4.55953306403	8.85805489286
4.36282236542	8.79061057985
3.98024248694	8.66168908503
3.73320483889	8.57555522116
3.45976405318	8.46261983541
3.09095484742	8.26526388727
2.76193057433	8.08259729412
2.56554159469	7.95295423355
2.4374958748	7.84575782025
2.28687296697	7.73810480215
2.18472694254	7.68715593738
2.04459821754	7.54868289509
1.87838754099	7.37595154659
1.7384291819	7.23227033955
1.55370364147	7.00847550064
0.239038890497	1.35323790324
-0.0471570767004	1.58475018854
-0.15212211241	1.68701759389
-0.304861383147	1.8298877325
-0.519995614071	2.00530654685
-9.16125661221	8.65420105591
-8.98505251089	8.86587924275
-8.8105791266	9.00414625191
-8.69452678303	9.10308700112
-8.5569025303	9.2185921567
-8.27800734323	9.41533831467
-8.02772613975	9.63317841891
-7.90759807324	9.68734926554
-7.73841239674	9.77233549926
-7.52613192649	9.86783873604
-19.6669550981	1.04764442545
-19.8417851081	0.784982401548
-19.8771860625	0.590173737559
-19.9119824985	0.26863618499
-19.9416146626	0.0931439423726
-19.9046587155	-0.112965691731
-19.8895052321	-0.244187439693
-19.9546426947	-0.506305314303
-19.9485734369	-0.611084495437
-19.885599472	-0.690173982819
-19.797546951	-0.955706851402
-19.6987948074	-1.20187213108
15.7454179356	-2.95457049733
15.9113278277	-2.89341338933
16.0336575383	-2.85401575858
16.3092599836	-2.77423149449
16.4999967812	-2.72273294218
16.5825868582	-2.68644755854
16.8049799808	-2.72073605899
16.9571012672	-2.72866152396
17.1258535303	-2.69239767727
17.2999659854	-2.69287094013
17.4699095214	-2.70130553761
17.5687277833	-2.71142197072
17.7403004027	-2.75579000166
17.9264095151	-2.81767661082
18.052296548	-2.85113786176
18.167875192	-2.82726381041
18.5204207371	-2.88451153807
18.6753917907	-2.94335722305
18.7159144214	-2.95633704912
18.8564483813	-3.01989036506
18.9790193028	-3.06682747053
-15.7709563229	-5.30487018723
-15.6461584348	-5.42032470463
-15.5657577741	-5.50994462746
-15.5041006861	-5.55876259683
-15.3984059475	-5.69120568823
-15.2939450566	-5.87234698093
-14.9835534827	-6.16043554043
-14.7118900123	-6.40600169619
-14.3986873337	-6.67167233
-14.1324039593	-6.85377786162
-13.9791659928	-6.94345950701
-13.5530221141	-7.17128016661
-13.2793873983	-7.19839533693
-13.0828250666	-7.18858859482
-12.9391415878	-7.1578202221
-12.6553684969	-7.11110955521
-12.5130190929	-7.06605491911
-12.2236004347	-6.93830615821
-11.9630909456	-6.80621443743
6.23867410348	-11.8413542872
6.04856580367	-11.9317832126
5.91721852953	-12.0245630934
5.71862154237	-12.0460511795
5.62376491241	-12.0297844146
5.46760153514	-12.0182051279
5.24462169899	-11.9931568843
4.82777292108	-12.0462906326
-18.61036768	3.3224818799
-18.3850483416	3.3606619624
-18.1145650197	3.46949229153
-17.9182748506	3.53303389319
-18.6123615825	3.30669299167
-18.8770782458	3.05138876219
-18.9337856284	2.92334194992
-19.0354955678	2.73215380988
-19.093361173	2.59941654728
-19.1329829075	2.51481919631
-19.1858813799	2.35937170194
-19.2949225948	2.08686076077
-19.3529851704	1.95177565088
-19.4275140816	1.80982480734
-19.4885094658	1.66016094455
-19.5163765619	1.59433838052
-19.6495771162	1.37010589637
-19.6599584211	1.31286958224
-19.6669728281	1.04771772441
-17.035074046	-0.542292812772
-17.2423564885	-0.275389220793
-17.3676369889	-0.162440922835
-17.5896996844	0.0479993502002
-17.7985762561	0.220840180564
-17.9193079618	0.320088614016
-18.0762141176	0.390664704437
-18.1963631842	0.498860717035
-18.3315859949	0.570152365605
-18.3733970982	0.593132476354
-18.5456059963	0.69361070017
-18.6498725279	0.754911001047
-18.7606456063	0.738057861676
-18.8564965676	0.760607843355
-18.9484278373	0.782445679067
-19.0516367418	0.755183699484
-19.2359577064	0.821622314699
-19.4442708436	0.863607380533
-19.5181823127	0.979095566166
-19.6669550403	1.04764443063
-14.8319191552	2.64921239486
-15.0168407377	2.5173336235
-15.1326224064	2.43870555425
-15.2162146512	2.41187446994
-15.3996272755	2.33451281814
-15.5425660756	2.33011324945
-15.6961414827	2.32592875615
-15.8836058867	2.32702770993
-15.9644278046	2.32855550612
-16.1173300868	2.33354969202
-16.3182349197	2.33630991999
-16.4843607488	2.32828486362
-16.6529691784	2.37381276791
-16.7705626988	2.40494631654
-16.9029508772	2.44384908432
-17.0216278913	2.51095895245
-17.1143266059	2.57182521293
-17.2100480341	2.64799601044
-17.2885194348	2.73157813556
-17.3831315829	2.81113795441
-17.5130360668	2.91353086011
-17.5901437437	3.02205993078
-17.682905746	3.20369725318
-17.823460189	3.33121828283
-17.9182748566	3.53303389198
-14.831949595	2.64917365245
-14.7509168822	2.57145446439
-14.5596209922	2.4830430435
-14.3742997271	2.46790012667
-14.0522165865	2.44404865536
-13.760376185	2.44332251159
-13.5940076994	2.40809416373
-13.4553439017	2.38887764825
-13.3335801842	2.41525812447
-13.1863376428	2.43702088418
-13.0335800523	2.45110845766
-12.7862958581	2.45769063002
-12.5205227062	2.47361696186
-12.3015518948	2.46600265513
-11.8156109802	2.41613829289
-15.9874337283	-3.65835266631
-15.8405783052	-3.56561314755
-15.7379205972	-3.53872894175
-15.5429469397	-3.50035676041
-15.4064687028	-3.49829173805
-15.2725640143	-3.50776747766
-15.1665858797	-3.48131251447
-15.0462057419	-3.45342337052
-14.8810475372	-3.42896356897
-14.4871071872	-3.31321507891
-14.3476235209	-3.26773456378
-14.2356575678	-3.21392960782
-14.164108772	-3.17540887417
-14.0735405487	-3.10251738838
-13.8727326412	-3.01176579215
-13.7382063567	-2.91099323825
-13.6067385913	-2.8122573315
-13.4643437591	-2.66838768189
-13.3662303962	-2.55690267982
-13.3067468147	-2.48406305114
-13.2010047869	-2.32276060062
-13.1324306502	-2.15280314299
-13.0380882159	-1.97717324984
-12.9363554709	-1.75478034096
-12.8335153932	-1.40805245022
-12.791463016	-1.29717253084
-12.7634616466	-1.19991772282
-12.7357503173	-1.09627304039
-12.7045587712	-0.833630266491
-12.5226033391	-0.534454345503
-15.9884284977	-3.65828035021
-15.957271118	-3.83469590217
-15.9466210303	-3.92539556284
-15.8578338487	-4.18018328991
-15.836722983	-4.32810571503
-15.8153305302	-4.45120331584
-15.768186975	-4.63823988426
-15.724995938	-4.79146747384
-15.7206022494	-5.00164886451
-15.7036785863	-5.12625407047
-15.7709876443	-5.30496977859
-12.3011256274	5.20794164357
-12.4852143032	5.44292406636
-12.513309962	5.55478755207
-12.5812014172	5.70274833977
-12.6429838671	5.77417118386
-12.8555618916	5.94289213508
-12.9624163795	6.06012295586
-13.0036504344	6.18368179249
-13.0625751231	6.27745659153
-13.2856001059	6.54930015478
-13.4929238268	6.83106114777
-12.3010801276	5.20798296345
-12.2443944482	4.87813434973
-12.1639179788	4.63859277436
-12.1484500063	4.56323978984
-12.1136987751	4.37826958815
-12.0588943721	4.23749577349
-12.0036163504	4.11062366206
-11.9505730892	3.93968258727
-11.9351687463	3.72248163167
-11.8270068195	3.34481268672
-11.7672588106	3.04629863948
-11.6649319265	2.72541899768
-11.6525898188	2.58005823294
-11.8155869672	2.41617338122
-12.3009959093	5.2080707299
-11.9354228929	5.38600935093
-11.7247415028	5.36409530639
-11.5930511172	5.41374911819
-11.2693056021	5.52230656866
-11.0845573239	5.57714428446
-10.857585646	5.68008646186
-10.7044001889	5.75177346615
-10.437000744	5.81463384266
-10.1431968975	5.87032579888
-9.94082105675	5.9216550457
-9.79172718418	5.99028229895
-9.65722584308	5.99940642659
-9.596947483	6.01459878797
-9.59704366612	6.01476157775
-9.43055025465	6.29605837075
-9.3267830248	6.44124285075
-9.21623529022	6.55415229184
-9.07338976214	6.72944355598
-9.04011140225	6.77010372868
-8.76942441285	7.054983292
-8.65118683404	7.31592070821
-10.6555189115	13.4698657018
-10.4604782508	13.3338822592
-10.2528160111	13.3163501603
-10.0209209609	13.2993670254
-9.80575353868	13.100098097
-11.6987743239	-10.176192189
-11.4108123362	-10.3618646118
-11.2434607372	-10.3677065646
-11.1954436818	-10.3835761827
-11.0771129903	-10.419726595
-10.9487858764	-10.4693830701
-10.7859580941	-10.5715197971
-10.5577222282	-10.6379784604
-10.2479405942	-10.5126429949
-5.27452110401	9.12164237868
-5.25332008671	8.82692690774
-5.23572454723	8.62195795825
-5.20491683248	8.39180203156
-5.13624270391	8.25342061967
-5.05786019071	8.06658662684
-4.98934160028	7.89024876622
-4.85277894507	7.74268890083
-4.57973300092	7.49360005228
-4.49114577023	7.4215354174
-4.35906942585	7.29742874425
-4.18329395898	7.1725251087
-3.98840829422	7.07521051646
-3.76623636375	6.96377417501
-3.55109992089	6.86095138376
-4.88131958876	13.7750039405
-4.63079427524	13.7935347503
-4.50133079875	13.7899204199
-4.40657156596	13.8038752975
-4.10392959575	13.8322129449
-3.89945776763	13.8616169594
-3.66176882697	13.8998760097
-3.39118015587	13.9535637928
-2.52821379614	14.1037871822
-2.02534776301	14.1835483383
-1.70859633577	14.228466351
-1.20627136446	14.3045768435
-0.844788696335	14.3336589891
0.103450249365	14.3952423612
0.606444823851	14.3809524721
0.99807392037	14.3736668355
1.31124142561	14.3503552859
1.5335486541	14.2997604174
1.73293434087	14.2299986919
1.85652360481	14.1723705813
1.92243205984	14.0213601025
-9.2934516641	-11.7749825711
-9.38102139237	-11.9990279606
-9.39114295236	-12.0780378984
-9.39837536306	-12.1732457621
-9.41719641142	-12.2599641333
-9.50644743517	-12.3860353848
-9.59580995426	-12.5574766126
-9.69528904206	-12.6814339332
-9.85045853687	-12.7567558127
-9.92673379564	-12.8088211421
-10.0419872099	-12.8827182805
-10.0975353262	-12.899068614
-10.2982604699	-12.9133034306
-10.3910562506	-12.9214935497
-10.5237190375	-12.916188518
-10.6184486202	-12.893008366
-10.6958328974	-12.8766525721
-10.7873884043	-12.8255616895
-10.8673364291	-12.782718276
-11.0684294433	-12.6836571495
-11.218485024	-12.5518862061
-11.390329178	-12.4592329382
-11.5792005657	-12.2652219128
-11.7220293502	-12.1251698555
-11.8969679139	-11.9219941253
-12.0999159231	-11.7219022629
-12.2444473521	-11.5897067349
-12.4663076894	-11.3618040336
-12.8197150998	-10.9089412393
-12.8548385221	-10.5459329371
-12.8374923579	-10.4051046511
-5.49198912969	-12.2186827103
-5.45121130543	-11.8725986975
-5.41690869011	-11.7460032305
-5.38694663151	-11.5971215858
-5.2663074013	-11.349341204
-5.22178544358	-11.1952976845
-5.13180153631	-10.9795833578
-4.99150696185	-10.7729555874
-4.91073934377	-10.5589489889
-4.84571868773	-10.2978760028
-4.80684110828	-10.1964496167
-4.72853077332	-10.0376076876
-4.60914873028	-9.80369182071
-4.61059172175	-9.69469885976
-4.62153063985	-9.61565527532
-4.60621549447	-9.48855980434
-4.63932418257	-9.37218171905
-4.614600745	-9.04384479873
-4.26873460189	-6.06652016079
-4.00796283669	-6.11690777748
-3.86693223659	-6.11582911553
-3.70711825249	-6.08340587755
-3.55508337936	-5.99477217655
-3.39113890274	-6.0005212427
-3.22574747959	-5.94278355398
-3.02192053509	-5.91783317293
-2.76365850862	-5.85144769691
-2.61675265325	-5.8117428939
-2.47808496966	-5.76093265252
-2.2660895004	-5.65956946604
-2.14829669902	-5.59004505468
-1.96341158231	-5.4719917864
-1.82501210906	-5.36960183668
-1.67398272808	-5.24926936927
-1.56090697712	-5.12932350859
-1.37690171098	-4.97291388178
-1.29364995941	-4.87632586001
-1.18270902026	-4.73935229815
-1.0869763295	-4.60719745326
-1.01128397786	-4.48020578638
-0.918008608511	-4.34714283488
-0.872099602494	-4.18757570812
-0.836552867541	-4.01993462057
-0.820216483285	-3.87518870778
-0.794187903947	-3.77519705934
-0.785861299923	-3.63835437137
-0.787122913549	-3.5390345472
-0.796565495356	-3.31134033207
-0.831880213166	-3.0618652639
-0.847704082724	-2.92308648232
-0.874755742903	-2.73541283452
-0.906923180158	-2.52268034599
-0.936571177164	-2.26185119156
-0.970998446162	-2.08598569944
-1.00062118221	-1.73920193944
-4.26872865393	-6.06653896338
-4.34494445807	-5.82672719041
-4.44966151672	-5.60538443747
-4.48387237461	-5.46497168692
-4.57598994574	-5.24140645497
-4.62183961372	-4.97987105792
-4.75035059113	-4.80028656797
-4.84743457056	-4.65534232548
-4.92881581126	-4.51811211255
-5.03596740835	-4.3857587311
-5.20072470701	-4.16193702617
-5.37907631133	-4.00865166279
-5.46102328275	-3.93775965316
-5.54149743953	-3.86027295476
-5.61686297722	-3.80236060634
-5.70354649891	-3.72808258348
-5.81699301171	-3.61710673191
-5.94581839627	-3.52189143003
-6.0933689269	-3.41165974746
-6.26642348531	-3.24127702521
-1.00063012639	-1.73920968786
-0.973581544227	-1.36942240813
-0.854866126083	-1.01932535517
-0.519985999803	2.00523123785
-0.794561634493	1.80982393919
-0.844859361901	1.73813465718
-0.911252661249	1.53568394967
-1.03590196599	1.36475735576
-1.09862284663	1.15230358296
-1.17054930609	0.895885435139
-1.27844613215	0.476444964652
-1.30724798917	0.103605223621
-1.33132310806	-0.154078447618
-1.34093395288	-0.38038692938
-1.29738974817	-0.583935651906
-1.2111840209	-0.905817489585
-1.12783062569	-1.02916202328
-0.854821900318	-1.01934923588
-1.91652459951	-7.26855864729
-1.61501978065	-7.0141900813
-1.43066388638	-6.93960980649
-1.28612623079	-6.87067875129
-1.21641213889	-6.83633543567
-1.14630135131	-6.80572996594
-1.0561376889	-6.75669588412
-0.93095618725	-6.68546713189
-0.812688573445	-6.5872206868
-0.669390686893	-6.51517127951
-0.442765424278	-6.40543596346
-0.30830608399	-6.31708295701
-0.182964816718	-6.26224865051
0.030151783955	-6.14013130274
0.254550056126	-5.99356201968
0.310220669307	-5.95597705666
0.525757299637	-5.80602973641
0.670955057993	-5.64253917119
0.747668791084	-5.55372931211
0.791959738567	-5.47763874729
0.876352999736	-5.38545176553
1.06610041243	-5.12487585272
1.20412013343	-4.93414032424
1.27583296207	-4.8181372672
1.36643075363	-4.67615535241
1.44373546161	-4.54620929444
1.57716477905	-4.31206215149
1.58235489251	-4.3028664553
1.72054768415	-4.05999041378
1.8749007553	-3.80612479261
2.91691634156	3.97124926798
2.63399928637	3.93819828971
2.3203275601	3.80736179092
2.00038648649	3.74008294881
1.74389216765	3.72292102066
1.50431528719	3.70042810732
1.30571711907	3.72797873936
1.1867296382	3.74697524718
0.965425655251	3.82921829301
0.833600618591	3.8750077105
2.91697641271	3.97129245494
3.05351367298	4.08153100175
3.18273169355	4.21205526584
3.33299607554	4.32135474642
3.56193901205	4.47256170721
3.76905975747	4.5703584145
4.00439466748	4.68019420601
4.06533851961	4.72226751303
4.21027255743	4.81128743066
4.40921533156	4.87853990028
4.63031900416	4.95057807003
4.8586375991	4.98470234411
4.99885750587	4.99265217713
5.199799657	5.04635834684
-1.80746718414	-13.2672868817
-2.10370354843	-13.2928537132
-2.37258678621	-13.2859695927
-2.60278926211	-13.2505925254
-2.8923139312	-13.1099078526
-1.07157939035	-9.54989142174
-1.37967752596	-9.88801398319
-1.47696178936	-10.0837327696
-1.5319861322	-10.2426537915
-1.59811228126	-10.3697578868
-1.65442307426	-10.5312722794
-1.73195490116	-10.7264340037
-1.80097749378	-10.8538721536
-1.87083392075	-11.0132911427
-1.92358714665	-11.1316694193
-1.98282607305	-11.263127813
-2.04887949596	-11.4145004894
-2.11824200414	-11.5554788713
-2.20647017919	-11.7471312385
-2.33102065756	-11.8933589394
-2.44004623693	-12.0447360629
-2.54872951714	-12.2044856129
-2.67291417387	-12.3735422431
-2.69489634906	-12.4404829321
-2.77885068014	-12.6093894969
-2.80709808841	-12.7353834153
-2.87153675924	-12.8808819629
-2.89236857658	-13.1101523573
7.9513849998	11.5464860275
8.20976492634	11.4109655007
8.55238416092	11.1971789819
7.95121682008	11.5465505483
7.63409710888	11.4832920786
7.46735527294	11.4562789925
7.03614133882	11.3689451046
6.90421022218	11.3445033545
6.826113929	11.3259051401
6.67685846436	11.2950436516
6.56502318003	11.2863163763
6.40403258416	11.271627728
6.24864953388	11.2601264843
6.08737239443	11.2222565643
5.94001857462	11.2018734698
5.76371180513	11.1747927884
5.50296371169	11.1277016342
5.34026772689	11.0869047166
5.19229947743	11.047620428
4.90500785118	10.9725759975
4.58999958204	10.9003759794
4.31784546758	10.8260104686
4.21671659115	10.7873209955
3.96043450047	10.718143696
3.68541520725	10.6397771044
3.48494346574	10.5869658458
3.38237863087	10.5576267296
3.27418189229	10.5232732962
3.08688608614	10.476598371
2.91702531165	10.4286221702
2.70762615437	10.3751184948
2.4780452284	10.3081486409
2.21875441434	10.2394137903
2.08493357944	10.2005865197
1.99192674648	10.1727814073
1.87505092544	10.131228831
1.76302253097	10.0919063369
1.62216341154	10.0484720713
1.4137242604	9.98302754103
1.27449331503	9.93186777039
1.14275011817	9.88983322075
0.981549828439	9.82685682741
0.794827524484	9.75750713999
0.639991520124	9.69456939639
0.47274481432	9.61108844666
0.318301496099	9.5380283937
0.0435472336966	9.37884034967
-0.169055818545	9.2424333747
-0.468932686815	9.05090099081
-0.609113249187	8.94924369161
-0.78078020679	8.82188983988
-1.04869591662	8.61964449053
-1.17329878109	8.52025677823
-1.31814944802	8.40348174878
-1.53987879141	8.2444747448
-1.75551228734	8.07559678276
-1.89146703864	7.98329715421
-2.02564794665	7.89263304794
1.87486275029	-3.80618194691
2.00771407397	-3.58815654373
2.11240749874	-3.44597901359
2.19437008619	-3.34147869203
2.25731523902	-3.26040676933
2.33232842705	-3.16847104686
2.61346175372	-2.84239805847
2.74384074852	-2.72618138591
2.83448475754	-2.64135838328
2.93932283971	-2.52494164457
3.16127247825	-2.34961514752
3.57706193269	-2.05476576057
3.88748170603	-1.83207793617
4.09642087912	-1.67488777672
4.22432523118	-1.58310001965
4.34173905493	-1.48327611284
4.53933695624	-1.31623996407
4.68559710034	-1.17869346292
4.79379329746	-1.06815300325
4.96863087838	-0.863660706431
5.08540972937	-0.711786043918
5.17877838571	-0.54270761553
5.25511276134	-0.373650709574
5.29047006884	0.134721363244
5.26391503509	0.247605423042
5.2588062063	0.453469882293
5.21901817591	0.743509613048
5.21140706437	0.807840113659
5.1797341569	0.920535116202
5.08896949209	1.19116038066
7.0509528348	5.87327068605
6.83358835749	5.85147910436
6.58918289183	5.74127265403
6.38403569813	5.65381634009
6.03683611369	5.48547954718
5.88980900996	5.44745599691
5.61062761221	5.27632264093
5.19981425126	5.04640256736
16.6132213622	8.5668269393
16.7559723364	8.34462693528
16.8835421856	8.25973469468
16.9395993604	8.21580736298
16.9965908351	8.17002553225
17.0762766301	8.05358050518
17.15111237	7.94933407313
17.2024142699	7.87696175278
17.3116481972	7.76934258734
17.5368528297	7.62542917042
17.6230262149	7.54709997635
17.7686892683	7.38958530206
17.8816899141	7.25361964747
17.9141659775	7.21312915245
18.0551884163	7.10139910246
18.1340727034	6.98724129041
18.2512219719	6.84431390782
18.3591734989	6.68807251066
18.4918234957	6.50937069418
18.5956010067	6.38042738218
18.7032002873	6.23281586581
18.7948100181	6.10845687096
18.8713828654	6.00421351126
18.9221921084	5.93286547258
19.0544871103	5.73002904913
19.2718812894	5.40616690621
19.2678683247	5.38991943931
19.4277928796	5.15281062324
19.4976929188	5.02471526862
19.5618752306	4.90572116101
19.6745066184	4.69063899932
19.8010584476	4.46121639145
19.9492996702	4.20439982382
20.0700077118	3.99410972891
20.1742956251	3.77233643312
20.2421363458	3.60683435658
20.3523969061	3.36242808434
20.4341484998	3.16162120587
20.497131552	2.96447690123
20.5684112693	2.79035363243
20.6156961172	2.65299655677
20.6808792184	2.42049036291
20.7057605633	2.2492126302
20.7154386288	2.11928189236
20.7460465945	1.66173573355
2.60650921862	-11.9473661542
2.78240102107	-11.9777336845
3.04005493956	-11.9993750574
3.19522541978	-12.0061123832
3.29456364476	-12.0087410302
3.42762128479	-11.9957593644
3.72184981516	-11.970784426
3.89117931769	-11.9932239738
4.02271039645	-11.9879302842
4.20618335566	-11.9787370921
4.39197747112	-11.9624425449
4.55190511083	-11.9709948573
4.82793308837	-12.0463493958
2.6065056802	-11.9473670837
2.52030990005	-11.6891002923
2.41422808743	-11.5729941758
2.34878183258	-11.449274159
2.27760389241	-11.3304343129
2.19430025685	-11.1641914901
2.21895431719	-11.0255764652
2.24963682646	-10.7148423503
2.25270558687	-10.5053416943
2.27003549962	-10.3238055231
2.29086650614	-10.1057968188
2.30115693935	-10.0599273286
2.32289613446	-9.97488786818
2.34389203732	-9.85123934704
2.35633462708	-9.7282251993
2.38895838216	-9.63991785656
2.41637540596	-9.55559660292
2.45854937704	-9.45427071459
2.54390444543	-9.26106840799
2.62765978009	-9.07245156536
2.71513657949	-8.88947434516
2.7890872749	-8.7538648254
2.87033326034	-8.58298533139
2.89744948909	-8.50788386567
2.99199501299	-8.3063464401
3.08407004511	-8.11565850094
3.26749126233	-7.73180382153
3.36651280865	-7.53740923603
3.42285135992	-7.41511018109
3.55555656718	-7.16378425817
3.61554844423	-7.03139586715
3.74743775501	-6.76095851174
3.82916519865	-6.5923059727
3.97017376927	-6.30208884818
4.04914811282	-6.11128772117
4.13286470826	-5.96437490813
4.21730102658	-5.80580211701
4.32217532434	-5.61673272309
4.46598231181	-5.3591545109
4.62185040774	-5.12324696447
4.76900492937	-4.90271915058
4.95825515522	-4.65836582452
5.09253216018	-4.48948383121
5.19199205916	-4.3737070741
5.35984954632	-4.21989407734
5.69306104436	-3.93866499743
5.8649914867	-3.80360333238
5.99647955514	-3.69769045546
6.1161256491	-3.60957640642
6.26871953213	-3.51672047533
6.41875914596	-3.39527740768
15.0410509808	8.17521841144
14.8210884721	8.28462423602
14.5767374685	8.34886959743
14.4928362824	8.36993348156
14.3348931771	8.39228940691
14.092993858	8.41920039557
13.8516778208	8.39637233045
13.6973451881	8.37590924732
13.4126325713	8.32718804455
6.41916849083	-3.39442611734
6.52818199554	-3.11749545801
6.53776811797	-2.98524318926
6.57032565959	-2.86890855314
6.68796741712	-2.69202205225
6.75291447366	-2.581911615
6.81977157087	-2.47355287893
6.94102804991	-2.25192174726
7.03247179125	-2.07727977767
7.12696128507	-1.9018130185
7.24244318891	-1.62637948908
7.31824811668	-1.47236950491
7.37301108113	-1.36793673565
7.43294543989	-1.28396595513
7.68099867434	-1.00963180003
7.82480257729	-0.860732875477
7.98215543108	-0.704829342951
8.05167401624	-0.630966045861
8.21580414435	-0.438312217523
8.32778152657	-0.284252606183
8.43701953018	-0.167876900299
8.67160964259	-0.0626060751018
10.1434717377	6.11990100647
9.9965510224	5.93843254332
9.81401130744	5.61685330198
9.70447103215	5.37709022482
9.67463413022	5.23452658355
9.62726640514	5.1586596655
9.55673931453	4.92124312455
9.49349888782	4.6473437725
9.44100763881	4.48796187978
9.29800556997	4.19051269009
9.28291006281	4.15906408848
9.19930979479	4.01224595637
9.04069957046	3.7472034367
8.94203554042	3.52013600779
7.90943977929	-4.15552984997
8.01480689159	-4.38597250919
8.06141820475	-4.43821387968
8.14970592826	-4.53429991367
8.28977259786	-4.66028623996
8.3995274882	-4.78066016579
8.48092618584	-4.9360706906
8.55488221391	-5.01743100807
8.72508133751	-5.18836326904
8.89498868648	-5.33668765844
9.08543540348	-5.47896492003
9.10465028037	-5.49481680767
9.22717213554	-5.57378280994
9.30616737462	-5.63625986586
9.4886528343	-5.72937264122
9.681637036	-5.73103525394
9.85834453974	-5.74907837463
10.0743244719	-5.73088967629
10.3054043675	-5.69989618433
10.4850063388	-5.65625410122
10.625159712	-5.61913669274
10.7643615736	-5.59989776391
11.0322704552	-5.54591225781
11.2928709618	-5.49500947064
11.4042984909	-5.47171340183
11.544511041	-5.44227551557
11.7691447213	-5.39092074291
11.8931360027	-5.40144832461
12.1467712183	-5.36362016693
12.2739729408	-5.359240196
12.4239152649	-5.37322660999
12.5392989868	-5.39157208183
12.6386505891	-5.40745662281
13.2847248691	-5.58611217029
13.4143993988	-5.65773386703
13.6486509605	-5.76674956265
13.8499021783	-5.8953755827
13.9467832106	-5.9645665518
14.0262833476	-6.02064750714
14.092997631	-6.08352610329
14.1577988643	-6.1260212396
14.2331535662	-6.21028158937
14.3364766807	-6.31330971405
14.432376908	-6.52111364001
14.4921371776	-6.68468994528
14.5682147371	-6.85943495899
14.6199950242	-6.99234633867
14.5917270456	-7.40156998995
14.580657938	-7.51941414608
14.5694078258	-7.76267160523
14.5898213471	-7.89084768589
14.4461562168	-8.15412450581
14.4038671681	-8.27696082223
14.3732273946	-8.35039069071
14.3965829605	-8.51938217974
18.9414199775	2.74475464837
18.8014971258	2.57582177212
18.766778996	2.42867525372
18.7499790895	2.25705547804
18.7371394184	2.13060611631
18.7348597895	2.04633130953
18.7401109903	1.95695756972
18.7422616436	1.86879541652
18.7417757754	1.75705125816
18.7189989	1.6487542042
18.6914727639	1.56394356493
18.6576586123	1.36899162934
18.5592305521	1.18092854886
18.5523102064	1.03706498286
18.5334018455	0.926937765933
18.5260400027	0.886519549605
18.4805268688	0.718258746957
18.466581999	0.609684519077
18.4272389865	0.446111299642
18.3441464238	0.104358644653
12.5683504975	-9.34369968424
12.2626195308	-9.29494249966
12.1173477702	-9.27470572681
11.9647882502	-9.26634251698
11.7496447121	-9.24586777602
11.5819595189	-9.2411096781
11.4730417169	-9.2358194733
11.3294313598	-9.24165446112
11.2103943052	-9.24221525701
10.9548131654	-9.24718541395
10.8376988454	-9.22611726289
10.718758252	-9.18679878899
10.6375534691	-9.17035430916
10.5670819235	-9.15673410544
10.2446711349	-9.10390309253
10.0642760174	-9.08122478144
9.96259711799	-9.08497096456
9.90613812826	-9.07813688783
9.76723248413	-9.10167539456
9.52877703806	-9.14677870997
9.25261731394	-9.20938215056
9.05050451192	-9.280347959
8.8513388005	-9.34636521911
8.76935569482	-9.38487101864
8.62958678286	-9.44509362735
8.47897286093	-9.5097446475
8.40000701534	-9.54705678532
8.19604922303	-9.65539486308
8.01188176525	-9.77401342488
7.84410864605	-9.89564042209
7.62255298592	-10.0717980825
7.46371146794	-10.1902216145
7.40531764459	-10.2584153638
7.31291629339	-10.3481862395
7.17970553361	-10.4743003044
6.99150657848	-10.6512285121
6.92923070088	-10.6956853093
6.84859211349	-10.768877799
6.69808740895	-10.9580192902
6.56752574291	-11.09470916
6.52208758566	-11.1898288047
6.42514119193	-11.3375808843
6.32405607394	-11.5206542997
6.29006394155	-11.5700857235
6.23878737936	-11.8415779015
18.3441464243	0.104358644336
18.1300352357	-0.0663307819236
17.9834378247	-0.131586651891
17.7632591643	-0.188210320921
17.644984089	-0.230416485595
17.4538455046	-0.294670534287
17.3013043841	-0.373145167013
17.1203019489	-0.417151728869
16.9965119525	-0.493654253331
16.8480925759	-0.521515466174
16.8286636167	-0.525008778568
16.513355002	-0.55811922683
16.2738301241	-0.546592298728
16.1523137121	-0.540285008513
16.0120987652	-0.512019900895
15.7093447835	-0.439415765889
15.4748213777	-0.358648406837
15.3296796247	-0.278775296764
15.2507262455	-0.239560581189
15.0710892751	-0.11358650223
14.9026300278	-0.026703511054
14.7410739141	0.0941331236304
14.5521456954	0.319774160896
14.5021648912	0.372682256016
14.4524235901	0.409839939491
14.3290480219	0.583675088872
14.2869555022	0.627449299442
14.2349876931	0.738768678118
14.1553031598	0.828962268356
14.1091774589	0.940044272403
13.9804952354	1.07049667332
14.3980613909	-8.52026775117
14.6984109298	-8.47081097261
14.972718587	-8.33187491013
15.1558435797	-8.23226103798
15.3738005962	-8.09052503367
15.4686023746	-7.99950806448
15.626853349	-7.88107782095
15.8594597057	-7.71010397456
16.0267750486	-7.59617000243
16.1968969521	-7.51669228772
16.5337585332	-7.27740586656
16.7749239483	-7.10867338225
16.9955416989	-7.01457614048
17.1199696865	-6.94041604104
17.2737697094	-6.86401136288
17.2731048919	-6.86167275923
17.3677007946	-6.72580194196
17.4401356607	-6.6084159943
17.5612341311	-6.42080110309
17.6502273377	-6.24372976122
17.7081784251	-6.06658644175
17.6866411039	-5.98345400256
17.6185072519	-5.82100055341
20.8571686015	-0.329030052197
21.0334551249	-0.184100531366
21.1916351062	0.123006469512
21.2616458465	0.56487809428
21.2174308351	0.78813837422
21.1515151585	1.12162508181
21.0567419649	1.25390356291
20.9630463815	1.40946179304
20.7461823363	1.66176864626
20.8571668046	-0.329033561668
20.7128857309	-0.197794519991
20.5434415147	0.0861526173377
17.6178649189	-5.82081791651
17.5310627745	-5.67358679758
17.3735195653	-5.59629629058
17.1641953809	-5.51089554547
17.036240101	-5.52765846616
16.8087601532	-5.48484490042
16.6656089289	-5.40496337123
16.5997526862	-5.36537492809
16.4560732487	-5.33548501633
16.4040192378	-5.23522260804
16.2990894136	-5.12703983573
16.140762277	-4.87762336528
16.0100263154	-4.65044945956
15.9545183712	-4.53148514129
15.9124974018	-4.40478685432
15.8694070677	-4.28921986786
15.8438924929	-4.0945028388
15.8279975821	-3.9275453614
15.77432143	-3.8233475372
15.7629706864	-3.67669356625
15.7265003949	-3.48802293251
15.7303714272	-3.38032290072
15.7240677721	-3.22344725569
15.6701100642	-3.18441650458
15.7453767878	-2.95459118663
-13.4930634385	6.83114609318
-13.2645342525	7.06733959771
-13.0500371653	7.24765268057
-12.7995672549	7.38769691579
-12.5818373618	7.49147047175
-12.3917342964	7.60472061953
-12.2955828019	7.65210068076
-12.1327011174	7.72323130314
-11.6267026938	7.93491812528
-11.390970864	8.02298891155
-11.0010700125	8.16058328301
-10.3344823443	8.37942198195
-10.1025807037	8.45133637535
-9.86070366613	8.50273753838
-9.7270652966	8.54918881577
-9.16125661254	8.65420105587
-7.11533842149	11.7110574035
-7.33437039183	11.7697829098
-7.57366396929	11.8377001806
-7.71198822734	11.8171022226
-7.91597885176	11.8596834348
-8.04390672363	11.9017937092
-8.14369435029	11.9201670676
-8.25657597513	11.9406536532
-8.41183054302	11.927398194
-8.57110531194	11.9680068937
-8.69362981904	11.975494695
-8.8641349293	12.010451462
-8.90274355412	12.0156993993
-9.01256582745	12.040789481
-9.19370017289	12.0378199737
-9.41158231577	11.976198509
-9.59949281754	11.9606016046
-9.70462412409	11.9654720717
-9.85818153212	11.9852957921
-10.0710727993	12.1282768348
-5.29002162078	4.98179833248
-5.06297290357	4.94121718974
-4.96482254049	5.00469586681
-4.77216820968	5.12450167359
-4.62656951958	5.25970322053
-4.52536843793	5.37590311323
-4.3901693666	5.50304195102
-4.29677073262	5.62607388662
-4.19844860145	5.76387989612
-4.05806784192	5.96977315199
-3.86533380354	6.25588501162
-3.7839759887	6.4096109671
-3.66550332954	6.63441198973
-3.55110379276	6.86094903563
11.6368950901	1.07893739229
11.8250061305	1.05712003005
11.9989858458	1.03264923389
12.1407133916	1.00886700128
12.2690989272	0.995817312037
12.4537415204	0.998780363456
12.652007173	0.985635072055
12.7717430996	0.96497477101
12.8934461206	0.9375827726
13.0122508846	0.918281434004
13.3173626769	0.942792243049
13.4111102295	0.969030282578
13.5201204445	0.98462579424
13.6140452414	0.992611600913
13.7588378576	1.01073008925
13.9805105702	1.07048760449
11.6369324268	1.07893320121
11.4285696361	0.782085900535
11.3085747834	0.626943543073
11.2267304181	0.484182377003
11.1287565209	0.354287146063
11.0409109317	0.135980951685
11.0027935037	0.0343372703227
10.9431466677	-0.0884617272413
10.9097028893	-0.324982215503
10.952427643	-0.497115176689
11.0102339041	-0.654228639542
11.0318780885	-0.702631737146
11.1625780681	-0.93122971904
11.2394419898	-0.984758816698
11.3111757982	-1.02437058419
11.52062629	-1.14928324917
11.7485976604	-1.25125643357
11.9068317489	-1.28668927321
12.056276657	-1.30053461808
12.2117161136	-1.31900903039
12.3888697863	-1.32498618752
12.4817606028	-1.32228212558
12.6806106407	-1.31410564234
12.8207962809	-1.3282256174
12.9964578695	-1.32709276543
13.1348249165	-1.33484870061
13.3433134354	-1.35357506453
13.5830115354	-1.37597010097
13.7428775593	-1.42254704079
13.8833234975	-1.46315161926
13.9881451873	-1.49632654387
14.1146448834	-1.55513963081
14.2938533203	-1.63353892999
14.4041392557	-1.73015180013
14.6201487954	-1.8820875715
14.7646324078	-1.99383610175
14.8615889938	-2.08764932017
15.0049171003	-2.22001589221
15.1922950697	-2.39694307392
15.4168723823	-2.64805749434
15.7454120389	-2.95457460496
-5.09906989367	0.377886595424
-4.98099196015	0.625159969161
-4.90738340548	0.831924577979
-4.80327283383	1.1184154945
-4.75674420558	1.21220460854
-4.71231014026	1.30170839827
-4.57945165963	1.61414131906
-4.50780920897	1.77225610624
-4.42884634172	1.92259554374
-4.33212950222	2.05963614147
-4.19918014662	2.24075079026
-4.06608358417	2.36256982613
-3.90739263948	2.49629878031
-3.62957721869	2.71272930317
-3.43934745955	2.83899797197
-3.24220854599	2.96746306809
-3.09663324051	3.06034702693
-2.93187432421	3.15971322346
-2.84319446899	3.22063167071
-2.69484591583	3.35938235162
-2.60024570218	3.45230574344
-2.50960752306	3.53745253614
-2.42163870821	3.63692996219
-2.27985353324	3.78864241679
-2.18747196681	3.89413755732
-2.06399972349	4.0542190087
-1.91210156458	4.2400958533
-1.81515805451	4.38253523959
-1.68907884901	4.55807524894
-1.5452531645	4.75807109192
-1.49370848348	4.82940008706
-1.48787053978	4.90075661617
-1.4198761174	5.01116784053
-1.33847681221	5.14788441214
-1.29352857201	5.22219244573
-1.19051519329	5.35415617712
-1.0212868864	5.57915435125
-0.901409108784	5.70932970718
-0.819401134776	5.81439794592
-0.739347023164	5.88693944531
-0.61671889408	5.97813294678
-0.373588515253	6.14687636893
-0.176420312442	6.27363846586
0.125706198208	6.45047510667
0.432165277668	6.62697068403
0.59549436261	6.72127488683
0.725764123436	6.79431580825
0.97173508784	6.89188872778
1.20181233659	7.02166414887
1.55365039493	7.00852329474
-19.0473024521	-4.85420979114
-18.7151447274	-4.82436946324
-18.5763281398	-4.88013701663
-18.489197665	-4.9204892541
-18.4136086559	-4.95492137709
-18.2971853644	-5.00550001959
-18.0453005808	-5.09709141967
-17.8204849029	-5.16087737129
-17.6576689466	-5.20291423033
-17.4485711229	-5.25089093582
-17.2229407477	-5.28097148809
-16.9657619968	-5.30606132336
-16.5437960577	-5.37558315999
-16.4222415865	-5.38998822573
-16.2729157438	-5.39940085099
-16.0952900209	-5.40386415841
-15.9417173213	-5.40804456548
-15.7709693584	-5.30492058901
