255 0 208
-6.93389 -27.8768 -1.1939 
-7.45534 -21.7019 0.610672
6.3331 -27.9053 -1.11657 
5.60843 -23.6331 2.29302
6.33147 -25.5968 12.2285 
16.8395 -23.0039 8.73366
-8.18033 -24.3029 3.39322 
-4.76461 -24.7481 3.42574
16.8395 -23.0039 8.73366 
10.6118 -28.4753 0.845215
13.3441 -20.2809 -5.35774 
21.0967 -12.9 -6.69211
16.6895 -19.1243 7.55297 
15.2561 -16.9299 12.349
-9.38522 -19.0148 10.47 
-5.43753 -22.0225 10.6432
-1.02174 -17.7261 6.73358 
-0.414203 -14.5026 8.01552
4.06037 -17.0997 14.9332 
7.56988 -12.9993 17.8587
7.12533 -17.6129 9.82552 
3.78491 -24.3265 11.0135
22.1727 -19.4946 3.56057 
20.7873 -20.4979 -4.01158
2.637 -17.5179 4.83517 
1.88196 -17.3948 8.23739
-5.90519 -17.1686 10.8914 
-3.0599 -18.6618 12.9634
10.1078 -13.8977 15.4394 
13.6223 -10.8519 15.4619
-20.7373 -13.2466 -5.97682 
-16.9721 -18.7093 -5.33262
-14.4022 -12.5981 11.0766 
-16.0968 -16.4058 12.0779
-4.88712 -13.0166 18.5313 
-2.34825 -7.84682 18.6368
-0.640997 -13.2438 13.1727 
14.8911 -13.0218 11.5264 
16.1382 -15.5184 11.999
21.0967 -12.9 -6.69211 
23.5854 -7.1818 -0.861139
-8.27677 -11.6526 -3.46686 
-8.51759 -13.4552 -1.34017
7.56988 -12.9993 17.8587 
8.73395 -12.4937 17.2888
8.44832 -11.6136 12.4136 
23.8568 -11.2652 2.56901 
-17.8519 -9.27867 13.1634 
-23.2419 1.10644 7.11579
-16.9759 -7.86242 1.43632 
-17.0123 -7.81431 1.35383
23.5854 -7.1818 -0.861139 
23.8568 -11.2652 2.56901
1.25065 -7.6054 11.7743 
1.6727 -11.3688 4.68875
-11.978 -5.49022 16.5731 
-8.81981 -10.8718 16.3325
-10.2925 -5.25619 -10.8794 
-8.27677 -11.6526 -3.46686
19.2572 -4.87282 -1.70863 
20.6902 4.70154 -10.3517
13.5646 -4.61467 16.35 
4.0354 -7.07203 19.1005
-1.14195 -4.59954 -5.58342 
-1.86521 -1.36365 -7.41702
22.3856 -0.227286 -10.714 
21.5216 0.801865 -11.9666
10.8848 -0.124842 -16.3126 
9.07016 -1.61417 -13.8726
3.71897 0.908115 17.7907 
4.19513 11.8805 15.9105
-20.5051 1.43723 -11.8079 
-22.8003 -2.25836 -8.10135
-3.3224 2.34992 17.5827 
-13.3017 5.6945 15.0575
20.7358 3.53854 -12.0223 
-22.269 4.32751 1.30702 
-23.5065 3.11977 5.18964
20.6902 4.70154 -10.3517 
20.7358 3.53854 -12.0223
14.5724 4.65404 14.3994 
3.71897 0.908115 17.7907
23.2309 4.39763 0.00742894 
23.4607 5.71148 -0.365587
0.256439 5.93943 -9.07582 
0.25644 5.93943 -9.07582
-23.1271 6.5442 0.812185 
-18.5996 11.6644 7.13937
-9.72726 9.15245 -18.0845 
-12.304 0.119279 -16.1297
-2.75723 10.8727 15.5149 
-3.3224 2.34992 17.5827
20.2123 11.7101 5.19987 
-10.4819 11.4033 -15.2659 
-9.72726 9.15245 -18.0845
7.06301 13.3727 -8.01298 
2.74177 28.3007 -5.80701
11.2523 9.78835 -18.5597 
14.7137 11.9883 -8.88086 
18.3846 5.75211 -3.04794
-18.5996 11.6644 7.13937 
-20.8284 13.1073 -4.11326
-2.04406 13.1447 -8.12384 
-1.77222 11.739 -7.99219
12.2644 14.2292 11.0725 
12.0083 14.4562 11.2363
-6.56803 16.8236 -5.35461 
-8.38142 25.027 -3.83088
5.26607 18.6564 -5.82218 
5.26767 18.6679 -5.81554
17.2544 19.4501 -3.66093 
20.3467 15.351 -6.99461
16.9768 20.5416 -0.125431 
11.7973 24.2727 -2.35192
5.09664 22.115 8.5787 
7.25916 21.9756 8.1247
-2.4773 28.1874 0.729028 
-9.31087 24.786 3.04864
-8.51759 -13.4552 -1.34017 
21.2034 -5.99464 7.99223 
21.3435 -5.40601 9.2554
17.4718 2.57999 -0.542709 
6.56739 -17.3426 12.4808 
4.06037 -17.0997 14.9332
-16.5329 1.60272 3.55986 
-22.269 4.32751 1.30702
-5.43753 -22.0225 10.6432 
-5.0252 -25.5817 11.4523
-0.414203 -14.5026 8.01552 
-1.12738 -13.2652 5.24688
8.39782 -13.4886 -1.66514 
6.80467 -22.2735 1.5699
1.6727 -11.3688 4.68875 
5.63078 -22.791 2.16619
-16.6051 2.782 1.09769 
-12.4931 12.4909 -8.76124
14.5029 19.0421 -4.69806 
17.2544 19.4501 -3.66093
-15.6775 18.8909 4.05122 
-15.53 21.1859 -0.501999
-21.8475 4.09561 8.54445 
18.4157 6.01604 -3.2727 
-4.76461 -24.7481 3.42574 
-9.46152 -12.7435 14.8623 
-12.6865 -13.3902 -5.98887 
-11.7957 -21.5473 -5.01336
-2.11728 28.2365 -6.29814 
-1.43289 28.2047 -1.40597
-1.43289 28.2047 -1.40597 
-0.640997 -13.2438 13.1727
23.9932 -15.3143 -2.18357 
-1.12738 -13.2652 5.24688 
-1.02174 -17.7261 6.73358
-12.4931 12.4909 -8.76124 
-18.1533 16.0115 -7.0373
-10.1203 12.1134 14.2138 
-2.75723 10.8727 15.5149
3.78491 -24.3265 11.0135 
15.2561 -16.9299 12.349 
9.91103 -14.521 14.7114
-8.81981 -10.8718 16.3325 
-9.46152 -12.7435 14.8623
-24.4789 -6.68449 -1.74869 
-23.9313 -10.9072 4.4339
-22.8003 -2.25836 -8.10135 
-24.4789 -6.68449 -1.74869
-23.2419 1.10644 7.11579 
20.3467 15.351 -6.99461 
14.7137 11.9883 -8.88086
-6.44529 23.6086 7.59628 
-10.1203 12.1134 14.2138
3.29313 28.293 -0.0312496 
10.9364 23.3835 4.3621
6.80467 -22.2735 1.5699 
8.39782 -13.4886 -1.66514
21.7882 -7.20244 6.09928 
21.7316 6.89744 -8.98189
21.8011 13.3048 -5.3507 
-2.82467 -25.145 9.35763 
3.60313 -17.0192 14.8986 
1.25065 -7.6054 11.7743
1.88196 -17.3948 8.23739 
3.60313 -17.0192 14.8986
-2.59552 -16.6962 15.0719 
9.39162 -12.9388 16.0049 
10.1078 -13.8977 15.4394
-23.9313 -10.9072 4.4339 
18.7366 -9.32218 12.81 
21.7316 6.89744 -8.98189 
8.60409 8.42284 -18.6424 
10.8848 -0.124842 -16.3126
-6.78703 -26.5538 11.2063 
-22.543 -18.1372 -0.133655
5.63078 -22.791 2.16619 
-14.9957 21.7429 -0.281604 
11.0687 12.0349 14.0249 
9.91103 -14.521 14.7114 
8.44832 -11.6136 12.4136
7.25916 21.9756 8.1247 
-10.4064 -2.53297 -13.7379 
-10.2925 -5.25619 -10.8794
-2.50631 23.1015 7.78897 
23.4811 1.89357 5.98152 
13.5646 -4.61467 16.35
10.6118 -28.4753 0.845215 
6.33147 -25.5968 12.2285
11.7973 24.2727 -2.35192 
-2.34825 -7.84682 18.6368 
-11.978 -5.49022 16.5731
10.9364 23.3835 4.3621 
16.9768 20.5416 -0.125431
-9.94623 -28.5179 0.725177 
-6.93389 -27.8768 -1.1939
-11.7957 -21.5473 -5.01336 
9.92738 -4.83275 -11.2281 
13.3441 -20.2809 -5.35774
22.1727 -19.4946 3.56057
9.92738 -4.83275 -11.2281
23.9932 -15.3143 -2.18357
-2.59552 -16.6962 15.0719
22.3856 -0.227286 -10.714
-12.6865 -13.3902 -5.98887
9.39162 -12.9388 16.0049
-10.4819 11.4033 -15.2659
3.29313 28.293 -0.0312496
-21.8475 4.09561 8.54445
-23.1271 6.5442 0.812185
11.0687 12.0349 14.0249
20.2123 11.7101 5.19987
23.4811 1.89357 5.98152
21.2034 -5.99464 7.99223
21.8011 13.3048 -5.3507
-10.4064 -2.53297 -13.7379
8.60409 8.42284 -18.6424
-2.11728 28.2365 -6.29814
-8.38142 25.027 -3.83088 
-2.50631 23.1015 7.78897
21.7882 -7.20244 6.09928
-2.82467 -25.145 9.35763
-14.9957 21.7429 -0.281604
12.0083 14.4562 11.2363 
2.74177 28.3007 -5.80701 
-16.9721 -18.7093 -5.33262 
20.7873 -20.4979 -4.01158 
8.73395 -12.4937 17.2888 
-20.8284 13.1073 -4.11326 
-18.1533 16.0115 -7.0373 
18.7366 -9.32218 12.81
-5.0252 -25.5817 11.4523 
-6.78703 -26.5538 11.2063
5.60843 -23.6331 2.29302 
-9.94623 -28.5179 0.725177
-15.53 21.1859 -0.501999 
-22.543 -18.1372 -0.133655 
9.07016 -1.61417 -13.8726 
0 1
2 3
4 5
6 7
8 9
10 11
12 13
14 15
16 17
18 19
20 21
22 23
24 25
26 27
28 29
30 31
32 33
34 35
36 17
37 38
39 40
41 42
43 44
45 29
46 38
47 48
49 50
51 52
53 54
55 56
57 58
59 60
61 62
63 64
65 66
67 68
69 70
71 72
73 74
75 66
76 77
78 79
80 81
82 83
84 85
86 87
88 89
90 91
92 83
93 94
95 96
97 79
98 99
100 101
102 103
104 105
106 107
108 109
110 111
112 113
114 115
116 117
118 1
119 120
121 99
122 123
124 125
126 127
128 129
130 131
132 133
134 135
136 137
138 139
140 77
141 99
142 129
143 33
144 145
146 147
148 149
150 23
151 152
153 154
155 156
157 3
158 159
160 161
162 163
164 165
166 77
167 168
169 170
171 172
173 174
175 176
177 83
178 7
179 180
181 182
183 149
184 185
186 33
187 29
188 60
189 190
191 192
193 131
194 107
195 105
196 197
198 172
199 200
201 156
202 203
204 205
206 96
207 208
209 210
211 212
213 212
214 174
2 215
2 9
4 21
8 216
10 217
16 27
18 182
22 218
28 159
30 72
30 165
34 219
34 56
39 220
41 221
43 62
45 222
46 218
47 223
47 161
51 220
53 224
55 225
57 221
61 44
67 66
69 62
71 89
71 94
73 35
76 226
80 227
80 228
82 229
82 230
86 101
92 231
93 232
95 168
95 113
97 176
97 233
100 74
102 135
102 234
110 210
114 224
114 70
235 234
116 147
116 236
118 1
119 237
126 238
132 25
138 117
138 239
140 48
144 31
240 115
241 224
242 145
155 74
243 9
158 38
244 222
245 154
167 231
246 139
169 117
169 236
175 247
248 249
248 238
250 133
183 27
186 192
187 120
189 68
191 251
252 239
195 70
253 251
199 89
202 120
254 217
