127 0 103
-6.77564 -24.7749 3.39028 
-4.97645 -24.9381 3.44753
-4.55968 -25.1794 11.744 
-4.91432 -22.3084 9.40678 
-5.59739 -21.9652 10.5857
-11.917 -21.1939 -5.07879 
-6.63667 -27.9018 -1.58886
-7.41185 -21.7162 0.516608 
-3.29032 -18.6992 13.0799 
-2.57649 -16.7881 15.14
-9.44715 -19.0125 10.5002 
-5.88307 -16.9475 10.6854 
-3.29032 -18.6992 13.0799
-2.57649 -16.7881 15.14 
-4.92912 -12.6106 18.7515
-16.003 -16.447 12.1344 
-23.8194 -11.2665 4.9094
-0.397794 -14.1235 8.08546 
-0.601265 -13.1094 13.1168
-14.1548 -12.4627 10.5275 
-16.003 -16.447 12.1344
-13.5136 -13.3399 -6.37535 
-11.917 -21.1939 -5.07879
-9.19356 -11.8663 -4.56795 
-8.2025 -11.575 -3.58023
-8.2025 -11.575 -3.58023 
-10.7819 -5.20734 -11.2957
-23.8194 -11.2665 4.9094 
-22.646 -18.0979 -0.187679
-1.31033 -10.8768 3.55136 
-1.16192 -12.766 4.79726
-17.0436 -7.8496 1.40116 
-17.0319 -7.86486 1.42815
-24.5533 -7.0231 -1.79548 
-3.02939 -5.75157 -4.78533 
-1.84289 -9.73645 1.47986
-0.522735 -5.38255 10.641 
-1.31033 -10.8768 3.55136
-2.03988 -4.57913 13.3137 
-0.881902 -4.34384 16.1862
-19.9711 -3.76242 6.78003 
-21.6135 -2.6894 8.23365
-22.8243 -2.05917 -8.28919 
-20.4942 -13.1963 -6.15584
-2.10532 -0.224223 -7.43423 
-2.05951 -0.189498 -7.43248
-16.3572 1.17449 3.94625 
-22.383 4.39764 0.955377
-20.5651 1.62069 -11.8747 
-9.81397 9.11036 -18.1941
-23.6892 2.90507 4.65002 
-21.9504 4.24628 8.3979
-21.9504 4.24628 8.3979 
-23.2979 0.992436 7.14336
-22.383 4.39764 0.955377 
-23.6892 2.90507 4.65002
-1.51756 6.88129 -8.02784 
-2.38339 13.2537 -8.24142
-2.50076 10.935 15.4841 
-2.97992 2.61594 17.6321
-18.8628 11.8133 6.8608 
-13.4721 5.40249 15.0224
-2.38339 13.2537 -8.24142 
-13.0287 12.032 -8.57592
-20.8436 13.3431 -4.06988 
-18.8628 11.8133 6.8608
-6.60101 16.5788 -5.52703 
-8.51441 25.0221 -3.7679
-15.1548 21.7162 0.246849 
-15.7767 19.1952 3.97499
-5.87185 23.6863 7.85953 
-2.4586 22.921 8.20417
-9.06461 24.9591 2.89423 
-2.7096 28.5104 0.394426 
-1.60259 28.4793 -1.05372
-16.5315 2.76492 1.16315 
-10.5133 12.1865 14.0572 
-2.50076 10.935 15.4841
-1.16192 -12.766 4.79726 
-0.397794 -14.1235 8.08546
-5.59739 -21.9652 10.5857 
-4.55968 -25.1794 11.744
-16.6448 -18.7749 -5.43565 
-0.601265 -13.1094 13.1168 
-20.4942 -13.1963 -6.15584 
-24.5533 -7.0231 -1.79548
-2.0492 -7.94716 18.5883 
-12.2734 -4.73082 16.6097
-12.2734 -4.73082 16.6097 
-2.11713 28.4958 -6.00437 
-8.30711 -13.6538 -1.85847 
-7.41185 -21.7162 0.516608
-18.1605 -9.14876 13.0386 
-0.960974 -18.0427 6.93937 
-12.4891 0.294012 -16.3772 
-22.6489 5.82012 0.229309 
-18.1077 16.0123 -7.23983 
-15.7736 20.9981 -0.142095
-15.7736 20.9981 -0.142095 
-1.84289 -9.73645 1.47986 
-7.21716 -26.5043 11.5295 
-9.99705 -2.42566 -13.7898 
-10.2561 11.3254 -15.1804
-6.63667 -27.9018 -1.58886 
-9.66741 -28.618 0.771349
-8.30711 -13.6538 -1.85847
-0.960974 -18.0427 6.93937
-18.1605 -9.14876 13.0386
-16.6448 -18.7749 -5.43565
-22.8243 -2.05917 -8.28919
-21.6135 -2.6894 8.23365 
-20.5651 1.62069 -11.8747
-12.4891 0.294012 -16.3772
-22.6489 5.82012 0.229309
-9.81397 9.11036 -18.1941 
-2.11713 28.4958 -6.00437
-18.1077 16.0123 -7.23983
-10.5133 12.1865 14.0572
-9.06461 24.9591 2.89423
-2.7096 28.5104 0.394426
-13.0287 12.032 -8.57592 
-4.97645 -24.9381 3.44753 
-13.4721 5.40249 15.0224 
-0.881902 -4.34384 16.1862 
-9.99705 -2.42566 -13.7898
-22.646 -18.0979 -0.187679 
-10.7819 -5.20734 -11.2957 
0 1
2 1
3 4
5 6
7 6
8 9
10 4
11 12
13 14
15 16
17 18
19 20
21 22
23 24
25 26
27 28
29 30
31 32
33 16
34 35
36 37
38 39
40 41
42 43
44 45
46 47
48 49
50 51
52 53
54 55
56 57
58 59
60 61
62 63
64 65
66 67
68 69
70 71
72 69
73 74
75 63
76 77
78 79
80 81
82 22
83 9
84 85
86 87
88 51
89 67
90 91
92 41
93 30
94 49
95 65
96 97
98 69
99 37
100 81
101 102
103 104
7 105
8 106
15 107
17 106
21 108
21 26
25 105
33 109
36 74
36 18
110 53
42 111
48 112
50 53
54 113
114 102
58 71
62 115
64 116
64 113
68 97
68 67
70 117
70 118
72 119
73 71
120 116
76 61
121 35
82 43
86 39
86 14
88 14
122 59
89 74
92 102
123 59
94 124
100 28
100 104
125 104
126 124
