2584 0 2472
10.4906 -28.5933 0.595531
10.2903 -28.7834 1.14494
10.0644 -28.9309 1.51472
9.93469 -29.0292 1.80656
9.75375 -29.1624 2.19702
9.72473 -29.1855 2.28546
9.59967 -29.2857 2.70933
9.53055 -29.3496 3.00311
9.47452 -29.3979 3.22027
9.43773 -29.4282 3.36397
9.37889 -29.46 3.50205
9.2518 -29.5007 3.72227
9.07101 -29.5282 4.16071
8.87634 -29.557 4.62988
8.69098 -29.5666 5.25734
8.56986 -29.5532 5.46718
8.41656 -29.5245 5.74388
8.21877 -29.4588 6.15589
8.05515 -29.402 6.48987
7.87911 -29.3351 6.84174
7.69949 -29.2692 7.15529
7.51226 -29.1612 7.48621
7.32675 -29.0147 7.87233
7.13825 -28.8486 8.26138
6.81665 -28.5272 8.95483
6.8035 -28.5126 8.98494
6.6816 -28.3891 9.24106
6.57413 -28.1794 9.58533
6.46608 -27.8522 10.0544
6.42245 -27.6394 10.3253
6.31556 -27.1585 10.9267
6.28788 -26.9411 11.1247
6.27325 -26.8135 11.2406
6.25 -26.626 11.4093
6.2367 -26.5162 11.5081
6.21011 -26.3136 11.6893
6.13414 -25.8017 12.1254
5.97149 -27.5648 -1.47238
6.17868 -27.8833 -1.27258
6.44064 -28.0969 -1.19206
6.64403 -28.2455 -1.12195
6.76159 -28.3191 -1.06811
7.04759 -28.5087 -0.938073
7.37827 -28.5889 -0.767048
7.65005 -28.619 -0.652623
7.90767 -28.6411 -0.54457
8.19299 -28.6654 -0.421603
8.56119 -28.7003 -0.245923
8.90816 -28.7247 -0.0896523
9.49561 -28.6818 0.121724
9.92603 -28.6587 0.323036
10.2078 -28.6276 0.456363
10.4906 -28.5933 0.595531
6.1657 -23.2183 2.28038
5.94964 -23.5811 1.93132
5.73525 -23.861 1.86474
5.4913 -24.1694 1.72587
5.2427 -24.4203 1.60609
5.05876 -24.5901 1.53261
4.7826 -24.8856 1.42338
4.56571 -25.1224 1.30744
4.30354 -25.4264 1.12241
4.13273 -25.639 0.976426
3.94218 -25.9289 0.744691
3.79772 -26.3184 0.379082
4.11443 -26.7898 -0.067481
4.37346 -27.1282 -0.391398
4.61375 -27.3869 -0.678198
4.93667 -27.5585 -0.829362
5.15658 -27.6968 -0.916779
5.69081 -27.7706 -1.15764
5.97149 -27.5648 -1.47238
3.60229 -23.9354 10.9495
3.19849 -24.2996 10.3716
3.04194 -24.5465 10.0011
2.94256 -24.7471 9.60915
2.911 -24.8334 9.44969
2.87284 -24.9519 9.23115
2.81737 -25.1513 8.86863
2.77571 -25.3631 8.48549
2.81053 -25.4861 8.28252
2.90436 -25.6709 7.95176
3.09887 -25.9001 7.51084
3.19454 -25.9728 7.29094
3.20736 -25.9829 7.26091
3.3269 -26.0599 6.99874
3.79023 -26.0489 6.46575
3.87362 -26.0426 6.36897
4.07848 -26.0168 6.132
4.40542 -25.9611 5.76841
4.52924 -25.9446 5.63886
4.68291 -25.7834 5.38377
5.0108 -25.336 4.8218
5.12695 -25.1692 4.6156
5.23658 -25.0044 4.41448
5.29471 -24.881 4.27553
5.46953 -24.4826 3.83344
5.57527 -24.1213 3.46477
5.62566 -23.9369 3.27494
5.74747 -23.6511 2.93128
5.90812 -23.4141 2.60679
5.90812 -23.4141 2.60679
5.54881 -23.1157 2.73549
5.38121 -22.7829 2.64717
5.25996 -22.5759 2.60581
5.16294 -22.2812 2.49426
5.03597 -21.8975 2.35419
4.93242 -21.5403 2.22631
4.95373 -21.2245 2.0996
5.00287 -21.0811 2.03
5.08161 -20.5952 1.83751
5.18218 -20.1884 1.67266
5.31228 -19.785 1.51119
5.39739 -19.5549 1.4202
5.48566 -19.3414 1.33795
5.65038 -18.9683 1.19762
5.74627 -18.7545 1.118
5.9384 -18.3389 0.971559
6.05339 -18.0861 0.885618
6.26739 -17.5695 0.724189
6.35414 -17.3096 0.650796
6.44889 -16.9275 0.553045
6.48323 -16.6748 0.496767
6.46222 -16.3036 0.432294
6.41308 -15.9407 0.377414
6.37484 -15.7612 0.354821
6.24665 -15.3264 0.312081
6.12695 -15.0035 0.289643
6.0142 -14.7543 0.280584
5.84104 -14.4122 0.276956
5.67824 -14.1246 0.283222
5.61398 -14.0174 0.287706
5.36174 -13.6054 0.308874
5.11857 -13.2299 0.339394
4.96099 -12.9949 0.364047
4.67343 -12.5773 0.418635
4.52378 -12.3637 0.451659
4.45297 -12.2712 0.474781
4.14938 -11.8783 0.581309
3.62064 -11.201 0.820258
16.5232 -19.0373 7.95009
16.2982 -19.0424 8.40617
16.1806 -19.0306 8.67807
16.1252 -19.0205 8.81806
16.024 -18.9967 9.08462
15.9149 -18.9583 9.39844
15.8574 -18.9361 9.56785
15.7229 -18.8677 9.99618
15.6379 -18.7996 10.3206
15.5684 -18.7327 10.601
15.5446 -18.6618 10.8062
15.5061 -18.5607 11.0324
15.459 -18.4614 11.2481
15.3873 -18.236 11.6705
15.3349 -18.1465 11.8627
15.2702 -17.9531 12.0949
15.1708 -17.7128 12.3183
15.0814 -17.0437 12.6622
4.17526 -17.4254 14.7559
4.42472 -17.5352 14.5461
4.85352 -17.7075 14.1484
5.36436 -17.7502 13.6845
5.6525 -17.7709 13.4228
5.94642 -17.7753 13.2027
6.10322 -17.6785 13.0369
6.25589 -17.5693 12.818
6.4698 -17.4135 12.5898
6.52626 -17.2774 12.3674
6.57222 -17.1528 12.1654
6.60152 -17.5493 9.50728
6.73019 -17.5967 9.62672
7.15938 -17.8259 9.93051
7.46433 -17.9937 10.1175
7.88436 -18.2147 10.3576
8.27324 -18.4494 10.6016
8.39918 -18.6938 10.7943
8.52631 -18.9413 10.9921
8.42826 -19.1256 11.1328
8.25131 -19.379 11.3245
8.01227 -19.6284 11.4976
7.51346 -19.9682 11.6773
7.28892 -20.1116 11.7473
6.7224 -20.4824 11.8319
6.28649 -20.7274 11.6441
6.09172 -20.8361 11.5396
5.71916 -21.0377 11.311
5.39281 -21.2141 11.0983
5.02034 -21.4226 10.8675
4.81471 -21.5508 10.7576
4.66517 -21.6581 10.7197
4.21714 -22.0816 10.6687
3.78007 -22.528 10.6266
3.59552 -22.7388 10.6146
3.52566 -23.1639 10.7097
3.60229 -23.9354 10.9495
4.1686 -17.0452 15.4803
4.42801 -16.9779 15.8074
4.70691 -16.8729 16.1445
5.11739 -16.5579 16.6106
5.35015 -16.318 16.826
5.49115 -16.1689 16.9588
5.70181 -15.9181 17.1236
5.90185 -15.678 17.2799
6.1808 -15.309 17.474
6.47585 -14.9016 17.643
6.83563 -14.4371 17.7491
7.07037 -14.0885 17.78
7.19885 -13.8758 17.8028
7.45411 -13.5367 17.8055
7.63592 -13.1706 17.86
2.78274 -17.2298 4.62155
2.76982 -17.2389 4.64674
2.57831 -17.5345 5.14657
2.48264 -17.7435 5.64525
2.38801 -17.928 6.15493
2.32368 -18.0552 6.51015
2.23711 -18.2556 7.03439
2.18914 -18.2417 7.36679
2.11333 -18.1976 7.89119
15.0814 -17.0437 12.6622
14.6371 -17.2958 13.1491
14.4024 -17.3513 13.4132
14.0336 -17.3916 13.6233
13.7669 -17.3967 13.7704
13.5088 -17.3843 13.8761
13.1742 -17.3148 13.9962
12.8167 -17.2133 14.0854
12.7613 -17.1927 14.0979
12.5946 -17.091 14.1229
12.2825 -16.8933 14.1701
11.9559 -16.6824 14.2202
11.6555 -16.4842 14.2674
11.118 -16.1105 14.3575
10.7604 -15.8336 14.4233
10.5953 -15.6508 14.4904
10.3001 -15.0972 14.6956
10.4396 -14.2735 15.453
9.98403 -14.0513 15.8297
9.57886 -13.9388 16.0784
9.33292 -13.7456 16.3682
9.00935 -13.533 16.7215
8.82283 -13.4138 16.9212
8.71296 -13.3282 17.0462
8.56009 -13.2082 17.221
8.36889 -12.9302 17.5077
24.0033 -11.502 2.79168
24.2954 -11.875 2.35216
24.3759 -11.9572 2.17123
24.5481 -12.1165 1.74028
24.6638 -12.2302 1.44305
24.7059 -12.2726 1.33396
24.7725 -12.3388 1.16038
24.8978 -12.5164 0.701179
24.9135 -12.6938 0.254808
24.9079 -12.7944 0.0113411
24.89 -12.9118 -0.233892
24.8055 -13.1676 -0.682554
24.6061 -13.6328 -1.30527
24.496 -13.9204 -1.54185
24.472 -13.9829 -1.59291
24.3436 -14.3155 -1.85979
24.2458 -14.5768 -2.04986
24.1766 -14.7584 -2.18243
24.0863 -14.9945 -2.34269
24.0072 -15.295 -2.40149
19.1316 -9.64477 3.85884
19.2071 -9.81433 4.19447
19.3059 -10.0157 4.60502
19.3573 -10.1133 4.81088
19.5249 -10.1987 5.15879
19.6826 -10.2786 5.5496
19.9852 -10.3315 6.16345
18.6755 -9.6197 12.9365
18.8665 -9.98714 12.6402
19.046 -10.3256 12.3635
19.2405 -10.6002 12.0823
19.3893 -10.954 11.7487
19.4327 -11.2374 11.3775
19.457 -11.379 11.1498
19.4911 -11.5261 10.8231
19.5257 -11.6525 10.2989
19.5543 -11.6974 9.71832
19.5648 -11.7028 9.50582
19.5919 -11.6808 8.98929
19.6104 -11.6422 8.69189
19.6502 -11.5292 8.19135
19.7142 -11.3358 7.665
19.7586 -11.1956 7.35546
19.815 -11.0647 7.17817
19.8901 -10.8476 6.8697
19.9477 -10.6212 6.57268
19.9852 -10.3315 6.16345
10.0021 -5.08524 -11.0296
10.3599 -5.49415 -10.8399
10.6672 -5.77275 -10.7624
11.0929 -6.20318 -10.564
11.3414 -6.44917 -10.4547
11.6285 -6.67639 -10.4006
12.1959 -7.20289 -10.1442
12.633 -7.60679 -9.93443
12.9036 -7.86491 -9.77587
13.1743 -8.10231 -9.6468
13.5137 -8.41094 -9.46249
13.8446 -8.73681 -9.25221
14.319 -9.28057 -8.88109
14.4666 -9.46009 -8.76126
14.624 -9.67911 -8.62115
14.8679 -10.1199 -8.36122
15.0097 -10.4564 -8.17774
15.1394 -10.8726 -7.96694
15.2056 -11.161 -7.82961
15.2592 -11.4556 -7.69469
15.2964 -11.6786 -7.59395
15.3222 -11.88 -7.50611
15.3382 -12.0541 -7.43279
15.3593 -12.4443 -7.28699
15.2852 -12.6854 -7.2208
15.2299 -12.9279 -7.15144
15.1523 -13.1662 -7.08776
15.0325 -13.504 -6.99804
14.9661 -13.7055 -6.94407
14.8565 -13.9969 -6.86904
14.7583 -14.241 -6.80793
14.6062 -14.5475 -6.73554
14.4066 -14.9509 -6.64009
14.3532 -15.0574 -6.61485
14.2405 -15.2852 -6.56073
14.1196 -15.5265 -6.50407
14.021 -15.7282 -6.45674
13.9217 -15.9378 -6.40777
13.7351 -16.3383 -6.31401
13.5495 -16.7594 -6.21544
13.4671 -16.963 -6.16806
13.3606 -17.2733 -6.09881
13.2315 -17.6498 -6.01093
13.1979 -17.8446 -5.97065
13.1503 -18.3738 -5.8376
13.0715 -18.9864 -5.668
13.0451 -19.3477 -5.56892
13.016 -19.6231 -5.49095
13.0076 -20.1066 -5.3632
12.9835 -20.5114 -5.24921
19.2284 -4.65352 -1.98597
19.2267 -4.56851 -2.09488
19.2237 -4.3882 -2.32536
19.2203 -4.15663 -2.62022
19.2181 -3.99795 -2.82087
19.2168 -3.89717 -2.94728
19.2143 -3.71708 -3.17025
19.2117 -3.51923 -3.4126
19.2083 -3.26645 -3.72053
19.2049 -3.02264 -4.01443
19.2022 -2.84559 -4.22516
19.1987 -2.6411 -4.467
19.1957 -2.48171 -4.65371
19.1921 -2.31928 -4.842
19.1831 -1.97784 -5.23351
19.1753 -1.72964 -5.51512
19.1703 -1.59255 -5.66927
19.1637 -1.42678 -5.8544
19.1546 -1.22159 -6.08179
19.1461 -1.0475 -6.27312
19.1349 -0.839558 -6.49956
19.1257 -0.674529 -6.67899
19.1117 -0.445534 -6.92336
19.0969 -0.208162 -7.17223
19.0757 0.135341 -7.52804
19.0635 0.373607 -7.76642
19.0561 0.564298 -7.95279
19.0553 0.815872 -8.18742
19.0579 1.06581 -8.41408
19.082 1.32886 -8.63286
19.1282 1.68889 -8.92372
19.2428 2.07186 -9.19002
19.3241 2.25997 -9.29779
19.4387 2.5211 -9.44458
19.5674 2.70415 -9.51648
19.8336 3.10026 -9.6772
20.3174 3.738 -9.87285
20.5309 4.01868 -9.95253
20.6687 4.20126 -9.99677
20.8662 4.47591 -10.035
21.0945 4.80321 -10.0475
21.1828 5.07802 -9.96497
21.4142 5.82937 -9.6688
21.6008 6.50221 -9.41722
21.7076 6.89919 -9.24355
21.7506 7.37907 -9.17342
4.26559 -2.07298 -6.97589
4.28703 -2.14346 -6.93804
4.40095 -2.48563 -6.75081
4.50483 -2.8252 -6.56191
4.56741 -3.05855 -6.42959
4.61354 -3.26217 -6.31149
4.67646 -3.69516 -6.04781
4.74913 -4.52168 -5.52382
4.73949 -4.8076 -5.32293
4.69377 -5.19719 -5.02706
4.62963 -5.51643 -4.75643
4.54566 -5.87692 -4.43253
4.50612 -6.03246 -4.28577
4.48467 -6.11506 -4.20635
4.44345 -6.26413 -4.05622
4.40066 -6.41855 -3.89964
4.35382 -6.58566 -3.72739
4.31097 -6.73603 -3.56654
4.21849 -7.0579 -3.2123
4.17709 -7.20389 -3.0496
4.06953 -7.60065 -2.60956
3.98037 -7.93687 -2.23787
3.94741 -8.07566 -2.08833
3.92454 -8.17193 -1.98452
3.8939 -8.31802 -1.83093
3.84711 -8.54043 -1.59699
3.71378 -9.29658 -0.836291
3.70441 -10.0816 -0.219005
3.69698 -10.3866 0.029595
3.64957 -10.8117 0.453083
3.62064 -11.201 0.820258
9.81559 0.191986 -16.2932
10.1956 0.0190432 -16.2698
10.5414 -0.0940892 -16.2932
10.7272 -0.137677 -16.3223
10.9416 -0.155328 -16.3865
11.3505 -0.185161 -16.511
11.7745 -0.166511 -16.6277
12.6615 -0.104126 -16.8137
13.1143 -0.0831299 -16.8421
13.3369 -0.0710269 -16.8507
13.9488 -0.0224601 -16.8533
14.474 0.00529877 -16.731
14.7433 0.0205174 -16.6677
15.4792 0.0485194 -16.4741
15.7785 0.0554919 -16.3894
16.0801 0.0451231 -16.2707
16.3978 0.0280728 -16.1403
16.741 -0.0624983 -15.9777
16.9927 -0.119649 -15.8601
17.256 -0.19562 -15.7285
17.5164 -0.266506 -15.5962
17.7475 -0.329566 -15.477
18.1119 -0.41775 -15.2889
18.4017 -0.503682 -15.1285
19.268 -0.435888 -14.723
19.7174 -0.340451 -14.4013
19.953 -0.267383 -14.1914
20.1837 -0.169297 -13.9231
20.4896 -0.0364427 -13.5647
20.8605 0.113825 -13.1287
21.0865 0.218756 -12.8517
21.2885 0.315774 -12.5627
21.4191 0.43305 -12.3706
21.5072 0.537386 -12.2405
21.6092 0.835858 -12.087
3.79181 0.553664 17.9601
3.6916 0.977794 17.8516
3.55066 1.22356 17.7476
3.34153 1.65127 17.585
3.27514 1.84335 17.5175
3.22074 2.09952 17.4501
3.14893 2.38065 17.3624
3.09567 2.65223 17.2896
3.05527 2.87607 17.23
3.02657 3.05068 17.1856
2.96429 3.47848 17.0808
2.91026 3.94586 16.9757
2.8819 4.30064 16.905
2.86466 4.60334 16.8495
2.85502 4.78775 16.8163
2.83378 5.23318 16.7377
2.81925 5.62881 16.6712
2.80884 5.99734 16.6117
2.80097 6.40341 16.5491
2.86433 6.81797 16.5521
2.87407 7.01091 16.5287
2.90352 7.23943 16.515
2.97035 7.75463 16.478
3.02121 8.21629 16.4279
3.07633 8.53993 16.4054
3.11393 8.76438 16.387
3.16222 8.99902 16.3694
3.19972 9.18109 16.354
3.25537 9.46746 16.3254
3.36134 10.0216 16.2619
3.46843 10.566 16.1872
3.56118 11.183 16.0663
3.59627 11.4769 15.9875
3.64499 11.7741 15.9113
2.56906 5.58712 -9.35728
2.56906 5.58712 -9.35728
2.56906 5.58712 -9.35728
8.492 8.32743 -18.8279
8.16396 7.36893 -18.9296
8.12434 7.15897 -18.9212
8.14848 6.89255 -18.9264
8.1648 6.73102 -18.9216
8.21416 6.43172 -18.9101
8.27814 6.04382 -18.8839
8.39168 5.51217 -18.842
8.4505 5.30842 -18.8159
8.50674 5.11814 -18.7904
8.71324 4.52639 -18.687
8.8527 4.13386 -18.6158
8.92973 3.92965 -18.5743
9.09511 3.5423 -18.4671
9.15882 3.39878 -18.4249
9.30529 3.09303 -18.3175
9.54068 2.65412 -18.1648
9.67785 2.38063 -18.03
9.77236 2.19146 -17.9277
9.89557 1.9245 -17.7722
9.94878 1.68711 -17.6046
9.98032 1.44969 -17.4264
10.0269 1.00522 -17.0869
9.81335 0.728752 -16.795
11.0429 10.214 -18.7104
11.4424 10.737 -18.4197
11.7059 11.0474 -18.1992
11.9469 11.2899 -17.9773
12.1536 11.4822 -17.7779
12.3243 11.6274 -17.6037
12.3726 11.6657 -17.554
12.6014 11.8286 -17.3065
12.9332 12.0415 -16.9362
13.0941 12.123 -16.7506
13.2779 12.2063 -16.5251
13.4809 12.2797 -16.284
13.7133 12.3482 -15.9869
13.8629 12.3812 -15.7948
14.1402 12.4404 -15.3943
14.3912 12.468 -15.074
14.5431 12.4818 -14.8741
14.7845 12.4687 -14.6718
14.9592 12.4508 -14.5225
15.1668 12.4347 -14.3215
15.6418 12.3992 -13.8519
16.0471 12.3223 -13.5565
16.2069 12.2866 -13.446
16.2771 12.2707 -13.397
16.5206 12.2099 -13.2377
16.8371 12.1221 -13.0223
17.126 12.0326 -12.8412
17.4111 11.9224 -12.6822
17.8099 11.7625 -12.4359
18.0612 11.647 -12.2869
18.3229 11.5141 -12.1297
18.6051 11.3634 -11.965
18.8803 11.1932 -11.7963
19.071 11.053 -11.6752
19.3372 10.8236 -11.4958
19.4308 10.7427 -11.4329
19.5662 10.6261 -11.342
19.7216 10.4906 -11.2372
19.8865 10.3237 -11.1174
20.0707 10.1225 -10.9772
20.2838 9.85398 -10.7988
20.4636 9.62304 -10.6461
20.8049 9.14805 -10.3392
20.9156 8.96969 -10.2284
20.9925 8.84128 -10.15
21.1312 8.5896 -9.99728
21.2982 8.26512 -9.79994
21.4453 7.9538 -9.61347
21.6 7.61714 -9.40716
21.7506 7.37907 -9.17342
14.1905 12.4139 -8.99805
13.5503 12.4392 -9.01741
13.1585 12.4668 -9.0314
12.6585 12.5079 -9.05017
12.0927 12.5462 -9.0706
11.769 12.5477 -9.08142
11.2564 12.4968 -9.06262
11.0012 12.4804 -9.04502
10.5328 12.4476 -9.00773
10.0686 12.4332 -8.96308
9.71291 12.4259 -8.9275
9.65523 12.4256 -8.92147
9.32029 12.4393 -8.88091
8.67092 12.489 -8.79076
8.1012 12.5915 -8.67268
7.88186 12.8156 -8.48756
7.77332 12.9625 -8.36723
7.5005 13.2935 -8.09551
7.10984 13.552 -7.87872
20.1385 11.9236 5.15944
20.5059 11.5529 5.04718
20.6687 11.4094 4.97645
21.0221 11.0958 4.82419
21.2783 10.8727 4.7029
21.6769 10.5466 4.48281
21.8805 10.3421 4.34523
22.1174 10.0914 4.18231
22.4614 9.72336 3.9392
22.6174 9.55679 3.82806
22.85 9.28749 3.65918
23.1038 9.00601 3.34266
23.251 8.84173 3.11701
23.369 8.70757 2.93927
23.6216 8.40842 2.51284
23.6523 8.37092 2.45892
23.7631 8.23052 2.25453
23.8317 8.1334 2.11038
23.9144 8.00808 1.92208
24.0216 7.80303 1.61848
24.1323 7.54823 1.25426
24.1975 7.30643 0.88557
24.0847 6.80123 0.383573
23.9937 6.40135 0.0355095
23.8026 5.9159 -0.287136
23.557 5.45175 -0.545646
11.1506 12.005 13.9514
11.2447 11.6201 14.1878
11.3142 11.3877 14.3192
11.492 10.8492 14.6079
11.6264 10.508 14.731
11.7916 10.076 14.8803
11.9665 9.61617 15.0257
12.0986 9.28297 15.1213
12.2137 8.99708 15.1984
12.3881 8.61928 15.2644
12.5403 8.28419 15.3255
12.7497 7.91217 15.2785
12.8647 7.71605 15.2409
12.9163 7.62715 15.225
13.1761 7.17345 15.1474
13.4179 6.74893 15.0704
13.6856 6.31155 14.9675
13.878 5.99372 14.8705
13.953 5.86145 14.8283
14.4022 5.13615 14.5618
21.8866 13.287 -4.72428
21.965 12.9012 -5.04569
22.0279 12.687 -5.0823
22.1851 12.1607 -5.10166
22.2756 11.8263 -5.03341
22.363 11.484 -4.94295
22.4605 11.0921 -4.82374
22.512 10.7818 -4.7277
22.553 10.5329 -4.63147
22.6212 10.1495 -4.43767
22.7381 9.45643 -4.07599
22.7788 9.25523 -3.9366
22.8224 9.03275 -3.78517
22.9171 8.57979 -3.45096
22.9777 8.30288 -3.23837
23.029 8.05819 -3.04689
23.0742 7.86702 -2.88059
23.1617 7.46325 -2.52873
23.2352 7.14363 -2.2341
23.272 6.93659 -2.05288
23.2873 6.85003 -1.97708
23.3311 6.60727 -1.76252
23.3632 6.4209 -1.59911
23.403 6.1448 -1.36618
23.4632 5.79274 -1.04693
23.5101 5.55662 -0.761029
23.557 5.45175 -0.545646
20.5376 15.0029 -7.14757
20.2467 14.9904 -7.46563
20.084 14.9409 -7.65077
19.9703 14.9203 -7.76461
19.7162 14.868 -8.01228
19.3953 14.7958 -8.29745
19.0979 14.6476 -8.45628
18.7425 14.5155 -8.59826
18.5463 14.4435 -8.67462
18.1636 14.3022 -8.82383
17.6344 14.107 -9.03022
17.5966 14.0932 -9.04405
17.3986 14.0145 -9.1156
17.0547 13.8694 -9.16017
16.8587 13.7871 -9.16759
16.6588 13.7038 -9.17234
16.3039 13.5619 -9.18085
16.0717 13.4733 -9.17609
15.9247 13.4075 -9.16914
15.5285 13.2224 -9.14183
15.1091 12.9993 -9.10394
14.6268 12.729 -9.05681
14.1905 12.4139 -8.99805
5.14209 18.1393 -6.21325
5.14334 18.1507 -6.20606
5.14356 18.1528 -6.20481
14.4708 19.0401 -4.60879
15.086 19.3509 -4.55845
15.4474 19.5133 -4.51689
15.7681 19.6386 -4.46983
16.0044 19.7234 -4.40718
16.4874 19.7288 -4.19548
16.648 19.7285 -4.13875
17.0047 19.7329 -3.8481
17.3821 19.7272 -3.56346
17.7894 19.6817 -3.32376
17.0441 20.3494 0.367349
17.079 20.4901 -0.0909079
17.1539 20.463 -0.304431
17.2584 20.4017 -0.549676
17.3341 20.3534 -0.787023
17.4353 20.2783 -1.2106
17.5281 20.1822 -1.61727
17.5669 20.1316 -1.8144
17.6267 20.0475 -2.1526
17.6599 19.9896 -2.37472
17.6923 19.9165 -2.63465
17.7894 19.6817 -3.32376
6.84907 22.2636 8.3067
7.41468 21.7402 8.66397
7.73253 21.4441 8.80365
7.88838 21.3002 8.86548
7.99936 21.2042 8.90202
8.41012 20.8115 9.05336
8.70162 20.5302 9.15849
8.94863 20.2441 9.22488
9.33856 19.8065 9.29427
9.8127 19.2377 9.39805
10.2419 18.6961 9.46738
10.5513 18.2407 9.54913
10.7757 17.9148 9.60202
10.958 17.623 9.66267
11.0823 17.4157 9.70978
11.3178 16.9656 9.84342
11.5847 16.4587 9.99141
11.6709 16.262 10.0667
11.7267 16.1346 10.1151
11.8222 15.9047 10.2082
11.9164 15.6635 10.3124
12.0349 15.3225 10.4766
12.1031 15.105 10.5895
12.1437 14.8904 10.7324
12.2085 14.5348 10.9693
12.2341 14.1938 11.2381
12.1849 13.8835 11.5571
12.1581 13.702 11.7396
12.1063 13.4831 11.9783
12.0354 13.2852 12.2113
11.9946 13.1982 12.3191
11.8981 13.0205 12.5466
11.656 12.6341 13.0572
11.3316 12.1799 13.6767
11.1506 12.005 13.9514
1.3819 22.4568 0.556316
1.36038 23.0054 0.529575
1.31809 23.354 0.401251
1.30407 23.4807 0.358218
1.27935 23.7116 0.280459
1.2625 23.9796 0.211499
1.22673 24.7866 0.0206453
1.23575 25.3153 -0.0770931
1.26653 25.7662 -0.145144
1.30258 26.1651 -0.200287
1.38378 26.6697 -0.251422
1.45862 27.0528 -0.30252
1.67596 27.318 -0.299456
1.93243 27.6225 -0.301638
2.24764 27.8742 -0.303157
2.71282 28.2242 -0.290826
3.00294 28.387 -0.293515
3.24305 28.5107 -0.287328
4.96497 22.2589 8.65988
4.5961 22.6628 8.33776
4.38145 22.8372 8.1953
4.02153 23.2158 7.86538
3.82831 23.4835 7.58528
3.55111 23.8713 7.16517
3.4124 24.0764 6.93897
3.16399 24.3945 6.5764
3.04784 24.6138 6.32556
2.97845 24.815 6.09623
2.9223 25.0498 5.83071
2.87089 25.2597 5.59118
2.82397 25.5467 5.26493
2.77676 25.9138 4.84827
2.75698 26.1236 4.61184
2.76304 26.3091 4.39537
2.78873 26.6795 3.95686
2.82636 26.9466 3.62421
2.85441 27.0885 3.43263
2.92641 27.3601 3.03555
3.06673 27.7554 2.40419
3.2043 27.9755 2.00868
3.24885 28.1079 1.56656
3.29943 28.2098 1.21843
3.39121 28.3629 0.675289
3.48931 28.4619 0.264082
11.7213 24.4603 -2.50197
11.4115 24.8038 -2.64603
11.084 25.0942 -2.81445
10.8279 25.2459 -2.96867
10.5852 25.4242 -3.09819
10.2942 25.6198 -3.25771
10.1325 25.727 -3.34645
9.88255 25.8924 -3.483
9.57652 26.0891 -3.65102
9.21172 26.3268 -3.83383
8.96498 26.4675 -3.96033
8.71594 26.5969 -4.09567
8.47741 26.7292 -4.21543
8.23032 26.8554 -4.34915
7.9725 26.9834 -4.49173
7.39631 27.2631 -4.81452
6.9673 27.4581 -5.06833
6.78546 27.5635 -5.17197
6.43396 27.7538 -5.38349
6.04583 27.9828 -5.58319
5.80848 28.1213 -5.68557
5.59307 28.2378 -5.77074
5.43236 28.3185 -5.81615
5.23907 28.4213 -5.87332
4.44516 28.6215 -5.92198
4.19571 28.6922 -5.93485
3.8431 28.8009 -5.92693
3.43891 28.7557 -5.89181
2.79034 28.6999 -5.65274
3.48931 28.4619 0.264082
3.90706 28.5887 0.0404389
4.09298 28.6226 0.0499074
4.40661 28.6546 0.0840442
4.79813 28.6818 0.102434
5.1018 28.6556 0.126185
5.68024 28.507 0.0849399
5.91266 28.4453 0.0694864
6.51785 28.2596 0.0507798
6.93988 28.126 0.0361318
7.47198 27.8887 0.00379525
7.82172 27.6978 0.0194929
8.07859 27.5418 0.0517783
8.37844 27.3414 0.111488
8.86852 26.9677 0.279494
9.30747 26.6221 0.448193
9.51017 26.4424 0.558501
9.79276 26.1563 0.777596
10.0626 25.8193 1.10609
10.2978 25.524 1.39542
10.4454 25.2913 1.65982
10.509 25.1639 1.83246
10.5694 24.9633 2.14635
10.6166 24.8036 2.39235
10.6398 24.7189 2.52381
10.6731 24.573 2.75633
10.7416 24.3261 3.12977
10.7368 24.0161 3.63881
10.7262 23.8503 3.92224
10.8547 23.5476 4.21903
14.7944 -13.0464 11.436
14.9072 -13.1948 11.5715
15.2591 -13.6107 11.779
15.4204 -13.9191 11.882
15.5175 -14.149 11.9347
15.6333 -14.4047 11.9774
15.7266 -14.6275 12.0086
15.8483 -14.919 12.0435
15.9701 -15.3632 12.1113
17.4919 2.76357 -0.574444
17.5962 2.96985 -0.762978
17.7027 3.18455 -0.958532
17.8313 3.459 -1.20547
18.0494 3.99768 -1.66973
18.1289 4.24988 -1.87049
18.2183 4.62687 -2.15905
18.3053 5.04761 -2.50903
18.354 5.33465 -2.72669
18.3888 5.50889 -2.89738
18.3964 5.69953 -3.0128
18.4178 5.85289 -3.15603
18.4234 6.09384 -3.33362
18.4272 6.33789 -3.52293
18.4284 6.48604 -3.63194
18.43 6.66191 -3.7632
18.4183 6.83957 -3.94503
18.3884 7.13141 -4.24232
18.3602 7.36816 -4.47791
18.3174 7.53849 -4.65606
18.2557 7.73526 -4.88768
18.173 7.98805 -5.18674
18.0802 8.21103 -5.47087
18.0689 8.23595 -5.50258
17.867 8.68447 -6.09475
17.7112 8.85777 -6.32528
17.4706 9.07442 -6.60828
17.1312 9.32184 -6.99465
16.8782 9.48389 -7.25038
16.6032 9.65681 -7.50436
16.3833 9.79404 -7.69393
16.1601 9.9348 -7.87408
15.9109 10.0973 -8.0638
15.607 10.317 -8.25727
15.4398 10.4494 -8.3501
15.2878 10.5754 -8.42855
15.031 10.8044 -8.54954
14.7449 11.0977 -8.66792
14.5344 11.3304 -8.74959
14.2287 11.8151 -8.86731
14.1905 12.4139 -8.99805
22.3388 -19.2799 3.55099
22.0544 -19.5021 4.07726
21.8655 -19.6349 4.42438
21.6011 -19.8183 4.86513
21.339 -19.9992 5.25519
21.1067 -20.159 5.58865
20.9282 -20.281 5.81863
20.7917 -20.373 5.98112
20.6434 -20.4721 6.14921
20.4962 -20.5691 6.3063
20.4094 -20.6262 6.39694
20.2462 -20.732 6.5579
20.0351 -20.8673 6.7574
19.8416 -20.9917 6.94076
19.6074 -21.1425 7.16281
19.3046 -21.3366 7.44086
19.0946 -21.4753 7.61762
18.8773 -21.5923 7.80954
18.6284 -21.7392 8.00373
18.4584 -21.848 8.1201
17.9185 -22.1658 8.41504
17.6055 -22.3795 8.54621
17.025 -22.8107 8.72504
15.9701 -15.3632 12.1113
16.3935 -15.3273 11.9843
16.5652 -15.3591 11.9383
16.7987 -15.3936 11.8646
17.0461 -15.4125 11.7701
17.3646 -15.4099 11.6166
18.0725 -15.4099 11.2547
18.3506 -15.3523 11.0302
18.6378 -15.34 10.8053
18.892 -15.3132 10.5906
19.0837 -15.2851 10.4182
19.3518 -15.2387 10.1669
19.7857 -15.1566 9.73678
20.1402 -15.0753 9.36755
20.4854 -14.9688 8.98179
20.734 -14.8787 8.69338
20.9241 -14.7903 8.45923
21.0534 -14.7256 8.29772
21.3344 -14.5816 7.94069
21.4991 -14.492 7.72916
21.6435 -14.4134 7.54379
21.741 -14.359 7.41798
22.0605 -14.1565 6.99156
22.3035 -13.9888 6.65919
22.4123 -13.9087 6.50717
22.6079 -13.7655 6.23406
22.7908 -13.5227 5.93338
22.9249 -13.3764 5.72089
23.1872 -13.1143 5.31392
23.3732 -12.7961 4.92502
23.5081 -12.5619 4.63522
23.6049 -12.3052 4.33338
23.6973 -12.054 4.02801
23.7824 -11.8246 3.69523
23.8351 -11.5889 3.32712
24.0033 -11.502 2.79168
1.82231 -11.2444 4.10726
1.72105 -11.6215 4.51153
1.69886 -11.8186 4.67518
1.67756 -11.9726 4.81494
1.65634 -12.139 4.96188
1.63701 -12.332 5.1324
1.6065 -12.636 5.40948
1.59504 -12.7698 5.52676
1.58215 -12.9377 5.68
1.56879 -13.1592 5.88269
1.54347 -13.3382 6.12771
1.5237 -13.6357 6.35723
1.51039 -13.757 6.45845
1.49278 -13.9457 6.60057
1.47287 -14.1982 6.7854
1.45595 -14.4367 6.95366
1.44184 -14.6935 7.13595
1.43343 -14.8609 7.25264
1.41734 -15.186 7.47829
1.39759 -15.3978 7.66827
1.52251 -16.2304 7.96023
1.61024 -16.7796 8.12618
1.6988 -17.1706 8.2338
1.8305 -17.5615 8.35644
1.88466 -17.7142 8.42431
1.9786 -17.9792 8.61705
7.10984 13.552 -7.87872
7.26719 13.8419 -7.65008
7.26449 14.0541 -7.47922
7.27028 14.2186 -7.34666
7.28134 14.4378 -7.17016
7.28783 14.5864 -7.05108
7.29838 14.8124 -6.87155
7.31022 15.0566 -6.67811
7.32642 15.3402 -6.45627
7.3604 15.747 -6.14419
7.38492 15.9553 -5.988
7.43717 16.3211 -5.71799
7.49465 16.6483 -5.48091
7.55692 16.8907 -5.31342
7.65484 17.1571 -5.14125
7.75872 17.4273 -4.96844
7.95701 17.9169 -4.65984
8.06778 18.1322 -4.53488
8.2043 18.3469 -4.42285
8.36628 18.5877 -4.3018
8.64996 18.9645 -4.12888
8.81964 19.1735 -4.04101
8.94329 19.31 -3.99287
9.25968 19.642 -3.88948
9.46568 19.8499 -3.83233
9.74547 20.1271 -3.77149
10.0596 20.4299 -3.71674
10.498 20.8437 -3.64195
10.647 21.0524 -3.62455
11.0527 21.6122 -3.5485
11.3229 22.0556 -3.46623
11.5293 22.5167 -3.35662
11.5811 22.595 -3.32653
11.6532 23.2225 -3.03187
11.7139 23.5606 -2.85522
11.7869 23.8735 -2.67468
11.7213 24.4603 -2.50197
1.15409 -6.83011 11.2949
1.07955 -7.00577 10.8415
1.00503 -7.22228 10.3696
0.945181 -7.42234 9.92729
0.895136 -7.67004 9.4403
0.852872 -7.91481 8.93983
0.837898 -8.01093 8.74389
0.818981 -8.15161 8.4628
0.795076 -8.38543 8.04606
0.80362 -8.57067 7.72954
0.818234 -8.74988 7.39316
0.842584 -8.94738 7.08333
0.888023 -9.19784 6.68435
0.934932 -9.40368 6.35828
0.968075 -9.51693 6.18855
1.04 -9.75277 5.85881
1.07971 -9.87991 5.7039
1.13504 -10.0251 5.50528
1.23071 -10.2253 5.29201
1.30538 -10.3795 5.13046
1.41975 -10.6113 4.88447
1.53805 -10.8444 4.63973
1.61203 -10.9859 4.51485
1.82231 -11.2444 4.10726
20.8616 -20.6147 -3.89617
20.9602 -20.7586 -3.49969
21.1465 -20.7889 -3.08393
21.2912 -20.8278 -2.70982
21.3602 -20.8313 -2.41306
21.4737 -20.8505 -1.82551
21.5618 -20.8592 -1.33176
21.6477 -20.8632 -0.832407
21.6929 -20.8467 -0.507673
21.7567 -20.8256 -0.00789556
21.7804 -20.8128 0.376205
21.8807 -20.6358 0.945448
21.9272 -20.5447 1.20707
21.9826 -20.4281 1.52622
22.0772 -20.215 2.07924
22.1306 -20.0833 2.37547
22.1959 -19.8932 2.70218
22.2352 -19.7103 2.98072
22.2697 -19.5185 3.27948
22.3388 -19.2799 3.55099
2.13435 -18.2712 7.91243
2.11333 -18.1976 7.89119
12.5945 -11.0236 15.8423
12.4449 -11.6937 15.9261
12.1808 -12.3184 16.006
11.8577 -12.9191 16.0643
11.6471 -13.1396 16.0164
11.3939 -13.4182 15.9323
11.2705 -13.5352 15.8809
11.0717 -13.7067 15.7902
10.7447 -14.003 15.6258
10.4396 -14.2735 15.453
23.5258 -6.6324 -1.31755
23.4801 -6.25236 -1.54802
23.4538 -6.00723 -1.70585
23.4391 -5.85143 -1.81108
23.4093 -5.48545 -2.07034
23.3966 -5.19665 -2.33058
23.3966 -4.87201 -2.64024
23.3654 -4.5299 -2.9301
23.376 -4.17625 -3.28002
23.3889 -3.7782 -3.67292
23.3991 -3.34725 -4.09659
23.4078 -3.05944 -4.38533
23.4183 -2.78225 -4.67078
23.4207 -2.70627 -4.74948
23.4235 -2.60186 -4.86359
23.4286 -2.36849 -5.12786
23.4331 -2.09149 -5.45322
23.4311 -1.63344 -6.02782
23.4216 -1.41171 -6.33941
23.4069 -1.25297 -6.59286
23.393 -1.13561 -6.79225
23.3749 -1.03977 -6.9746
23.3492 -0.91363 -7.22576
23.3163 -0.805223 -7.46509
23.2772 -0.690125 -7.74168
23.2136 -0.539727 -8.13624
23.1465 -0.402159 -8.472
23.0411 -0.316935 -8.89742
22.918 -0.259985 -9.35226
22.7426 -0.157765 -9.97635
22.5972 -0.106505 -10.3595
22.3743 -0.0692695 -10.8247
13.7257 -4.76427 16.2394
13.6552 -5.19752 16.2702
13.3725 -5.71151 16.4629
13.2202 -6.03543 16.5618
12.9916 -6.51033 16.7082
12.8327 -6.84507 16.8083
12.7029 -7.11646 16.8732
12.5141 -7.47647 16.9758
12.2551 -7.95737 17.0587
12.0882 -8.23144 17.114
11.965 -8.42747 17.1473
11.6471 -8.90384 17.2199
11.3705 -9.29376 17.2863
11.194 -9.61534 17.2477
10.6338 -10.4517 17.2128
2.54943 13.422 -7.94969
2.41798 13.1858 -7.7189
2.21981 13.0233 -7.43191
1.9556 12.8529 -7.04527
1.93635 12.8411 -7.01579
1.67481 12.7043 -6.60489
1.28844 12.5778 -5.95932
1.13764 12.7003 -5.56833
1.06359 12.8397 -5.32442
1.02622 12.9309 -5.18499
0.915909 13.2322 -4.75023
0.866041 13.3718 -4.55087
0.811615 13.6119 -4.29081
0.796304 14.1383 -4.01484
0.780091 14.7083 -3.68346
0.779352 14.7842 -3.64412
0.77986 15.1716 -3.45451
0.781261 15.3875 -3.35019
0.78507 15.6968 -3.20417
0.78993 15.9815 -3.07152
0.796976 16.2973 -2.92525
0.807405 16.7001 -2.73835
0.817233 16.9892 -2.60225
0.830786 17.3719 -2.42166
0.838744 17.5675 -2.32805
0.852724 17.8526 -2.18798
0.868317 18.1327 -2.04738
0.882328 18.3572 -1.93207
0.902511 18.6537 -1.77666
0.922806 18.927 -1.6307
0.972974 19.544 -1.2966
1.01449 19.9722 -1.05114
1.04806 20.2163 -0.878406
1.08084 20.4982 -0.713188
1.11877 20.7726 -0.539625
1.21715 21.3304 -0.141843
1.27121 21.6379 0.0770918
1.33711 21.972 0.342797
1.35579 22.1224 0.426416
1.3819 22.4568 0.556316
12.9835 -20.5114 -5.24921
13.6238 -20.515 -5.39245
14.0473 -20.4654 -5.49199
14.2522 -20.4334 -5.54195
14.5565 -20.398 -5.6133
14.9751 -20.2977 -5.72027
15.279 -20.2397 -5.77133
15.7294 -20.0299 -5.86485
16.2022 -19.7696 -5.94465
16.4952 -19.5875 -5.99709
16.7008 -19.4449 -6.03212
16.963 -19.2465 -6.07985
17.2781 -18.9843 -6.1361
17.6234 -18.6736 -6.19548
17.8073 -18.4722 -6.23423
17.9634 -18.2783 -6.27705
18.1485 -18.0272 -6.32934
18.27 -17.8653 -6.36246
18.455 -17.6199 -6.41224
18.6646 -17.3193 -6.47455
18.9417 -16.9017 -6.56225
19.0321 -16.7589 -6.59255
19.1797 -16.4572 -6.66286
19.4278 -16.0589 -6.72505
19.5826 -15.6127 -6.82049
19.6343 -15.4819 -6.84395
19.779 -15.1448 -6.89699
19.8786 -14.9179 -6.92823
19.9768 -14.6941 -6.95893
20.217 -14.1772 -7.01447
20.3034 -14.0257 -7.01136
20.5337 -13.5618 -7.04482
21.0315 -13.0192 -6.79641
1.9786 -17.9792 8.61705
2.08038 -18.3192 9.19316
2.11851 -18.3935 9.64578
2.1549 -18.4496 10.0378
2.18014 -18.489 10.27
2.21278 -18.5381 10.5637
2.23643 -18.5639 10.7929
2.25818 -18.5872 10.9987
2.3003 -18.6291 11.3055
2.54165 -18.4951 12.0034
2.75425 -18.3541 12.5661
2.90391 -18.253 12.9445
3.06645 -18.1406 13.3202
3.3718 -17.9361 13.9156
3.55007 -17.8439 14.1455
3.6426 -17.7399 14.2933
4.17526 -17.4254 14.7559
4.0555 -7.0174 19.1078
4.05528 -7.5531 19.1824
4.10348 -7.83118 19.2482
4.1311 -7.96126 19.2763
4.18819 -8.20701 19.3306
4.27615 -8.47241 19.3982
4.34672 -8.67451 19.451
4.44445 -8.94036 19.5208
4.55707 -9.23959 19.601
4.75288 -9.62752 19.6764
4.91649 -9.89636 19.7039
5.06278 -10.1272 19.6874
5.15292 -10.2547 19.6633
5.46433 -10.6538 19.5536
5.75145 -11.0196 19.4495
6.00614 -11.326 19.3333
6.28561 -11.6629 19.2032
6.45084 -11.8628 19.1072
6.68605 -12.0779 18.9512
6.85956 -12.2603 18.7714
7.02892 -12.4482 18.582
7.25581 -12.702 18.3251
7.38278 -12.8879 18.1576
7.49567 -12.9951 18.0338
7.63592 -13.1706 17.86
21.4208 -5.09252 9.69968
21.2373 -5.32398 10.1115
21.124 -5.47618 10.3384
20.9792 -5.67171 10.6167
20.8085 -5.92662 10.8979
20.7756 -5.97478 10.951
20.6713 -6.13258 11.1117
20.517 -6.36305 11.3345
20.357 -6.61905 11.5423
20.1298 -6.99098 11.8088
19.9824 -7.23585 11.9661
19.8454 -7.47475 12.1105
19.6182 -7.86758 12.3378
19.3914 -8.24103 12.5452
19.1715 -8.67175 12.6866
18.9344 -9.18106 12.7941
18.6755 -9.6197 12.9365
23.557 5.45175 -0.545646
23.469 5.04591 -0.402999
23.4206 4.76109 -0.262135
23.3417 4.44307 -0.106236
23.3236 4.39606 -0.0868272
23.14 4.00455 0.058916
17.7894 19.6817 -3.32376
18.065 19.4566 -3.75088
18.431 19.1301 -4.321
18.6484 18.937 -4.64539
18.74 18.8551 -4.78215
18.8604 18.7467 -4.96254
18.9783 18.6217 -5.12448
19.0763 18.485 -5.27733
19.1834 18.3209 -5.44434
19.3954 17.9768 -5.78045
19.5725 17.6504 -6.06315
19.7533 17.296 -6.35111
19.957 16.8235 -6.69455
20.0762 16.5355 -6.83267
20.2765 15.9575 -7.03461
20.3708 15.5683 -7.10196
20.5376 15.0029 -7.14757
13.0747 -10.8565 15.6608
13.6451 -10.8323 15.5615
14.3843 -10.7112 15.3782
14.6904 -10.6622 15.2986
15.0868 -10.5955 15.1813
15.4204 -10.5259 15.0551
15.6698 -10.4702 14.9538
16.0457 -10.3843 14.798
16.3584 -10.3058 14.6505
16.7705 -10.1951 14.4367
17.1024 -10.0886 14.2492
17.4164 -9.97629 14.0544
17.6056 -9.9282 13.9161
17.7525 -9.91001 13.7821
17.9842 -9.88621 13.5571
18.205 -9.85718 13.3444
18.6755 -9.6197 12.9365
22.3743 -0.0692695 -10.8247
22.3567 -0.443784 -11.0354
22.4891 -0.995005 -10.9934
22.5356 -1.31021 -10.944
22.5669 -1.68987 -10.9323
22.5894 -1.91383 -10.9139
22.6265 -2.2879 -10.8819
22.6745 -2.77072 -10.84
22.7064 -3.03994 -10.8159
22.74 -3.59529 -10.7276
22.7134 -4.33101 -10.491
22.6068 -5.21783 -10.1861
22.4918 -5.55149 -10.1015
22.434 -5.84064 -9.99395
22.3484 -6.34131 -9.78866
22.2593 -6.77721 -9.6218
22.2075 -7.0217 -9.52866
22.0672 -7.67434 -9.28055
22.0019 -7.96993 -9.16891
21.9621 -8.15279 -9.09966
21.9001 -8.40007 -9.00996
21.823 -8.70138 -8.90179
21.7114 -9.10192 -8.76217
21.6255 -9.46365 -8.62856
21.4974 -9.79349 -8.52939
21.2711 -10.6381 -8.1982
21.2077 -10.8727 -8.10508
21.1561 -11.0709 -8.02468
21.1136 -11.2431 -7.95256
21.0549 -11.5062 -7.83597
20.9302 -12.0165 -7.62275
20.9148 -12.2516 -7.4781
20.9032 -12.4862 -7.32939
21.0315 -13.0192 -6.79641
23.6388 1.80266 5.84071
23.4822 2.04559 6.09486
23.3267 2.2821 6.33222
23.1615 2.56676 6.55763
23.0866 2.7015 6.65529
22.9488 2.92046 6.83958
22.7248 3.20611 7.07977
22.3642 3.60082 7.43869
22.1772 3.80025 7.62582
21.9708 4.01008 7.83097
21.7556 4.18632 8.03617
21.5812 4.32801 8.20293
21.1991 4.6135 8.57757
20.998 4.64212 8.8033
20.8334 4.71864 8.96152
20.6877 4.63564 9.17163
20.5695 4.57052 9.34063
20.4292 4.44524 9.56388
20.2487 4.3039 9.84091
20.0675 4.10751 10.1452
20.0223 4.04671 10.2269
19.9093 3.88392 10.4363
19.7402 3.56628 10.7858
19.58 3.22493 11.1316
19.5036 3.01797 11.3071
19.4494 2.85009 11.436
19.2953 2.39279 11.7857
19.2054 2.11129 11.9504
19.0892 1.76183 12.1301
18.7855 0.906642 12.5479
18.5555 0.300065 12.8396
18.4249 0.00670097 12.9751
18.308 -0.237358 13.0815
18.1768 -0.473854 13.1849
18.0171 -0.739703 13.3033
17.8709 -0.980473 13.4007
17.6011 -1.33822 13.5799
17.3161 -1.6744 13.7569
17.1532 -1.87306 13.8548
17.0066 -2.04564 13.9447
16.8648 -2.21061 14.0322
16.7093 -2.38686 14.1293
16.2887 -2.84972 14.3954
16.0219 -3.13124 14.5672
15.7867 -3.36322 14.7232
15.5574 -3.56898 14.8806
15.2492 -3.83124 15.096
15.0582 -3.97587 15.2338
14.7802 -4.16803 15.4389
14.5181 -4.35244 15.6334
14.3578 -4.44976 15.7546
14.1292 -4.53744 15.9312
13.7257 -4.76427 16.2394
14.4022 5.13615 14.5618
14.8904 4.93923 14.1952
15.1247 5.02412 13.9941
15.3649 5.15864 13.7784
15.6697 5.36837 13.4958
16.1766 5.68321 13.0252
16.3884 5.98441 12.7876
16.495 6.1315 12.6596
16.6657 6.39883 12.4407
16.7544 6.57094 12.3123
16.9435 7.06033 11.9702
17.1423 7.57554 11.6092
17.1925 7.77982 11.4715
17.2131 7.88524 11.4002
17.2982 8.40321 11.0462
17.3733 8.94767 10.6615
17.4141 9.29013 10.413
17.4367 9.48682 10.2651
17.4524 9.80939 10.0184
17.4898 10.0748 9.79164
17.5078 10.1907 9.69047
17.567 10.4807 9.41984
17.6219 10.6567 9.23267
17.7376 10.9672 8.87944
17.8558 11.1784 8.59005
18.0351 11.4159 8.21188
18.2983 11.6193 7.75575
18.5716 11.6834 7.38844
18.706 11.754 7.17197
18.9173 11.784 6.89152
19.0965 11.794 6.65756
19.175 11.8014 6.5505
19.4434 11.8007 6.19982
19.7084 11.8051 5.84806
19.8391 11.8021 5.67898
20.1385 11.9236 5.15944
23.14 4.00455 0.058916
23.4997 3.8766 0.365195
23.551 3.82999 0.428869
23.7101 3.71832 0.607909
23.8095 3.50488 0.915217
23.9893 3.14472 1.52427
24.0497 3.01829 1.74426
24.1176 2.86555 2.03012
24.1613 2.73467 2.29994
24.2208 2.55437 2.6728
24.2538 2.29579 3.29995
24.2188 2.13986 3.78831
24.1866 2.08337 4.03465
24.1482 1.98124 4.33559
24.0644 1.9237 4.61139
23.8836 1.85573 5.15512
23.7421 1.85458 5.53178
23.6388 1.80266 5.84071
9.81335 0.728752 -16.795
9.39904 0.673769 -16.606
9.41885 0.416938 -16.3638
9.81559 0.191986 -16.2932
9.25964 -1.63456 -14.1074
9.26586 -1.96596 -13.7922
9.34053 -2.25623 -13.5713
9.45023 -2.66143 -13.2551
9.52791 -3.07355 -12.8868
9.58656 -3.41736 -12.5729
9.6702 -3.85831 -12.1631
9.70274 -4.03172 -11.9994
9.77904 -4.41609 -11.6278
9.84006 -4.72357 -11.3223
10.0021 -5.08524 -11.0296
2.79034 28.6999 -5.65274
2.6912 28.4699 -5.94375
2.48067 28.2008 -6.20184
2.32812 27.8672 -6.44101
2.24744 27.6276 -6.57789
2.11013 27.1747 -6.80758
1.99435 26.6597 -7.00982
1.90149 26.1743 -7.17853
1.87063 25.9894 -7.23687
1.81187 25.6012 -7.35165
1.77527 25.3259 -7.42676
1.72618 24.9198 -7.53118
1.6765 24.5121 -7.62566
1.65184 24.2334 -7.70217
1.63241 23.8222 -7.76289
1.62993 23.5128 -7.82536
1.6362 23.17 -7.89885
1.6472 22.8378 -7.96633
1.663 22.6008 -8.02065
1.6806 22.3622 -8.07429
1.70503 21.9097 -8.14683
1.72937 21.4821 -8.21746
1.74207 21.2581 -8.25248
1.76104 20.924 -8.29941
1.77723 20.5615 -8.33983
1.78832 20.3024 -8.36654
1.80801 19.792 -8.41249
1.81017 19.7312 -8.41723
1.82278 19.346 -8.4426
1.83351 19.0054 -8.45881
1.84734 18.674 -8.47137
1.87391 18.1721 -8.48688
1.91061 17.6335 -8.49712
1.9432 17.2648 -8.49976
1.96719 16.995 -8.4977
1.99569 16.7077 -8.48988
2.03597 16.3448 -8.46866
2.06203 16.1586 -8.45849
2.10549 15.8331 -8.43207
2.17464 15.3523 -8.37903
2.2034 15.0265 -8.3038
2.22382 14.8045 -8.25638
2.28717 14.5212 -8.18889
2.36561 14.141 -8.09959
2.43415 13.8443 -8.0347
2.54943 13.422 -7.94969
6.81624 -22.4106 1.45997
7.19616 -22.0985 1.67632
7.45871 -21.8273 1.72482
7.77834 -21.4732 1.80723
8.01717 -21.2167 1.87907
8.30639 -20.8872 1.96292
8.5378 -20.6256 2.04042
8.80082 -20.3239 2.12736
8.99707 -20.0987 2.19383
9.22534 -19.8396 2.27056
9.50554 -19.4728 2.32931
9.78423 -19.0345 2.35009
10.0901 -18.4819 2.31782
10.308 -18.0289 2.24844
10.4543 -17.7108 2.18581
10.582 -17.4021 2.11236
10.7093 -17.0719 2.02026
10.7877 -16.7322 1.90922
10.8536 -16.46 1.81866
10.811 -16.0545 1.66047
10.6713 -15.4255 1.38325
10.542 -15.1955 1.2619
10.3163 -14.843 1.04381
10.1586 -14.6362 0.892109
9.92073 -14.3632 0.667403
9.75671 -14.2151 0.506825
9.49696 -14.0077 0.244022
9.30248 -13.8996 0.0242006
9.00161 -13.7574 -0.337711
8.66633 -13.6498 -0.799862
8.51968 -13.5881 -1.14329
8.43425 -13.526 -1.3605
8.3211 -13.4893 -1.67139
8.3211 -13.4893 -1.67139
8.14588 -13.1331 -1.99193
8.02941 -12.8499 -2.17848
7.94543 -12.6517 -2.31687
7.88903 -12.4999 -2.41222
7.80731 -12.2434 -2.55161
7.69539 -11.8519 -2.76988
7.61119 -11.5444 -2.93989
7.53555 -11.2046 -3.13181
7.48582 -10.9392 -3.28376
7.45653 -10.7309 -3.407
7.42207 -10.4586 -3.57114
7.39533 -10.1804 -3.7442
7.39106 -9.88713 -3.95074
7.3956 -9.64756 -4.12741
7.41565 -9.37118 -4.34728
7.44505 -9.09634 -4.57649
7.47969 -8.80579 -4.82231
7.52045 -8.63716 -4.993
7.56389 -8.47317 -5.16408
7.63995 -8.20777 -5.44947
7.75779 -7.80507 -5.88933
7.86157 -7.49659 -6.24961
7.94291 -7.29367 -6.50478
8.1667 -6.90899 -7.11172
8.30362 -6.68366 -7.47688
8.40892 -6.51232 -7.76047
8.501 -6.35645 -8.02194
8.71881 -6.12859 -8.51605
8.90615 -5.97461 -8.90033
9.02253 -5.85875 -9.16459
9.08475 -5.72111 -9.40525
9.3621 -5.58122 -9.84709
9.50831 -5.4795 -10.115
9.61109 -5.37063 -10.3422
9.7617 -5.27721 -10.5885
10.0021 -5.08524 -11.0296
10.4906 -28.5933 0.595531
10.9658 -28.5195 0.85541
11.2974 -28.4516 1.05357
11.4929 -28.4161 1.20297
11.7848 -28.3506 1.40073
12.1659 -28.2513 1.74316
12.8227 -28.0599 2.24274
13.231 -27.9404 2.56118
13.5649 -27.8219 2.77734
13.9369 -27.6043 3.0248
14.2041 -27.4405 3.20876
14.5722 -27.2111 3.47102
14.8353 -26.986 3.70252
15.0018 -26.7778 3.87605
15.3551 -26.3181 4.25672
15.4575 -26.1848 4.38356
15.6523 -25.9256 4.64445
15.7837 -25.7466 4.83041
15.8824 -25.6094 4.97322
16.0427 -25.404 5.16179
16.1216 -25.2719 5.40811
16.282 -25.0233 5.85257
16.4246 -24.8109 6.22724
16.5028 -24.6721 6.49086
16.5601 -24.5732 6.66608
16.7317 -24.2107 7.2111
16.8397 -23.7663 7.73661
16.8858 -23.5714 7.93301
16.9368 -23.4141 8.06984
16.9437 -23.3327 8.16462
17.025 -22.8107 8.72504
10.4906 -28.5933 0.595531
10.7 -28.5069 0.33616
10.8659 -28.4298 0.0808645
11.1685 -28.298 -0.315935
11.5161 -28.1388 -0.811667
11.7202 -28.0314 -1.06761
12.0679 -27.8478 -1.43067
12.3167 -27.7116 -1.69947
12.5574 -27.5762 -1.96693
12.7461 -27.4729 -2.12204
13.0353 -27.301 -2.34592
13.3017 -27.136 -2.53037
13.6244 -26.9237 -2.77662
13.8573 -26.7659 -2.93368
14.4498 -26.3625 -3.32728
14.6914 -26.1655 -3.48358
14.8669 -26.024 -3.58188
15.096 -25.8383 -3.69473
15.3807 -25.6016 -3.8356
15.7464 -25.2845 -4.02498
16.0053 -25.0486 -4.15776
16.3361 -24.7737 -4.25279
16.4448 -24.6812 -4.27889
16.7023 -24.4391 -4.35986
17.0233 -24.1334 -4.44626
17.2886 -23.88 -4.50137
17.7443 -23.4369 -4.58318
18.3158 -22.9135 -4.60582
18.4946 -22.7444 -4.61571
18.6904 -22.5551 -4.62021
19.0858 -22.1781 -4.58724
19.3862 -21.8997 -4.53502
19.6096 -21.6897 -4.49675
19.6955 -21.6084 -4.48326
19.9333 -21.3823 -4.44609
20.1326 -21.1902 -4.39551
20.3117 -21.0473 -4.27973
20.5247 -20.8512 -4.17483
20.8616 -20.6147 -3.89617
5.97149 -27.5648 -1.47238
6.00255 -27.1566 -1.81602
5.94893 -26.8035 -2.04517
5.92674 -26.4261 -2.23176
5.9123 -26.1484 -2.36604
6.00628 -25.7855 -2.4513
6.08223 -25.5351 -2.48873
6.33838 -25.0581 -2.56208
6.4786 -24.7491 -2.59702
6.75033 -24.4686 -2.65428
7.03318 -24.2436 -2.72152
7.23627 -24.0901 -2.76198
7.53143 -23.9043 -2.84189
8.07174 -23.6042 -3.03157
8.15025 -23.5629 -3.06173
8.50975 -23.3815 -3.21215
8.79554 -23.2372 -3.33465
9.06048 -23.1028 -3.4488
9.37758 -22.9289 -3.58804
9.68022 -22.7748 -3.71993
9.94947 -22.602 -3.84185
10.4173 -22.329 -4.0582
10.725 -22.1413 -4.20212
11.0147 -21.9602 -4.3375
11.2602 -21.802 -4.45228
11.4726 -21.6599 -4.55218
11.7549 -21.4765 -4.6813
11.9527 -21.317 -4.77812
12.2888 -21.0818 -4.93063
12.644 -20.8202 -5.0878
12.9835 -20.5114 -5.24921
6.13414 -25.8017 12.1254
5.76464 -25.3581 12.3002
5.60763 -25.2523 12.3074
5.27679 -25.1102 12.1912
4.9349 -24.9473 12.0404
4.76583 -24.8673 11.9578
4.49672 -24.7393 11.8187
4.1255 -24.5566 11.6201
3.92098 -24.4258 11.4595
3.60229 -23.9354 10.9495
6.13414 -25.8017 12.1254
6.38588 -25.4842 12.4868
6.56363 -25.3756 12.6507
6.70077 -25.2806 12.785
7.01623 -25.1408 12.9599
7.31344 -25.0261 13.0945
7.55333 -24.9435 13.1854
7.68472 -24.8996 13.2285
8.13773 -24.7499 13.3515
8.57733 -24.606 13.4279
9.12465 -24.425 13.3948
9.36797 -24.3446 13.3767
9.65055 -24.2513 13.3496
9.94715 -24.1535 13.3173
10.1211 -24.0963 13.2977
10.2299 -24.0605 13.2848
10.3954 -24.0061 13.2651
10.7674 -23.8834 13.2192
11.2307 -23.6985 13.1439
11.3003 -23.6666 13.1328
11.5705 -23.5492 13.071
12.0202 -23.4458 12.8516
12.4932 -23.3518 12.5947
13.0888 -23.2228 12.253
13.7094 -23.1224 11.8299
14.0294 -23.0668 11.6083
14.2924 -23.0215 11.4203
14.482 -22.9896 11.282
14.8565 -22.9299 10.9982
15.1276 -22.8934 10.7684
15.4596 -22.8519 10.4754
15.7061 -22.8244 10.2444
15.9233 -22.8013 10.0356
16.2354 -22.7725 9.72809
16.4104 -22.7661 9.5374
16.5631 -22.7788 9.34213
17.025 -22.8107 8.72504
6.1657 -23.2183 2.28038
5.90812 -23.4141 2.60679
6.1657 -23.2183 2.28038
6.53732 -22.838 1.97581
6.81624 -22.4106 1.45997
4.17526 -17.4254 14.7559
4.1686 -17.0452 15.4803
4.1686 -17.0452 15.4803
3.71809 -16.8957 15.3387
3.41227 -16.7179 15.3461
2.94511 -16.385 15.4142
2.51433 -15.8041 15.557
2.23221 -15.1986 15.58
2.04069 -14.7358 15.5996
1.94673 -14.5011 15.6042
1.78945 -14.0637 15.5685
1.71589 -13.6529 15.4871
1.67773 -13.3661 15.4227
1.65946 -13.1434 15.3727
1.62863 -12.6966 15.2403
1.60726 -12.2783 15.0855
1.59858 -11.8812 14.9216
1.59014 -11.4262 14.7165
1.57508 -11.0332 14.5022
1.56532 -10.835 14.385
1.53071 -10.4521 14.1112
1.48378 -9.91793 13.7403
1.45309 -9.63233 13.5253
1.42966 -9.38964 13.3549
1.39834 -9.1142 13.1444
1.38022 -8.94332 13.019
1.35167 -8.66688 12.8186
1.32226 -8.39287 12.6137
1.28076 -8.0546 12.3216
1.25494 -7.83998 12.1368
1.22601 -7.54928 11.9026
1.19582 -7.24386 11.6547
1.15409 -6.83011 11.2949
15.0814 -17.0437 12.6622
15.2538 -16.6376 12.5733
15.4278 -16.2906 12.458
15.6917 -15.7539 12.2756
15.9701 -15.3632 12.1113
10.4396 -14.2735 15.453
10.3818 -14.4882 15.2509
10.3196 -14.6415 15.0881
10.2683 -14.8137 14.9005
10.3001 -15.0972 14.6956
7.63592 -13.1706 17.86
7.83705 -13.1152 17.7555
8.36889 -12.9302 17.5077
24.0033 -11.502 2.79168
23.7651 -10.9177 2.86824
23.6475 -10.5824 2.86295
23.4423 -9.95502 2.71795
23.3559 -9.6806 2.59663
23.2823 -9.35876 2.39452
23.1979 -9.01946 2.17682
23.1611 -8.68692 1.85946
23.145 -8.52286 1.69855
23.1356 -8.2866 1.44012
23.1381 -8.00663 1.10759
23.1416 -7.93214 1.01361
23.1574 -7.79293 0.819204
23.2296 -7.33239 0.134858
23.295 -7.13265 -0.236608
23.3481 -6.99275 -0.512161
23.4197 -6.85732 -0.828637
23.5258 -6.6324 -1.31755
8.36889 -12.9302 17.5077
8.68788 -12.5615 17.5045
8.99401 -12.1577 17.5241
9.30141 -11.8141 17.4789
9.51289 -11.6064 17.4324
9.78071 -11.3455 17.3716
9.96941 -11.1652 17.3261
10.6338 -10.4517 17.2128
9.81559 0.191986 -16.2932
9.68581 -0.417819 -15.6296
9.65115 -0.910399 -15.1152
9.56573 -1.31135 -14.6656
9.25964 -1.63456 -14.1074
9.81559 0.191986 -16.2932
9.9119 0.396522 -16.5186
9.81335 0.728752 -16.795
3.79181 0.553664 17.9601
3.43271 -0.047113 17.8651
3.30363 -0.337233 17.8373
3.16255 -0.919045 17.8409
3.10209 -1.17109 17.8425
3.04777 -1.39593 17.8436
2.94025 -1.71634 17.8101
2.83553 -2.13582 17.7877
2.74494 -2.71192 17.7916
2.68211 -3.38231 17.8224
2.64875 -4.09143 17.8757
2.65102 -4.49171 17.92
2.65884 -4.75352 17.9533
2.67529 -5.03278 17.9943
2.68621 -5.18029 18.0176
2.71308 -5.42056 18.0623
2.78118 -5.88202 18.1611
2.94915 -6.14315 18.3187
3.02961 -6.25709 18.3902
3.19139 -6.53666 18.5363
3.66914 -6.83138 18.8636
4.0555 -7.0174 19.1078
3.79181 0.553664 17.9601
4.11781 0.555123 18.1214
4.30484 0.510193 18.2195
4.9347 0.426457 18.5343
5.17133 0.40429 18.6399
5.34868 0.409774 18.6908
5.69894 0.385784 18.7646
6.03551 0.372631 18.8227
6.40452 0.360065 18.8835
6.79266 0.319195 18.9094
7.13544 0.273191 18.8373
7.30836 0.256982 18.8018
7.43599 0.244728 18.7754
7.7033 0.217216 18.715
8.05336 0.191218 18.6294
8.31548 0.175937 18.5059
8.49831 0.173346 18.4134
8.89495 0.174262 18.1992
9.41837 0.176948 17.9117
9.74091 0.188663 17.7271
9.9814 0.222544 17.5864
10.3083 0.321421 17.3973
10.487 0.396135 17.2933
11.0537 0.655789 16.9622
11.3125 0.788502 16.8102
11.6596 0.992643 16.6046
12.132 1.27595 16.3246
12.3459 1.42547 16.1962
12.6766 1.73459 15.9891
12.8436 1.88404 15.8827
13.0739 2.13176 15.7347
13.2191 2.30992 15.637
13.5158 2.7264 15.41
13.669 2.9879 15.2839
13.85 3.29556 15.1347
14.0468 3.65431 14.9655
14.3755 4.25112 14.6768
14.49 4.62151 14.5472
14.4022 5.13615 14.5618
21.7506 7.37907 -9.17342
21.9255 7.18903 -8.87479
22.1139 6.92604 -8.5313
22.3239 6.68948 -8.11752
22.4488 6.55191 -7.86428
22.5825 6.37378 -7.58012
22.8359 5.96116 -7.01606
22.9775 5.70525 -6.6859
23.0737 5.4768 -6.40428
23.1373 5.32262 -6.21948
23.2135 5.09191 -5.96237
23.2759 4.84774 -5.74381
23.3449 4.51884 -5.41344
23.3701 4.35637 -5.25182
23.3883 4.16239 -5.07527
23.4084 3.82993 -4.75056
23.4277 3.64923 -4.60789
23.3999 3.2954 -4.25246
23.3996 3.09457 -4.07394
23.3751 2.74686 -3.75154
23.3295 2.45565 -3.46346
23.2733 2.19052 -3.19083
23.2422 2.03628 -3.03396
23.201 1.70164 -2.71805
23.1512 1.40941 -2.42939
23.094 1.08882 -2.10124
23.0725 0.995614 -2.00104
23.001 0.684138 -1.66403
22.9268 0.361442 -1.29068
22.8899 0.176548 -1.07411
22.8105 -0.262942 -0.564373
22.7883 -0.389159 -0.418197
22.7478 -0.634023 -0.13576
22.6917 -1.03431 0.322163
22.6671 -1.30249 0.623361
22.6613 -1.54185 0.884564
22.6582 -1.9503 1.32704
22.6589 -2.0811 1.46767
22.6629 -2.35368 1.75947
22.6714 -2.70813 2.13659
22.678 -2.93181 2.37382
22.6823 -3.0898 2.54205
22.6867 -3.31261 2.7776
22.699 -3.5959 3.04866
22.681 -3.86949 3.32794
22.6844 -4.10807 3.54748
22.655 -4.5274 3.92969
22.6229 -4.89164 4.24316
22.5874 -5.21515 4.50483
22.5322 -5.6848 4.88298
22.5061 -5.8786 5.03283
22.4078 -6.48981 5.48288
22.3424 -6.88334 5.68903
22.2226 -7.19707 5.89454
22.1391 -7.48814 5.99157
22.0239 -7.76132 6.10329
21.8976 -8.03774 6.22937
21.7796 -8.30927 6.26741
21.6538 -8.55866 6.32809
21.1774 -9.12512 6.38479
20.8513 -9.51355 6.39169
20.6115 -9.78844 6.38583
20.4756 -9.93438 6.37208
20.4175 -9.9801 6.3431
19.9852 -10.3315 6.16345
8.492 8.32743 -18.8279
7.95335 8.29175 -18.5173
7.51411 8.25913 -18.247
6.94015 8.21707 -17.716
6.66703 8.16567 -17.3421
6.26607 8.05242 -16.6087
5.96494 7.95892 -16.0021
5.88409 7.91821 -15.7957
5.81098 7.86207 -15.5767
5.725 7.79829 -15.2989
5.5823 7.67033 -14.7375
5.5092 7.59849 -14.4571
5.38441 7.47913 -13.9535
5.28843 7.27534 -13.7578
5.17867 7.03954 -13.5456
5.03343 6.69939 -13.3269
4.89987 6.38238 -13.1322
4.8676 6.30429 -13.0862
4.70751 5.94277 -12.8496
4.63735 5.62619 -12.8145
4.57546 5.30558 -12.7728
4.54764 4.85711 -12.7696
4.53696 4.56718 -12.7814
4.51915 3.99088 -12.8057
4.59796 3.44503 -12.8468
4.68247 3.15109 -12.9072
4.76879 2.8452 -12.9367
4.97887 2.2961 -12.9995
5.09782 1.99868 -13.0348
5.24907 1.68184 -13.0776
5.38567 1.41914 -13.1152
5.47027 1.28522 -13.1436
5.7553 0.901196 -13.2107
6.43322 0.184272 -13.3342
6.73826 -0.106549 -13.4071
7.20029 -0.432832 -13.5223
7.73892 -0.824541 -13.6284
8.52756 -1.36765 -13.7665
8.82371 -1.49425 -13.8915
9.25964 -1.63456 -14.1074
8.492 8.32743 -18.8279
8.9815 8.83527 -18.8753
9.3179 9.12301 -18.8972
9.67283 9.39152 -18.9077
10.1215 9.7023 -18.8816
10.4118 9.83381 -18.8534
10.7132 10.07 -18.7665
11.0429 10.214 -18.7104
11.0429 10.214 -18.7104
11.4555 9.77448 -18.8865
11.6513 9.57014 -18.9593
11.9254 9.3147 -19.0447
12.2785 8.98659 -19.1485
12.4232 8.87212 -19.1574
12.8663 8.47824 -19.177
13.0831 8.1782 -19.1303
13.358 7.90551 -19.0018
13.7443 7.56922 -18.7496
13.8867 7.44883 -18.6455
14.1133 7.30494 -18.4268
14.467 7.11476 -18.0525
14.9578 6.87464 -17.523
15.2518 6.77031 -17.1935
15.4486 6.71998 -16.9711
15.6939 6.67881 -16.6997
16.0778 6.62539 -16.2716
16.2744 6.6058 -16.0659
16.4418 6.60392 -15.8792
16.7155 6.56796 -15.6083
17.1884 6.40351 -15.2429
17.3758 6.34309 -15.0919
17.4768 6.31028 -15.0109
17.6006 6.26839 -14.9136
17.7644 6.21241 -14.7849
17.937 6.12123 -14.6753
18.2609 5.94636 -14.4506
18.5484 5.7669 -14.2562
18.8715 5.53724 -14.0452
19.3307 5.20062 -13.7554
19.5392 4.98332 -13.6365
19.78 4.71749 -13.4979
20.1224 4.31549 -13.2957
20.4296 3.93416 -13.1125
20.5797 3.72959 -13.0218
20.7389 3.46386 -12.9131
20.948 3.12785 -12.7616
21.131 2.64019 -12.6035
21.2205 2.4062 -12.5179
21.3123 2.14612 -12.4298
21.406 1.87806 -12.3355
21.5181 1.55858 -12.2156
21.5648 1.22517 -12.1523
21.6092 0.835858 -12.087
20.1385 11.9236 5.15944
20.1639 12.2742 4.77137
20.1539 12.4745 4.58222
20.1341 12.692 4.38682
20.1885 12.9365 4.04435
20.2566 13.2846 3.55704
20.2734 13.4189 3.35662
20.2966 13.5986 3.08308
20.2912 13.8131 2.74921
20.2926 13.9358 2.53004
20.3134 14.0769 2.24118
20.3579 14.2529 1.81479
20.4224 14.3991 1.3633
20.4826 14.5065 0.988972
20.5388 14.5781 0.689884
20.5821 14.6287 0.467534
20.6644 14.7005 0.0896488
20.7593 14.7619 -0.303644
20.8779 14.7355 -0.515564
21.0509 14.6868 -0.831655
21.1844 14.6324 -1.06236
21.3289 14.5644 -1.3235
21.6155 14.4075 -1.84633
21.7137 14.3355 -2.04408
21.783 14.1702 -2.44582
21.8057 14.1009 -2.60973
21.852 13.9726 -2.90495
21.8641 13.8426 -3.26294
21.8773 13.7117 -3.58476
21.896 13.5433 -3.97791
21.8946 13.4644 -4.24434
21.8866 13.287 -4.72428
3.64499 11.7741 15.9113
3.38377 12.0707 15.7179
3.31298 12.2304 15.6344
3.22643 12.416 15.5326
3.14883 12.6031 15.433
2.9931 12.9062 15.2568
2.94026 13.1806 15.124
2.78726 13.544 14.9015
2.70833 13.7238 14.7848
2.60169 14.1036 14.5554
2.52834 14.3705 14.3929
2.43479 14.7109 14.176
2.36068 15.0974 13.9281
2.26586 15.8985 13.4137
2.26041 16.1816 13.2349
2.25615 16.6112 12.9637
2.29457 17.1544 12.6324
2.33728 17.4827 12.4358
2.38777 17.766 12.2638
2.43779 18.0095 12.1142
2.49076 18.2308 11.9763
2.56381 18.483 11.815
2.63753 18.7099 11.6686
2.7306 18.9702 11.4993
2.82946 19.2701 11.2993
2.90218 19.4495 11.1757
3.01214 19.6742 11.0087
3.17424 19.9586 10.799
3.27605 20.1357 10.6707
3.55503 20.6241 10.2669
3.7302 20.9222 10.0142
3.9014 21.1897 9.78438
4.0333 21.3729 9.62638
4.38197 21.7725 9.21361
4.68556 21.9559 8.99342
4.96497 22.2589 8.65988
3.64499 11.7741 15.9113
4.05834 11.6931 16.061
4.38715 11.7986 16.1054
5.07778 12.0728 16.1787
5.58577 12.2104 16.2144
5.92789 12.2399 16.1706
6.59585 12.3372 15.9943
7.29613 12.4295 15.7858
7.73481 12.451 15.5976
8.03689 12.4548 15.4692
8.3427 12.4668 15.3314
8.59598 12.4696 15.2174
8.99913 12.3821 15.0574
9.34167 12.2986 14.924
9.63436 12.2254 14.8084
10.0629 12.1334 14.6228
10.4983 12.0429 14.3942
10.727 12.0119 14.2541
11.1506 12.005 13.9514
21.8866 13.287 -4.72428
21.8198 13.3056 -5.1652
21.7031 13.4319 -5.70432
21.6176 13.5516 -5.98648
21.5237 13.6914 -6.15034
21.4426 13.8074 -6.26451
21.2971 14.0103 -6.46504
21.0169 14.3977 -6.7862
20.7925 14.6791 -6.98922
20.5376 15.0029 -7.14757
17.0441 20.3494 0.367349
17.12 20.0635 0.764827
17.1344 20.0254 0.802866
17.1641 19.9491 0.877789
17.2247 19.6924 1.15682
17.3024 19.214 1.64194
17.3547 18.8637 1.97925
17.3845 18.5295 2.25563
17.323 18.1076 2.63602
17.2058 17.7024 2.99303
17.1172 17.4569 3.20886
17.033 17.2529 3.39131
16.8657 16.9418 3.68807
16.5044 16.4989 4.18799
16.1828 16.2268 4.56869
15.9743 16.0828 4.79765
15.8386 16.0631 4.91877
15.5153 16.1751 5.15774
15.1062 16.4077 5.43376
14.9161 16.5436 5.55423
14.8028 16.6415 5.62124
14.5719 16.8521 5.75467
14.3556 17.069 5.87404
14.0754 17.3978 6.01513
13.7854 17.7359 6.16535
13.6458 18.0986 6.13752
13.5305 18.3425 6.14575
13.3691 18.8072 6.06196
13.1381 19.5674 5.80445
13.0295 19.927 5.65236
12.8738 20.4144 5.4219
12.7593 20.7245 5.2729
12.6176 21.1157 5.05951
12.5051 21.3816 4.90923
12.3942 21.5961 4.79267
12.2075 21.929 4.62571
11.9866 22.2443 4.50487
11.8793 22.3953 4.44791
11.6586 22.7148 4.31784
11.4236 23.0321 4.20311
10.8547 23.5476 4.21903
17.0441 20.3494 0.367349
16.7212 20.8836 0.282366
16.5422 21.1903 0.208495
16.3748 21.4373 0.239054
16.1169 21.7855 0.206279
15.9281 22.0289 0.198362
15.618 22.4183 0.166237
15.3643 22.694 0.132939
15.1643 22.8773 0.0660705
14.8541 23.1467 -0.0929626
14.5111 23.4083 -0.290156
14.0671 23.7294 -0.560535
13.9346 23.8136 -0.64914
13.5288 24.0412 -0.940766
13.0732 24.218 -1.31619
12.956 24.2486 -1.41908
12.6086 24.3386 -1.72441
12.4137 24.3476 -1.90991
12.078 24.4528 -2.17691
11.7213 24.4603 -2.50197
6.84907 22.2636 8.3067
7.22472 22.5612 7.94574
7.45922 22.7311 7.7345
7.7223 22.9016 7.51487
8.10271 23.1505 7.15337
8.43866 23.3571 6.7602
8.67838 23.4695 6.48283
8.96988 23.5989 6.14751
9.38073 23.7987 5.6504
9.65626 23.8473 5.3199
9.97769 23.8658 4.93819
10.1763 23.8784 4.68987
10.3924 23.7983 4.49823
10.8547 23.5476 4.21903
6.84907 22.2636 8.3067
6.29583 22.3383 8.35285
6.03693 22.331 8.4119
5.7631 22.3134 8.47389
5.49334 22.2893 8.54216
4.96497 22.2589 8.65988
1.3819 22.4568 0.556316
1.50558 22.3838 1.01185
1.58943 22.2544 1.31897
1.69342 22.0721 1.70862
1.75553 21.9626 1.9456
1.82377 21.849 2.20865
1.89441 21.7286 2.48642
2.00271 21.5307 2.93181
2.06069 21.3354 3.27202
2.10205 21.1212 3.60528
2.13187 20.836 3.98522
2.1506 20.5622 4.32652
2.15718 20.4157 4.50076
2.16761 20.1431 4.80877
2.17879 19.8584 5.11903
2.18505 19.6657 5.31965
2.19214 19.4624 5.52683
2.19612 19.2066 5.76334
2.19949 18.9113 6.02893
2.20255 18.5761 6.31619
2.1962 18.3518 6.49163
2.18534 18.0614 6.71019
2.17345 17.807 6.89
2.1253 17.2511 7.25113
2.0871 16.9282 7.44623
2.02278 16.5194 7.66903
1.98592 16.2928 7.79094
1.94731 16.0632 7.91014
1.8926 15.7453 8.06883
1.81457 15.2701 8.29995
1.75841 14.874 8.48414
1.72536 14.5985 8.60973
1.68006 14.1414 8.81509
1.6587 13.8197 8.95735
1.64212 13.3725 9.15367
1.63887 13.0828 9.27923
1.64207 12.7918 9.40457
1.65247 12.4294 9.55826
1.66858 12.0685 9.70807
1.69058 11.6211 9.88678
1.72109 11.1434 10.0743
1.74178 10.7868 10.2019
1.75511 10.3924 10.3197
1.76292 9.952 10.4365
1.76426 9.63 10.5135
1.76853 9.27807 10.6
1.73704 8.82127 10.6617
1.73571 8.46817 10.7265
1.71528 8.0819 10.773
1.69025 7.78336 10.7962
1.66844 7.4147 10.8285
1.63943 6.99358 10.8567
1.60672 6.58451 10.8755
1.5993 6.54078 10.8733
1.55401 6.09036 10.8828
1.54449 5.77921 10.9012
1.56994 5.37497 10.9481
1.58533 4.85442 10.9951
1.61637 4.41485 11.0483
1.63764 4.16924 11.0812
1.67504 3.74466 11.1353
1.69157 3.31644 11.1765
1.72476 3.12014 11.2112
1.7163 2.89797 11.2204
1.80149 2.52064 11.2999
1.85228 2.12079 11.3634
1.90522 1.70438 11.4295
1.94068 1.42769 11.4776
1.94105 1.09727 11.5089
1.93881 0.755616 11.5419
1.92059 0.350429 11.5771
1.85791 0.104198 11.5582
1.77892 -0.476817 11.5652
1.75104 -0.667905 11.5629
1.71911 -0.89625 11.5583
1.66451 -1.29082 11.5492
1.57443 -1.95295 11.5301
1.49199 -2.5802 11.5062
1.42047 -3.16107 11.4754
1.35425 -3.73647 11.4336
1.31366 -4.10678 11.4101
1.29797 -4.26882 11.4001
1.25879 -4.65871 11.3503
1.23167 -5.08988 11.3213
1.21224 -5.50786 11.3136
1.1876 -6.03602 11.303
1.1768 -6.25756 11.2948
1.17365 -6.33987 11.2968
1.15409 -6.83011 11.2949
3.24305 28.5107 -0.287328
3.48931 28.4619 0.264082
3.24305 28.5107 -0.287328
3.22989 28.6875 -0.663375
3.21024 28.7474 -0.802226
3.12735 28.8811 -1.17565
3.07876 28.968 -1.44841
3.0382 29.0536 -1.71157
2.91932 29.2855 -2.54699
2.84332 29.299 -3.11523
2.79549 29.2503 -3.53714
2.78063 29.233 -3.69832
2.74826 29.1782 -4.08105
2.72357 29.0939 -4.48093
2.70319 29.0044 -4.87847
2.68571 28.9503 -5.04561
2.67998 28.883 -5.23298
2.79034 28.6999 -5.65274
22.3388 -19.2799 3.55099
22.5666 -19.034 3.24286
22.7554 -18.806 3.02823
22.861 -18.6773 2.90988
23.0455 -18.4529 2.7023
23.2442 -18.2128 2.43839
23.3553 -18.0794 2.27691
23.4939 -17.9189 2.02225
23.6043 -17.7809 1.79462
23.6994 -17.6664 1.57082
23.8439 -17.4641 1.1653
23.9292 -17.3348 0.89755
23.9888 -17.2261 0.667653
24.0366 -17.1235 0.45265
24.0653 -17.0463 0.288439
24.1038 -16.9115 0.0191077
24.1346 -16.7817 -0.238378
24.187 -16.5625 -0.68864
24.2125 -16.3448 -0.990252
24.2229 -16.2467 -1.09899
24.1265 -15.9865 -1.5839
24.039 -15.7012 -2.05382
24.0072 -15.295 -2.40149
24.0072 -15.295 -2.40149
23.9024 -15.421 -2.60608
23.7791 -15.5957 -2.82916
23.6247 -15.8426 -3.09047
23.4558 -16.0936 -3.38495
23.2209 -16.4733 -3.65154
23.0882 -16.6932 -3.78897
22.7366 -17.2896 -4.11957
22.5196 -17.6662 -4.29505
22.239 -18.1467 -4.36129
22.0766 -18.4245 -4.39505
21.9117 -18.6993 -4.45682
21.5868 -19.2634 -4.35561
21.3747 -19.6288 -4.29653
21.2252 -19.8792 -4.26596
21.0092 -20.2147 -4.2128
20.8616 -20.6147 -3.89617
1.82231 -11.2444 4.10726
1.959 -11.2061 3.75691
2.12072 -11.2209 3.3762
2.35088 -11.1982 2.90558
2.53922 -11.1857 2.54881
2.73151 -11.1749 2.19483
2.96159 -11.1738 1.79894
3.08631 -11.1783 1.61252
3.23359 -11.1825 1.39283
3.62064 -11.201 0.820258
7.10984 13.552 -7.87872
6.62662 13.2763 -8.08683
6.36736 13.1506 -8.17882
6.01321 12.9938 -8.29084
5.56106 12.8066 -8.42181
5.14401 12.6659 -8.51231
4.96297 12.6217 -8.53577
4.70738 12.5566 -8.5694
4.49648 12.529 -8.5701
4.3854 12.515 -8.56492
3.99354 12.5319 -8.51158
3.5799 12.7032 -8.36846
3.31389 12.8446 -8.2487
3.13094 12.9521 -8.16921
2.83262 13.1669 -8.0544
2.54943 13.422 -7.94969
12.5945 -11.0236 15.8423
12.2861 -10.867 16.0028
11.5156 -10.5838 16.508
11.3321 -10.5399 16.6378
10.6338 -10.4517 17.2128
12.5945 -11.0236 15.8423
13.0747 -10.8565 15.6608
23.5258 -6.6324 -1.31755
23.6919 -7.04105 -1.38392
23.7985 -7.25105 -1.52298
23.9142 -7.54813 -1.67676
24.0313 -7.87475 -1.83339
24.1165 -8.11711 -1.95387
24.2633 -8.52778 -2.12465
24.1938 -8.87313 -2.30085
24.1289 -9.21812 -2.45795
24.0085 -9.6972 -2.69396
23.9233 -10.0229 -2.85413
23.8361 -10.2346 -2.98834
23.711 -10.4509 -3.13578
23.5907 -10.6522 -3.27389
23.5577 -10.708 -3.31139
23.4362 -10.9066 -3.46195
23.2324 -11.2367 -3.73641
23.0534 -11.5254 -3.98927
23.0031 -11.6052 -4.06957
22.8661 -11.8195 -4.30042
22.781 -11.9507 -4.45126
22.6654 -12.1274 -4.65848
22.4984 -12.3631 -4.99381
22.326 -12.5827 -5.35157
21.9126 -12.7552 -5.85837
21.4733 -12.8809 -6.33681
21.0315 -13.0192 -6.79641
13.7257 -4.76427 16.2394
13.4136 -4.46679 16.5052
13.3585 -4.44392 16.5505
12.8854 -4.28816 16.9275
12.6856 -4.20133 17.0619
12.4739 -4.13033 17.2004
11.9168 -3.93657 17.5588
11.5796 -3.86487 17.7002
11.2529 -3.78698 17.846
10.485 -3.76726 18.0546
10.0484 -3.77369 18.1607
9.61537 -3.79502 18.26
9.34242 -3.86054 18.3378
8.97453 -3.96234 18.4455
8.7096 -4.07198 18.5434
8.51527 -4.12888 18.5995
8.25569 -4.24917 18.695
8.06342 -4.36464 18.7791
7.62108 -4.65539 18.977
7.37253 -4.83384 19.0915
7.16869 -5.0098 19.1922
6.90416 -5.22981 19.3138
6.58813 -5.50798 19.4469
6.19669 -5.8116 19.5739
5.93726 -6.0154 19.6541
5.57664 -6.27914 19.7337
5.42088 -6.37011 19.7221
5.12347 -6.55016 19.6253
4.93843 -6.64083 19.5399
4.85608 -6.68322 19.5019
4.47359 -6.927 19.3301
4.0555 -7.0174 19.1078
21.6092 0.835858 -12.087
21.7635 0.488644 -11.8565
21.8542 0.359456 -11.7188
21.9657 0.231127 -11.5449
22.0874 0.0883324 -11.3569
22.3743 -0.0692695 -10.8247
1.9786 -17.9792 8.61705
2.05108 -18.098 8.17343
2.11333 -18.1976 7.89119
21.4208 -5.09252 9.69968
21.7392 -4.42367 9.67749
21.9017 -4.13107 9.54059
21.996 -3.95929 9.45926
22.1198 -3.73271 9.3464
22.2289 -3.5307 9.23779
22.4393 -3.13443 9.00638
22.763 -2.50546 8.61921
22.8822 -2.26043 8.46336
23.0267 -1.94469 8.25739
23.1171 -1.73067 8.11551
23.1856 -1.55597 7.99855
23.2874 -1.28033 7.81344
23.366 -1.02793 7.64367
23.4236 -0.830245 7.51144
23.4743 -0.628223 7.3763
23.5157 -0.452228 7.26027
23.5548 -0.267333 7.13927
23.6169 0.0439554 6.92506
23.6399 0.486855 6.67401
23.6331 0.729324 6.53911
23.6349 1.03612 6.34413
23.6418 1.37408 6.11627
23.6388 1.80266 5.84071
21.4208 -5.09252 9.69968
21.3444 -5.38889 9.35036
21.3195 -5.56541 9.01732
21.2578 -5.81936 8.52618
21.0602 -6.01277 8.04917
20.8002 -6.1168 7.74749
20.5755 -6.10166 7.59776
20.4114 -6.05429 7.48337
20.1841 -5.99904 7.34175
19.9054 -5.91576 7.17336
19.5665 -5.78849 6.9707
19.4612 -5.74253 6.90738
19.2349 -5.63288 6.77106
18.9818 -5.4853 6.61574
18.779 -5.35295 6.4883
18.6146 -5.22974 6.38105
18.227 -4.87584 6.10941
17.9026 -4.49412 5.8528
17.727 -4.25051 5.70019
17.5179 -3.89852 5.49386
17.4884 -3.84238 5.4619
17.3561 -3.52939 5.29195
17.2947 -3.36904 5.20583
17.1553 -2.87037 4.94205
17.0782 -2.41081 4.69911
17.0617 -2.19827 4.58396
17.0562 -1.87471 4.40394
17.0952 -1.39959 4.12314
17.1775 -1.03161 3.8821
17.274 -0.65811 3.63036
17.3661 -0.370649 3.42521
17.4939 -0.0190453 3.16475
17.5614 0.130516 3.04328
17.6447 0.311614 2.89501
17.8514 0.703065 2.55225
18.107 1.13862 2.14702
18.2576 1.37224 1.92014
18.4139 1.55499 1.71707
18.6938 1.71391 1.43482
19.0105 1.87865 1.14538
19.5309 2.1411 0.729237
20.274 2.45844 0.356578
20.4897 2.5544 0.253606
20.5904 2.59935 0.207502
20.6828 2.64221 0.165947
20.9522 2.76601 0.0579734
21.3135 2.95954 0.0167956
21.9752 3.32774 -0.0348086
22.3308 3.52742 -0.0614612
22.5956 3.69538 -0.0682519
22.8689 3.85663 -0.0103384
23.14 4.00455 0.058916
13.0747 -10.8565 15.6608
12.8211 -10.3801 15.4427
12.7204 -10.0697 15.2644
12.5498 -9.80677 15.0623
12.3389 -9.53545 14.8404
12.1148 -9.39325 14.6379
11.7862 -9.25096 14.3184
11.4139 -9.10595 13.9083
10.9831 -8.98133 13.4282
10.8256 -8.94294 13.2513
10.5866 -8.89158 12.9821
10.3464 -8.84696 12.7112
10.0148 -8.94132 12.4365
9.96566 -8.9652 12.4018
9.75131 -9.07774 12.2569
9.63115 -9.16599 12.1913
9.40563 -9.32393 12.0607
9.07985 -9.71203 11.9649
8.92808 -9.89625 11.9216
8.7439 -10.2094 11.9149
8.50073 -10.7228 11.9464
8.36195 -11.0991 11.9938
8.22332 -11.5885 12.0632
8.17942 -11.9653 12.2252
8.18423 -12.2052 12.285
8.24924 -12.7554 12.4164
8.32266 -13.2513 12.5229
8.56222 -13.899 12.7967
8.834 -14.4657 13.1077
9.04615 -14.6342 13.354
9.20275 -14.7544 13.5338
9.35301 -14.8689 13.706
9.50488 -14.9747 13.8849
9.75123 -15.1234 14.1598
10.0755 -15.0778 14.5104
10.3001 -15.0972 14.6956
6.81624 -22.4106 1.45997
6.77501 -22.2818 0.986533
6.82584 -22.1227 0.701057
6.92485 -21.8582 0.269073
6.96257 -21.7426 0.0876844
7.01797 -21.6094 -0.0928727
7.12584 -21.3707 -0.396018
7.2675 -21.0821 -0.732949
7.34607 -20.9265 -0.909877
7.45272 -20.7198 -1.12825
7.57674 -20.4983 -1.30758
7.66611 -20.3394 -1.41581
7.84718 -20.0531 -1.60417
8.02532 -19.6967 -1.76725
8.16697 -19.3693 -1.89551
8.32576 -18.9685 -2.0425
8.41768 -18.7114 -2.12975
8.49363 -18.3986 -2.20948
8.54344 -18.1214 -2.26687
8.56654 -17.8469 -2.3026
8.57185 -17.7571 -2.31231
8.58718 -17.2332 -2.35468
8.59052 -16.8931 -2.37543
8.57859 -16.5361 -2.37965
8.55832 -16.1818 -2.37319
8.54367 -15.9744 -2.36513
8.51424 -15.6273 -2.34315
8.45796 -15.1761 -2.27826
8.37652 -14.5815 -2.17261
8.32466 -14.1755 -2.06637
8.29616 -13.8051 -1.92209
8.3211 -13.4893 -1.67139
0 1
1 2
2 3
3 4
4 5
5 6
6 7
7 8
8 9
9 10
10 11
11 12
12 13
13 14
14 15
15 16
16 17
17 18
18 19
19 20
20 21
21 22
22 23
23 24
24 25
25 26
26 27
27 28
28 29
29 30
30 31
31 32
32 33
33 34
34 35
35 36
37 38
38 39
39 40
40 41
41 42
42 43
43 44
44 45
45 46
46 47
47 48
48 49
49 50
50 51
51 52
53 54
54 55
55 56
56 57
57 58
58 59
59 60
60 61
61 62
62 63
63 64
64 65
65 66
66 67
67 68
68 69
69 70
70 71
72 73
73 74
74 75
75 76
76 77
77 78
78 79
79 80
80 81
81 82
82 83
83 84
84 85
85 86
86 87
87 88
88 89
89 90
90 91
91 92
92 93
93 94
94 95
95 96
96 97
97 98
98 99
99 100
101 102
102 103
103 104
104 105
105 106
106 107
107 108
108 109
109 110
110 111
111 112
112 113
113 114
114 115
115 116
116 117
117 118
118 119
119 120
120 121
121 122
122 123
123 124
124 125
125 126
126 127
127 128
128 129
129 130
130 131
131 132
132 133
133 134
134 135
135 136
136 137
137 138
138 139
140 141
141 142
142 143
143 144
144 145
145 146
146 147
147 148
148 149
149 150
150 151
151 152
152 153
153 154
154 155
155 156
156 157
158 159
159 160
160 161
161 162
162 163
163 164
164 165
165 166
166 167
167 168
169 170
170 171
171 172
172 173
173 174
174 175
175 176
176 177
177 178
178 179
179 180
180 181
181 182
182 183
183 184
184 185
185 186
186 187
187 188
188 189
189 190
190 191
191 192
192 193
193 194
195 196
196 197
197 198
198 199
199 200
200 201
201 202
202 203
203 204
204 205
205 206
206 207
207 208
208 209
210 211
211 212
212 213
213 214
214 215
215 216
216 217
217 218
219 220
220 221
221 222
222 223
223 224
224 225
225 226
226 227
227 228
228 229
229 230
230 231
231 232
232 233
233 234
234 235
236 237
237 238
238 239
239 240
240 241
241 242
242 243
243 244
245 246
246 247
247 248
248 249
249 250
250 251
251 252
252 253
253 254
254 255
255 256
256 257
257 258
258 259
259 260
260 261
261 262
262 263
263 264
265 266
266 267
267 268
268 269
269 270
270 271
272 273
273 274
274 275
275 276
276 277
277 278
278 279
279 280
280 281
281 282
282 283
283 284
284 285
285 286
286 287
287 288
288 289
289 290
290 291
292 293
293 294
294 295
295 296
296 297
297 298
298 299
299 300
300 301
301 302
302 303
303 304
304 305
305 306
306 307
307 308
308 309
309 310
310 311
311 312
312 313
313 314
314 315
315 316
316 317
317 318
318 319
319 320
320 321
321 322
322 323
323 324
324 325
325 326
326 327
327 328
328 329
329 330
330 331
331 332
332 333
333 334
334 335
335 336
336 337
337 338
338 339
339 340
340 341
342 343
343 344
344 345
345 346
346 347
347 348
348 349
349 350
350 351
351 352
352 353
353 354
354 355
355 356
356 357
357 358
358 359
359 360
360 361
361 362
362 363
363 364
364 365
365 366
366 367
367 368
368 369
369 370
370 371
371 372
372 373
373 374
374 375
375 376
376 377
377 378
378 379
379 380
380 381
381 382
382 383
383 384
384 385
385 386
386 387
388 389
389 390
390 391
391 392
392 393
393 394
394 395
395 396
396 397
397 398
398 399
399 400
400 401
401 402
402 403
403 404
404 405
405 406
406 407
407 408
408 409
409 410
410 411
411 412
412 413
413 414
414 415
415 416
416 417
417 418
419 420
420 421
421 422
422 423
423 424
424 425
425 426
426 427
427 428
428 429
429 430
430 431
431 432
432 433
433 434
434 435
435 436
436 437
437 438
438 439
439 440
440 441
441 442
442 443
443 444
444 445
445 446
446 447
447 448
448 449
449 450
450 451
451 452
452 453
454 455
455 456
456 457
457 458
458 459
459 460
460 461
461 462
462 463
463 464
464 465
465 466
466 467
467 468
468 469
469 470
470 471
471 472
472 473
473 474
474 475
475 476
476 477
477 478
478 479
479 480
480 481
481 482
482 483
483 484
484 485
485 486
486 487
488 489
489 490
491 492
492 493
493 494
494 495
495 496
496 497
497 498
498 499
499 500
500 501
501 502
502 503
503 504
504 505
505 506
506 507
507 508
508 509
509 510
510 511
511 512
512 513
513 514
515 516
516 517
517 518
518 519
519 520
520 521
521 522
522 523
523 524
524 525
525 526
526 527
527 528
528 529
529 530
530 531
531 532
532 533
533 534
534 535
535 536
536 537
537 538
538 539
539 540
540 541
541 542
542 543
543 544
544 545
545 546
546 547
547 548
548 549
549 550
550 551
551 552
552 553
553 554
554 555
555 556
556 557
557 558
558 559
559 560
560 561
561 562
562 563
563 564
565 566
566 567
567 568
568 569
569 570
570 571
571 572
572 573
573 574
574 575
575 576
576 577
577 578
578 579
579 580
580 581
581 582
582 583
584 585
585 586
586 587
587 588
588 589
589 590
590 591
591 592
592 593
593 594
594 595
595 596
596 597
597 598
598 599
599 600
600 601
601 602
602 603
603 604
604 605
605 606
606 607
607 608
608 609
610 611
611 612
612 613
613 614
614 615
615 616
616 617
617 618
618 619
619 620
620 621
621 622
622 623
623 624
624 625
625 626
626 627
627 628
628 629
630 631
631 632
632 633
633 634
634 635
635 636
636 637
637 638
638 639
639 640
640 641
641 642
642 643
643 644
644 645
645 646
646 647
647 648
648 649
649 650
650 651
651 652
652 653
653 654
654 655
655 656
657 658
658 659
659 660
660 661
661 662
662 663
663 664
664 665
665 666
666 667
667 668
668 669
669 670
670 671
671 672
672 673
673 674
674 675
675 676
676 677
677 678
678 679
680 681
681 682
683 684
684 685
685 686
686 687
687 688
688 689
689 690
690 691
691 692
693 694
694 695
695 696
696 697
697 698
698 699
699 700
700 701
701 702
702 703
703 704
705 706
706 707
707 708
708 709
709 710
710 711
711 712
712 713
713 714
714 715
715 716
716 717
717 718
718 719
719 720
720 721
721 722
722 723
723 724
724 725
725 726
726 727
727 728
728 729
729 730
730 731
731 732
732 733
733 734
734 735
735 736
736 737
737 738
738 739
740 741
741 742
742 743
743 744
744 745
745 746
746 747
747 748
748 749
749 750
750 751
751 752
752 753
753 754
754 755
755 756
756 757
758 759
759 760
760 761
761 762
762 763
763 764
764 765
765 766
766 767
767 768
768 769
769 770
770 771
771 772
772 773
773 774
774 775
775 776
776 777
777 778
778 779
779 780
780 781
781 782
782 783
784 785
785 786
786 787
787 788
788 789
789 790
790 791
791 792
792 793
793 794
794 795
795 796
796 797
797 798
798 799
799 800
800 801
801 802
802 803
803 804
804 805
805 806
806 807
807 808
808 809
809 810
810 811
811 812
813 814
814 815
815 816
816 817
817 818
818 819
819 820
820 821
821 822
822 823
823 824
824 825
825 826
826 827
827 828
828 829
829 830
830 831
831 832
832 833
833 834
834 835
835 836
836 837
837 838
838 839
839 840
840 841
841 842
843 844
844 845
845 846
846 847
847 848
848 849
849 850
850 851
852 853
853 854
854 855
855 856
856 857
857 858
858 859
859 860
860 861
861 862
862 863
863 864
864 865
865 866
866 867
867 868
868 869
869 870
870 871
871 872
872 873
873 874
874 875
875 876
876 877
877 878
878 879
879 880
880 881
881 882
882 883
883 884
884 885
885 886
886 887
887 888
888 889
889 890
890 891
891 892
893 894
894 895
895 896
896 897
897 898
898 899
899 900
900 901
901 902
902 903
903 904
904 905
905 906
906 907
907 908
908 909
909 910
910 911
911 912
912 913
913 914
914 915
916 917
917 918
918 919
919 920
920 921
921 922
922 923
923 924
924 925
925 926
926 927
927 928
928 929
929 930
930 931
931 932
932 933
933 934
934 935
935 936
936 937
937 938
938 939
939 940
940 941
941 942
942 943
943 944
944 945
945 946
946 947
947 948
948 949
949 950
950 951
952 953
953 954
954 955
955 956
956 957
957 958
958 959
959 960
960 961
961 962
962 963
963 964
964 965
965 966
966 967
967 968
968 969
969 970
970 971
971 972
972 973
973 974
974 975
975 976
976 977
978 979
979 980
980 981
981 982
982 983
983 984
984 985
985 986
986 987
987 988
988 989
989 990
990 991
991 992
992 993
993 994
994 995
995 996
996 997
997 998
998 999
999 1000
1000 1001
1001 1002
1002 1003
1003 1004
1004 1005
1005 1006
1006 1007
1007 1008
1008 1009
1009 1010
1010 1011
1011 1012
1012 1013
1013 1014
1015 1016
1016 1017
1017 1018
1018 1019
1019 1020
1020 1021
1021 1022
1022 1023
1023 1024
1024 1025
1025 1026
1026 1027
1027 1028
1028 1029
1029 1030
1030 1031
1031 1032
1032 1033
1033 1034
1034 1035
1035 1036
1036 1037
1037 1038
1039 1040
1040 1041
1041 1042
1042 1043
1043 1044
1044 1045
1045 1046
1046 1047
1047 1048
1048 1049
1049 1050
1050 1051
1051 1052
1052 1053
1053 1054
1054 1055
1055 1056
1056 1057
1057 1058
1059 1060
1061 1062
1062 1063
1063 1064
1064 1065
1065 1066
1066 1067
1067 1068
1068 1069
1069 1070
1071 1072
1072 1073
1073 1074
1074 1075
1075 1076
1076 1077
1077 1078
1078 1079
1079 1080
1080 1081
1081 1082
1082 1083
1083 1084
1084 1085
1085 1086
1086 1087
1087 1088
1088 1089
1089 1090
1090 1091
1091 1092
1092 1093
1093 1094
1094 1095
1095 1096
1096 1097
1097 1098
1098 1099
1099 1100
1100 1101
1101 1102
1103 1104
1104 1105
1105 1106
1106 1107
1107 1108
1108 1109
1109 1110
1110 1111
1111 1112
1112 1113
1113 1114
1114 1115
1115 1116
1116 1117
1118 1119
1119 1120
1120 1121
1121 1122
1122 1123
1123 1124
1124 1125
1125 1126
1126 1127
1127 1128
1128 1129
1129 1130
1130 1131
1131 1132
1132 1133
1133 1134
1134 1135
1135 1136
1136 1137
1137 1138
1138 1139
1139 1140
1140 1141
1141 1142
1142 1143
1143 1144
1144 1145
1145 1146
1146 1147
1147 1148
1148 1149
1149 1150
1150 1151
1151 1152
1152 1153
1153 1154
1154 1155
1155 1156
1156 1157
1158 1159
1159 1160
1160 1161
1161 1162
1162 1163
1163 1164
1164 1165
1165 1166
1166 1167
1167 1168
1168 1169
1169 1170
1170 1171
1171 1172
1172 1173
1173 1174
1174 1175
1175 1176
1176 1177
1177 1178
1178 1179
1179 1180
1180 1181
1181 1182
1182 1183
1183 1184
1184 1185
1185 1186
1186 1187
1187 1188
1188 1189
1189 1190
1191 1192
1192 1193
1193 1194
1194 1195
1195 1196
1196 1197
1197 1198
1198 1199
1199 1200
1200 1201
1201 1202
1202 1203
1203 1204
1204 1205
1205 1206
1206 1207
1208 1209
1209 1210
1210 1211
1211 1212
1212 1213
1213 1214
1214 1215
1215 1216
1216 1217
1217 1218
1218 1219
1219 1220
1220 1221
1221 1222
1222 1223
1223 1224
1224 1225
1225 1226
1226 1227
1227 1228
1228 1229
1229 1230
1230 1231
1231 1232
1233 1234
1234 1235
1235 1236
1236 1237
1237 1238
1238 1239
1239 1240
1240 1241
1241 1242
1242 1243
1243 1244
1244 1245
1245 1246
1246 1247
1247 1248
1248 1249
1250 1251
1251 1252
1252 1253
1253 1254
1254 1255
1256 1257
1257 1258
1258 1259
1259 1260
1260 1261
1261 1262
1262 1263
1263 1264
1264 1265
1265 1266
1266 1267
1267 1268
1268 1269
1269 1270
1270 1271
1271 1272
1273 1274
1274 1275
1275 1276
1276 1277
1277 1278
1278 1279
1279 1280
1280 1281
1281 1282
1282 1283
1283 1284
1284 1285
1285 1286
1286 1287
1287 1288
1288 1289
1290 1291
1291 1292
1292 1293
1293 1294
1294 1295
1295 1296
1296 1297
1297 1298
1298 1299
1299 1300
1300 1301
1301 1302
1302 1303
1303 1304
1304 1305
1305 1306
1306 1307
1307 1308
1308 1309
1309 1310
1310 1311
1311 1312
1312 1313
1313 1314
1314 1315
1315 1316
1316 1317
1317 1318
1318 1319
1319 1320
1320 1321
1321 1322
1322 1323
1324 1325
1325 1326
1326 1327
1327 1328
1328 1329
1329 1330
1330 1331
1331 1332
1332 1333
1333 1334
1334 1335
1335 1336
1336 1337
1337 1338
1338 1339
1339 1340
1340 1341
1341 1342
1342 1343
1343 1344
1344 1345
1345 1346
1346 1347
1347 1348
1348 1349
1349 1350
1350 1351
1351 1352
1352 1353
1353 1354
1354 1355
1355 1356
1356 1357
1357 1358
1358 1359
1359 1360
1360 1361
1361 1362
1362 1363
1363 1364
1364 1365
1365 1366
1366 1367
1367 1368
1368 1369
1369 1370
1370 1371
1371 1372
1372 1373
1373 1374
1374 1375
1375 1376
1377 1378
1378 1379
1379 1380
1380 1381
1381 1382
1382 1383
1383 1384
1384 1385
1385 1386
1386 1387
1387 1388
1388 1389
1389 1390
1390 1391
1391 1392
1392 1393
1393 1394
1394 1395
1395 1396
1396 1397
1397 1398
1398 1399
1399 1400
1400 1401
1401 1402
1402 1403
1403 1404
1404 1405
1405 1406
1406 1407
1407 1408
1408 1409
1409 1410
1410 1411
1411 1412
1413 1414
1414 1415
1415 1416
1416 1417
1417 1418
1418 1419
1419 1420
1420 1421
1421 1422
1422 1423
1423 1424
1424 1425
1425 1426
1426 1427
1427 1428
1428 1429
1429 1430
1431 1432
1432 1433
1433 1434
1435 1436
1436 1437
1437 1438
1438 1439
1439 1440
1440 1441
1441 1442
1442 1443
1443 1444
1444 1445
1446 1447
1447 1448
1448 1449
1449 1450
1450 1451
1451 1452
1452 1453
1453 1454
1454 1455
1455 1456
1456 1457
1457 1458
1458 1459
1459 1460
1460 1461
1461 1462
1462 1463
1463 1464
1464 1465
1465 1466
1466 1467
1467 1468
1468 1469
1469 1470
1470 1471
1471 1472
1472 1473
1473 1474
1474 1475
1475 1476
1476 1477
1477 1478
1478 1479
1479 1480
1480 1481
1481 1482
1482 1483
1483 1484
1484 1485
1485 1486
1486 1487
1487 1488
1488 1489
1489 1490
1490 1491
1492 1493
1493 1494
1494 1495
1495 1496
1496 1497
1497 1498
1498 1499
1499 1500
1500 1501
1501 1502
1502 1503
1503 1504
1504 1505
1505 1506
1506 1507
1507 1508
1508 1509
1509 1510
1510 1511
1511 1512
1512 1513
1513 1514
1514 1515
1515 1516
1516 1517
1517 1518
1518 1519
1519 1520
1520 1521
1521 1522
1522 1523
1523 1524
1525 1526
1526 1527
1527 1528
1528 1529
1529 1530
1530 1531
1531 1532
1532 1533
1533 1534
1534 1535
1535 1536
1536 1537
1537 1538
1538 1539
1539 1540
1540 1541
1541 1542
1542 1543
1543 1544
1544 1545
1545 1546
1546 1547
1547 1548
1548 1549
1549 1550
1550 1551
1551 1552
1552 1553
1553 1554
1554 1555
1555 1556
1556 1557
1557 1558
1558 1559
1559 1560
1560 1561
1562 1563
1563 1564
1564 1565
1565 1566
1566 1567
1567 1568
1568 1569
1569 1570
1570 1571
1571 1572
1572 1573
1573 1574
1574 1575
1575 1576
1576 1577
1577 1578
1578 1579
1579 1580
1580 1581
1581 1582
1582 1583
1583 1584
1584 1585
1585 1586
1586 1587
1587 1588
1588 1589
1589 1590
1590 1591
1591 1592
1593 1594
1594 1595
1595 1596
1596 1597
1597 1598
1598 1599
1599 1600
1600 1601
1601 1602
1602 1603
1603 1604
1604 1605
1605 1606
1606 1607
1607 1608
1608 1609
1609 1610
1610 1611
1611 1612
1612 1613
1613 1614
1614 1615
1615 1616
1616 1617
1617 1618
1618 1619
1619 1620
1620 1621
1621 1622
1622 1623
1623 1624
1624 1625
1625 1626
1626 1627
1627 1628
1628 1629
1629 1630
1630 1631
1632 1633
1633 1634
1634 1635
1635 1636
1636 1637
1637 1638
1638 1639
1639 1640
1640 1641
1641 1642
1642 1643
1643 1644
1644 1645
1645 1646
1646 1647
1647 1648
1648 1649
1649 1650
1650 1651
1651 1652
1652 1653
1653 1654
1654 1655
1655 1656
1656 1657
1657 1658
1658 1659
1659 1660
1660 1661
1661 1662
1663 1664
1664 1665
1665 1666
1666 1667
1667 1668
1668 1669
1669 1670
1670 1671
1671 1672
1673 1674
1674 1675
1675 1676
1676 1677
1677 1678
1678 1679
1679 1680
1680 1681
1681 1682
1682 1683
1683 1684
1684 1685
1685 1686
1686 1687
1687 1688
1688 1689
1689 1690
1690 1691
1691 1692
1692 1693
1693 1694
1694 1695
1695 1696
1696 1697
1697 1698
1698 1699
1699 1700
1700 1701
1701 1702
1702 1703
1703 1704
1704 1705
1705 1706
1706 1707
1707 1708
1708 1709
1710 1711
1712 1713
1713 1714
1715 1716
1717 1718
1718 1719
1719 1720
1720 1721
1721 1722
1722 1723
1723 1724
1724 1725
1725 1726
1726 1727
1727 1728
1728 1729
1729 1730
1730 1731
1731 1732
1732 1733
1733 1734
1734 1735
1735 1736
1736 1737
1737 1738
1738 1739
1739 1740
1740 1741
1741 1742
1742 1743
1743 1744
1744 1745
1745 1746
1746 1747
1748 1749
1749 1750
1750 1751
1751 1752
1753 1754
1754 1755
1755 1756
1756 1757
1758 1759
1759 1760
1761 1762
1762 1763
1763 1764
1764 1765
1765 1766
1766 1767
1767 1768
1768 1769
1769 1770
1770 1771
1771 1772
1772 1773
1773 1774
1774 1775
1775 1776
1776 1777
1777 1778
1779 1780
1780 1781
1781 1782
1782 1783
1783 1784
1784 1785
1785 1786
1787 1788
1788 1789
1789 1790
1790 1791
1792 1793
1793 1794
1795 1796
1796 1797
1797 1798
1798 1799
1799 1800
1800 1801
1801 1802
1802 1803
1803 1804
1804 1805
1805 1806
1806 1807
1807 1808
1808 1809
1809 1810
1810 1811
1811 1812
1812 1813
1813 1814
1814 1815
1815 1816
1817 1818
1818 1819
1819 1820
1820 1821
1821 1822
1822 1823
1823 1824
1824 1825
1825 1826
1826 1827
1827 1828
1828 1829
1829 1830
1830 1831
1831 1832
1832 1833
1833 1834
1834 1835
1835 1836
1836 1837
1837 1838
1838 1839
1839 1840
1840 1841
1841 1842
1842 1843
1843 1844
1844 1845
1845 1846
1846 1847
1847 1848
1848 1849
1849 1850
1850 1851
1851 1852
1852 1853
1853 1854
1854 1855
1856 1857
1857 1858
1858 1859
1859 1860
1860 1861
1861 1862
1862 1863
1863 1864
1864 1865
1865 1866
1866 1867
1867 1868
1868 1869
1869 1870
1870 1871
1871 1872
1872 1873
1873 1874
1874 1875
1875 1876
1876 1877
1877 1878
1878 1879
1879 1880
1880 1881
1881 1882
1882 1883
1883 1884
1884 1885
1885 1886
1886 1887
1887 1888
1888 1889
1889 1890
1890 1891
1891 1892
1892 1893
1893 1894
1894 1895
1895 1896
1896 1897
1897 1898
1898 1899
1899 1900
1900 1901
1901 1902
1902 1903
1903 1904
1904 1905
1905 1906
1906 1907
1907 1908
1908 1909
1909 1910
1910 1911
1911 1912
1912 1913
1913 1914
1914 1915
1915 1916
1916 1917
1917 1918
1918 1919
1919 1920
1921 1922
1922 1923
1923 1924
1924 1925
1925 1926
1926 1927
1927 1928
1928 1929
1929 1930
1930 1931
1931 1932
1932 1933
1933 1934
1934 1935
1935 1936
1936 1937
1937 1938
1938 1939
1939 1940
1940 1941
1941 1942
1942 1943
1943 1944
1944 1945
1945 1946
1946 1947
1947 1948
1948 1949
1949 1950
1950 1951
1951 1952
1952 1953
1953 1954
1954 1955
1955 1956
1956 1957
1957 1958
1958 1959
1959 1960
1961 1962
1962 1963
1963 1964
1964 1965
1965 1966
1966 1967
1967 1968
1969 1970
1970 1971
1971 1972
1972 1973
1973 1974
1974 1975
1975 1976
1976 1977
1977 1978
1978 1979
1979 1980
1980 1981
1981 1982
1982 1983
1983 1984
1984 1985
1985 1986
1986 1987
1987 1988
1988 1989
1989 1990
1990 1991
1991 1992
1992 1993
1993 1994
1994 1995
1995 1996
1996 1997
1997 1998
1998 1999
1999 2000
2000 2001
2001 2002
2002 2003
2003 2004
2004 2005
2005 2006
2006 2007
2007 2008
2008 2009
2009 2010
2010 2011
2011 2012
2012 2013
2014 2015
2015 2016
2016 2017
2017 2018
2018 2019
2019 2020
2020 2021
2021 2022
2022 2023
2023 2024
2024 2025
2025 2026
2026 2027
2027 2028
2028 2029
2029 2030
2030 2031
2031 2032
2032 2033
2033 2034
2034 2035
2035 2036
2036 2037
2037 2038
2038 2039
2039 2040
2040 2041
2041 2042
2042 2043
2043 2044
2044 2045
2046 2047
2047 2048
2048 2049
2049 2050
2050 2051
2051 2052
2052 2053
2053 2054
2054 2055
2055 2056
2056 2057
2057 2058
2058 2059
2059 2060
2060 2061
2061 2062
2062 2063
2063 2064
2064 2065
2065 2066
2066 2067
2067 2068
2068 2069
2069 2070
2070 2071
2071 2072
2072 2073
2073 2074
2074 2075
2075 2076
2076 2077
2077 2078
2078 2079
2079 2080
2080 2081
2082 2083
2083 2084
2084 2085
2085 2086
2086 2087
2087 2088
2088 2089
2089 2090
2090 2091
2091 2092
2092 2093
2093 2094
2094 2095
2095 2096
2096 2097
2097 2098
2098 2099
2099 2100
2101 2102
2102 2103
2103 2104
2104 2105
2105 2106
2106 2107
2107 2108
2108 2109
2109 2110
2111 2112
2112 2113
2113 2114
2114 2115
2115 2116
2116 2117
2117 2118
2118 2119
2119 2120
2120 2121
2121 2122
2122 2123
2123 2124
2124 2125
2125 2126
2126 2127
2127 2128
2128 2129
2129 2130
2130 2131
2131 2132
2132 2133
2133 2134
2134 2135
2135 2136
2136 2137
2137 2138
2138 2139
2139 2140
2140 2141
2141 2142
2142 2143
2143 2144
2144 2145
2145 2146
2146 2147
2147 2148
2148 2149
2149 2150
2150 2151
2152 2153
2153 2154
2154 2155
2155 2156
2156 2157
2157 2158
2158 2159
2159 2160
2160 2161
2161 2162
2162 2163
2163 2164
2164 2165
2165 2166
2166 2167
2167 2168
2168 2169
2169 2170
2170 2171
2172 2173
2173 2174
2174 2175
2175 2176
2176 2177
2177 2178
2178 2179
2179 2180
2180 2181
2181 2182
2182 2183
2183 2184
2184 2185
2186 2187
2187 2188
2188 2189
2189 2190
2190 2191
2192 2193
2193 2194
2194 2195
2195 2196
2196 2197
2197 2198
2198 2199
2199 2200
2200 2201
2201 2202
2202 2203
2203 2204
2204 2205
2205 2206
2206 2207
2207 2208
2208 2209
2209 2210
2210 2211
2211 2212
2212 2213
2213 2214
2214 2215
2215 2216
2216 2217
2217 2218
2218 2219
2219 2220
2220 2221
2221 2222
2222 2223
2223 2224
2224 2225
2225 2226
2226 2227
2227 2228
2228 2229
2229 2230
2230 2231
2231 2232
2232 2233
2233 2234
2234 2235
2235 2236
2236 2237
2237 2238
2238 2239
2239 2240
2240 2241
2241 2242
2242 2243
2243 2244
2244 2245
2245 2246
2246 2247
2247 2248
2248 2249
2249 2250
2250 2251
2251 2252
2252 2253
2253 2254
2254 2255
2255 2256
2256 2257
2257 2258
2258 2259
2259 2260
2260 2261
2261 2262
2262 2263
2263 2264
2264 2265
2265 2266
2266 2267
2267 2268
2268 2269
2269 2270
2270 2271
2271 2272
2272 2273
2273 2274
2274 2275
2275 2276
2276 2277
2277 2278
2278 2279
2279 2280
2281 2282
2283 2284
2284 2285
2285 2286
2286 2287
2287 2288
2288 2289
2289 2290
2290 2291
2291 2292
2292 2293
2293 2294
2294 2295
2295 2296
2296 2297
2297 2298
2299 2300
2300 2301
2301 2302
2302 2303
2303 2304
2304 2305
2305 2306
2306 2307
2307 2308
2308 2309
2309 2310
2310 2311
2311 2312
2312 2313
2313 2314
2314 2315
2315 2316
2316 2317
2317 2318
2318 2319
2319 2320
2320 2321
2322 2323
2323 2324
2324 2325
2325 2326
2326 2327
2327 2328
2328 2329
2329 2330
2330 2331
2331 2332
2332 2333
2333 2334
2334 2335
2335 2336
2336 2337
2337 2338
2339 2340
2340 2341
2341 2342
2342 2343
2343 2344
2344 2345
2345 2346
2346 2347
2347 2348
2349 2350
2350 2351
2351 2352
2352 2353
2353 2354
2354 2355
2355 2356
2356 2357
2357 2358
2358 2359
2359 2360
2360 2361
2361 2362
2362 2363
2363 2364
2365 2366
2366 2367
2367 2368
2368 2369
2370 2371
2372 2373
2373 2374
2374 2375
2375 2376
2376 2377
2377 2378
2378 2379
2379 2380
2380 2381
2381 2382
2382 2383
2383 2384
2384 2385
2385 2386
2386 2387
2387 2388
2388 2389
2389 2390
2390 2391
2391 2392
2392 2393
2393 2394
2394 2395
2395 2396
2396 2397
2397 2398
2399 2400
2400 2401
2401 2402
2402 2403
2403 2404
2404 2405
2405 2406
2406 2407
2407 2408
2408 2409
2409 2410
2410 2411
2411 2412
2412 2413
2413 2414
2414 2415
2415 2416
2416 2417
2417 2418
2418 2419
2419 2420
2420 2421
2421 2422
2422 2423
2423 2424
2424 2425
2425 2426
2426 2427
2427 2428
2428 2429
2429 2430
2431 2432
2432 2433
2433 2434
2434 2435
2435 2436
2437 2438
2438 2439
2440 2441
2441 2442
2442 2443
2443 2444
2444 2445
2445 2446
2446 2447
2447 2448
2448 2449
2449 2450
2450 2451
2451 2452
2452 2453
2453 2454
2454 2455
2455 2456
2456 2457
2457 2458
2458 2459
2459 2460
2460 2461
2461 2462
2462 2463
2464 2465
2465 2466
2466 2467
2467 2468
2468 2469
2469 2470
2470 2471
2471 2472
2472 2473
2473 2474
2474 2475
2475 2476
2476 2477
2477 2478
2478 2479
2479 2480
2480 2481
2481 2482
2482 2483
2483 2484
2484 2485
2485 2486
2486 2487
2487 2488
2488 2489
2489 2490
2490 2491
2491 2492
2492 2493
2493 2494
2494 2495
2495 2496
2496 2497
2497 2498
2498 2499
2499 2500
2500 2501
2501 2502
2502 2503
2503 2504
2504 2505
2505 2506
2506 2507
2507 2508
2508 2509
2509 2510
2510 2511
2511 2512
2512 2513
2513 2514
2514 2515
2516 2517
2517 2518
2518 2519
2519 2520
2520 2521
2521 2522
2522 2523
2523 2524
2524 2525
2525 2526
2526 2527
2527 2528
2528 2529
2529 2530
2530 2531
2531 2532
2532 2533
2533 2534
2534 2535
2535 2536
2536 2537
2537 2538
2538 2539
2539 2540
2540 2541
2541 2542
2542 2543
2543 2544
2544 2545
2545 2546
2546 2547
2547 2548
2548 2549
2549 2550
2550 2551
2552 2553
2553 2554
2554 2555
2555 2556
2556 2557
2557 2558
2558 2559
2559 2560
2560 2561
2561 2562
2562 2563
2563 2564
2564 2565
2565 2566
2566 2567
2567 2568
2568 2569
2569 2570
2570 2571
2571 2572
2572 2573
2573 2574
2574 2575
2575 2576
2576 2577
2577 2578
2578 2579
2579 2580
2580 2581
2581 2582
2582 2583

