2915 0 0
-17.0382417718	7.72986049582
-16.8429318078	7.8532632452
-16.6813048515	8.0015092426
-16.4623193835	8.04446182692
-16.3018376686	8.07188299132
-16.2168644484	8.09332124139
-16.1480661637	8.10368961809
-16.050262439	8.11657181645
-15.9034802187	8.13926832829
-15.7835018959	8.12956693453
-15.6048246672	8.118568463
-15.4874290457	8.07266321805
-15.3549172368	8.03911082958
-15.3141054821	8.01599451697
-15.2555074148	7.96906972413
-15.0583517313	7.89496607263
-12.9846398272	6.64057862167
-12.8516481206	6.5060563574
-12.7830188769	6.42429462655
-12.6841556524	6.29945370481
-12.5814847528	6.0836491159
-12.5680296275	5.81621379406
-12.5285178834	5.66078992262
-12.4867314136	5.48744869816
-12.4551883003	5.39067029842
-12.4025205081	5.256080252
-12.3891823936	5.01216290332
-12.4066359142	4.83668953117
-17.5826663448	7.9959504135
-17.7178184283	7.81294756287
-17.868473392	7.602101236
-17.9605607956	7.44845154152
-18.0068772139	7.34607703044
-18.0639797294	7.22126749473
-18.1421547044	6.99776009131
-18.2229633625	6.78126222585
-18.2519819542	6.64289338079
-18.2835612817	6.49121663725
-18.3098177597	6.3825224812
-18.3422533808	6.23566568492
-18.3671822074	6.07648751763
-18.4121644749	5.8175425562
-18.4458374482	5.58918788448
-18.4554869071	5.44651486681
-18.4591605239	5.33799809282
-18.4612906959	5.21358607993
-18.4639557966	5.08412280655
-18.4637191402	5.04740314723
-18.4234681894	4.89859042523
-18.430062425	4.64308648553
-18.444698422	4.34388112451
-18.4399551415	4.19515754253
-18.4415541439	3.9837217263
-18.436004064	3.74667079136
-18.4356640179	3.5616187787
-18.4309103705	3.32670969896
-18.4220173961	3.07512196148
-18.3688430306	2.47023273285
-17.8416532154	-0.391155738695
-17.7440038009	-0.862446673546
-17.7251925463	-0.943680573341
-17.6722021802	-1.1824305314
-17.6264105941	-1.36246465332
-17.5433735962	-1.6481177049
-17.4862773886	-1.8406029673
-17.3924699954	-2.12978347122
-17.3182512487	-2.40816436228
-17.2392855845	-2.69504535333
-17.2009279502	-2.83311226943
-17.1295541922	-3.11351877889
-17.0723683818	-3.38718302147
-17.0110322626	-3.64230114237
-16.8930659367	-4.08426383874
-16.8500191907	-4.26250844673
-16.8011425317	-4.43384863303
-16.7444582868	-4.71311302058
-16.7096640773	-4.82321961325
-16.6791555655	-4.93344187406
-16.545206519	-5.39042011308
-16.435185115	-5.6401178143
-16.3063881701	-5.95008039831
-16.1227715057	-6.37880528384
-16.0592922106	-6.52167777279
-15.9748065696	-6.70230136447
-15.8929898335	-6.88236332381
-15.7270575533	-7.27523161293
-15.5922626858	-7.42884062643
-15.4259532145	-7.56301008837
-0.741644913734	19.905882934
-0.590418796572	19.6230504476
-0.506786810529	19.4977870742
-0.38326789197	19.430367107
-0.275766483534	19.3338481181
-0.175820593935	19.2058207819
-0.0990896932864	19.1001774064
-0.0603782919137	19.0093473754
0.0517275269286	18.9042146154
0.155461919026	18.7688574661
0.231496159516	18.6036274953
0.259374371271	18.5316043374
0.306750095159	18.3370417272
0.37102295262	18.2460084108
0.423860303232	18.0779392654
-12.4066046537	4.83671680146
-12.1435163003	5.02430333539
-12.0342759443	4.94342401253
-11.997766658	4.93580927761
-11.7175700149	4.91711522496
-11.5812025736	4.89958825356
-11.4757377769	4.89957623818
-11.2776874763	4.93328377283
-10.9775045919	4.92692018434
-10.7241464964	4.9103986568
-10.4931521134	4.86278944098
-10.3955855974	4.84917772832
-10.2216943813	4.78957785503
-10.125355363	4.77311989137
-10.0365553593	4.7570228447
-9.95888682329	4.73992626448
-9.80283798883	4.74736324721
-9.58457848865	4.72624693328
-9.37333598069	4.67197005769
-9.27296386839	4.67317655493
-1.79842579507	17.02199493
-1.98883671542	17.0341627704
-2.17220198068	17.0185449345
-2.3220425805	16.8540486395
-2.46789833616	16.8319655326
-2.53582544097	16.8666542018
-2.72679620171	16.8892959756
-2.80154058563	16.9397152037
-2.8798863011	16.9801990632
-2.97637021468	17.0461791831
-3.05559465326	17.1061899399
-3.18005212213	17.1962797575
-3.24931174626	17.2597682584
-3.36115473225	17.378426109
-3.31745874486	17.5379762528
-3.36951615079	17.5841377433
-3.44901164163	17.6505128609
-3.48901193968	17.6843851748
-3.56004122976	17.7456797548
-3.61652226137	17.7963138363
-3.61462220131	17.8077175237
-16.1005193643	2.03039965067
-16.1390364781	1.86663441259
-16.1647876953	1.68792592864
-16.1939082808	1.42742721201
-16.2045154626	1.22763492636
-16.1973384976	0.855070290373
-16.1849778523	0.732184553556
-16.1717512124	0.566749713961
-16.153078868	0.304553922739
-16.1025767275	-0.173249443035
-16.0666533789	-0.428179704888
-16.0528262728	-0.542291357874
-16.0291382477	-0.697364559665
-15.983181118	-0.963114721997
-15.9338500468	-1.2148583266
-15.8002677915	-1.7698637659
-15.7469420676	-1.94658637114
-15.6763765226	-2.14624441099
-15.5346680478	-2.51003766348
-15.3862383276	-2.84411852479
-15.2652157619	-3.0800283431
-15.0830959898	-3.45461376342
-14.9720540209	-3.65531529352
-14.8864065457	-3.80527748114
-14.7080171906	-4.16444134172
4.72873038479	16.2815328796
4.7184058082	16.4296714558
4.66887489275	16.6579015185
4.55547135285	16.7907445265
4.48198467126	16.8301283823
4.4254574303	16.8919973184
4.34732197361	16.9495854336
4.20451887783	17.0738469435
4.02046408936	17.2827383054
3.92833800976	17.3689379774
3.76849011147	17.5149422996
3.67931403825	17.5746811965
3.4633117369	17.6854340783
3.25071808688	17.8529392661
3.18308793949	17.8881831259
3.07495959872	17.9198113899
2.88762357926	18.0087948758
2.81213405112	18.042560701
2.74460163555	18.0691355826
2.58282222756	18.1301298203
2.36181136075	18.2115484816
2.12914046342	18.3058695044
1.99289028428	18.3647287066
1.87351611284	18.3847015185
1.75304291492	18.4286443257
1.66539352245	18.4286765712
1.52416335043	18.4117982766
1.44211304037	18.3955157099
1.3628723391	18.3791803519
1.26151568056	18.3644355965
1.15213170846	18.3426775544
1.06302826359	18.3226282655
0.879689901815	18.2733636612
0.746253439608	18.2281820354
0.423910430435	18.0778083668
-12.7193223277	9.4077578396
-12.5193999429	9.49131556592
-12.3890946233	9.60268377951
-12.0929292659	9.66553580695
-11.8342864237	9.73444350889
-11.6525481944	9.78058430293
-11.3824760999	9.8254522312
-10.9916817856	9.89428524448
-10.745461295	9.93341378923
-10.4840500551	9.96931319781
-10.2213921546	10.0095826155
-9.98346937441	10.0159698523
-9.31313715572	9.96498307999
-9.11199613477	9.93824758785
-8.89917051896	9.80664031382
-1.29362936096	11.3815015223
-1.41065079724	11.3471631649
-1.43691071308	11.3416696135
-1.8164488876	11.2922004659
-2.15159927652	11.2746929412
-2.56530108255	11.2828046817
-2.80206618995	11.3309076467
-3.12803937689	11.418041745
-3.22237066375	11.4391463126
-3.41016664308	11.5009570987
-3.54577357185	11.6079515886
-3.62878059981	11.6859528381
-3.74709130079	11.8059248344
-3.84452024769	12.0091514213
-3.95946215802	12.1879177079
-9.27296386867	4.67317655203
-9.20663951482	4.5741053022
-9.11727324334	4.33524036548
-9.11035205857	4.20310220861
-9.12351493725	4.03850299892
-9.10841227481	3.80628227444
-9.08404053425	3.69195055209
-9.11860214343	3.55855542515
-9.15040130309	3.43903245251
-9.2450389463	3.14824956528
-9.38446100455	2.82739243589
-9.60310433981	2.44888498947
-9.73859445815	2.21223359765
-9.83493119282	2.05852985361
-9.96553114553	1.90128039426
-10.0908795927	1.75771299191
-10.2266344616	1.66705748941
-10.3214451406	1.59548703728
-10.442534051	1.49386441502
-10.5228767451	1.43358910196
-10.5970113986	1.3807631431
-10.7209485899	1.30831859366
-10.8362269617	1.24862105489
-10.964646395	1.1576407195
-11.0251688217	1.11916886943
-11.1501215928	1.00854824691
-11.3079874612	0.864652692603
-11.4720953119	0.743490291451
-11.6297949832	0.568176533821
-11.7463801186	0.433962267622
-11.7837553861	0.386825708826
-11.8493465945	0.298111285914
-11.9007437457	0.209110841354
-12.0095335859	-0.040049796147
-12.0804467907	-0.360050441812
-12.1330458644	-0.545047244645
-12.1289089236	-0.661515583501
-12.0752370338	-0.741632264602
-12.049262285	-0.836154057469
-15.595361263	5.73172278751
-15.5619041427	5.79962157237
-15.5198704568	5.86955311239
-15.4864314885	5.92637627404
-15.4466129769	5.98262617351
-15.3991270503	6.04653458588
-15.3172733769	6.18324879288
-15.160488543	6.34703227272
-15.1000526526	6.39593980878
-14.9252179979	6.52019614112
-14.6210010358	6.61328347708
-14.5324563771	6.64666826206
-14.3971434199	6.64945414332
-5.53639512875	11.3308017314
-5.36232512531	11.4982255592
-5.12928171403	11.5707301418
-4.91897927414	11.6413681026
-4.71032081257	11.6963699646
-4.43082884305	11.7917051453
-4.22160965933	11.94160491
-3.95952908992	12.1882956964
-14.600506431	5.45315982792
-14.5703176695	5.56098956952
-14.5443892972	5.65730199424
-14.5065353038	5.78155076375
-14.4767985099	5.9075016324
-14.418052854	6.1358572091
-14.3877626363	6.37070943254
-14.3971816819	6.64953279126
-12.0493465765	-0.835531515413
-12.3068624616	-1.11866490579
-12.4371430778	-1.33414569523
-12.513009952	-1.49797946057
-12.7277993093	-1.84844141651
-12.8887651935	-2.10218395917
-13.0413191646	-2.34986823811
-13.1594955198	-2.46443339074
-13.3266104609	-2.66947042152
-13.3813702821	-2.73601089997
-13.5298904702	-2.94244997115
-13.6788251322	-3.10481467398
-13.7212330648	-3.12181646065
-13.8681520831	-3.25561574336
-14.0055783154	-3.37689294791
-14.1442849373	-3.51568411757
-14.2984322094	-3.63474902624
-14.3920265304	-3.74047426098
-14.4917858	-3.83865611405
-14.581136876	-3.92325796471
-14.7080002491	-4.16452151082
-19.0158756543	-3.29034082608
-19.015856378	-3.29032044595
-19.0158657714	-3.29032572267
17.5713829098	10.978178911
17.5961058627	10.9194602195
17.616658649	10.870452229
17.6874689762	10.7310959665
17.7175842853	10.669154343
17.7712897729	10.5751477544
17.8341837256	10.4751964222
17.8775609471	10.4084075768
17.9369429308	10.3195488824
17.9691908761	10.2720811827
18.0113637147	10.2146822834
18.1002148666	10.0906397408
18.1914136117	9.96825360178
18.2849366535	9.77593669713
18.3924622951	9.6380361684
18.5070979176	9.5083130342
18.6074967711	9.38546711611
18.7943531246	9.26486979899
18.8593986939	9.19874795507
19.0164448769	9.02913441982
19.1191514848	8.89947549973
19.2605877822	8.82718784874
19.4789238867	8.63381106743
19.5782356178	8.54377025684
19.7595018005	8.37360773357
19.8777891177	8.25922757518
20.0027758069	8.14262787261
20.0974276612	7.97742634731
20.2655489502	7.74268776734
20.4227486683	7.52075633877
20.4453709319	7.46671125293
20.4938685727	7.35610008035
20.5671007913	7.10891650067
20.5770986413	7.03007994863
20.5886138775	6.69641858087
-4.60240799513	7.02844605649
-4.59005264276	6.99755724222
-4.53059505624	6.83003670846
-4.47452974053	6.61453303107
-4.41301393538	6.42662365102
-4.41134831034	6.31531704681
-4.40336051866	6.22322037883
-4.45656390478	6.08583807452
-4.57302051931	5.85949367353
-19.3020929069	-3.94044264759
-19.3021344166	-3.94043352739
-19.3021302525	-3.94043055858
-4.57310134644	5.8596232718
-4.26943621025	5.79251820846
-4.08661246953	5.64902439217
-3.7993530109	5.34979536325
-3.68985676787	5.21942687266
-3.58749468232	5.0717362637
-3.43895177759	4.90427583095
-3.25863852633	4.73270504964
-3.08973650902	4.40976945257
-2.92484415426	4.08032759623
-2.81088379478	3.73403529788
-2.78024617138	3.52145688172
14.3098074482	11.1235180715
14.4844578803	10.8129943513
14.5671523013	10.7779336257
14.6476471201	10.615803639
14.8036435953	10.473117226
14.9083760521	10.3507648136
14.9712754397	10.2588782265
15.1400314241	10.1879109581
15.2220251676	10.1087512824
15.33539727	9.98284868291
15.4292959408	9.87394637118
15.5480006677	9.73909787196
15.6873122506	9.55734589989
15.777116502	9.46855078378
15.8329808324	9.40403382181
15.9288390936	9.2829447051
16.0710571449	9.12626777474
16.1349753488	9.04822244286
16.2869309478	8.87556680625
16.3774427493	8.7757301252
16.4456295284	8.70465475442
16.4987645983	8.64934342297
16.6844181842	8.45150369215
16.8252290655	8.29828786169
16.9209599629	8.19302679889
16.9989409046	8.10727068014
17.1572289802	7.80954650203
-15.4259142711	-7.5630042659
-15.3196700438	-7.69394378957
-15.3022372833	-7.84303183591
-15.2679304238	-7.99879585108
-15.2298876811	-8.2960291361
-15.1634079751	-8.56438719472
-15.12709856	-8.7123536579
-15.0803671591	-8.92582898735
-15.008885926	-9.25560049917
-14.955406314	-9.49271325006
-14.8911333864	-9.74963644299
-14.8495272266	-9.89459950034
-14.7666203378	-10.17459819
-14.6934781104	-10.4033945336
-14.6309018587	-10.5866392545
-14.5831219961	-10.7198792872
-14.4802408996	-10.9557490039
-14.3684469337	-11.2407398191
-14.3081507159	-11.3632404547
-14.2485059801	-11.5028105265
-14.1710200506	-11.671860017
-14.1633783255	-11.7963243061
-14.1231533652	-11.8934352922
-14.065355244	-12.0188866452
-13.9901581242	-12.1223945824
-13.8662816179	-12.3005719685
-13.8246535136	-12.3853513902
-13.8251402004	-12.4539428843
-13.7681192123	-12.5365248339
-13.6368484134	-12.7053553347
-13.5490915706	-12.9125197305
7.90995662103	2.90838320087
7.90782755548	2.90702245748
7.90708064474	2.90644129026
1.62694221947	5.37584865203
1.47904850872	5.01332375063
1.359859477	4.63800656211
1.31863120286	4.46740652638
1.26085875828	4.34209141659
1.23124684535	4.1488963215
1.2064947033	3.97854560551
1.18353436154	3.79743940342
1.15912034295	3.55647426581
1.13494123423	3.2776612138
1.13426166392	3.14868794895
1.12377029794	2.98846794757
1.12000564579	2.88328840266
1.11725565453	2.68943992659
1.12235435406	2.51510301448
1.13678284688	2.32332026653
1.14425040782	2.23021911228
1.15058240362	2.10803120857
1.17513030352	1.91739235349
1.20714904075	1.70257181624
-15.0929155962	-16.2321984418
-15.2679143012	-16.0780260023
-15.351233375	-15.8785498631
-15.4001798995	-15.7479548234
-15.4390156333	-15.5946485522
-15.4972219012	-15.443836661
-15.5463789483	-15.2772700777
-15.5988773641	-15.0590753982
-15.6824554339	-14.7325945274
-15.7276876528	-14.5659284076
-15.7746346357	-14.4359215349
-15.8401266159	-14.229652731
-15.9220748307	-14.0051672935
-15.9788671974	-13.8527010898
-16.0173605271	-13.7230370785
-16.0645862309	-13.5860561068
-16.1206499435	-13.418275
-16.1504169269	-13.3248088389
-16.195136924	-13.1881399942
-16.2451141367	-13.0268729679
-16.2786215742	-12.9318409138
-16.3253991186	-12.7874030926
-16.3662465865	-12.6604302623
-16.4024833748	-12.5448173312
-16.4272730805	-12.4902476577
-16.4463526573	-12.446507149
-16.4666929639	-12.365207874
-16.5168719655	-12.3736877455
9.51028549512	7.54078600538
9.78142891337	7.51953720192
9.86392519376	7.47043999416
10.0461834806	7.29947673759
10.1564019674	7.22798656543
10.3459208271	7.06104763305
10.4339782373	7.00631431705
10.627005741	6.88196856655
10.7685055797	6.74532074193
10.9377664184	6.60310237069
11.0151815017	6.54367846568
11.1055049192	6.44822736085
11.2507410713	6.28920777253
11.3455457161	6.20009422538
11.4965995642	6.01454769823
11.5883005233	5.88904173771
11.6546426211	5.78960764201
11.7557047892	5.67627530236
11.8725049994	5.4752971187
12.0349106512	5.17145181479
12.1925229774	4.86093402498
12.2716201463	4.65835110956
12.3839741083	4.40374711254
12.4937697087	4.16944085245
12.5640788843	3.92427722406
12.5845671278	3.81723706985
12.6387444597	3.67424363302
12.7692093043	3.33560234075
12.864723714	3.16552848094
12.8502168352	3.05655699706
12.8912568831	2.89956725282
12.9394349193	2.76190378969
12.9875963148	2.59679903362
13.04637361	2.41627396501
13.0978832556	2.14695568845
13.113905407	1.88479538551
13.1196650993	1.77760954689
13.1783249711	1.54370951959
-13.7179012329	-16.0217373917
-13.9807072889	-16.034011394
-14.1346227891	-16.1050641798
-14.2070035757	-16.1427817754
-14.3443053638	-16.1863323864
-14.5689661279	-16.153401352
-14.6419509598	-16.209318031
-14.6904643879	-16.260647391
-14.7945210811	-16.2732051172
-15.0929156095	-16.2321984419
20.0519109377	6.37808684617
20.2515945815	6.55394196747
20.4440222241	6.65030317961
20.5886123576	6.6964184377
14.8253308341	2.41622328933
14.8321995675	2.40431639799
14.8772966398	2.36554908867
15.0799642247	2.22059592053
15.2056893929	2.12304442629
15.3123610481	2.03288443496
15.402905034	1.94018679786
15.5228527156	1.88676624063
15.6252962298	1.83623131527
15.7665260756	1.72128029284
15.8954431328	1.60434585876
16.0316291715	1.48000128802
16.2194533335	1.30034411087
16.3136005312	1.21489960476
16.378078499	1.15413798313
16.446335368	1.09347262365
16.5971155527	0.953441059923
16.669252069	0.807965891709
16.7419759293	0.735644151881
16.8498717465	0.627246018587
16.9970038382	0.465190901762
17.0106246588	0.267296071007
17.1095196257	0.106717739271
17.1224831807	-0.0593082718005
-10.6447534429	-20.9047467468
-10.6447646133	-20.9047484247
-10.6447441683	-20.9047379585
-7.13554025906	-13.8785750386
-7.12579753915	-13.9420627316
-7.11750411059	-14.0457332145
-7.10414047529	-14.1221770616
-7.10036039134	-14.2662981104
-7.09137690042	-14.3842023298
-7.06063777552	-14.5296360099
-7.04717759172	-14.6330078671
-7.03700288823	-14.7264448001
-7.02232512633	-14.8782672748
-6.99870502719	-15.117911229
-6.96972497126	-15.3645687057
-6.94455725497	-15.5476695124
-6.93086234916	-15.705166169
-6.88434193123	-15.8569770635
-6.8554090134	-16.0241186123
-6.8025582565	-16.097353065
-6.72203288714	-16.2133718705
-6.58938187325	-16.3918108094
-6.48983964262	-16.4963944789
-6.40543730607	-16.6140184306
-6.26805223069	-16.8055695958
-1.3234815346	-4.79054507932
-1.22268947149	-4.91730541023
-1.09910763508	-5.00405005615
-0.954585371225	-5.12279261981
-0.838911528774	-5.24333316272
-0.806154311697	-5.27051733291
-0.593517864037	-5.47849000202
-0.46865037333	-5.66287965359
-0.347227682456	-5.77834999912
-0.251240178633	-5.86452558264
-0.0582260215995	-6.05409317809
0.0121795504121	-6.12902013172
0.216558383652	-6.34770870764
0.468976209555	-6.64121752866
0.721491054407	-6.92226616533
0.800571699475	-7.07421595983
0.86145911984	-7.15771824921
0.947024477225	-7.25389571598
1.00219543213	-7.3358010201
1.22938334265	-7.6549659919
1.36218895526	-7.87672140746
1.44034717053	-8.01461459149
1.59238099478	-8.28891970491
1.67848944888	-8.45188265813
1.73232491219	-8.54488800078
1.79734084281	-8.67953956763
1.90695973064	-8.86230187296
1.95207561078	-8.97680560713
2.01462858128	-9.16496574864
2.07818565776	-9.25708994165
2.13485210487	-9.40772150911
2.17117980173	-9.5916148462
13.1783249777	1.54370952294
12.9840005957	1.56919177326
12.8404293817	1.50937279035
12.7119536802	1.47071668717
12.5204097681	1.40703931173
12.4238693548	1.3651554494
12.3463202586	1.33091885289
12.194643562	1.26257199855
12.0051908441	1.09219686045
11.7984904781	0.962868092786
11.5651231929	0.867336901479
11.4681088254	0.817105479586
11.3592036259	0.76901414783
11.2209925775	0.702256424025
11.0312771027	0.610712161331
10.7696350624	0.482756928797
10.5350412661	0.369582657063
10.3704461059	0.287714490377
10.121995944	0.166584806972
9.99438013034	0.100309971624
9.91967131623	0.0619186270411
9.67206083308	-0.0559175353091
9.48563346448	-0.145291064045
9.27616631689	-0.245900597888
9.02635315979	-0.355196140951
8.87758741781	-0.437269955234
8.74140953701	-0.493332359148
8.41657407416	-0.65483464181
8.26695710137	-0.723559320261
8.03607389144	-0.833862856172
7.91641144029	-0.890458243552
7.77224434684	-0.955969442919
7.63477465179	-1.01572273937
7.51175877805	-1.09488451692
7.43271906001	-1.13327554338
7.15198607596	-1.27369153725
7.04731552054	-1.33838765985
6.97608480041	-1.37493044213
6.86448262755	-1.43424517564
6.67625903848	-1.53173256523
6.55818791749	-1.60624494228
6.54064757108	-1.61694565483
6.42552791701	-1.68542696974
6.17485798468	-1.74761465837
6.02106222089	-1.83928842011
5.90066748742	-1.89962620428
5.76995077052	-1.93905506585
5.7699548856	-1.93905390329
5.61264100351	-1.87373894336
5.4832953338	-1.8008317068
5.39703850349	-1.72959774514
5.28654927855	-1.67044624048
5.1396401816	-1.57281385014
5.02516227194	-1.53841698968
4.89879272368	-1.44127467488
4.71778137851	-1.35275631306
4.58601801061	-1.24098958833
4.47652740962	-1.14973257593
4.33931372772	-1.05114916032
4.20321065894	-0.945672586555
3.98131190193	-0.755123271541
3.80159575497	-0.641276809925
3.58781435955	-0.4598031843
3.30247193359	-0.248277509665
3.08955960392	-0.0851874613733
2.97534670612	-0.00665960227367
2.81417964995	0.104123007394
2.68400297665	0.202723419147
2.53891890896	0.301978452751
2.38408750749	0.40881248463
2.30321825074	0.464349995543
2.24690468021	0.503391032884
2.100960428	0.629044808501
2.02404339096	0.70356494221
1.91059217707	0.834996326925
1.81567561098	0.913891119375
1.65014073106	1.08180689587
1.4636439864	1.31115883518
1.31843506771	1.51010438943
1.20714904404	1.70257183097
2.4542060891	-4.43088512187
2.36032405981	-4.31741786968
2.27220126926	-4.20575852324
2.23850123295	-4.16062792829
2.13976006155	-4.0581837255
1.9880435131	-3.86346009388
1.85989612382	-3.71047558872
1.75230906011	-3.58028108616
1.68594928667	-3.49960793733
1.59373382017	-3.38914461617
1.49770032922	-3.2888482995
1.37537063981	-3.12303188082
1.36464254105	-3.10781995233
1.26692302132	-2.9474522307
1.25205811343	-2.92615215268
1.14889154179	-2.74026072391
1.098730371	-2.64502247606
1.02821250303	-2.50072258274
0.831380820418	-2.28395976236
0.801015126045	-2.21880212481
0.677115742623	-1.94066438531
0.557196118617	-1.6633228832
0.446373213679	-1.44558630958
0.383983504262	-1.35303792947
0.308150484828	-1.20098989281
0.180238218946	-0.96595669914
0.0295432087384	-0.732881268973
-0.0572364558255	-0.600414462741
-0.103015306762	-0.532568201753
-0.17491114515	-0.400635537213
-0.316228586226	-0.178926329577
-0.329840189323	-0.157131789134
-0.527275885904	0.153717031748
-0.721978965067	0.530468059206
-1.04112033499	1.04893436081
-1.3667101557	1.56339965793
-1.62303407203	1.88156197542
-1.74681558608	2.08065096855
-1.8633281633	2.25331874237
-1.96169049692	2.40246117028
-2.06407167684	2.5890011223
-2.20394679576	2.81467230571
-2.31703852937	2.93603648393
-2.46722611375	3.08347446552
-2.63325024422	3.27681952137
-2.77214654109	3.52446319606
-3.51982095984	-10.7122804078
-3.85897972166	-10.4765084318
-3.9244963752	-10.294605312
-3.94025596595	-10.1876120236
-3.94882628132	-10.1140864816
-3.97150535436	-10.0001887346
-3.97780431463	-9.91892222649
-3.99879160354	-9.73541694862
-4.01442319936	-9.61880062979
-4.0241557246	-9.56160903174
-4.07036785883	-9.35395282202
-4.14038022102	-9.17176583096
-4.1594958411	-8.84859852467
-4.11708993872	-8.65916950795
-4.13502089988	-8.42614721202
-4.11917890888	-8.21685233424
-4.08272836132	-7.8550231265
-4.05289193334	-7.70955873031
-3.99920868346	-7.54137099199
-3.9409657702	-7.34914055135
-3.8742154029	-7.20650767844
-3.85742059248	-7.17789166435
-3.68488878766	-6.92568180874
-3.59164260886	-6.81667214033
-3.46371626203	-6.69430813366
-3.26159874838	-6.4954263494
-3.05966616572	-6.29388783402
-2.86595527836	-6.12309910669
-2.7583075889	-6.03812987422
-2.58040201484	-5.87553165172
-2.2535998085	-5.54330279139
-2.18257046263	-5.48096824856
-2.10122072194	-5.40182067075
-2.0358548647	-5.33303669072
-1.84727365406	-5.21332973805
-1.70180164271	-5.14895830175
-1.60282700912	-5.07990181082
-1.45963937148	-4.97329950259
-1.32348152998	-4.79054387562
15.4538274109	-1.5064430278
15.2657092831	-1.78648415175
15.1223958122	-2.08444054314
14.8109055323	-2.6702201592
14.644676433	-2.92105445473
14.491528177	-3.16954002966
14.3998673764	-3.33020733142
14.3153635117	-3.42313959986
14.221366352	-3.58930176225
14.0936000655	-3.77270808032
13.9886190718	-3.95252178462
13.9097711846	-4.09223451302
13.7709609559	-4.17270699852
13.6488650642	-4.33448422917
13.5308176788	-4.47890355503
13.4715985068	-4.56096028782
13.4351981369	-4.65583561578
13.3590262346	-4.78186240738
13.2923372399	-4.86310800664
13.2083797147	-4.99698512237
13.0944470733	-5.11185319899
12.9415622234	-5.17452511168
12.7991617341	-5.23980174653
-3.38598643148	-15.9797280246
-3.47649381315	-15.8048154722
-3.60274778178	-15.6686490688
-3.63869837922	-15.6305329185
-3.71649180726	-15.5554905287
-3.76569149635	-15.5028763667
-3.84548395838	-15.418906173
-3.98978872359	-15.2824849059
-4.14723830404	-15.114823603
-4.21919829768	-15.0381551738
-4.22363291563	-15.015035888
-4.40188683862	-14.8214148476
-4.50453160928	-14.65905705
-4.68461106253	-14.3777717
-4.76690332706	-14.231574566
-4.85113733607	-14.0862228555
-4.91591440117	-14.0026885295
-4.98353630154	-13.853577658
-5.11486055263	-13.5532650302
-5.18084787911	-13.4322436526
-5.20981954268	-13.3628592058
-5.27138624082	-13.2097984281
-5.33249838154	-13.0655960304
-5.36148789654	-12.9914847643
-5.4150875279	-12.8598699834
-5.52316072216	-12.6562225371
-5.55155134069	-12.5692423968
-5.57614537119	-12.4684202175
-5.58753848761	-12.358840385
-5.68828835066	-12.2092403617
2.17113642844	-9.59161656729
2.00091313467	-9.64970489612
1.8869165499	-9.68336208982
1.76139365952	-9.73935879654
1.63207912314	-9.82464005213
1.39523215784	-9.99307016878
1.28866866805	-10.05361874
1.02348930482	-10.220839744
0.808090294282	-10.2393774193
0.534640887074	-10.3190887752
0.386826	-10.3743863999
0.262207851706	-10.4139494457
0.18112209876	-10.4352627114
0.0689525845473	-10.4673134114
-0.202679463501	-10.5363889921
-0.361972113417	-10.5724154818
-0.512149331072	-10.5994323311
-0.582968499889	-10.6126297363
-0.773989305119	-10.656900038
-0.952977244838	-10.6880525089
-1.16231357062	-10.7095173672
-1.32988381374	-10.7160200836
-1.58203647374	-10.7235321402
-1.77826975969	-10.7372052085
-2.03338881723	-10.7270709344
-2.16842239709	-10.725086151
-2.4420819688	-10.7130949184
-2.60047391394	-10.7039626769
-2.88232596256	-10.6971190037
-3.08553550027	-10.6709580788
-3.51981755633	-10.7122447914
6.57968359071	-10.5288947824
6.63459125019	-10.5972841552
6.74724464177	-10.7329375036
6.80314373613	-10.8041536575
6.89457304931	-10.9054034684
6.85660620396	-11.0017574
6.85045730828	-11.0622222448
6.84072086449	-11.1484480469
6.85994924712	-11.3220405867
6.90035609317	-11.4734825526
6.93916513566	-11.706949064
6.90457001567	-11.8999418152
6.72603346868	-12.0421240717
10.8941132059	-10.4356086876
10.7480664855	-10.401841062
10.5322084623	-10.3786116618
10.4419486654	-10.3838937186
10.3015863765	-10.4474917606
10.0539628143	-10.3868158625
9.89214127551	-10.4308989347
9.72602642661	-10.4037695198
9.4817213683	-10.3234427095
9.29566081137	-10.3058989583
9.16409890977	-10.2138139624
9.01449892277	-10.1254451113
8.8464322516	-10.076859103
7.49503409782	-13.5228132299
7.76871244342	-13.481448311
7.94734203863	-13.4129998021
8.14093332834	-13.3682593009
8.21876815989	-13.3486259215
8.38743863245	-13.3524744531
8.50043864339	-13.3451087137
8.71699169448	-13.3281257143
8.78986129952	-13.3193504861
8.8967628342	-13.3120711129
9.01608903536	-13.3734455819
9.09733639541	-13.360724473
9.25808933695	-13.4241743381
9.32932187653	-13.5707457858
9.42800154484	-13.656771151
9.48035374593	-13.7003809253
9.63169297179	-13.8078411572
9.85410816698	-13.954107706
9.91471546581	-13.995559143
10.0560089246	-13.9103984869
10.1992928484	-13.9577667907
10.2923581692	-13.993926885
10.4695273944	-14.0686541083
10.6584804354	-14.1229547629
10.764117317	-14.0944023652
10.8376065064	-14.079307058
10.9453419908	-14.1307238133
10.9836287224	-14.1464481212
11.1845391313	-14.2082792408
11.2960910959	-14.2825641233
11.4269978447	-14.3277545794
11.5279425297	-14.3578733358
11.6953847371	-14.4155050823
11.7782503773	-14.4712916595
11.8779116779	-14.5591834551
11.9910656229	-14.6627652266
12.0319659936	-14.7137834073
12.0822572481	-14.8878331798
12.1490395974	-15.0340793065
12.1935791731	-15.1714684233
12.1969531384	-15.3309579434
12.1564141916	-15.4384310862
-6.18849281177	-19.4471268131
-6.36038973621	-19.3583317696
-6.49809407215	-19.2563986502
-6.59344112915	-19.1540946413
-6.6924517878	-18.9937369393
-6.77221917854	-18.8322216412
-6.84247513836	-18.6484187959
-6.86467754588	-18.4588579531
-6.8615922716	-18.2861302099
-6.86124963277	-18.2780484976
-6.85412571269	-18.1612144104
-6.8332950705	-18.0147425382
-6.81073783685	-17.9230092766
-6.72884233284	-17.7344801898
-6.68826518278	-17.6471073223
-6.64699940242	-17.5747515843
-6.56353338076	-17.3406613846
-6.47028093511	-17.1594511472
-6.34438532534	-17.0560000893
-6.2680472358	-16.8055676485
-1.49236693553	15.069786293
-1.47687005684	15.1156073132
-1.47030068001	15.1457406063
-1.46144121922	15.1931788
-1.45473530474	15.2442242913
-1.44744470658	15.3378203525
-1.44265107055	15.3927206331
-1.46311699177	15.5489190583
-1.49396955857	15.6823485109
-1.51763000825	15.7704619
-1.52417695557	15.8719993501
-1.52047584344	15.9656870121
-1.55372062764	16.1007040877
-1.60565095736	16.1959508983
-1.68451613668	16.388953618
-1.72561730441	16.4959779725
-1.65439947073	16.7291149716
-1.6514524076	16.8398302289
-1.79842236085	17.0219922239
17.1224775217	-0.0593214908565
17.0200085654	-0.279796344475
16.9406474007	-0.422362379185
16.8741858918	-0.481973632996
16.7954952013	-0.5075620089
16.6732440132	-0.729915218967
16.5734534868	-0.879589187737
16.4230105919	-0.865225040752
16.3000828836	-0.963182102829
16.2109205047	-1.02315795945
15.9637075062	-1.12800392129
15.7822021879	-1.26994027819
15.750802008	-1.31754220645
15.6741241616	-1.34324951996
15.4552536272	-1.50733210222
5.20379735337	20.0053004663
5.18266769503	19.9766082471
5.1927769174	19.9233257916
5.17878284717	19.8637439923
5.19550579896	19.7805158733
5.18415476698	19.718732621
5.17449786768	19.6786351597
5.11817917829	19.5469932576
-12.83858193	9.42775100433
-12.7194232769	9.40655474087
9.16969493957	13.1610059223
9.06823447176	13.0873199087
8.90413756093	13.0033334122
8.78629196667	12.9287177332
8.60064209343	12.8258175444
8.36374749119	12.7187242421
8.06515541275	12.5750782295
7.87868110351	12.4629886633
7.63294722346	12.3654054521
7.44198015621	12.3094176122
7.3246715249	12.2640715104
7.23007355261	12.2258528627
7.02719052254	12.1428441248
6.89132816187	12.0888705793
6.64045046173	12.0003551118
6.34108218021	11.8938632355
6.09849278035	11.8166537466
5.95587711892	11.8289310504
5.78125244694	11.7536273824
5.66425511243	11.7226004866
5.43459863096	11.6667939764
5.25799257001	11.6321547484
5.02077915953	11.5485626278
1.13314412988	1.6274991622
1.20721833841	1.70258894126
8.01059475035	-11.328750537
8.02325305288	-11.3361071425
-14.3971576011	6.64956202358
-14.3310875013	6.8200868343
-14.3316063838	6.9483273105
-14.3057050597	7.09567148712
-14.281124213	7.21795883509
-14.2631336535	7.38664109358
-14.2533576629	7.52382777162
-14.262420942	7.67775142951
-14.3121818233	7.92304075296
-14.3773375335	8.16870757096
-14.4577021768	8.37742639415
-14.52135131	8.49895646475
-14.6246922693	8.6426323576
-14.7272609506	8.75280810452
-15.0072441081	8.9590868229
-15.2259104421	9.07772981037
-15.3819185559	9.13115658128
-15.566120449	9.19792262204
-15.7752723599	9.23993169176
-15.938452143	9.21003766448
-16.3245003127	9.12913285911
-16.6648864138	9.0518219126
-16.8709852246	8.936846082
-17.0873072019	8.69238851302
-17.3317822728	8.40317873856
-17.403023034	8.28200029067
-17.5826743869	7.99594978641
-9.3984985967	7.8949903016
-9.26542738508	7.76645388406
-9.1181304877	7.47536955105
-9.0637372593	7.28745145277
-9.04145708193	7.18737918543
-8.98185574598	6.99646058235
-8.97155681229	6.67406578515
-8.97577244526	6.26946068793
-8.97365253723	6.04656118874
-8.96066279036	5.83663022731
-8.99513815453	5.49278506622
-9.07062937236	5.18098574929
-9.16797323611	4.91384666417
-9.2730001448	4.67318008408
5.02082550683	11.548467867
4.89264648354	11.3403495734
4.6344009096	11.1130157485
4.43056936462	10.9055894294
4.37072041556	10.81323405
4.27052044115	10.7297189379
4.19584734848	10.6620687393
3.99874325371	10.4648642236
3.8872327932	10.3363618157
3.8189060606	10.225509519
3.82346146588	10.1162045794
3.7486114288	9.98318668373
3.68517880176	9.8562183493
3.63729575082	9.74026611923
3.59955359361	9.55359290825
3.60939963367	9.45071708844
3.6421813873	9.31652532631
3.6645227771	9.17570524279
3.70236144558	8.95516341208
3.72758174433	8.85536263041
3.87969525913	8.6440661579
4.11257011833	8.53350299947
4.25871088271	8.4753988077
4.47193114679	8.40420792106
4.61274048466	8.37324250738
4.82696743637	8.37122478236
4.99560743444	8.4576774557
5.37548674047	8.60643298774
5.54185999427	8.64511323594
5.66698712471	8.68629691946
5.82499151745	8.73851646577
5.93873231891	8.76379697562
6.1398542597	8.82994445862
6.47539915051	8.92589199868
6.58249520834	9.05093632183
6.71615798792	9.10068423724
6.76947491422	9.11534520753
6.85857960558	9.14032107711
6.99712599486	9.18435469352
7.29520292747	9.24560060845
-1.80572591649	7.39299170345
-1.97393454142	7.67364332594
-2.09361538361	7.82584647923
-2.19378056807	7.90400088176
-2.3635015114	8.0995819388
-2.55535737512	8.27779790655
-2.74148952595	8.46722338372
-3.10693421517	8.78544296369
-3.40584953772	9.00303393725
-4.04078979298	9.47385770691
-4.2210424928	9.60762339628
-4.34533604351	9.75915953579
-4.410678553	9.8114554971
-4.53316147123	9.9008791437
-4.95166467461	10.2199937142
-5.18102046292	10.4092377517
-5.41562256698	10.6440430117
-5.51039327785	10.7781608011
-5.55856297223	10.8894379842
-5.59065950311	10.9981037029
-5.53632032089	11.330810047
-2.16164934753	4.34266401134
-2.33616505524	4.42050114452
-2.77705882754	4.81811252087
-3.16205685037	5.47125216826
-3.29900341593	5.72082358132
-3.34433826341	5.8743779993
-3.44924712878	6.19104502655
-3.65272087576	6.70072310285
-3.79779075004	6.96617264171
-3.90010301517	7.12044695867
-4.05994143731	7.3335520767
-4.15639847411	7.45880938552
-4.27367679158	7.5901062607
-4.39816152963	7.73702261441
-4.52563869544	7.88043319197
-4.69135687983	8.07325060463
-4.75447704189	8.16229401643
-4.83832411768	8.26430041179
-4.92147289263	8.36016432048
-5.07456848773	8.58301506043
-5.20742614146	8.77111919949
-5.31071753854	8.92553179118
-5.38770178862	9.02842627509
-5.44733054896	9.1278270139
-5.54159796423	9.28786726476
-6.50973089454	12.9277619327
-6.42226887309	13.2266969591
-6.35660998463	13.4941165421
-6.30207563374	13.6665198562
-6.22045171012	13.863012727
-6.10023940207	14.0751150591
-6.01585590077	14.1966545126
-5.76278615838	14.5118421222
-5.58925816403	14.6881044998
-5.46084190063	14.8259670831
-5.36732453334	14.9110852053
-5.25467529849	14.999282038
-5.1081660349	15.0841070889
-4.89140250038	15.2523977391
-4.65403178069	15.3325180784
-4.52146376801	15.3184829595
-10.249771319	-3.63438820785
-10.116985013	-3.60457068039
-10.0498946513	-3.3514572466
-10.013138509	-3.2830693202
-9.96852721365	-3.20990655214
-9.86033465723	-3.06910091983
-9.79355972024	-2.94504999917
-9.68917662618	-2.81221751747
-9.63760143697	-2.70296278254
-9.56709165329	-2.62402616169
-9.41857585753	-2.46001954619
-9.304305423	-2.37009938375
-9.21282889988	-2.25636733925
-9.19002482517	-2.22350637691
-9.10804812019	-2.08465173708
-9.00746889082	-1.9265068422
-8.91887809003	-1.71717296041
-8.87131931302	-1.58861122766
-8.8382255958	-1.42593454638
-8.83670112631	-1.33438543199
-8.80480728696	-1.25068470165
-8.71336227396	-1.12445251618
-8.67816771378	-0.989179620012
-8.66777842618	-0.879233369259
-8.67727435417	-0.718091596318
-8.69508909541	-0.598421421073
-8.71333839678	-0.523399199786
-8.78100071551	-0.436976192694
-8.82660438995	-0.33422117859
-8.9147943363	-0.194505931836
-9.00651989682	-0.0409914368786
-9.10956765189	0.0108818556405
-9.26649565713	0.0880889088
-9.48541916237	0.16202401328
-9.6916200547	0.15715582737
-9.83005223131	0.132524456946
-9.96938873089	0.100130960286
-10.2200455194	-0.0589404872878
-10.5926364603	-0.24169782064
-10.716251942	-0.326574454881
-10.875719421	-0.440296020533
-10.9719956244	-0.54194005068
-11.1316581124	-0.620839405867
-11.3120835634	-0.689943979818
-11.4472510236	-0.730784169749
-11.6655186943	-0.814771086911
-12.0494239682	-0.835484494158
-11.5887611145	-18.642736625
-11.7791649814	-18.8088195315
-11.8953706645	-18.8658694292
-11.968130779	-18.8946324196
-12.156762066	-18.9179177827
-12.3453173615	-18.9186039881
-12.5233481623	-18.9237382543
-12.6599531468	-18.9011276773
-12.8999424797	-18.8223101998
-13.1027705575	-18.7407210506
-13.3537692589	-18.6035529794
-13.4444347861	-18.545444772
-13.4866508225	-18.5004513255
-13.6590308901	-18.3843705433
-13.8689432637	-18.2114652009
-14.1148747868	-17.9863333773
-14.2223698745	-17.8790848752
-14.3785158242	-17.7360285974
-14.4541062857	-17.6543733189
-14.5522543871	-17.5369125971
-14.6154578753	-17.4651529567
-14.7598943667	-17.2827680043
-14.7560888974	-17.175044039
-14.848998369	-16.9899585954
-14.9143301053	-16.8390499792
-15.0327532508	-16.6774228423
-15.1097830756	-16.4466806671
-15.0929155927	-16.2321984416
-5.67588683344	5.63890936017
-5.88023389089	5.91394235247
-6.06080804942	6.25011183833
-6.12624933993	6.40474480954
-6.19763651957	6.54747297106
-6.30529152397	6.77660908334
-6.56463893177	7.2865336561
-6.78250381814	7.68588148667
-6.94096350873	7.99774914265
-7.05369292723	8.1998067809
-7.41052911916	8.77736748631
-7.75491675957	9.22237536604
-7.91413970297	9.37356316109
-8.04080640442	9.46647084359
-8.21663064575	9.58381753989
-8.59160953743	9.75839002731
-8.89912701674	9.80667646012
-5.48281861296	4.17185379104
-5.37281476311	4.12099231659
-5.13988091532	4.01978428534
-4.94196900855	3.9867715227
-4.76307520752	3.9453851157
-4.27693020835	3.94809235999
-4.11022960534	3.92127395041
-4.02107899173	3.90196253683
-3.86436685084	3.86692773107
-3.65935329978	3.80654606236
-3.51909097623	3.75831579669
-3.41102137508	3.7566445698
-3.27607213757	3.6844001505
-3.06882818894	3.68967277207
-2.84557160127	3.5729526837
-2.77332428807	3.51891238215
7.29481548281	9.245722264
7.1927770007	9.50957373596
7.1496405921	9.72829386923
7.14978519331	9.92312747029
7.05398941154	10.0493371229
7.0431299338	10.1101955484
7.0442578204	10.2008316388
7.056983908	10.3231941648
7.11287236207	10.606884851
7.25265841793	10.7584844127
7.38653561485	10.8217035096
7.59397444972	10.8785311888
7.71365982674	10.9094761356
7.78489930503	10.9380532972
7.9329767541	10.9759649436
8.11293685948	10.9972664537
8.28053888958	11.01048577
8.38094524301	11.0190167399
8.50496154646	11.0141512271
8.55245631961	11.0115922541
8.68875880383	11.0045636068
8.80996415409	10.9874167157
8.93944944938	10.9486781256
9.07092540992	10.9283181619
9.26200129475	10.8811125089
9.34482732372	10.8595094916
9.47341965685	10.7994573784
9.64875848051	10.7048000052
9.81965405568	10.5978955814
9.99718191832	10.5285950999
10.1712247723	10.4214353918
10.2501728054	10.3724024777
10.3826124159	10.286759371
10.4707534183	10.2200099225
10.5983207418	10.1187088797
10.8066325837	9.95053266899
11.0023714954	9.75676410722
11.123400443	9.63558968598
11.3199974107	9.47600446002
11.4881540313	9.34546574597
11.5437916817	9.28957517561
11.63657884	9.205461045
11.7110496827	9.13800239681
11.910732489	9.00268843682
12.116873218	8.79677528465
12.2519056323	8.67531898406
12.3661007536	8.56672941256
12.4874257334	8.45623076378
12.6959135391	8.25625457807
12.9022234302	8.06186895438
13.0227131581	7.94851460791
13.1237896334	7.85503404586
13.2318400539	7.75039646597
13.3342099774	7.64755328098
13.4184415406	7.53856372962
13.5611474236	7.38103167318
13.6569213728	7.2374535911
13.7865480475	7.10108470495
13.854393628	7.00224005645
13.9153035832	6.95945026278
14.0026092014	6.85466546856
14.11614002	6.7245704035
14.1620467458	6.66922160857
14.2572959825	6.55972203196
14.363879694	6.44109897065
14.4908977007	6.27897480146
14.5585585871	6.18790361326
14.6984387592	5.99210423025
14.8217399043	5.81884131544
14.9370832386	5.64577857206
15.0137487578	5.52668541253
15.146696731	5.32082548707
15.406095397	5.00152457067
15.4585280453	4.92457434934
15.5604681718	4.76846337145
15.7114752476	4.55528128521
15.8425738098	4.3105609342
15.9784765814	4.14361011768
16.063075478	4.02355936721
16.1180981857	3.94263087323
16.2441241338	3.71271880934
16.3342268887	3.61913342636
16.3814513043	3.58529592346
16.4626029557	3.50196409118
16.5116472935	3.45197039168
16.6154995374	3.33503875287
16.7821822208	3.12353982097
16.9745880045	2.87327732514
17.0898679949	2.75216836486
17.1873813303	2.59470629226
17.2873647379	2.48846330706
17.3741813102	2.4238375441
17.4837719391	2.33659563627
17.6150982807	2.23024204846
17.7323246116	2.1625776476
17.8794678646	2.08151905019
18.0012262081	2.02056472477
18.1821695294	1.97985842058
18.3956935622	1.90919559505
18.4744027019	1.90387941467
18.6222607586	1.9111353398
18.9109340311	1.79276309898
18.9661276363	1.77482942368
19.145055621	1.74786328318
19.3248307745	1.79761309981
19.3659878976	1.82745675123
19.5198836966	1.93310186842
19.5200156287	1.93220816541
19.7919187216	1.9862756457
19.9072725096	2.06774847974
19.966265081	2.13473726161
20.0555847392	2.1579388259
20.1531098487	2.21546111773
20.2889091709	2.31964521295
20.4102964742	2.42719990904
20.4999928779	2.50229368273
20.5884610258	2.61739912585
20.6668647723	2.72541407876
20.7806287145	2.90426295294
20.8321510299	3.02409978275
20.9095083986	3.17798428
20.9335890262	3.3146522648
20.9829277645	3.45942511045
21.0097725731	3.55312609232
21.0724366935	3.772745023
21.0958565885	3.91187398065
21.1004517667	3.99442886856
21.1671766977	4.21218236654
-9.59543596986	-18.0939924187
-9.77314117447	-18.1989631669
-9.96317880812	-18.3566431758
-10.0457229311	-18.4553398308
-10.1069027138	-18.4687190806
-10.1892276942	-18.5056088042
-10.3625782261	-18.5507793301
-10.5205928906	-18.5799527381
-10.7500560242	-18.6369225046
-10.8203895339	-18.6530530321
-10.9342980611	-18.757016086
-11.0373424004	-18.7565770958
-11.1488118878	-18.7680782627
-11.3084834782	-18.7762625512
-11.5887489693	-18.642728696
8.14171942461	-11.445995927
8.49068323146	-11.6864367986
8.70018167627	-11.7692497108
8.82534432014	-11.8608077001
8.9304232501	-11.943357042
9.1733979346	-12.1598223378
9.42702778382	-12.2439155503
9.6110824778	-12.2495803682
9.84260521541	-12.3154068988
17.1572408794	7.80953339457
17.2056890524	7.56667849642
17.3408044729	7.11022871006
17.3822120382	6.90975330609
17.4102343936	6.8094174862
17.4331602466	6.71199050379
17.4125201843	6.52611392679
17.390416159	6.42986931827
17.419337505	6.30646317122
17.4651803302	6.12283847696
17.480061064	6.04902705549
17.5188767186	5.91728579338
17.555965116	5.82547417998
17.6246423837	5.73881604587
17.7292999197	5.52954980889
17.8229754568	5.3000815391
17.9058000353	5.11340822651
17.993901458	4.90972044339
18.0112364866	4.87484278736
18.1366939708	4.79617334116
18.2229892479	4.65762211495
18.3551439512	4.42117783877
18.4032554553	4.34216653633
18.4998421991	4.11807254958
18.5491872876	4.02534814985
18.6342252077	3.87257387361
18.713964376	3.69575837942
18.7792748096	3.6022036391
18.8646700421	3.5464862473
18.9220164237	3.49880832959
18.9808910963	3.40369869264
19.0776246531	3.20885859709
19.1737221776	3.00488179495
19.2412970375	2.83996677236
19.3193806994	2.63387728164
19.4049331601	2.34921583677
19.4938359587	2.1459406461
19.5200733257	1.93208841914
9.84260176659	-12.315437787
10.2190681788	-12.5540480421
10.2829102789	-12.6351674285
10.3755380615	-12.7626399359
10.4817735853	-12.8399761264
10.5750839124	-12.860479874
10.7664483136	-12.9710108762
10.8609785014	-13.0300634954
10.9939927749	-13.10844005
11.0286669625	-13.1278988589
11.1817512911	-13.2574084329
11.3184191161	-13.316755622
11.4721542827	-13.4028956339
11.545341997	-13.408924941
11.645768019	-13.4306179105
11.7086015798	-13.4513220427
11.801561941	-13.5044161309
11.8821907765	-13.5268332516
12.0847078919	-13.6395751898
12.3628690001	-13.7500562719
12.5331227702	-13.7953021493
12.6395194424	-13.8107600137
12.7395648008	-13.7516858843
12.8182761796	-13.7496683003
12.9505633908	-13.7237374428
13.1416800096	-13.6208174481
13.2711499836	-13.5438752772
13.4037444894	-13.4283443961
13.492930672	-13.3035578297
13.5571729978	-13.2356561621
19.1018568986	-2.38300841987
19.1419104438	-2.17451193498
19.1579692242	-2.07409555691
19.1734827679	-1.91552268385
19.182382127	-1.70873620551
19.1699556695	-1.49051723886
19.1536874372	-1.33694030614
19.1137577097	-1.16682445022
19.0456278857	-1.03376381076
18.9905947971	-0.882993398811
18.9774290937	-0.859753285279
18.9058623272	-0.719148985447
18.8631555679	-0.66356876081
18.7752811727	-0.541849317434
18.6555082119	-0.420574986734
18.5850805373	-0.35022949165
18.4799604517	-0.275107799264
18.2477874882	-0.187064178521
18.0911818753	-0.0651019814854
18.0326399801	-0.0613489382354
17.9471882965	-0.0137077514328
17.8546975235	0.00797015502475
17.7824512055	0.0180818064721
17.7420791198	0.0653941122543
17.5750774863	-0.0596487514604
17.4605753854	-0.0323858844498
17.3886145075	-0.0568798520327
17.1224803493	-0.0593147674423
5.11812801055	19.5469676841
5.34298918605	19.3174415096
5.56603243955	19.2867298019
5.79236855626	19.2308889929
5.96245744192	19.1625620905
6.16489865589	19.1124908487
6.38262382806	18.9788098038
6.48136577072	18.8871500019
6.61691562435	18.7904832792
6.78732252268	18.7101313439
6.92297134837	18.5828051539
7.08801815241	18.4586173213
7.25128558458	18.3169755815
7.43302818712	18.1892875318
12.4671880944	13.8663875583
12.5919533309	13.7407422279
12.6893619788	13.6300664804
12.8144511668	13.4934591165
12.917964811	13.379567541
13.0183457357	13.2594742773
13.0792554301	13.1807250158
13.1683253234	13.0804072945
13.3431819333	12.8613957632
13.4945766878	12.6691676575
13.6503190215	12.4185644495
13.7617578934	12.2921891394
13.8792928454	12.1079432408
13.9967643141	11.8135443162
14.0751036645	11.6765127761
14.1584174478	11.5327152614
14.154985956	11.5109163333
14.2161253224	11.3605009494
14.3104839922	11.1233762606
-9.35509947722	-6.84247605936
-9.55782305504	-6.65595099863
-9.79523569479	-6.45201835379
-9.81160612294	-6.20570363731
-9.84586545763	-6.02822402894
-9.84961430644	-6.0114476601
-9.94156656323	-5.70769887239
-10.0131174532	-5.46935297481
-10.0488478513	-5.36427286585
-10.1023782919	-5.19669005256
-10.1667469017	-4.97730976086
-10.2068164413	-4.82758855393
-10.2479968399	-4.65663135237
-10.1839027003	-4.52824250731
-10.1872793729	-4.35006951956
-10.2079903103	-4.18197043686
-10.2059628746	-4.05078850825
-10.209907859	-3.90298493345
-10.249774396	-3.6343844042
0.484463129131	-14.9820537028
0.624456808656	-14.9947597488
0.855247414551	-15.0052777225
0.96727062313	-15.0575735788
1.1908767485	-15.0276379031
1.35358079963	-15.0022198502
1.50141170745	-14.9813460612
1.67731657892	-14.9616769887
2.19994467748	-14.9024017622
3.11730291806	-14.7598447158
3.42918409299	-14.7196938913
3.65907089235	-14.6831311845
3.88852627993	-14.6412988766
4.10393799053	-14.5996807206
4.5052412615	-14.5112092814
4.65891608072	-14.4756194691
4.93039734639	-14.4075035641
5.12669108901	-14.3623859299
5.32619742841	-14.3175021358
5.44309573795	-14.2904343082
5.61410317487	-14.2521430789
5.81940206749	-14.204818531
6.15114101419	-14.1632172528
6.29615627115	-14.1364268826
6.38159953622	-14.1172449821
6.44149775541	-14.0990026477
6.63856275984	-14.0438960729
6.88955922368	-13.9716880553
7.00261215239	-13.9089526468
7.19523776503	-13.8032890963
7.29530459692	-13.718831435
7.49503409782	-13.52281323
6.72599899178	-12.0421367905
7.03264424813	-12.2506441195
7.08721811562	-12.5371084101
7.25232403031	-12.6933079658
7.32545961199	-12.7983525281
7.37156870692	-12.8504479339
7.42941487283	-12.9404903369
7.46172399965	-13.0768220755
7.48317789593	-13.2443825186
7.49503409783	-13.52281323
9.37073332944	7.29283717482
9.37749946801	7.27865994648
8.02164058389	-7.05802676298
7.88558111291	-6.94978252789
7.76556336555	-6.80805349422
7.607326735	-6.69026540221
7.53248138503	-6.59393971511
7.43658560688	-6.47527605521
7.31593902385	-6.33461304862
7.24602472558	-6.2363079287
7.17508283415	-6.12789844606
7.0761862898	-5.95714372446
6.99616375385	-5.82287602582
6.84716366078	-5.57311686605
6.73959601618	-5.42760257387
6.64828565151	-5.27281294002
6.46996397537	-5.02261576502
6.39541644805	-4.89951733838
6.36020685435	-4.85223494396
6.26823950369	-4.72796101806
6.21113243311	-4.56945482249
6.13176573617	-4.33122075385
6.09706850477	-4.03231192988
6.02747952787	-3.75339130279
5.98564358798	-3.58422886303
5.94252581792	-3.40645067136
5.95607286191	-3.2552098602
5.94663460407	-3.00389191638
5.91496871583	-2.74883442525
5.8903040892	-2.60048277865
5.82415026446	-2.48535495184
5.79091792402	-2.38198134021
5.78847633851	-2.25787040606
5.7804706293	-2.13037801689
5.77061585328	-1.93902711901
2.95984655307	-11.1376891852
2.91457267482	-10.932828311
2.85959558211	-10.7890067056
2.82511349085	-10.7154624847
2.76556117575	-10.6072829519
2.68489168294	-10.4594934599
2.59624529411	-10.3115452097
2.51805829843	-10.1584008634
2.44971717801	-10.0114719319
2.33297053654	-9.81123878439
2.27360616069	-9.66626967564
2.17112311283	-9.59164897365
-5.55755007381	-0.0861430854547
-5.57282230454	0.116019024189
-5.63616729921	0.319552397937
-5.63477236378	0.485221163924
-5.65076610416	0.628335035964
-5.68398053828	0.734142226714
-5.69736607701	0.865309237628
-5.74707146967	1.10368815453
-5.79351836696	1.36344764336
-5.78393634952	1.49282651953
-5.75434011915	1.57471937014
-5.77680319902	1.7080937025
-5.8069949058	1.89118345159
-5.83191333565	2.15924347615
-5.83665633849	2.34393195665
-5.8325274209	2.59528940363
-5.83171342485	2.79424061187
-5.79795826555	3.03325565189
-5.78423649627	3.16936462935
-5.73759478248	3.32056734866
-5.6408960892	3.67135678899
-5.53719623205	3.90393074275
-5.48284688707	4.17183207026
0.423825177205	18.0779648785
0.343035310677	17.8924905515
0.302377572749	17.7664991257
0.277186288869	17.6955143205
0.246541989123	17.5691469372
0.23370210596	17.4475163782
0.238587161702	17.2705860966
0.24685997312	17.0650925557
0.267350234586	16.912530675
0.31262945635	16.7148151984
0.315554755634	16.6473815034
0.297662171869	16.4290233807
0.310264971495	16.2372279129
0.35367307984	16.0791665891
0.36187158854	15.9728113371
0.373311000281	15.7845831095
0.384596893842	15.5648185448
0.383352068996	15.435339315
0.389141330108	15.3205325396
0.392041494727	15.1917050197
0.405701067304	15.0930287301
0.472676109781	14.9617058422
0.521080211895	14.8088098763
0.586213638771	14.732232305
0.57280016843	14.6463015445
-5.68831273884	-12.2094048465
-5.5525948514	-12.1470186921
-5.37002577984	-11.9848854895
-5.28325389958	-11.9102574517
-5.1740177694	-11.8642142036
-5.06027514267	-11.815393214
-5.00915465664	-11.7330938332
-4.87672710488	-11.5798118711
-4.65998551324	-11.3734776212
-4.53652115687	-11.2391037798
-4.44232662359	-11.1340523515
-4.24344631188	-10.9693220983
-3.519864445	-10.7122019013
-17.0382417718	7.72986049562
-17.069068445	7.50313874778
-17.0222581985	7.33167374648
-17.0029041391	7.21624716098
-17.0265566824	7.11389878769
-17.0887556527	6.90841004317
-17.0989759303	6.69258777935
-17.1088970559	6.4725967992
-17.1180770076	6.30315276462
-17.1247706482	6.03957009643
-17.1204275408	5.83681240139
-17.0728145268	5.49219076237
-17.0509536456	5.32412349745
-17.0158697471	5.08480750818
-16.9639529805	4.90014065049
-16.9378461043	4.77374817012
-16.9213572464	4.66571705621
-16.8868550507	4.4028878335
-16.8446025972	4.16223538939
-16.8016506278	3.8519818889
-16.7676864376	3.69708725725
-16.7469821917	3.59488765654
-16.7112992518	3.40293811104
-16.5868466309	3.01267226527
-16.5216568659	2.69363178703
-16.5062852185	2.62298056608
-16.4368183122	2.47929241621
-16.3677524137	2.27096225179
-16.2419729031	2.11137834566
-16.1005193635	2.0303996513
-17.0382417718	7.7298604958
-17.208462579	7.89391377107
-17.2729760254	7.9482885357
-17.4060044204	8.02270707182
-17.5827022389	7.99597239794
-0.741644556542	19.9058797351
-0.549021001754	20.1467856046
-0.35527779341	20.2615587598
-0.214963242665	20.3214106254
-0.137697256605	20.3439255011
-0.0409082087254	20.3849682479
0.0476376015932	20.3998370753
0.0849486002981	20.4048354589
0.264247666846	20.4174278586
0.435003799394	20.4205376814
0.691113947464	20.4459320685
0.834159142155	20.4401708348
1.04724705015	20.4241842207
1.43310711403	20.3812703174
1.70482096501	20.3347882522
1.84133615515	20.3287180854
2.06691587494	20.2851067037
2.32451597684	20.2213641799
2.58791667176	20.1442994491
2.68726970789	20.1125277709
2.79974073157	20.0724115979
2.94780110975	20.0184751857
3.07042991628	19.9724747545
3.13394608302	19.9515425959
3.37577739502	19.8725357649
3.53905278723	19.8203082064
3.72458957924	19.8010636466
3.81992055372	19.8071301784
3.95737293556	19.7789331086
4.14470735948	19.7230341327
4.30260035506	19.6792160737
4.3922476032	19.6542459913
4.60557727356	19.5604964554
4.80890238064	19.4892648584
4.92512340307	19.4504892197
5.11815112744	19.546922102
-0.741644743644	19.9058820355
-0.881936723493	19.8906301486
-0.993899185139	19.8538999805
-1.11905459328	19.78220627
-1.20521067609	19.7001033468
-1.28043262892	19.5934106044
-1.45338867601	19.3951005972
-1.5728671117	19.1357128767
-1.61194315033	19.0069913117
-1.60845655987	18.8957381833
-1.60364109485	18.8161337895
-1.64314588889	18.6470993994
-1.57258770319	18.3926369616
-1.51846843346	18.2363240792
-1.41501212899	17.9707192278
-1.3665360287	17.8380826099
-1.40583949659	17.7462738758
-1.37222875836	17.5666008885
-1.38983834909	17.4246343234
-1.44422001493	17.2787932293
-1.68285085304	17.1059014132
-1.79844806237	17.0220041516
-12.4066207016	4.83677898226
-12.6220723559	4.64035215704
-12.7033619816	4.55784500528
-12.7830659436	4.4894330335
-12.8447001314	4.43326389041
-13.0500278964	4.24506539546
-13.2828599249	4.07670501903
-13.3895876029	3.94261037446
-13.6795595917	3.69873280054
-13.9042378436	3.5114251414
-14.0468206258	3.4021696139
-14.2609763977	3.24973320047
-14.4703444357	3.10338985295
-14.5594239392	3.03669591492
-14.718708442	2.93069040917
-14.8413177172	2.84956533542
-14.9101627113	2.80369181683
-15.034007079	2.72471663724
-15.0732120667	2.69504595474
-15.1465957621	2.64907852562
-15.262076505	2.56766122563
-15.3433256343	2.52068749546
-15.6106307845	2.329825404
-15.7015297055	2.25192534451
-15.7816291418	2.1866853367
-15.9009521958	2.07318695551
-16.1005193627	2.03039965112
4.7287304135	16.2815330507
4.9421462986	16.3109880422
5.03229561959	16.3269185291
5.18446117951	16.2817185473
5.30742605955	16.2401597998
5.4384247709	16.1819088401
5.50624255574	16.1515271734
5.58128968486	16.1178435779
5.77442880308	16.0456137515
5.92062580728	15.9703186176
6.01218849972	15.9026176522
6.23561048724	15.7590941573
6.41870040574	15.6497107965
6.45264972976	15.5773015265
6.62065337488	15.4705503766
6.82703070892	15.325329028
7.074209045	15.1362657134
7.51643942262	14.7768002307
7.79105232863	14.5298195498
8.14427583796	14.190759386
8.51943336749	13.8506615958
8.67741528852	13.7005526566
8.93479664481	13.4533787135
9.04326888219	13.3152987528
9.1705670495	13.1629158746
4.72873089956	16.2815355412
4.58994451103	16.1226538126
4.41007775201	16.0023299886
4.13642513384	15.8423511691
3.8906356235	15.6622186045
3.72609253964	15.5773617414
3.59030037213	15.4853867503
3.4115373831	15.38558436
3.27455458154	15.3243519355
3.02722453228	15.2098681116
2.77745449272	15.1039326053
2.60895832878	15.0407273015
2.46208914045	14.9830351964
2.2779855468	14.8918684816
2.13993432443	14.8451912718
2.07449534509	14.8247708243
1.94069880201	14.8236204672
1.79155542656	14.7929740754
1.45442567591	14.7499558926
1.27631156089	14.7172772141
1.13127043484	14.7018824625
0.82753119871	14.6674769854
0.721046234124	14.6671799165
0.57278016261	14.6462906988
-12.7194377005	9.40655825979
-12.9023052504	9.27715164617
-13.0403275994	9.19575484935
-13.1585831761	9.0910693198
-13.2639270244	8.95730850505
-13.368253537	8.70659296073
-13.3592613473	8.60203803691
-13.3394564372	8.5064986552
-13.2972797669	8.41355914049
-13.2594880535	8.34807738165
-13.1292510458	8.2294915491
-12.9510837904	8.09537431672
-12.8467071701	8.05206118206
-12.7119767759	8.00409659988
-12.5482192888	7.94284065973
-12.400757994	7.88520439607
-12.2401077803	7.85447988257
-12.1014459552	7.82014133875
-11.9895145911	7.7794208514
-11.7717475411	7.71309210898
-11.5835660748	7.69982822934
-11.4202747283	7.70908668304
-11.187227039	7.71977160661
-10.7002829437	7.70537273613
-10.5181369988	7.64411084534
-10.3076741665	7.71592770994
-10.1345560405	7.72556036873
-9.93223111842	7.78389396392
-9.85715803706	7.83208539292
-9.70606228358	7.85866711266
-9.39853767131	7.89495957749
-8.89909904156	9.80670822357
-9.0424270033	9.63161391199
-9.10941785869	9.44982960008
-9.19724731777	9.16922131144
-9.2132584094	9.12816275583
-9.30073314396	8.89231449985
-9.3718257745	8.5012957378
-9.37969187638	8.34958455079
-9.39296712018	8.13932741495
-9.39855856845	7.89494633184
-1.2937023092	11.3814266825
-0.9225853264	11.2684695832
-0.735846249557	11.1822312035
-0.464432302502	11.0496720677
-0.277620025794	11.0064892084
-0.196577442809	10.9963204857
0.0178499656925	10.9859779121
0.133225858009	10.9801721064
0.309859289983	10.9737716533
0.441403885334	10.9701297034
0.711806061428	10.960121561
0.956514931058	10.977352228
1.51962108903	11.0125539289
1.89912577972	11.0702840731
2.21864372453	11.1503285276
2.33392142509	11.1773504105
2.52271654019	11.2357760327
2.75338272976	11.3181833958
2.87632980304	11.3736244877
3.06273483883	11.4579673322
3.19076824399	11.5153079874
3.26733012762	11.5433591071
3.50823403625	11.6530644622
3.61391194546	11.6859610997
3.72896773861	11.7283705459
4.00503031953	11.6942596955
4.29226980356	11.6947455358
4.63501531288	11.6797374994
4.84918797235	11.6543763346
5.0207690098	11.5485183453
-1.29371542876	11.3813863332
-1.12641025187	11.6240483837
-1.01053251623	11.7678477023
-0.907266397983	12.0666867459
-0.898771705704	12.1565502486
-0.876862603084	12.2022656318
-0.753080049065	12.4261024881
-0.514484494629	12.8479660883
-0.392160037999	13.0338141663
-0.292327958205	13.1944757422
-0.196203471913	13.3690245859
-0.0653113394204	13.588752872
0.0427646607761	13.7686816691
0.141314931498	13.939263985
0.228597358009	14.1314551241
0.322221494084	14.3223092014
0.462628236322	14.5234223458
0.576970257683	14.6447911037
-5.53642787415	11.3307913643
-5.66734501384	11.4129847873
-5.77835554623	11.6698671132
-5.79066139689	12.0239904896
-5.7467737958	12.2754320129
-5.6420666802	12.5881754963
-5.49691811695	12.9349544183
-5.29400594948	13.4213504911
-5.1691782879	13.7540692838
-5.11905979427	13.8805746248
-4.94073913779	14.239987385
-4.71052991861	14.8661884633
-4.62331496046	15.0808384031
-4.52141685388	15.3184547828
-4.57308984621	5.85955835201
-4.99029792457	5.86232984731
-5.26572851391	5.86335806471
-5.411570349	5.8203012793
-5.50308945904	5.80324564461
-5.67592900044	5.63894427356
14.31096464	11.1223298084
14.18337085	10.98865641
14.0396710233	11.0029768194
13.8867213545	11.0454563326
13.8109748162	11.0822490044
13.6911799138	11.1185913857
13.3600196718	11.2261871302
13.0695538388	11.2613656206
12.8763735049	11.3164138186
12.5914595464	11.4116170531
12.3406591823	11.4888572277
12.1269694086	11.562605497
11.8864158985	11.6568721927
11.3267811373	11.8821319113
10.9200984794	12.1040589946
10.7575255351	12.204283538
10.5838256645	12.3145870428
10.3911822059	12.4281908128
10.2279560097	12.5376706005
9.88073584369	12.763991113
9.78528510792	12.8131611867
9.5544563577	12.9331494669
9.3696802162	13.0246776717
9.17052405486	13.1627588453
-15.425978913	-7.56296876957
-15.2567295362	-7.33358695577
-15.2155761336	-7.19964443471
-15.1455865619	-6.89454427558
-15.0765755703	-6.66387980498
-15.008711581	-6.38506175645
-14.9462887514	-6.05071014236
-14.9076587484	-5.779555982
-14.8912075324	-5.66291933761
-14.8293085599	-5.32820691508
-14.7839804843	-4.98244017546
-14.7483814918	-4.65296292156
-14.7393920705	-4.52402489395
-14.7255272884	-4.46853410095
-14.7080063607	-4.16450695654
1.62633127424	5.37354841398
1.4836362565	5.59171317814
1.36213988097	5.71732936331
1.18385396776	5.85315483073
0.944142345067	6.03592841173
0.789872874886	6.13744161052
0.61445351043	6.23191456654
0.325745728775	6.44605970235
0.0782815832391	6.61943981036
-0.30679823839	6.87295585909
-0.53570483107	7.01296367544
-0.761813573136	7.13816305929
-1.00577111375	7.23591717581
-1.16403834945	7.29118970237
-1.36409378576	7.34069815106
-1.47243755537	7.35850658948
-1.60456572526	7.3679286741
-1.80573555572	7.39299818066
1.62700999022	5.37324025487
1.84118355349	5.51974142286
2.02558120182	5.62479342235
2.19339295072	5.7034234022
2.35431916916	5.7553608718
2.62860360192	5.87529037455
2.75565181339	5.9292040921
2.84724592006	5.97023209137
3.15465661862	6.10425296762
3.30814271554	6.16263718614
3.53043617806	6.23504386671
3.71137590063	6.2968653573
3.91761692803	6.3587937543
4.04382644993	6.38255781795
4.23443101715	6.43371956877
4.40729887244	6.46600066353
4.56357218363	6.49075388382
4.70109422036	6.5023323924
4.87702354804	6.5078629666
5.07169617836	6.5052725228
5.2321132481	6.48486996051
5.36929578944	6.46292152848
5.62719758314	6.43050284899
5.78865595195	6.40451365445
5.92694747723	6.37882235775
6.03609384915	6.36929327679
6.19578070615	6.33441712865
6.39128519425	6.29641363453
6.51726934278	6.27231900123
6.58839825432	6.26047986629
6.73451226734	6.24290258682
6.79576120741	6.22807537677
6.98452798966	6.21737218548
7.21116911819	6.20015708209
7.42618074602	6.20078644241
7.54495881559	6.20160208796
7.71236027404	6.20754994203
7.91494514264	6.22601037344
8.14156084308	6.27433632058
8.23433506663	6.35604846918
8.44041842195	6.39670508767
8.57213502619	6.39138679215
8.64124945079	6.41478009638
8.73376080223	6.48371835521
8.91344355327	6.52721382241
9.10765139013	6.69643791623
9.13126776677	6.73493552938
9.22536096562	6.95940105055
9.28090927239	7.00749379788
9.37084023857	7.27126860608
9.37416278735	7.27703619157
9.51024504153	7.54098598854
9.37443652009	7.27774134772
9.50999108158	7.54046940982
9.44018018504	7.7348177852
9.33114366595	7.80861813993
9.22744020044	7.91912504795
9.11068933777	8.02713239291
9.02769275235	8.13645330766
8.93193203322	8.23200327297
8.84424963227	8.29069280577
8.76628008058	8.46538060562
8.6671076718	8.53896141869
8.5805985344	8.6027274614
8.48538532954	8.65526590086
8.35402046785	8.77548306954
8.2151627497	8.79503265147
8.07616493531	8.97101616164
7.96716629769	9.05535308293
7.81723252435	9.0967267358
7.66300678592	9.09733484746
7.57654006222	9.11906173751
7.29527226344	9.24564865224
-13.7179012332	-16.0217373919
-13.7600449481	-15.8464716484
-13.8056238658	-15.734037282
-13.9060437114	-15.5110589505
-13.9556960733	-15.4154218802
-14.0093556043	-15.319316788
-14.0426166842	-15.2496763508
-14.0944471825	-15.1239088587
-14.1166105213	-14.9053577859
-14.1612157293	-14.634564568
-14.1630397087	-14.4618803785
-14.1200797833	-14.1968784785
-14.0928762039	-14.0872581579
-14.0532164467	-13.9717780549
-13.9641481405	-13.831431217
-14.0180653051	-13.7312420597
-13.9871421971	-13.655445046
-13.9322261177	-13.5378532465
-13.8785307537	-13.4459180258
-13.8472061913	-13.3065040071
-13.7825352235	-13.1949300347
-13.6914237141	-13.0839117646
-13.5481840052	-12.9130230477
-13.7176074592	-16.0218171401
-13.6269968063	-16.1476782649
-13.5234232159	-16.300517021
-13.4658207467	-16.3903573844
-13.4215216257	-16.4935229012
-13.3138385897	-16.6154391061
-13.2438206917	-16.639252168
-13.1468957533	-16.7663898325
-13.0029723288	-16.935185514
-12.7867858313	-17.0823785934
-12.6753692673	-17.2100941298
-12.5825842349	-17.306756836
-12.5391713309	-17.351087699
-12.4432781773	-17.4490683965
-12.3733737439	-17.6099765851
-12.323207595	-17.6701738389
-12.1606809965	-17.7410112044
-12.0654612288	-17.8233425807
-11.9632433114	-17.9169249098
-11.8424210236	-18.1740686086
-11.7883486677	-18.2677841844
-11.7460785378	-18.3549361545
-11.686761148	-18.4786561532
-11.5887502541	-18.6427307736
20.0520893064	6.37956145103
19.8337825896	6.58755983432
19.6362724847	6.56773344833
19.489271332	6.69736935893
19.409927635	6.83123546673
19.3210668796	6.9228660579
19.1146115888	7.10691917905
18.9983161384	7.19674588232
18.8775656168	7.28413242598
18.7955390371	7.34578989621
18.7128536665	7.41645520735
18.5933572865	7.48233596488
18.4871640436	7.54949506728
18.3034249771	7.65112714956
18.1728946549	7.70725629516
17.9962329714	7.75606526777
17.8884785219	7.79749492818
17.6121974758	7.92214937362
17.4604336891	7.95001502777
17.2936413042	7.921787074
17.1572404241	7.80948002267
20.0520341809	6.37959627681
20.1402478817	6.08815686104
20.1560652113	5.99810349995
20.1730511851	5.93393856473
20.2221481085	5.81063136191
20.3729994162	5.52826661027
20.4109424261	5.38385324827
20.4455280455	5.29134631485
20.4997637978	5.16757708147
20.5540248444	5.04765765437
20.6151783097	4.90660661918
20.7782499039	4.65511983683
20.8858991026	4.37853509133
21.0427885515	4.2965710387
21.1671695966	4.21218143687
-1.32348152998	-4.79054387544
-1.33784083713	-4.58973751543
-1.34297397602	-4.49237715351
-1.3811068586	-4.35566788493
-1.39695192991	-4.28152877346
-1.45815725982	-4.12708624552
-1.46776695635	-3.94094430708
-1.51123918115	-3.62121013391
-1.53368163697	-3.46303782082
-1.54933615533	-3.34288372348
-1.5415561584	-3.23974490018
-1.59490041315	-2.94781833127
-1.63813340562	-2.7243478189
-1.68801280798	-2.43798605357
-1.71430604779	-2.24971011658
-1.74936827774	-2.10931540947
-1.77460231801	-2.01166487627
-1.81033853088	-1.88054492946
-1.84589290173	-1.75412266378
-1.89024760005	-1.6661203574
-1.95005375104	-1.57586026732
-2.04459919306	-1.47721246661
-2.13591384647	-1.34426391882
-2.31002333901	-1.15117645089
-2.47066858817	-1.00511315137
-2.54110806357	-0.94615198966
-2.76412911918	-0.72831056389
-3.03202371277	-0.573575649196
-3.26761123891	-0.439106179642
-3.41985839772	-0.37741529649
-3.67669517276	-0.290567027867
-3.93251492458	-0.24522531717
-4.20195409106	-0.183363491946
-4.34038928906	-0.137681750114
-4.4163130476	-0.122773310557
-4.55907001532	-0.0692029242435
-4.73233492878	-0.0519157860036
-5.00180069532	0.0163125564728
-5.15609876376	0.00499094144842
-5.34859746914	-0.0271974919793
-5.55754992237	-0.0861438237967
13.1783249786	1.54370952419
13.4699100057	1.28333744097
13.6125477067	1.13203953791
13.6521720072	1.08017001066
13.7586224977	0.967383517042
13.9136538068	0.781530366109
14.1411224668	0.469974292696
14.2581649495	0.319700650766
14.3358993916	0.223070405585
14.5149646213	0.0602248789103
14.6771573038	-0.053135680681
14.782796381	-0.224517476398
14.8365078037	-0.32043833802
14.9137182847	-0.438887169959
14.9806534315	-0.546385160497
15.0366732491	-0.639996512886
15.1394374831	-0.833969420543
15.2051052511	-0.952480908442
15.315433339	-1.1150725313
15.3801825046	-1.21176194131
15.4206527679	-1.30936594334
15.4552539062	-1.50733210922
-3.38597624352	-15.979780518
-3.4835840729	-16.1635104192
-3.54542519117	-16.2516009821
-3.66111730653	-16.3317553316
-3.80526654465	-16.3974033002
-3.98684844331	-16.4891725868
-4.10422486549	-16.5205761724
-4.25243355159	-16.5644096466
-4.31490449679	-16.5829345995
-4.46952182524	-16.627559684
-4.67605606458	-16.7134325067
-4.84595282391	-16.7465892176
-5.13602112826	-16.8180158202
-5.32846711672	-16.8658400755
-5.51147689803	-16.9075746883
-5.64526447361	-16.9482549194
-5.85381011219	-16.9390265311
-5.98052849442	-16.9562863562
-6.07834193374	-16.9192202948
-6.26807407976	-16.8055806398
-3.38602293487	-15.9799065265
-3.10208524121	-15.9836200388
-2.95329607443	-15.9965358442
-2.81712586269	-15.932728778
-2.62833136674	-15.8793354627
-2.33245014738	-15.8142544773
-2.13920650758	-15.7792957316
-2.05178151071	-15.7393977313
-1.9349547832	-15.7086904239
-1.71948609601	-15.6645753106
-1.41482064836	-15.5855456331
-1.32218349765	-15.5497457888
-1.04078116206	-15.470331469
-0.784205235208	-15.3960378646
-0.541932452812	-15.3403534917
-0.34617584113	-15.294371793
-0.101093757543	-15.2121034811
0.0710736944899	-15.1575620053
0.226497961318	-15.1013059241
0.484461905419	-14.9819995479
10.8939139181	-10.435411356
11.0075774226	-10.3188739962
11.078106348	-10.229862429
11.1984350402	-10.0507232266
11.2763414409	-9.84710439488
11.4914208729	-9.64515934885
11.5002830446	-9.56034975491
11.5537940333	-9.40851268176
11.622322467	-9.18407370653
11.7060177292	-9.0807390406
11.7515517943	-8.95597984047
11.815971565	-8.81175526295
11.880217819	-8.61577226182
11.9658334348	-8.31887227792
12.051765571	-8.11319311843
12.1224285155	-7.8820091961
12.1779530013	-7.69719258357
12.2753897475	-7.33180271869
12.3551281666	-7.02437899586
12.3880847678	-6.92040919588
12.4673718744	-6.65573111374
12.5193735696	-6.48260702461
12.5813631221	-6.31084478023
12.6261336863	-6.13797150129
12.7623972982	-5.71744560713
12.8513162844	-5.49609350499
12.7991838978	-5.23977800682
10.8939193042	-10.4353994925
10.8427584856	-10.6682273577
10.7886629577	-10.8306720782
10.6874212152	-11.0414010749
10.6566860139	-11.1231688203
10.6185742628	-11.2161882401
10.5304377764	-11.3734144424
10.4761033204	-11.4800265303
10.4079328713	-11.6164455827
10.3470143874	-11.7498855384
10.179905716	-11.9918363101
9.98892583461	-12.1229112476
9.88474075575	-12.2445482915
9.8425794646	-12.3154649691
-3.95942929595	12.1879069648
-3.83285363722	12.4358942103
-3.76025509169	12.5815821961
-3.73569045576	12.6273661963
-3.68603950514	12.7760622805
-3.50610552663	13.1276303108
-3.2227559735	13.7038436021
-3.04851995289	14.1349753841
-2.98892421262	14.2805747332
-2.96712209254	14.5170082573
-2.97106575979	14.6947154323
-2.97977733753	14.8300349623
-2.95017923031	14.9469443723
-2.96898170147	15.1221445247
-2.97990578607	15.1956859143
-3.00887625643	15.3322768332
-3.03514883371	15.4624704367
-3.11416809981	15.603443522
-3.2410610407	15.7152414124
-3.43687282973	15.7943730555
-3.50447908788	15.8250067522
-3.58436922366	15.8349008139
-3.78534626085	15.8377525517
-3.89125104028	15.8324673326
-4.18786603805	15.6661863344
-4.30626783065	15.6286970501
-4.39901927926	15.5288867745
-4.52141726618	15.3184266767
-1.80579754764	7.39303537651
-1.82995090374	7.24884137086
-1.86817056842	7.0772973745
-1.91788845018	6.88163157719
-2.0105507362	6.43139089024
-2.05580331409	6.18532173673
-2.09883707606	5.85804756397
-2.13287479646	5.66623632389
-2.16450555769	5.50806603938
-2.19770334347	5.3305800089
-2.22029643287	5.1478020817
-2.20854792122	4.96758814706
-2.18661260843	4.75758539878
-2.17472234984	4.58353751389
-2.20726690523	4.46959966596
-2.16162109232	4.34269854439
-2.16163081832	4.34263519794
-2.04175907754	4.17237652911
-1.92607594954	3.95525393532
-1.80984274888	3.74045068621
-1.64562197431	3.50778343319
-1.48863577518	3.27560753247
-1.45495609043	3.22387322906
-1.31570905023	3.02476322491
-1.15218114396	2.7653185774
-1.09370362368	2.65933376204
-1.043540343	2.56208200517
-0.91370102137	2.31405422178
-0.822954040879	2.06809165025
-0.721775482203	1.83553869994
-0.588230705611	1.50958675412
-0.430040501687	1.18967158643
-0.320908911668	0.995729356752
-0.164372631791	0.766927219103
0.0364671182234	0.530404395274
0.206054301104	0.320104043651
0.348564633297	0.144441390485
0.534621478341	-0.115466333196
0.70633150312	-0.394821258065
0.901200300466	-0.623619081741
1.08099320563	-0.860715103364
1.16660952608	-0.97735441654
1.29607041945	-1.13293268752
1.41928562766	-1.29143131697
1.55377672618	-1.4615475608
1.62832068784	-1.5566360354
1.72456808015	-1.63134442658
1.84710629193	-1.76566265542
1.94218114171	-1.98829042836
2.02122003078	-2.1103057386
2.11108416236	-2.24061558935
2.18322904958	-2.34640185295
2.2924376999	-2.50344568497
2.33394572564	-2.56500968153
2.4696892533	-2.75948525225
2.52932194992	-2.85206665015
2.57978027768	-2.94547695505
2.66528617975	-3.09206813189
2.67836657359	-3.15335017179
2.73443158292	-3.24861090939
2.81385436237	-3.39957802008
2.85077154602	-3.47112257096
2.93915883141	-3.62206446075
3.01829701355	-3.79577118749
3.07489998003	-3.9972360877
3.20884103343	-4.14062054884
3.26159785493	-4.32914008765
3.3159842775	-4.48491730467
3.32757888113	-4.50789557056
3.40736162079	-4.69104716748
3.52672286005	-4.91481925818
3.63531389617	-5.08679154846
3.72350033309	-5.25965319467
3.78109836293	-5.37460667155
3.88061587633	-5.51802240257
3.98690927324	-5.67136222988
4.1716395327	-5.94383296366
4.33682885901	-6.18001597399
4.46840819763	-6.38236830523
4.60314393165	-6.58465931668
4.81099488461	-6.86110008408
4.93208167797	-7.03346048574
5.08559662637	-7.25119250035
5.17786172991	-7.3623228299
5.24659463643	-7.45900616572
5.33984566383	-7.59097220044
5.43432846838	-7.72251235872
5.60524864821	-7.93855915497
5.76337088486	-8.15075196734
5.93656625185	-8.39177798956
6.09074601332	-8.61652975193
6.15121847632	-8.70583158622
6.28272367736	-8.9357501033
6.33426010211	-9.08455492674
6.4612940906	-9.26868689651
6.58676236031	-9.41935179796
6.72209301711	-9.60933748318
6.83549465868	-9.76380828816
6.97619008859	-9.92040728828
7.1786031286	-10.1345911555
7.22574267872	-10.2221156173
7.38658611856	-10.4644211481
7.52341624514	-10.6962611439
7.63553264574	-10.898382719
7.84349622908	-11.1994085308
8.14169257462	-11.44599492
-10.2497998175	-3.63440513387
-10.45420946	-3.53128811538
-10.6159182583	-3.47505587368
-10.8354058013	-3.42310464586
-11.0813596871	-3.3307799039
-11.3049187255	-3.34363571272
-11.5177358244	-3.40852272685
-11.6641786908	-3.50803570874
-11.8579573864	-3.67682059903
-12.0026082876	-3.79613832081
-12.1041012578	-3.96335992212
-12.1628920265	-4.06194712594
-12.2174866105	-4.15397290107
-12.2589384658	-4.26369588793
-12.2983629644	-4.38225214331
-12.3415688899	-4.51874744718
-12.3749022537	-4.61216600768
-12.3906428071	-4.73755095477
-12.4242065049	-4.92401792866
-12.4432587729	-5.0875362454
-12.4678450134	-5.2382661813
-12.4884445551	-5.4119519375
-12.4983904856	-5.56256629515
-12.4639464805	-5.7164721388
-12.4453809344	-5.82436035374
-12.4482419081	-5.95321893313
-12.4420474241	-6.16507533544
-12.4334310119	-6.33551328141
-12.4212576434	-6.48021726779
-12.4038261291	-6.64257215857
-12.375074869	-6.89823105539
-12.3390196637	-7.14857822671
-12.3125667815	-7.33379308223
-12.2907536119	-7.45579492825
-12.2588667162	-7.64211938743
-12.2049881489	-7.897216189
-12.1650490011	-8.07757180275
-12.1193630567	-8.28495942177
-12.084980994	-8.4082526701
-12.0412973356	-8.57808237382
-12.019983156	-8.68310341392
-11.947491131	-8.89490316782
-11.9052667698	-9.02387947182
-11.8773600094	-9.11253304892
-11.850613293	-9.19167424902
-11.8067879377	-9.31467617021
-11.7462581395	-9.46251463203
-11.65656523	-9.68484927916
-11.5605251578	-9.85108760299
-11.4820653039	-10.012475815
-11.4162426109	-10.1368231826
-11.3147272738	-10.3164544991
-11.2186167676	-10.4842522209
-11.0941230881	-10.7002800695
-11.0501647237	-10.7751759713
-10.899773761	-11.0299456849
-10.7857263847	-11.2205546015
-10.6359463495	-11.4639825948
-10.5442926564	-11.6111207991
-10.4240141023	-11.7969006225
-10.32696527	-11.9489485422
-10.2734224355	-12.015994528
-10.2306309184	-12.1054377612
-10.1341237239	-12.2672155059
-10.0408840443	-12.4298406872
-9.88387219778	-12.6577475996
-9.81968389674	-12.7865113351
-9.74792554544	-12.929299573
-9.68077714787	-13.0705277953
-9.57197797255	-13.2979009347
-9.53472318096	-13.3790769513
-9.47547541881	-13.5176394518
-9.37241050992	-13.7573154514
-9.32320763751	-13.8743938763
-9.25599906405	-14.0312607558
-9.20567355064	-14.1488587642
-9.13092926126	-14.3325449617
-9.07098007211	-14.6039004951
-8.97592455264	-14.8410381988
-8.9064142826	-15.0183775256
-8.87850963256	-15.1233662776
-8.8443257771	-15.2123548172
-8.82702719452	-15.2590909419
-8.78204166651	-15.3608239845
-8.73458777662	-15.4717167478
-8.68783183289	-15.6469918066
-8.67938974272	-15.6904814327
-8.62806961638	-15.8469328779
-8.55850756804	-16.0068925882
-8.49810828401	-16.1529707484
-8.45205282096	-16.256356422
-8.45973150922	-16.3990793138
-8.4117013933	-16.6894026882
-8.42735049498	-16.8807643797
-8.42954838506	-16.9826126727
-8.44507527769	-17.036417294
-8.54920276032	-17.175380643
-8.57622120914	-17.2811170322
-8.62584501053	-17.4454398057
-8.77854281366	-17.4703054775
-8.8835841618	-17.5892778933
-8.96415917076	-17.7171416137
-9.03349503118	-17.8193029801
-9.12351262666	-17.8712731262
-9.23528530219	-17.9597724506
-9.36779576935	-18.0310334453
-9.59544818082	-18.0939938449
8.02298660919	-11.3359531786
8.01014598315	-11.3282375133
8.05223420967	-11.2362472071
8.12015066826	-10.9141375631
8.2402343751	-10.7213069187
8.30747759979	-10.6399578786
8.37683595645	-10.5651921397
8.53289054343	-10.4978381619
8.70376395746	-10.4167608171
8.75347798013	-10.3017971408
8.84643225141	-10.076859103
8.02324819663	-11.3361040003
8.12055503433	-11.4273846973
8.14173721657	-11.4460033946
-5.67589784579	5.63890913196
-5.72236132906	5.3736323204
-5.6652859955	5.01549963324
-5.60688942884	4.70371376014
-5.56827061432	4.53053547152
-5.48283287262	4.17182492588
20.5886123568	6.6964184466
20.7763047952	6.59027321904
20.8625835173	6.56329480598
21.017514193	6.51195692746
21.0909022209	6.46861221303
21.1494168407	6.39505896285
21.2382700465	6.29433287917
21.318306871	6.17984765229
21.3678154546	6.02621559978
21.3861064351	5.99354457997
21.3761016102	5.85067560431
21.4095902938	5.68402899707
21.4642333656	5.29877487813
21.463891237	5.21029390517
21.4604646527	5.10943015275
21.4377026889	4.96981299026
21.3715479383	4.75003430865
21.3687392924	4.52602900072
21.2852170756	4.36777852636
21.1672951583	4.21220043957
-9.59546104991	-18.0939953043
-9.85193711271	-17.9740986983
-9.93720112789	-17.8847348886
-10.0837888359	-17.5926732365
-10.1515503365	-17.4748887979
-10.2233451879	-17.4422249853
-10.2823041186	-17.3590153733
-10.3341889101	-17.2854584871
-10.4072857391	-17.1396036353
-10.4897533491	-16.9972118279
-10.5486710465	-16.8976550053
-10.6585311161	-16.7211642204
-10.7649950141	-16.5467840237
-10.8345877446	-16.4305261144
-10.8899407314	-16.3260454668
-10.9795091479	-16.1316461105
-11.0608437295	-15.9739376353
-11.114883685	-15.8708623093
-11.2452283827	-15.6309079568
-11.3799055026	-15.4518394004
-11.4470352868	-15.3179403099
-11.5182444567	-15.1948542233
-11.6020020248	-15.0477294546
-11.6656095914	-14.9222746842
-11.7367838251	-14.8092856766
-11.8124556037	-14.7219894476
-11.8743549662	-14.6416187988
-11.9805965299	-14.4888493101
-12.0186738675	-14.3515444162
-12.1115548518	-14.2369667586
-12.2535594841	-14.0716119091
-12.3178140043	-14.0097826691
-12.4450822286	-13.8786739953
-12.5188148595	-13.7893272962
-12.8132933278	-13.5515464685
-12.9446865163	-13.3699342557
-13.1267391444	-13.156382684
-13.3179924973	-13.0356170414
-13.4721153546	-12.9519289202
-13.5516264962	-12.9129659008
-9.35509917004	-6.84244940765
-9.4331205657	-6.98973216114
-9.49604375896	-7.16586037036
-9.56419209464	-7.3424022548
-9.54352897767	-7.55380644787
-9.55069755351	-7.75404450704
-9.50591851573	-8.0307085209
-9.45085135194	-8.25540892922
-9.41121508295	-8.40902823392
-9.36649267566	-8.58622786297
-9.34099985477	-8.67107100756
-9.28890084939	-8.81113649522
-9.2215254949	-8.96356857483
-9.08332442805	-9.23065698497
-8.9655660456	-9.4364508093
-8.82533472203	-9.68366742047
-8.6323336897	-9.97933321692
-8.46684623663	-10.1655784968
-8.44217740301	-10.2097417071
-8.34976345326	-10.300171428
-8.27028776801	-10.3745679043
-8.16004118084	-10.4672120057
-7.90876546279	-10.6812401189
-7.72190514055	-10.8220003027
-7.5472061339	-10.9381088189
-7.33242758782	-11.1191097343
-7.20057479479	-11.214572837
-7.16161783999	-11.2501661987
-6.98997193104	-11.341403317
-6.87342858953	-11.4164636291
-6.72139711794	-11.5288584299
-6.57471545626	-11.618645823
-6.43959952384	-11.7404952087
-6.37487464997	-11.7823464083
-6.29175764508	-11.8324466638
-6.14118197523	-11.9759258904
-5.97839500924	-12.120635991
-5.87347273571	-12.1427820302
-5.68821664163	-12.2092285327
-9.35511082304	-6.84250124101
-9.21952168422	-6.77104580039
-9.102089446	-6.73141780592
-8.85497601939	-6.67355625202
-8.74370711591	-6.66809691204
-8.68533767092	-6.65843960422
-8.60870837181	-6.62268110523
-8.43664147956	-6.56527972053
-8.37428507369	-6.4453772524
-8.27187933478	-6.38908946622
-8.19460591463	-6.33895552208
-8.10715742058	-6.28579176867
-8.01582185878	-6.21433493965
-7.81911016087	-6.05018914842
-7.67445331313	-5.92609079739
-7.54088083506	-5.78263451836
-7.43497295066	-5.60399709419
-7.33328216906	-5.36695602838
-7.2610813307	-5.19683239506
-7.22071528208	-5.04121014089
-7.19708783718	-4.95347319441
-7.13967584007	-4.71952673014
-7.10114895697	-4.57312207397
-7.09633823755	-4.39284130087
-7.09055726547	-4.31912887559
-7.06219029276	-4.1759447341
-7.05907703875	-4.07830425198
-7.05249999517	-3.95749228702
-7.0513963332	-3.80256888753
-7.042806668	-3.65317804671
-7.03486373149	-3.58211088906
-7.02968822107	-3.50962415013
-7.01603300029	-3.3526991874
-7.00191412963	-3.22589036773
-6.98146363982	-3.1210855623
-6.94336603261	-2.90805942076
-6.91670488596	-2.79052238242
-6.89142971301	-2.69404330638
-6.81102575339	-2.46139551546
-6.78219749269	-2.35435905151
-6.75821335808	-2.24146508861
-6.69510119077	-2.06116521771
-6.66239422667	-1.96468893948
-6.5736865128	-1.75825258632
-6.49879404926	-1.59439517685
-6.42719764218	-1.45135195427
-6.3489469842	-1.31584308191
-6.22905037574	-1.11258566186
-6.15848149731	-0.996522041416
-6.08210517208	-0.886893705207
-5.99185832733	-0.705647244895
-5.94677759148	-0.606234449765
-5.86485063308	-0.499758454526
-5.78223473913	-0.385990016527
-5.72463308222	-0.272094412899
-5.67357136138	-0.239700294309
-5.55750941693	-0.0861912581003
0.484436342893	-14.982029773
0.333161144023	-14.861827175
0.195120824629	-14.6800090775
0.134906954227	-14.5750547858
0.0237173797535	-14.3690318203
-0.0913367860773	-14.1916311883
-0.12175831341	-14.0723533706
-0.223290061972	-13.9657620731
-0.297895765558	-13.8207786311
-0.356682594168	-13.6390086204
-0.392289269818	-13.5756122169
-0.455808462027	-13.4202685664
-0.489048979632	-13.2972746327
-0.51545338535	-13.1991456047
-0.553048470078	-13.0042791766
-0.575307478611	-12.8649112433
-0.584528713706	-12.7667443355
-0.578364184471	-12.6538403341
-0.566353286573	-12.5560789237
-0.544255546915	-12.4681232378
-0.509191369813	-12.3747213446
-0.476462353113	-12.2810952043
-0.412191032407	-12.191349182
-0.27719003802	-12.0723827243
-0.0759835957786	-12.0025707722
0.185457359712	-11.9506904653
0.475088045777	-11.9597697209
0.570455095543	-11.9797900191
0.814760027129	-11.9764530747
0.96385551377	-11.9624850449
1.06833982002	-11.9701617328
1.32657300662	-11.9027685159
1.60679888162	-11.8168764587
1.83234599435	-11.7663064568
1.98964895363	-11.7325546875
2.11215227503	-11.694364448
2.20921526867	-11.6497218276
2.24252839703	-11.6341602127
2.36518223081	-11.5759975223
2.58571941967	-11.4654991806
2.62573554836	-11.4350037186
2.65454273052	-11.383087145
2.748347295	-11.275810741
2.95984655285	-11.1376891807
6.72601950269	-12.0421755318
6.32178866826	-12.0906772595
6.19355706364	-12.0777274977
6.02001769924	-12.0393931838
5.85267829288	-12.0059710627
5.78921327837	-11.9711783937
5.5815776037	-11.9090038198
5.43396206984	-11.8902159384
5.17066993295	-11.8595257802
5.00200450267	-11.8261189055
4.74103508231	-11.7835890821
4.58579812327	-11.7563699372
4.44760986447	-11.7292156691
4.29052524724	-11.6754154829
4.2239273336	-11.6713085919
4.05705501949	-11.5846049812
3.81616130931	-11.4858477168
3.67994086824	-11.4318733614
3.5981536626	-11.3947540571
3.3668825143	-11.3076611512
3.13858993694	-11.169737075
2.95987744594	-11.1376128024
12.7991575251	-5.23981047022
12.7081347653	-5.13289362618
12.6484721762	-5.06880914421
12.4472693289	-4.94662849447
12.3240079096	-4.81708405154
12.2213765344	-4.78242337447
12.1404153984	-4.74406278404
12.1271362853	-4.59357550502
11.9501082543	-4.48190697729
11.7536217421	-4.39187946893
11.6575716919	-4.37987614268
11.5395449705	-4.37076952964
11.4769244372	-4.38770814992
11.3239158476	-4.39849570734
11.1378011702	-4.4106906296
11.052987439	-4.43169967094
10.9113032877	-4.47114171115
10.8344207701	-4.51008138485
10.7164022404	-4.55735984147
10.6464079722	-4.60573127229
10.5248515684	-4.67582133196
10.4609188978	-4.72146815211
10.3361312329	-4.8178132435
10.2126377326	-4.90192967571
10.0153398643	-5.12288482848
9.84455986047	-5.32334269572
9.63831084772	-5.52874788522
9.53972874661	-5.60380084794
9.42194243298	-5.71618009476
9.35416656976	-5.79022035362
9.24576304085	-5.90042029486
9.19934202343	-5.95415032375
9.06994763	-6.12724278606
8.8926753727	-6.29742378579
8.6301003934	-6.57265075177
8.41757565414	-6.72699962091
8.32395436532	-6.7912831843
8.24269786108	-6.88317644791
8.14428776074	-6.94615655856
8.0198601765	-7.05246422668
8.02029149365	-7.06354553152
7.99370612244	-7.04758076918
8.05502112914	-7.14209919281
8.09398838142	-7.23053347471
8.22059552	-7.53187208305
8.24699555845	-7.71446932291
8.2818036432	-7.85175512658
8.30341553656	-7.96008187509
8.32046542365	-8.03243835264
8.34061693613	-8.16926282767
8.35740138604	-8.31221976152
8.35988062725	-8.39116913724
8.3701817585	-8.58567804076
8.42663477029	-8.90624952597
8.44111814448	-9.08175023576
8.51332551848	-9.24344107303
8.57054888219	-9.46008502105
8.63600800418	-9.52159525056
8.70353344501	-9.63686964559
8.7823692016	-9.84549314438
8.84660374087	-10.0770532261
