1717 0 0
-3.3090792973	-10.7191061396
-3.42704740276	-10.6782360809
-3.52759207012	-10.6654669509
-3.56351850211	-10.6702153751
-3.69663042705	-10.6865282804
-3.78353580948	-10.6926629761
-3.83958334845	-10.6913763458
-3.89699031753	-10.6968746121
-3.93191462417	-10.6879066956
-4.04137548643	-10.6243292258
-4.1287778721	-10.5370968961
-4.18732133711	-10.4710302501
-4.22731490685	-10.3559823008
-4.26948546356	-10.2404793786
-4.34752058847	-10.2212569701
-4.35577267135	-10.221018608
-4.37499060543	-10.2013708362
-4.37508983011	-10.2015816704
-4.31347791782	-10.1507714018
-4.25153330996	-10.126674599
-4.10580528474	-10.0806748634
-3.92373475244	-10.095224237
-3.6339407708	-10.0712359728
-3.4478373372	-10.0636978441
-3.26674942522	-10.0288023842
-3.1549741343	-10.0257543329
-3.06829138681	-10.0419316382
-2.8982343027	-10.0472439383
-2.7947117147	-10.0880612054
-2.66902739838	-10.1264705333
-2.61200303325	-10.1220104107
-2.51290691484	-10.1419896764
-2.44288977921	-10.1723220152
-2.37781035397	-10.1943388294
-2.33189259265	-10.2058770122
-2.28302955446	-10.2121863636
-2.23025609864	-10.2276759001
-2.14609095299	-10.2266236685
-2.09732434174	-10.22060014
-2.01682268297	-10.2045535454
-1.94700210393	-10.1765082817
-1.86722035878	-10.1005031105
-1.78868204936	-10.0137448681
-1.72386304857	-9.92729979619
-1.65005705332	-9.85899393976
-1.60884767129	-9.75312686332
-1.60884767179	-9.753126863
-1.69575539912	-9.62671551379
-1.71749106006	-9.51350174489
-1.75072300361	-9.40986063064
-1.80554779713	-9.21320675837
-1.86033602879	-9.12732266309
-1.87881567361	-9.03506575045
-1.89295486335	-8.97205893338
-1.91959036658	-8.88722096749
-1.92480441459	-8.78983113526
-1.95375049961	-8.73449166184
-1.96670419235	-8.67767688089
-1.99186381947	-8.5850327231
-2.02970296149	-8.44763407278
-2.06028344807	-8.30163444837
-2.07418503849	-8.17586091543
-2.0964123032	-8.10270620309
-2.11697049309	-8.01406338101
-2.12716241076	-7.97383568496
-2.13914909117	-7.91612031963
-2.15390324932	-7.85805809314
-2.16014407253	-7.82930812012
-2.16231566598	-7.82114167476
-6.16661807201	-6.55217052925
-6.1650456958	-6.55321336169
-6.15409852058	-6.54732924179
-6.09838257617	-6.51035398882
-6.05138527286	-6.48896723257
-5.99935738953	-6.45032330416
-5.96384613344	-6.43386234359
-5.92916215077	-6.42859337695
-5.90543153695	-6.42905688094
-5.88639737386	-6.32943812027
1.62814958539	-9.30488014906
1.45569405672	-9.48118842031
1.37351850687	-9.52723389821
1.29366439687	-9.57080635258
1.19546374418	-9.61264665838
1.07035966354	-9.66816143029
0.964597364649	-9.69472198103
0.793364991602	-9.75992268667
0.554801235947	-9.79386142111
0.454626569763	-9.80143439145
0.34770234033	-9.80575628619
0.256229997024	-9.80668327869
0.094026050412	-9.80453820091
0.00175225551258	-9.79952359095
-0.116040531704	-9.77853557839
-0.244126106852	-9.76141775442
-0.353290392561	-9.72527301699
-0.526367392436	-9.66203951807
-0.601745219857	-9.59376649742
-0.631002555498	-9.5193581864
-0.645967894592	-9.3743855433
-0.641515352964	-9.18710842338
-0.616396041693	-9.02070555171
-0.588721515678	-8.92679007384
-0.531266446505	-8.8193559673
-0.46771590894	-8.70521815102
-0.33296586275	-8.55362777792
-1.37631254494	-7.37332111842
-1.38790677222	-7.39996128544
-1.39931784302	-7.42814740245
-1.42699490665	-7.53166291497
-1.44519593461	-7.58558475804
-1.46155800302	-7.71869141378
-1.46919515903	-7.80867738115
-1.47126660389	-7.98797478214
-1.47415169063	-8.11543585445
-1.47637889099	-8.23518542545
-1.47789724623	-8.34722293034
-1.48689153951	-8.50014007392
-1.48470874979	-8.81100206398
-1.47020456125	-8.9987029448
-1.4502761922	-9.0831360754
-1.45286081429	-9.19447007387
-1.45089041127	-9.22801113415
-1.46970182509	-9.37624431562
-1.47050777736	-9.55051969663
-1.48730864876	-9.64095183309
-1.51126959745	-9.70064478437
-1.52910508854	-9.72529538016
-1.55314194241	-9.74849757206
-1.60884767129	-9.75312686332
-3.75659033	-3.31132350873
-3.78300144312	-3.47144666143
-3.83806555937	-3.61813819612
-3.87447734925	-3.75817529703
-3.91521922754	-3.91149047072
-3.9513906968	-4.08066005397
-3.97229981698	-4.22687195231
-3.9795647349	-4.29712996108
-4.00624337139	-4.37307418535
-4.01424136103	-4.45717044313
-4.01811172937	-4.57450546183
-4.01927144652	-4.74329570569
-3.99278082264	-4.90008877712
-3.98286339477	-5.09470689317
-4.00156185051	-5.18622392064
-3.98234822625	-5.36238388792
-3.97265409665	-5.44742441723
-3.96157822749	-5.53233087412
-3.94601200874	-5.6918316054
-3.90961932938	-5.86503338645
-3.88051841698	-6.0367370136
-3.86368512738	-6.12773918729
-3.85680343185	-6.16471009848
-3.84172302728	-6.26444296998
-7.72375633853	0.259032546449
-7.71643856675	0.277822419613
-7.70706894242	0.302549944436
-7.69597944895	0.33245599208
-7.68419713387	0.363361926049
-7.66118209272	0.423830285459
-7.64673781549	0.462563209244
-7.63094025487	0.504879781226
-7.61720075818	0.542152484524
-7.6019085437	0.584580965494
-7.5732173795	0.659377761343
-7.55425101867	0.707648825953
-7.53058161443	0.793975127182
-7.48922611397	0.846304699571
-7.44359412508	0.949350543057
-7.39539566071	1.12751185458
-7.35491500797	1.28130522916
-7.30367980194	1.43110820282
-7.28624467165	1.4981154721
-7.26342471015	1.57561102963
-7.24579634498	1.63985180537
-7.22984931135	1.69797995357
-7.20821618467	1.77346894098
-7.18648312545	1.84513229335
-7.14808900144	1.95928567667
-7.11569222579	2.04130057685
-7.05312903406	2.17872880879
-6.95002128265	2.36633581728
-6.90811713447	2.42949763969
-6.89052167728	2.55372197755
-6.84744408203	2.61406511638
-6.79995700173	2.69858289643
-6.76466092191	2.75899221439
-6.732633827	2.80010191748
-6.62935879275	2.91922953254
-6.53048267349	3.02768882051
-6.47643132597	3.08462047729
-6.4350284383	3.12927128163
-6.3688376437	3.20266130636
-6.2849371435	3.30156895657
-6.22064151349	3.37533792886
-6.18197093624	3.41434942275
-6.15234564406	3.50884741422
-6.0751978642	3.58560474729
-6.00874351705	3.69405972166
-5.91153899083	3.84813351647
-5.85044849813	3.98987576054
-6.13764862787	-0.962263229814
-6.13913249769	-0.884718355088
-6.16154173064	-0.75030338735
-6.17014964441	-0.695456595086
-6.17818811977	-0.593343344501
-6.18276763513	-0.484392426956
-6.17547862591	-0.297902310418
-6.18531849571	-0.132097181436
-6.20614286737	0.0631746027096
-6.21618775742	0.19773035671
-6.22883444358	0.312481778479
-6.24464404695	0.434997466453
-6.27619519881	0.527549373563
-6.28807181839	0.630815464155
-6.32752448286	1.04952586699
-7.98411489265	2.59182525896
-8.03496072976	2.76350365702
-8.0767286793	2.92686132866
-8.10390956788	3.05526765745
-8.11183428526	3.13031450337
-8.14820081769	3.28617137525
-8.15344893805	3.37170800635
-8.161203353	3.43847478309
-8.16064335867	3.56681872815
-8.13602812478	3.68835174927
-8.1299871183	3.80508789628
-8.11921448516	3.95313124965
-8.10316517614	4.11753378132
-8.48265555765	1.57331986178
-8.4807390962	1.56507891857
-8.4803668936	1.57037017076
4.22402437594	-3.15413922421
4.13597927883	-3.13392876702
4.0455010557	-3.04522823012
3.92739361172	-2.93001618129
3.82378886028	-2.83487661538
3.66482041353	-2.66707443927
3.62123722461	-2.62602061758
3.54119281385	-2.52965225799
3.51131828383	-2.49388190959
3.45722180328	-2.43578966698
3.43011519676	-2.39002235443
3.35643923929	-2.28713229481
3.28139433106	-2.20356780477
3.22215534737	-2.13887199862
3.12250365032	-2.03258089031
3.01848238024	-1.93410798397
2.96411877965	-1.87406468487
2.8909177348	-1.7902407507
2.8111909356	-1.69714600347
2.66801825443	-1.54410811702
2.62680637475	-1.49311555803
2.60020530309	-1.44325885577
2.52614687463	-1.36118035949
2.44715654103	-1.28546042274
2.38612199683	-1.20578422749
2.32638740908	-1.12231496167
2.29344846939	-1.07502454555
2.20771575295	-0.954192886077
2.14782402969	-0.864205986498
2.08486040312	-0.766066759021
2.04329316388	-0.700504243519
1.99402567975	-0.618170279724
1.94286229517	-0.543936396066
1.9066163288	-0.481778050959
1.8759044339	-0.433861711217
1.81025484738	-0.331544054463
1.68486099393	-0.170221592044
1.58748122179	-0.00397994307317
1.55919768097	0.0604025888293
1.49209083116	0.150238867329
1.42118638189	0.234023395395
1.34756505356	0.30096834345
1.29428516476	0.344593033815
1.23182895462	0.399649392532
1.1516438729	0.469226116723
1.1071697592	0.481212125408
1.00393603933	0.525635407815
0.913964298572	0.561964401761
0.839833634491	0.584513368362
0.769643932549	0.598031665399
0.684001524806	0.613507212669
0.595454383955	0.633336438149
0.540074240739	0.635732968669
0.43474570066	0.633665343857
0.295015236597	0.622746769278
0.150086626726	0.602113586849
0.0448906977039	0.57442662039
-0.123896981304	0.54518252298
-0.186687076525	0.518301367988
-0.311124021421	0.478067734089
-0.446039485027	0.430153331312
-0.564932081911	0.387668577057
-0.697171338251	0.33444572274
6.30171447213	-3.6899559409
6.32216314741	-3.76285569492
6.34486534312	-3.82394708216
6.35248337354	-3.90161595878
6.36143605223	-3.98065819554
6.36165646067	-4.1529952606
6.37157205741	-4.27756586617
6.35379976435	-4.37274731625
6.35333046109	-4.45803390095
6.30914386138	-4.54423158687
6.29376913275	-4.60648784951
6.26654615201	-4.69791251208
6.25214130679	-4.85323542319
6.23622985047	-4.89216852066
6.18963706166	-4.98496450738
6.06263202989	-5.19717461361
5.93201520548	-5.35442487275
3.33893205414	-5.78097837044
3.23484235397	-5.85350478957
3.13607456203	-5.9163282464
3.0066504471	-6.01510834291
2.88716043573	-6.10402555828
2.78648047189	-6.16716958256
2.73142200038	-6.20724445915
2.60909653018	-6.29205057056
2.44811842008	-6.39325131191
2.3486508484	-6.45898396801
2.27824557993	-6.50341862398
2.1989248549	-6.550201207
2.10372289201	-6.60959780284
2.00338888424	-6.66687651992
1.91820652249	-6.72051687798
1.82794323157	-6.76512548244
1.71891796686	-6.8188173126
1.66851949514	-6.84028943001
1.62712084121	-6.86144942625
1.58180869327	-6.8845426713
1.48984457207	-6.92016704006
1.44034597596	-6.94625585361
1.37283731946	-6.97837144609
1.2541790954	-7.03453755296
0.999026801609	-7.13347892712
0.775277064732	-7.23492395118
0.568917516989	-7.33063985961
0.407741362587	-7.4122401545
0.287184682249	-7.48581076558
0.138203012149	-7.56531537826
-0.041072681495	-7.67285922737
-0.0947937297896	-7.69437705889
-0.201748148945	-7.81022526183
-0.281766939121	-7.90327896279
-0.325783456384	-8.00901119535
-0.382648571292	-8.12672270461
-0.418519486668	-8.21079286237
-0.449225721819	-8.29481475624
-0.441003780733	-8.42256291009
-0.332958828399	-8.55361593426
-4.47966548801	3.52926372089
-4.47965697339	3.52928440636
-4.47965467824	3.52929380854
-6.96997413491	5.90239653975
-6.96609325346	5.92983428444
0.972136044967	10.4974533736
0.972121117591	10.4974138754
-1.19814697101	9.52799912424
-1.13795885652	9.54605453725
-1.12586609525	9.56552535244
-1.06415779991	9.57323815965
-0.947030258523	9.61311749748
-0.847621018554	9.64072290795
-0.746021514471	9.63227575262
0.742237404293	5.09339740637
0.869808124679	4.94693955916
1.00607596895	4.83201543643
1.10457240538	4.7454442354
1.20176507473	4.64496217702
1.32556173241	4.52796716385
1.42304250185	4.44506504373
1.47781820225	4.3998032391
1.55905713687	4.33538109844
1.64968794747	4.26492279787
1.70968273559	4.21948320744
1.76543717915	4.17743280627
1.81469209913	4.14054734178
1.92094802573	4.06321036695
2.01659170569	3.998233413
2.15259230625	3.90211451014
2.24750700749	3.83816499694
2.29091159611	3.80976131195
2.35141216539	3.77304982862
2.43847118429	3.7163150733
2.54244647633	3.65082026288
2.61521953628	3.60571357534
2.65290199543	3.58270486355
2.72823949878	3.537893785
2.79444708517	3.49959191508
2.92485779258	3.42528828543
3.0388097918	3.34677635983
3.11878515458	3.31227091562
3.2215123639	3.26052099747
3.29036881824	3.22730382882
3.40065423342	3.17504060682
3.5593802649	3.08777114236
3.62893873002	3.05409211938
3.71936010936	3.01247245863
3.78679280012	2.98152041672
3.83849247861	2.95850469289
3.89047793524	2.93605664723
4.06982393682	2.85414602984
4.09799059814	2.85320676936
4.17881217114	2.82565533696
4.24732091515	2.80212129263
4.44049699139	2.71769748065
4.56226529044	2.67108173624
4.66848163734	2.6327517867
4.73117683025	2.59785866378
4.81725301373	2.57464671698
4.93449884409	2.55357025076
4.99039326602	2.53959298428
5.11581612985	2.50467401398
5.1804620302	2.48816669671
5.30813159537	2.46875855895
5.43703637789	2.46107349661
5.58933840673	2.44158681696
-1.86823426598	7.48313834166
-1.92724904619	7.56590750758
-1.98077987881	7.62948580094
-2.02534256493	7.66534552197
-2.16352473921	7.77180555229
-2.22587087514	7.81720620624
-2.25407779294	7.87494222107
-2.26932271773	7.88709432915
-2.29741203646	7.91692515356
-2.33337034895	7.94987087046
-2.40638019788	8.02556878547
-2.45612599631	8.07242498453
-2.50363931237	8.08554718207
-2.53696019047	8.14071637084
-2.5912198796	8.21382484322
-2.63854311036	8.28390748958
-2.67124291976	8.33506570896
-2.70536792403	8.39102853774
-2.73100616413	8.43569551335
-2.77369479353	8.50364996003
-2.80862463786	8.57271629447
-2.84697571593	8.64131927767
-2.87035161028	8.70114114586
-2.89475831101	8.7743417525
-2.93074060019	8.89290784444
-2.9419128582	9.00275345788
-2.97924249358	9.07409300869
-2.99195891691	9.11400116091
1.72975382834	7.65794451657
1.61245682575	7.70561145442
1.45667628182	7.70677745098
1.3920570471	7.70796946263
1.34010589874	7.70905850317
1.25411409925	7.70759438655
1.17061428412	7.70492629143
1.09008791149	7.70206393054
1.00151688988	7.69531878012
0.850375148662	7.73312740603
0.694386547763	7.73393955623
0.594538509925	7.73391970605
0.455479704519	7.75309090815
0.288007289053	7.75616726059
0.179082859392	7.76018247564
0.069514666767	7.7797895765
2.85486867594	7.40430567089
2.81535469707	7.29436828973
2.80885396212	7.23389485631
2.7957230887	7.17098698716
2.8104620421	6.95079376969
2.84260440275	6.88711008554
2.8752990985	6.79158271543
2.89834983422	6.72549995173
2.92969091045	6.63449955363
2.96194765144	6.56405094446
3.01198168637	6.4229953728
3.04776141365	6.3518792525
3.07996608338	6.28887903214
3.13094201167	6.23180457096
3.16174211568	6.10554639379
3.2055781211	6.04729657398
3.23698751884	6.01752923834
3.31704563825	5.93543472643
3.38350104706	5.87484646105
3.45642028919	5.82328156943
3.52638701188	5.77168513265
3.582829657	5.73857055843
3.69466378631	5.69015441709
3.73895397341	5.67586110894
3.79626977193	5.67495401077
3.82853951042	5.67644758438
3.88773194858	5.68488375358
3.92121658378	5.69058931759
4.018878786	5.71728829323
4.13529835935	5.75487638381
4.26461654587	5.79409040107
4.35530116172	5.8280636383
4.44263260086	5.8617579248
4.50085324699	5.8889951354
4.61271346614	5.96899030385
4.86634589082	6.0264038913
4.96834999142	6.04519888461
5.09461553421	6.06431404587
5.28063203857	6.09439455236
5.36007020548	6.09575764749
5.63097619453	6.12997493069
5.68880213544	6.14222867869
5.83625357661	6.15611034689
5.72586110268	8.32660604015
5.74521666883	8.21066648733
5.7923329931	8.09891878367
5.85101559999	7.93772056909
5.89292876272	7.8351764732
5.92399570698	7.76235347732
6.01936757128	7.66057503457
6.12225318329	7.58159494062
6.26502657067	7.47954866315
6.53221565046	7.3184962193
6.71022105448	7.21320492097
6.82022582789	7.13742105568
6.91569067653	7.03780258599
7.00347432306	6.92546932271
7.08263466728	6.77446920125
7.12259805502	6.68676427216
7.15181339153	6.59899975338
7.18597242303	6.49733399044
7.22045294179	6.3757128117
7.26032084897	6.22691002348
7.30206771135	6.06839703494
7.3443678147	5.94748874277
7.35929057521	5.76602991471
7.38366702836	5.59790381442
7.39870016026	5.49482344189
7.41126012764	5.44394591133
7.42777850134	5.34029632037
7.43742464349	5.25697446856
7.40075679015	5.11287855731
7.42263095054	4.97108018201
7.44145567017	4.79564080161
7.4702298149	4.57485371452
7.48709503235	4.43130561145
7.4962717225	4.36113367707
7.50546884304	4.28046808137
7.51632308956	4.17342326536
7.53643846976	4.0520600552
7.54359404518	3.97226582627
7.55196833671	3.86316951365
7.5574301819	3.76901424742
7.56115519716	3.71101627113
7.56478920423	3.61875305933
7.56763014386	3.49380604427
7.56749148815	3.38779140522
7.56787271163	3.27992250365
7.56281958852	3.11521107678
7.55580034912	2.95888271936
7.55196397117	2.825988382
7.5333827496	2.53150438578
7.5154232365	2.27951288163
7.49415012701	2.17204581696
7.46561640469	1.95238238773
7.44850053907	1.74092667254
7.43909468622	1.50512465576
7.43564273796	1.43014140515
7.42735012089	1.28884852748
7.40518292998	1.05459146754
7.39636340866	0.959660993464
7.3710584809	0.72546584306
7.37162936777	0.363131889567
7.36376397316	0.278199001192
7.36366387772	0.190319309513
7.34769020614	0.0699099187281
7.33421885185	-0.080552138177
7.31313125575	-0.245871641677
7.28989109317	-0.412221730908
7.27525310209	-0.523290886992
7.27015197388	-0.554487873687
7.24211904285	-0.690611589698
7.17316110637	-0.780073761677
7.15291035546	-0.930318939803
7.15251878359	-0.942045529744
7.12352702312	-1.13867769838
7.10212011581	-1.26662959763
7.07099132355	-1.41916513825
7.05631936119	-1.48963868231
7.02452521098	-1.6293408596
6.96802829193	-1.85700819096
6.87023676762	-2.18602725227
6.84986684137	-2.25402932929
6.82269594196	-2.33343686513
6.73351849527	-2.6382735717
6.68520517336	-2.74702446179
6.65244377745	-2.83751785417
6.61257143501	-2.91791497326
6.54484728444	-3.08304383741
6.48724242675	-3.21981460626
6.45521450746	-3.35583330977
6.41893855722	-3.44217510742
6.38920420921	-3.51268286306
6.3415379365	-3.62087307965
6.30154615115	-3.68997058645
6.24106037492	9.66693276805
6.16837558396	9.68432971931
6.06128356998	9.72327319811
5.96960416067	9.78512551463
5.90187513493	9.80627786653
5.85567653094	9.82033542045
5.77146024647	9.84413343515
5.63890345607	9.7928885889
5.51667745181	9.74365107817
5.45064200994	9.71560851908
5.33740017147	9.67223313005
5.27557290611	9.63853704859
5.17460312318	9.60430242021
5.06118706222	9.54031141642
5.05764803724	9.53695002407
5.01720655373	9.51580033538
4.98571599925	9.48900716844
-0.500108497864	-3.91184475084
-0.421005472775	-4.04915795938
-0.212193715538	-4.29778698035
-0.00724558436382	-4.57212527934
0.0828354401197	-4.68942814668
0.200391936126	-4.81758520735
0.29913439025	-4.92007690074
0.333866435966	-4.95096482049
0.398829467738	-4.98825100753
0.449110909124	-5.01397875546
0.518509357473	-5.03976679553
0.587295373807	-5.07255573661
0.599365779106	-5.07858195063
0.738619342011	-5.1343876027
0.830405352827	-5.17828019566
1.00044057626	-5.25054203919
1.14240370824	-5.30183567369
1.3834202396	-5.43242336993
3.56176946292	-7.7890454722
3.64187976447	-7.90887511555
3.67111621716	-7.96339651975
3.68045187089	-8.00823272733
3.69084324389	-8.09467371091
3.69128357286	-8.14324189629
3.68930906988	-8.19566966045
3.67950132309	-8.29332737144
3.67429333835	-8.36948623901
3.68260947696	-8.45151192439
3.65492992327	-8.60240921189
3.64571414962	-8.73698901882
3.61850696912	-8.82892361253
3.59190163951	-8.87664129985
3.55628558018	-8.94925345222
3.51200951102	-9.03774457
3.47711594777	-9.07724384693
3.36515814239	-9.2318953785
1.78205237744	7.65492276266
1.72978314443	7.65802389997
7.00375380704	8.32237997673
6.94716729	8.42505679041
6.94803710825	8.5117219192
6.93226400848	8.57279526101
6.9093668365	8.64266263303
6.8934745861	8.73709745802
6.88864145139	8.80620575423
6.85879357651	8.89976541304
6.84444217652	8.95998819065
6.82523266107	9.01617434437
6.79336847483	9.07862474865
6.73947411694	9.16238536082
6.69520238933	9.22909601579
6.7070443818	9.33062129768
6.66913309964	9.37097276246
6.62524378586	9.41181326074
6.52689525631	9.49633796128
6.47078392787	9.53038942559
6.37287992892	9.59985450442
6.24268877456	9.66707708378
1.63882487132	-8.27024754676
1.60241972588	-8.37934867816
1.59749695364	-8.50406480691
1.60114838705	-8.65071376715
1.59762661789	-8.77404713362
1.60020286549	-8.84491594335
1.601022894	-8.94325674571
1.6074237122	-8.98906613478
1.60685765562	-9.09017570895
1.62820075224	-9.3048834915
4.35928529384	-6.0098303368
4.42058030901	-5.92412302057
4.57505347529	-5.71544913544
4.70115417399	-5.56893807705
4.79777054369	-5.38419311693
4.85525923018	-5.28592615386
4.89729189129	-5.1974589009
4.98029030637	-5.03745373834
5.02952111345	-4.96456407912
5.07043973748	-4.89850471627
5.12450381736	-4.80478288831
5.20405324298	-4.68314568817
5.2785904339	-4.61097321959
5.33243192537	-4.44824903579
5.45264967313	-4.32920284343
5.52417881985	-4.23173784869
5.61747394633	-4.14354611817
5.659992771	-4.10342471416
5.81619491701	-3.97784899729
5.99907147312	-3.84715796216
6.13076001409	-3.75582741103
6.18649422338	-3.72522941869
6.30155111352	-3.68995551101
5.35631123298	-2.05259748976
5.35372555924	-2.05787467024
-6.00686164049	4.35402619521
-6.20030171619	4.38898469713
-6.28066848494	4.40060789167
-6.33865278267	4.39894959291
-6.407369102	4.40335579288
-6.4685251882	4.41970443695
-6.53651577327	4.42230600788
-6.61610597689	4.40188266838
-6.68277178755	4.39437020873
-6.78807659625	4.40656048155
-6.82405885638	4.38046010841
-6.87303760964	4.34382904275
-6.93212682264	4.30618755772
-7.00770255	4.24221035368
-7.09787084466	4.16234034268
-7.1662939915	4.12991573563
-7.26842118465	4.08102717321
-7.35982960773	4.06124477782
-7.45725983777	4.04724785607
-7.56363475814	4.04109438776
-7.69723949219	4.04669906179
-7.79259818404	4.04230710076
-7.84692753399	4.03177835451
-7.94206513271	4.02664038234
-8.01083043177	4.02826253061
-8.0352850315	4.02681497308
-8.05850284108	4.04069880614
-8.10316952499	4.11748166082
4.98517637246	9.49301992107
5.01701327906	9.38472062421
5.07097733119	9.29759515467
5.11543604453	9.23686254534
5.23833073451	9.067866374
5.32874519588	8.9643570367
5.38364682075	8.89467247911
5.45813102293	8.77530524827
5.53917553735	8.64025999439
5.63188073866	8.46521494779
5.72586110268	8.32660604015
3.36515814238	-9.2318953785
3.31749569879	-9.21883943079
3.22689162312	-9.18482583201
3.14648050232	-9.16739462303
3.06433695292	-9.16363229113
3.01563542363	-9.15504364106
2.9028909501	-9.12577069603
2.78598666765	-9.1154010723
2.68176259246	-9.12012906533
2.57333044051	-9.13546689764
2.49238608723	-9.16522400097
2.39104160819	-9.20231414599
2.29772554518	-9.23063209452
2.11055296052	-9.26788621579
1.95130513629	-9.29928178139
1.84288238014	-9.31670886157
1.73671862004	-9.33574807103
1.62813412407	-9.30486795584
-3.64647752325	6.49036955584
-3.78726869449	6.52368116325
-3.92047297591	6.53575143256
-3.99693285853	6.5147009071
-4.07105225813	6.50252481983
-4.2117110103	6.51753264706
-4.32647212135	6.53901292553
-4.34297001976	6.5388309414
-4.56974307797	6.52453205765
-4.66542029085	6.51890984848
-4.82451866962	6.51089462936
-4.88709826133	6.50037631216
-4.9602403874	6.48749949221
-5.04375336925	6.47270823299
-5.16873554899	6.45709641332
-5.25504580693	6.42924779484
-5.40793578499	6.39333842873
-5.47980138138	6.37660790322
-5.60355615474	6.35008394005
-5.70080251967	6.32555413429
-5.78212811743	6.30458586573
-5.85820738463	6.28562645241
-5.91954415452	6.26983272631
-6.02718206038	6.23491378847
-6.07034812758	6.21580164356
-6.19695254523	6.18391835224
-6.26596327336	6.16771776743
-6.34559420583	6.14456152133
-6.47841318802	6.09687212495
-6.62907410158	6.04304551628
-6.69834950885	6.01187792701
-6.77431460818	5.97889916519
-6.84942228915	5.94425450603
-6.96979227548	5.90342310152
-3.84171906738	-6.2644421873
-3.8614815432	-6.35011731945
-3.89777063777	-6.42983586275
-3.97749213753	-6.64250017389
-4.02077389297	-6.78557589502
-4.03122258732	-6.84913734546
-4.05240944035	-6.88841527326
-4.07698176257	-6.96305983521
-4.11403873765	-7.07886207248
-4.13195610717	-7.23646353801
-4.14632861123	-7.36057234339
-4.16629442299	-7.450824505
-4.16446907145	-7.54192535291
-4.166543596	-7.70770634919
-4.16430977105	-7.82930245429
-4.14005194103	-7.99039274179
-4.13184024838	-8.1433306531
-4.11614741216	-8.22655812301
-4.09891926342	-8.27429366795
-4.09478251732	-8.32687455352
-4.08488902295	-8.35575013267
-4.03422309973	-8.45768436534
-3.98954125865	-8.5844805721
-3.94991794241	-8.68813330789
-3.89086657337	-8.81444491341
-3.81141821124	-8.94342214293
-3.78727820311	-8.98461155194
-3.7552295207	-9.05667920675
-3.78656755294	-9.1263535107
-3.70282367164	-9.25129477769
-3.65405436748	-9.35433384477
-3.62639566867	-9.44776577083
-3.6138083466	-9.51110045799
-3.56537627707	-9.63543804329
-3.52132044286	-9.71540906181
-3.46070484836	-9.97016717572
-3.39842822687	-10.2811992952
-3.34495827211	-10.6110141858
-3.30912207842	-10.7194193791
-4.31943300197	4.9851710483
-4.45116915398	5.03254611333
-4.52406140211	5.03596919769
-4.61096030726	5.04904145069
-4.7045746277	5.05846867686
-4.88416619165	5.05894350599
-4.96234758184	5.05757571311
-5.04426673093	5.06932307123
-5.12783788297	5.05051800736
-5.22972926157	5.03624722489
-5.32122349628	5.0064155736
-5.42395217079	4.97348812566
-5.51868769108	4.94300939958
-5.69252659223	4.80010904565
-5.76411581235	4.74868321996
-5.80391334643	4.70695682741
-5.88538452286	4.58496829228
-5.90600100884	4.55425923874
-6.00686164049	4.35402619521
-0.124424276351	-1.82263024383
-0.228236286445	-1.66923087893
-0.276164709165	-1.58934169883
-0.339003496963	-1.50865522888
-0.38893849002	-1.43726444695
-0.432212484705	-1.37519251058
-0.473207793986	-1.32243883832
-0.5247467096	-1.22820350837
-0.558562903801	-1.16686216923
-0.573338618319	-1.07273230273
-0.611490024032	-0.996972272846
-0.641946381861	-0.924846282617
-0.681586432187	-0.831046552224
-0.71960927388	-0.718471033702
-0.752019975704	-0.624227443372
-0.771650400382	-0.470484461437
-0.792947032333	-0.282103919176
-0.798515121125	-0.103773440693
-0.798034130946	0.068116656765
-0.803028785516	0.150153258285
-0.783496299275	0.203003403923
-0.697176289104	0.33443835383
0.019545297244	-11.1860641737
-0.0523795315435	-11.1441369661
-0.181874285181	-11.0962125379
-0.275401961896	-11.0588733256
-0.440780838715	-11.0020979119
-0.548952247939	-10.9798207144
-0.82620592174	-10.9426844869
-0.93108378169	-10.9399641133
-0.988105956655	-10.935155073
-1.09150799699	-10.9364712265
-1.20887065528	-10.9486715562
-1.41587543263	-10.972982996
-1.55799479982	-10.9941066687
-1.7793103663	-11.0283437658
-2.11657018576	-11.0613480897
-2.36033962277	-11.0509030466
-2.47846912552	-11.0442230662
-2.66778819715	-11.0224807925
-2.79127087336	-10.9753148807
-2.92087932408	-10.9405939271
-3.06476625035	-10.8914891506
-3.15491178363	-10.8479895718
-3.30907929732	-10.7191061396
5.58932940905	2.44157513043
5.67696952102	2.5779473966
5.7181724231	2.6412109682
5.76615297405	2.72607465403
5.7783239334	2.75530354932
5.806988853	2.86410663071
5.82543112076	3.01604559344
5.83430464027	3.06097553767
5.86941860558	3.23520172108
5.89978629312	3.34214932138
5.91047581888	3.43459139468
5.91861817049	3.50100196519
5.93649501981	3.55800992164
5.95155707393	3.64742015145
5.95594228408	3.72090304795
5.95718979331	3.89644107944
5.96525202889	3.96346585884
5.96844367441	3.99255301012
5.99048762218	4.06196781273
5.99471167559	4.16656404516
6.00638399287	4.28083702397
6.01128025014	4.34518802071
6.02764557028	4.54195435869
6.0583070963	4.59535227141
6.06675741801	4.66995734518
6.06479498394	4.74658274855
6.05859429211	4.87459548216
6.03201409003	4.98063619007
6.05103889233	5.07962735676
6.04974464352	5.11374356483
6.04685501123	5.17778656039
6.04136562992	5.22940507902
6.01118762971	5.47068869029
5.99215327246	5.59086158134
5.97164626077	5.73194573195
5.91256273009	5.90713004626
5.88741263594	5.97072198188
5.84943855117	6.07301384699
5.836796289	6.15607053239
-4.37513989802	-10.2015597936
-4.46701353051	-10.0933127252
-4.57983671415	-10.0376784137
-4.63854289251	-9.96813667986
-4.7187587607	-9.86931826588
-4.76739397876	-9.81488061218
-4.84847195299	-9.72833431657
-4.88717052649	-9.67450495003
-4.92144129829	-9.62030898164
-4.98410274646	-9.53386658068
-5.07465502565	-9.36436329618
-5.1567637456	-9.24159702945
-5.2029849086	-9.11891717613
-5.25236266415	-8.99070144253
-5.29570953508	-8.87333284347
-5.34446276855	-8.74447951768
-5.38341044206	-8.62551782316
-5.41832627739	-8.56429367239
-5.43625794405	-8.4806160902
-5.45789252559	-8.39976990798
-5.47934833308	-8.27181119345
-5.50329309471	-8.14990543798
-5.54029658013	-8.05585678078
-5.55491872844	-7.97129092993
-5.57072141782	-7.86876872296
-5.58962293144	-7.7642593979
-5.59705837076	-7.72040820021
-5.60597467534	-7.67569822989
-5.61539011912	-7.61720258919
-5.63185145188	-7.56416407434
-5.65536875265	-7.51289828404
-5.66749803597	-7.45452761204
-5.68616291026	-7.36296833363
-5.70193522325	-7.28451466813
-5.71506079311	-7.20835986892
-5.72831483365	-7.15129856508
-5.78940307002	-6.78295142388
-5.80950449642	-6.69584929655
-5.81905945284	-6.63156754056
-5.83105141037	-6.58715616727
-5.88636765763	-6.32943100266
-3.75659037325	-3.31131877542
-3.8517423227	-3.17170624272
-3.93769013748	-3.0384947136
-3.97814101732	-2.97625078535
-4.03320585272	-2.88552219872
-4.07318227293	-2.82386369936
-4.16255179417	-2.68087120066
-4.25360519371	-2.52734792228
-4.33421561576	-2.39307050693
-4.3981695295	-2.29091332516
-4.46106712506	-2.18633198404
-4.52276909222	-2.09732532551
-4.5763424459	-2.03499371278
-4.66046985678	-1.94431970459
-4.7070227602	-1.89548664434
-4.73825388793	-1.8626674349
-4.80842999167	-1.78508811877
-4.88316853142	-1.7242194712
-4.98339497502	-1.63447545569
-5.12399351071	-1.54167761103
-5.22132795317	-1.46351462652
-5.3136373921	-1.39731796876
-5.4096271076	-1.33338691989
-5.54206799509	-1.26412905323
-5.63338694563	-1.21123406439
-5.75096905798	-1.14506941415
-5.81053186113	-1.11018742165
-5.88390387848	-1.04017497034
-6.01936096058	-0.982909151374
-6.13767118915	-0.962251977126
-3.75659036582	-3.31131827604
-3.64735815495	-3.30424060345
-3.54797893127	-3.30752311838
-3.36431351783	-3.30597947209
-3.25265761185	-3.32061939245
-3.17154201875	-3.28464821557
-2.97266217174	-3.29691796368
-2.78480466558	-3.29769708537
-2.61148922708	-3.32039575953
-2.48897765067	-3.33840226449
-2.25992972467	-3.35418667282
-2.15196000382	-3.38587341892
-2.06563265961	-3.40152146079
-1.84273325031	-3.46969981453
-1.74692667801	-3.49276757779
-1.53871766511	-3.55140007252
-1.44058911879	-3.57742323236
-1.32261705445	-3.61054727767
-1.00628548574	-3.71061492026
-0.86426492227	-3.76623225347
-0.76938737743	-3.79478319431
-0.673493322031	-3.85199583204
-0.604330270562	-3.86017059432
-0.500119994267	-3.9118770938
-6.13767281538	-0.962238308759
-6.19781824871	-1.09366827448
-6.24110823756	-1.21401856157
-6.30909843082	-1.35718183543
-6.33481799298	-1.47084670553
-6.34959740681	-1.64890020008
-6.37313355251	-1.8067836634
-6.36862456541	-1.99256232338
-6.36524750834	-2.05635055968
-6.36154125698	-2.11921391979
-6.35508361817	-2.22335754394
-6.33143197029	-2.47671338814
-6.33531981513	-2.55343964659
-6.31910908091	-2.72306693228
-6.29721495368	-2.94218924022
-6.2843966182	-3.06849016902
-6.25994865807	-3.29176047909
-6.21403869754	-3.69579980054
-6.18794851565	-3.91999811891
-6.16934302614	-4.07306629891
-6.14649524021	-4.26076700668
-6.13164680428	-4.34955681875
-6.11619326572	-4.466620091
-6.08913923807	-4.66830663147
-6.10787678017	-4.82516983149
-6.0874418905	-5.01670157548
-6.05584332782	-5.21510913357
-6.03119983621	-5.38282684315
-6.03172551586	-5.5407072821
-6.02720931254	-5.70336927636
-6.02021020298	-5.75685317283
-5.95963063069	-5.91610857202
-5.94638398973	-5.98833721286
-5.93648528547	-6.04454033416
-5.90835773189	-6.18114197543
-5.88639385631	-6.32943731054
4.22402660182	-3.15413111937
4.31337996083	-3.08326278358
4.38904117929	-3.03960397292
4.45811865942	-3.00425641099
4.57433067192	-2.88533827
4.61695266166	-2.84257042703
4.69596440601	-2.74256656376
4.738003955	-2.71068893147
4.8216002239	-2.6450014208
4.88012899621	-2.5875153762
4.94563330215	-2.523637883
5.03425787785	-2.4010577619
5.09615093654	-2.34183473126
5.13007787155	-2.30853175924
5.1868296594	-2.24680725998
5.31619416109	-2.08887549205
5.35371955696	-2.05788007271
4.22402437594	-3.15413922421
4.15007650861	-3.26129514953
4.13437080818	-3.34032708322
4.13283750355	-3.3961079201
4.10102315443	-3.57616876597
4.07861245093	-3.69870431375
4.0314448845	-3.9250819458
4.02314822723	-4.08209241834
4.0196881459	-4.1356006224
4.01402554461	-4.22481519082
4.03169294065	-4.30900746872
4.02428025363	-4.43739441326
4.03535866791	-4.54366844582
4.04089948247	-4.69959721473
4.06148991966	-4.86594454627
4.08495394676	-5.01408457418
4.12650289055	-5.22758122554
4.15122127779	-5.31787753611
4.17737903645	-5.39986866517
4.21874718971	-5.58464816065
4.26412662171	-5.73017727925
4.30064333804	-5.84220388821
4.35891800641	-6.0099981707
-8.10317575873	4.11752183193
-8.07821116113	4.24660511632
-8.05983374113	4.34202706948
-8.01812290218	4.46061229953
-7.9491570839	4.59272796789
-7.89609375535	4.69327062658
-7.78623091406	4.90906163674
-7.66047599697	5.10014481648
-7.57334421727	5.24078811316
-7.52382757571	5.29845500555
-7.30055932694	5.53346118058
-7.24721154582	5.63913531598
-7.17630795236	5.71116979328
-7.132977847	5.75523168531
-6.9697890911	5.90344583964
-0.697166782432	0.334461463153
-0.889105250427	0.399070769299
-0.960029555734	0.470040078007
-1.03218820432	0.523926862278
-1.13403630049	0.597479435143
-1.21289822955	0.678539469273
-1.25886185882	0.743389644924
-1.32440495879	0.822033331392
-1.3949265275	0.916500794592
-1.44415317071	1.00216974893
-1.48732255553	1.08319655768
-1.54269151282	1.16056513914
-1.56801603401	1.28097203386
-1.59439399355	1.35840976499
-1.61274401881	1.43831297659
-1.65528412814	1.57856516818
-1.67336571989	1.72082445987
-1.691734643	1.92978312589
-1.69810745471	1.99041639217
-1.68847990871	2.07350971943
-1.67894716291	2.18134258489
-1.6626330559	2.30655439651
-1.64283948013	2.42455247602
-1.61920078201	2.54124181474
-1.56689342004	2.73148802236
-1.50237703943	2.93883424023
-1.46118071304	3.07441675242
-1.40542669293	3.26039675834
-1.36835119384	3.37500896872
-1.31979206232	3.51149032981
-2.14685634528	9.80854848606
-2.04309040518	9.80480126684
-1.97393556469	9.79794351819
-1.94363124632	9.79357567362
-1.86092160672	9.77196718207
-1.77840943761	9.75356910952
-1.65256607727	9.71607046469
-1.46692822404	9.62440914773
-1.39026977015	9.58875394242
-1.34046930541	9.57138497476
-1.1984973538	9.52666750097
-1.1984973538	9.52666750097
-1.16987051091	9.49060768934
-1.14849238718	9.42277795333
-1.13556797907	9.39646819905
-1.07861874279	9.26393926721
-1.02357342424	9.16798867747
-0.988539142499	9.10245335035
-0.948375672993	9.03567224953
-0.864552182155	8.90452140212
-0.785592901074	8.78611019343
-0.760957051507	8.74194181189
-0.703350725388	8.64332645642
-0.649188917655	8.58739300065
-0.59415181962	8.50421875781
-0.540702241158	8.44526082311
-0.481900246743	8.40233031095
-0.438290120747	8.3499941343
-0.419597592133	8.30473425368
-0.394986551672	8.26975960076
-0.356909397158	8.22907495174
-0.332172647501	8.18798933516
-0.25186135929	8.09980505042
-0.197851470464	8.02261722885
-0.161364573318	7.97435969524
-0.147338988804	7.92377624669
-0.0440480934954	7.85157024451
0.0695378353808	7.77988016385
-1.86823426598	7.48313834166
-1.87259324644	7.38834417569
-1.87415813551	7.31157580898
-1.88023434818	7.25779099006
-1.88739839471	7.21923841136
-1.89362975605	7.15760066943
-1.90520684519	7.07064540272
-1.908975676	7.01819103234
-1.90366041503	6.92475491854
-1.89812706119	6.88658230117
-1.86539047445	6.80398238145
-1.8105217173	6.68505867969
-1.73711053661	6.55565012254
-1.7222962293	6.53647121188
-1.68586335213	6.50157336297
-1.65691625611	6.44880651845
-1.61223355186	6.41735548121
-1.58089769282	6.40110621616
-1.53425241899	6.38416844295
-1.46357223083	6.36462738697
-1.39795642412	6.35933008394
-1.34612545659	6.35172137564
0.861063804596	9.6706200277
0.972444136089	9.71635835434
1.18018678374	9.8489696381
1.28295240763	9.91027489144
1.34416171442	9.94514435603
1.39906274346	9.97599121658
1.48047445361	10.0190269124
1.57704714322	10.0660608305
1.660488074	10.0972058606
1.77599173572	10.1349433719
1.87329438198	10.163691236
2.05662063792	10.2065357014
2.15120580102	10.2242846908
2.25101478086	10.2366570544
2.32355176802	10.2441946499
2.42025618975	10.2508383805
2.51924943601	10.2677734652
2.56928855741	10.2672939484
2.65177770586	10.2684306634
2.75369851623	10.2660555628
2.8164979036	10.2634257699
2.89035173742	10.2592370622
2.97995911895	10.2517206634
3.12958444295	10.2401031905
3.23515983114	10.2262877784
3.37864152677	10.2054926476
3.43856240654	10.1976384688
3.51455057555	10.185660302
3.59367050026	10.1517490678
3.72470624267	10.1204264439
3.79093989822	10.0970693512
3.88770463977	10.0678093468
3.98264792177	10.0814911986
4.14673611946	10.0360908003
4.26056264979	10.0015880934
4.36381550151	9.96434167182
4.44228231175	9.93252365356
4.5445879737	9.84300695524
4.63604971138	9.79281558838
4.81109171359	9.65065497034
4.91181093075	9.52746925531
4.98599399235	9.48919311737
-1.86823426598	7.48313834166
-1.73519991082	7.54055496548
-1.64179407339	7.54960789002
-1.50108423565	7.55914356208
-1.4460211184	7.55681571489
-1.36918602148	7.55408281794
-1.29376832137	7.55117486286
-1.23993298223	7.54470025839
-1.11969793321	7.54244297145
-0.868391764191	7.50070496815
-0.674856753857	7.51109443218
-0.336132972527	7.55940411996
-0.226991657912	7.65629978689
-0.165973470535	7.69493125825
0.0695324407131	7.77986450687
1.72975382834	7.65794451657
1.99098375243	7.66602640853
2.1603988518	7.6490741263
2.27830965701	7.60677230679
2.3226301579	7.60041569828
2.35211555743	7.59510017737
2.45365359196	7.57527186998
2.55210493298	7.55395700567
2.66475057944	7.49733603567
2.70797478695	7.48616335518
2.85486867593	7.40430567111
2.85486867591	7.40430567116
3.01102123626	7.48105332895
3.08729325563	7.49905887442
3.15235284791	7.50982805476
3.22989661172	7.53344445125
3.33953485172	7.54982029664
3.38667595496	7.57129135569
3.46504789342	7.59946965877
3.54110838405	7.66647531658
3.60829254344	7.69202935129
3.83181861834	7.77047395057
3.90365161883	7.81871220386
4.02997828937	7.90966653307
4.13707042401	8.0179100624
4.22400433411	8.07623365137
4.28908531688	8.12143693315
4.33671369333	8.12318200348
4.39439895974	8.19989195337
4.48674338368	8.28320125931
4.54025829567	8.33604329306
4.60901732159	8.4000489524
4.6888996322	8.48065646385
4.79369602935	8.5773699015
4.88576935759	8.60191245015
5.00339820582	8.66262204439
5.81862407203	9.31790504561
5.90029889395	9.37976989421
6.03522353994	9.5557106076
6.14020052752	9.6602661576
6.16755731472	9.66447555956
6.19073673182	9.67083534669
6.22400227173	9.66743234594
6.24106037117	9.6669327609
5.83625403066	6.15609637896
5.84584366306	6.20754996016
5.88821045346	6.32204304798
5.90359484717	6.38148567697
5.92328619382	6.50462530864
5.94192117769	6.57257305624
5.97698628367	6.66042419616
6.01648778269	6.7841598098
6.07699968174	6.89598114312
6.12995837404	7.04693518829
6.18911712205	7.12578534742
6.40993239241	7.29941948286
6.52585764858	7.38193941377
6.66185144411	7.49730076648
6.80145916524	7.62924011933
6.84696792181	7.75173142179
6.90217163404	7.82284973702
6.93774120761	7.89342085457
6.95956556984	7.94688359694
6.98458112402	8.01738969768
7.00276974735	8.12724259756
7.01053910562	8.20300868168
7.00375380704	8.32237997664
5.72586110268	8.32660604015
5.81548740213	8.25230393614
5.84595576955	8.25391697094
5.89183489854	8.26030722574
5.93408715469	8.2590929203
6.02378711048	8.23502095009
6.15168057757	8.28052879869
6.25579125862	8.26334577019
6.33571900701	8.25352755945
6.44812943491	8.28583471167
6.5684193657	8.32658839361
6.7952431171	8.3720204914
6.84866883734	8.35367625515
6.94535251702	8.35537777407
7.00375380707	8.32237997669
-0.500079274333	-3.91181699185
-0.339776677674	-3.92027031835
-0.262671940156	-3.92805060728
-0.123776920657	-3.94669606061
0.0256023052332	-3.94888454959
0.273944112161	-3.92567156892
0.450974324747	-3.9321381601
0.591490850108	-3.9524169547
0.646508314724	-3.98368022481
0.77546684063	-4.01255814485
0.859998614388	-4.03440654977
1.02395554185	-4.0720047423
1.06670057884	-4.08236910834
1.10683694362	-4.09221958657
1.26169935247	-4.11948333409
1.40433958429	-4.14300826096
1.56996125974	-4.16013426869
1.67871740015	-4.15850955652
1.77893212352	-4.1314596133
1.85094815278	-4.08197610796
1.93419762386	-4.02706482123
1.99871729819	-3.97749703126
2.07126119198	-3.92369214656
2.10482341694	-3.88553290679
2.15661781626	-3.83161593141
2.1640031001	-3.74814772308
2.18372258268	-3.58530250437
2.18753634767	-3.53535775581
2.18911234505	-3.43988846505
2.18698181	-3.31066615034
2.14180255665	-3.21363131873
2.10505353342	-3.13596263904
2.08600443398	-3.10262692198
2.05457027209	-3.04125874307
1.99590271426	-2.95567720292
1.91980755002	-2.85708638232
1.83789321317	-2.75064719502
1.76824718051	-2.68437706863
1.58775331732	-2.49821996121
1.47701947244	-2.3732663597
1.392098026	-2.33439933435
1.2749105441	-2.28699532674
1.17520561315	-2.25350235634
1.06404799468	-2.195331923
0.980481179393	-2.18142217821
0.846693174208	-2.13320245224
0.775314499224	-2.11097907902
0.603247397516	-2.05345899787
0.493837079183	-2.01785510062
0.382701225658	-1.97406646276
0.212557533205	-1.91619639657
0.0810902086485	-1.85828056228
-0.124450390567	-1.82267758799
-0.332980375577	-8.55363554233
-0.0350218752832	-8.49359201929
0.169987504755	-8.42598903419
0.304482716201	-8.38534338676
0.333222721534	-8.37365443605
0.361299188014	-8.37640786357
0.4688178822	-8.33269142279
0.558024462299	-8.32901329276
0.767767818141	-8.28996817309
0.883881974584	-8.267898774
0.972551785117	-8.29297492809
1.06309648475	-8.29090433898
1.34635565975	-8.25989147166
1.44116852133	-8.26606051415
1.46310024313	-8.26598974671
1.63882487132	-8.27024754676
1.63891485191	-8.27022671593
1.78692392536	-8.17546569276
1.83666272717	-8.13829616351
1.92168590608	-8.08923589762
2.02855126746	-8.04501317599
2.11206637375	-7.97307023084
2.27537320276	-7.89906872496
2.37176792051	-7.83412078926
2.47868488317	-7.7702710553
2.57877176971	-7.70121337014
2.74420491997	-7.59333985985
3.08038057864	-7.3435275356
3.3590648669	-7.15208264396
3.44242365619	-7.12787607042
3.60263475271	-7.03195835046
3.77500322318	-6.92087329563
3.83767149903	-6.88298263783
3.93696165379	-6.81857505896
4.03913872352	-6.71350382485
4.08978825375	-6.61930792311
4.1741973603	-6.55309356942
4.24949359557	-6.40879127672
4.2927206427	-6.29466823901
4.31087843058	-6.20727342791
4.32596443656	-6.12771387144
4.35896233399	-6.00959065493
-6.00686164049	4.35402619521
-5.9838037839	4.1932954853
-5.9639260769	4.13458697964
-5.85037916128	3.98983464409
5.35375973011	-2.05787785644
5.39917868023	-2.00553731578
5.45284003319	-1.93402191294
5.53073900583	-1.84477579113
5.56668368526	-1.7841809532
5.63099129056	-1.66672074677
5.70220831107	-1.52699177582
5.75194572077	-1.43526607695
5.77627275545	-1.35833964555
5.80843176189	-1.21816085312
5.84293050743	-1.15382146116
5.85242188765	-1.06304489285
5.89109243	-0.945764776331
5.89934182097	-0.852960178447
5.90713138739	-0.766393205114
5.91805579841	-0.665572781453
5.92344261283	-0.606897477775
5.93040719612	-0.521978993913
5.93712104456	-0.459561915385
5.94351950669	-0.381871982445
5.95214540628	-0.276186964083
5.95484212964	-0.198195368038
5.96142785	0.00653698135207
5.96101890137	0.109133592439
5.96520652508	0.182289685446
5.96868315344	0.247556951646
5.96992338083	0.391154970325
5.96797617781	0.536243462394
5.96381526465	0.615211541702
5.96073618518	0.66732593264
5.95874775294	0.699624242777
5.95451242631	0.750722012956
5.95257184097	0.802614428902
5.94534541079	0.884408038859
5.93058440035	1.00346699885
5.92090971353	1.08624460431
5.91103285161	1.22759896456
5.91047266533	1.3114534506
5.90433979577	1.38105144526
5.86080615053	1.58107314052
5.80799519875	1.66343221904
5.78710594213	1.75584554036
5.77925138176	1.8900660843
5.77049679233	1.92920836555
5.75149786152	2.00025369499
5.72467646152	2.0532558548
5.68318262781	2.22040497864
5.63319585124	2.29565780971
5.6139372599	2.34864219808
5.58934015327	2.44159120989
3.36515814238	-9.23189537845
3.3012414784	-9.4305072067
3.16157371308	-9.65052251099
3.05475745344	-9.78812364518
3.04121069191	-9.80257277322
2.90273342719	-9.94721938394
2.68989916624	-10.144258268
2.52527076794	-10.2701073628
2.44251221984	-10.3297226642
2.41665431731	-10.3478459576
2.26784175073	-10.4446632926
2.12575278059	-10.530279509
1.91535619853	-10.6523443524
1.76224413889	-10.7044476781
1.62573205136	-10.7933823648
1.40815490213	-10.8584938541
1.22594117963	-10.9156971602
1.03066003229	-10.9716691326
0.77851811301	-11.0426709249
0.629815804291	-11.0751811636
0.320207665157	-11.1364951224
0.217073846173	-11.1511994517
0.0195619121262	-11.1860363108
-3.64579047713	6.49017904118
-3.61646389365	6.60586351358
-3.56936521448	6.69484858426
-3.52131663743	6.78637463851
-3.50959004429	6.85016217326
-3.50062288216	6.92712334132
-3.49292376163	6.97646321468
-3.48882636261	7.0431808479
-3.53348661805	7.25305256064
-3.55903728632	7.32748030552
-3.57204067568	7.3788894509
-3.61055986101	7.43613289591
-3.66026500634	7.53497892251
-3.71429854441	7.62330576066
-3.75295187106	7.6808646647
-3.79578581842	7.73689992266
-3.83486864514	7.77769467441
-3.90402935967	7.8572450439
-4.01996613925	7.91011363831
-4.08370513321	7.95309882107
-4.13358713625	7.99637963075
-4.17827879354	8.00552845912
-4.22241099335	8.04238929796
-4.25941912053	8.07570522449
-4.33542554778	8.09820801427
-4.39411032337	8.11781806727
-4.45859259621	8.13461594933
-4.50744839778	8.14576626756
-4.70076913177	8.16728903832
-4.83715197044	8.15834177189
-4.90978472939	8.14973741237
-5.01239744498	8.13424826039
-5.09096145447	8.11945768825
-5.23893773751	8.09173258135
-5.25745240575	8.08759297986
-5.34908574707	8.06635204304
-5.4386664476	8.0408867163
-5.53275451194	8.01298644698
-5.66425788096	7.94492820979
-5.80889780649	7.88910818926
-5.88848556955	7.85362618557
-5.93832245855	7.83172589962
-6.05870161355	7.77239278603
-6.18837204434	7.69707790747
-6.29245403835	7.62953679317
-6.36962237019	7.56928085399
-6.39753377835	7.54977408927
-6.4693660594	7.49377765312
-6.50652944667	7.464439319
-6.54799528436	7.42748657473
-6.61073845318	7.36534042229
-4.12724796932	2.26689282469
-4.10690278299	2.13193391718
-4.09095038096	2.03116849813
-4.07802661526	1.89749767129
-4.04431922493	1.72118306612
-3.9942398152	1.50007021441
-3.98122174723	1.44594263526
-3.97224896351	1.39448123625
-3.95907251047	1.34123118392
-3.94598331777	1.28324129369
-3.91381727693	1.18369711363
-3.88348853802	1.09168732696
-3.84326590071	0.979999282178
-3.80769826047	0.878017091819
-3.7815930198	0.787925588688
-3.76454241146	0.734098739995
-3.73574261847	0.650555347815
-3.70553011089	0.567447882164
-3.65728867979	0.422343569288
-3.62580309914	0.338038487522
-3.59245767721	0.245214975425
-3.55249679546	0.133209329173
-3.51910443024	0.0400400212595
-3.4718467281	-0.0919036635691
-3.43061849484	-0.205490233242
-3.40099813199	-0.271339814897
-3.34683273245	-0.410155887243
-3.32423392399	-0.476017985562
-3.3016091818	-0.524240492667
-3.27842070775	-0.576393245901
-3.21743197201	-0.759045680977
-3.17724086429	-0.865958243859
-3.12799167119	-0.980076266619
-3.09253199042	-1.07858050461
-3.05632849068	-1.15272445462
-3.00222471249	-1.26926643939
-2.96756530132	-1.35518598485
-2.92259478414	-1.4259412428
-2.87492421697	-1.50319171263
-2.81959837758	-1.57574865468
-2.67323755262	-1.75344241496
-2.55714704307	-1.93347677217
-2.44717705376	-2.02547746183
-2.3880141223	-2.07123533671
-2.32435371821	-2.12017427194
-2.26181938195	-2.16157493211
-2.13422101986	-2.22850190533
-2.06725538636	-2.26068593904
-1.83853437636	-2.34606936459
-1.70617201324	-2.3983452245
-1.57778111668	-2.44158883963
-1.51228941813	-2.46247684846
-1.42947261278	-2.48767506835
-1.35843247497	-2.50990149305
-1.25324876004	-2.52758876102
-1.10548986172	-2.54826608938
-1.05524059829	-2.54723816209
-0.992873020176	-2.54439840836
-0.852579813059	-2.48594856551
-0.733160399437	-2.39177027201
-0.652132794803	-2.32581823532
-0.474921893349	-2.16036861822
-0.31716394642	-1.99031379505
-0.307377972431	-1.97816016135
-0.124447167638	-1.82265364663
-3.64579093602	6.49016473965
-3.58144486985	6.41253417561
-3.50306792215	6.2955574512
-3.47356663726	6.24185598676
-3.45031755588	6.19211801078
-3.43751082785	6.15195934271
-3.42773720536	6.07760936307
-3.41764073739	5.99944587612
-3.42186658303	5.92389131223
-3.45130006475	5.84206932401
-3.47114500332	5.77673191519
-3.49736373207	5.71156484924
-3.53896093342	5.63517964439
-3.53545413626	5.53829768424
-3.624596052	5.44995136748
-3.72727151229	5.37067899873
-3.76945808993	5.33826227425
-3.8739748181	5.28110412716
-3.93278241737	5.22829994726
-4.00274943576	5.1952850952
-4.14485620028	5.10070776986
-4.23576422977	5.02889118411
-4.31943300197	4.9851710483
-3.84176649841	-6.26445340206
-3.79678148164	-6.29477944544
-3.70648264359	-6.31978454866
-3.57708120394	-6.36400307089
-3.39434050786	-6.44166797682
-3.30540702507	-6.48864850975
-3.19307441066	-6.55432066227
-3.12909393868	-6.58887849461
-3.09703781975	-6.60906741186
-3.02198272299	-6.66037834743
-1.62040793759	-11.9861966714
-1.50905341095	-11.9907964935
-1.45654046843	-11.9945067253
-1.39553003325	-11.9973324645
-1.30263454064	-12.0018704225
-1.24787154268	-12.0125657115
-1.15273203859	-11.9864635893
-1.06790611031	-11.9584789779
-0.946978769731	-11.9361835044
-0.773325607748	-11.8596801498
-0.721849167902	-11.8353352528
-0.582692990275	-11.722180231
-0.517389962769	-11.6861048784
-0.43819394649	-11.628969593
-0.316297704679	-11.5312264254
-0.242431408654	-11.4603483016
-0.190242322444	-11.4065704555
-0.112210585138	-11.2897905763
-0.0935475720842	-11.2631658331
0.0195521858376	-11.1860498419
-4.31943300197	4.9851710483
-4.34073430325	4.87952595858
-4.37078006602	4.81591641775
-4.38083372971	4.79199479892
-4.44112313826	4.72650947191
-4.49840510038	4.66983954064
-4.57645004972	4.55773417229
-4.68328845663	4.45114541713
-4.76458735067	4.37557546381
-4.80867066176	4.33190806518
-4.8949307524	4.24606074337
-4.9655205406	4.201812102
-5.11832338359	4.07504933211
-5.23072744952	3.9795209399
-5.37834285232	3.9626557103
-5.42056996284	3.94923854901
-5.50257692869	3.92985764535
-5.65649903276	3.93219505702
-5.7503217379	3.96428860809
-5.8503802727	3.98983346451
