1717 0 0
1.64773149194	-14.5867328932
1.61187232944	-14.8698298054
1.58105852943	-15.0207803329
1.5480035654	-15.1145862963
1.52326408308	-15.3030526689
1.53339001849	-15.4162828374
1.54505919959	-15.4956076953
1.45360741077	-15.6255978861
1.48530199151	-15.6933593286
1.54502509398	-15.8252605274
1.57161266557	-15.9365448314
1.65823477072	-16.0501236156
1.70198072618	-16.1897461786
1.75163354261	-16.3326374167
1.77146857843	-16.5763029559
1.84029937103	-16.6701076742
1.8507413771	-16.7562321985
1.8507413771	-16.7562321985
1.9968312256	-16.7855975041
2.11854185802	-16.7644670453
2.27759373198	-16.7395261645
2.47751484436	-16.6484859879
2.70276195123	-16.5795336615
2.82390035569	-16.5326887797
2.96075263302	-16.4822275643
3.06786774368	-16.416999392
3.16288625057	-16.36604939
3.33732210736	-16.2435397378
3.44138960394	-16.1015450002
3.56681749601	-15.8823106814
3.57914231653	-15.780329776
3.56735797152	-15.6760991461
3.54209317093	-15.539161231
3.51275605112	-15.4364511624
3.48340165428	-15.354397123
3.5070953436	-15.2973055247
3.49749885289	-15.2120781193
3.40226374969	-15.0208182318
3.44361865494	-14.9469479704
3.45295445812	-14.8120741694
3.50055822536	-14.7221421573
3.6113934953	-14.6098580684
3.69837857242	-14.4628935404
3.83953436433	-14.3672565038
3.91790002723	-14.2429369297
4.10127368098	-14.2057530584
4.10132385529	-14.2057615351
4.37095229538	-14.3487743715
4.53906105184	-14.3731591225
4.61959241659	-14.4349642767
4.7953858709	-14.4464014421
4.91831078189	-14.4733939263
5.05810088286	-14.4912358086
5.15175890862	-14.4953067953
5.28266203865	-14.4528314287
5.39737042627	-14.4175163893
5.49408462099	-14.3981359799
5.57229712852	-14.3909103483
5.69109016809	-14.3957890256
5.8872670356	-14.4511223748
6.06485322387	-14.5161948554
6.18217151398	-14.5693988501
6.26313687882	-14.6383694971
6.33703549941	-14.7287303921
6.33914219935	-14.7769112607
6.30948457672	-14.8347261017
6.33430307257	-14.8884215058
6.35373785101	-14.911453854
6.35863821855	-14.9177464467
-4.48437032864	-12.878073493
-4.48247812284	-12.8764034846
-4.46585521823	-12.8624251802
-4.39382212834	-12.7949469193
-4.28679327813	-12.6976813631
-4.15568690425	-12.596361488
-4.05031805847	-12.5302284358
-3.96324562617	-12.5532413602
-3.87553015001	-12.5058572637
-3.84502683207	-12.2864760206
7.11839213528	-9.99403890693
6.89335851364	-10.2493966124
6.83800031306	-10.3691908569
6.77167997895	-10.4543458339
6.70870884307	-10.53474409
6.59909636413	-10.6691394855
6.52315133863	-10.7781847801
6.42568153192	-10.9592164061
6.30985769316	-11.1708382079
6.26233469995	-11.2657858058
6.21846218758	-11.387804647
6.18980996998	-11.4821694316
6.13409189708	-11.6239729661
6.11576348672	-11.7410821899
6.10539532871	-11.9001966195
6.09880339889	-12.0750096849
6.0870487283	-12.2166503382
6.04077174259	-12.6206599892
6.01336415039	-12.8664052362
6.02013968721	-13.0124072455
6.13251663161	-13.1318797289
6.30139417943	-13.2183802588
6.55973384642	-13.2811304534
6.70366948514	-13.286107636
6.8691393005	-13.2411376917
7.04863319862	-13.1548007703
7.33022294086	-12.9794243776
5.03123007074	-12.3759057564
5.0133839556	-12.3884203133
5.00404187618	-12.4013996005
4.9600611646	-12.4486526742
4.89276740496	-12.513460463
4.80771983153	-12.5926166684
4.75336837124	-12.6332501784
4.65355780484	-12.7138796333
4.5765995319	-12.7371235268
4.5227317775	-12.7995323931
4.45670618686	-12.8508026788
4.34744745177	-12.9178345819
4.19346905076	-13.0673752179
4.11960402562	-13.1857647296
4.07795128226	-13.2400251877
4.0048646455	-13.3267873998
3.99446766413	-13.3436518257
3.95090875321	-13.4674392073
3.95017368746	-13.6834002618
3.94836269212	-13.8359916418
3.96710194848	-13.9922742656
3.99415364142	-14.0106515951
4.02513324608	-14.0850616321
4.10126671526	-14.2057265816
-3.43212691177	-6.01929335752
-3.4035921267	-6.25833414545
-3.38485249952	-6.52537061876
-3.33580963324	-6.72888493247
-3.29275542965	-6.94418642582
-3.2073116348	-7.26731694155
-3.12719945217	-7.49662526636
-3.09394695075	-7.59580781855
-3.01019875525	-7.8348096479
-2.97820063028	-7.98108358176
-2.89769053125	-8.17307521079
-2.77526646484	-8.4411502932
-2.66112124198	-8.67236419128
-2.50789118086	-8.94653255032
-2.40353714319	-9.13067089481
-2.25070038804	-9.39723327858
-2.20142258789	-9.48401685364
-2.11474069142	-9.59450831057
-1.99227669102	-9.75740845214
-1.88506046349	-9.97102098251
-1.7659269537	-10.1604002533
-1.67887601754	-10.2764188154
-1.65011544086	-10.3381326752
-1.57030689842	-10.4795714124
-11.4200838794	-2.4311573413
-11.4217967605	-2.40683346774
-11.4324664074	-2.3544033384
-11.4385703405	-2.31261083275
-11.4451585361	-2.26425953372
-11.4610498337	-2.16034719473
-11.4707909688	-2.09669663003
-11.4825020648	-2.02545305934
-11.4929127469	-1.96316900128
-11.5072241905	-1.89180479638
-11.5437254076	-1.79107876064
-11.5598234338	-1.71734479685
-11.5877903676	-1.61343923797
-11.5938924904	-1.52022801025
-11.6306248657	-1.40889385056
-11.7060996681	-1.19610201861
-11.7658033639	-1.02464632605
-11.8077947892	-0.851378680351
-11.8396619504	-0.760183308278
-11.8693449445	-0.662100566556
-11.8954088639	-0.583117480707
-11.9197032887	-0.517117078791
-11.9661764899	-0.406080873876
-11.9955839348	-0.303072111719
-12.0699158698	-0.131367104984
-12.1363223184	0.0280723926486
-12.2155045392	0.228662223748
-12.3296209902	0.536996495124
-12.3702157589	0.643576897613
-12.4334250813	0.807856487564
-12.4936643004	0.917891561484
-12.5723529963	1.07505318969
-12.6923543955	1.20281050421
-12.736413458	1.28424853409
-12.8629507872	1.51952480291
-12.979792236	1.74958225365
-13.0194034884	1.84159698681
-13.0629964898	1.95199295828
-13.1213482412	2.11813016668
-13.1809990352	2.33368951046
-13.2255758196	2.50442065202
-13.2461316224	2.59128291734
-13.3085539957	2.78445559263
-13.3122643737	2.92424099934
-13.2684584154	3.11471067576
-13.2646017532	3.39448248035
-13.2628978392	3.60791963264
-7.74355020995	-3.11629500179
-7.77035619632	-2.99320362502
-7.86752890548	-2.81683884798
-7.91985629513	-2.74252093983
-7.99751302955	-2.61072253692
-8.08804251515	-2.47302100244
-8.18571792711	-2.2606441431
-8.32061837997	-2.05077799579
-8.44941268817	-1.78780991747
-8.53472528039	-1.60543524673
-8.60696553756	-1.46374309617
-8.70068936359	-1.27601534043
-8.77439641272	-1.10303107772
-8.83889878362	-0.962725763076
-9.02949329259	-0.558517024658
-9.1515858373	-0.358070190567
-9.27044341489	-0.124252133569
-9.36690661044	0.0979608967348
-9.46597149471	0.278612836353
-9.52785966233	0.381521506682
-9.61830817633	0.528163193671
-9.63251225114	0.643321813254
-9.67299103182	0.72344473214
-9.7397335238	0.864899969297
-9.82173020894	1.01770022198
-9.87551555939	1.15138996834
-9.93003763905	1.31646213599
-9.96887590204	1.46222964497
-14.0629354695	0.02944310153
-14.0614619184	0.0350264922585
-14.0613271814	0.0352574622928
7.14970364872	-2.06973879404
6.99298549777	-2.08320363765
6.80993709411	-1.99463770902
6.59570839586	-1.93743176439
6.45484599354	-1.84625734576
6.16044485618	-1.74247971012
6.08661228816	-1.72288131052
5.9198275005	-1.68868720262
5.85535328314	-1.65942854192
5.73931010914	-1.60800112096
5.63961318961	-1.55524868878
5.46097928455	-1.47974276265
5.30708359627	-1.41229172362
5.22246126471	-1.33043909489
5.04499646158	-1.24579407841
4.85542686116	-1.17392829379
4.74995608637	-1.13110414682
4.6209394309	-1.07158808135
4.49056825028	-1.01561659621
4.22742438528	-0.881635760802
4.15117557116	-0.836750800838
4.08348000844	-0.801100310597
3.94592390396	-0.726422380454
3.79085441722	-0.639644939134
3.67602960584	-0.57394616636
3.54527060335	-0.498281290412
3.47274811413	-0.456713909259
3.30019187228	-0.352436453962
3.19927034705	-0.278528448341
3.05898550891	-0.188885866042
2.95922843436	-0.126656792377
2.86101038032	-0.0714697004646
2.77075457501	-0.0175373136827
2.69721280093	0.0255482088135
2.62687437239	0.0683393863765
2.46458243676	0.165508689028
2.24399477986	0.278708109729
2.02739719603	0.395508057642
1.9705803376	0.473221891501
1.84196813152	0.539600754231
1.72459333705	0.596719058825
1.57651199112	0.659031242139
1.46950988973	0.677918335079
1.36462875833	0.716207197173
1.22841094653	0.741841957923
1.12838551246	0.770118180391
1.01740484768	0.814496903139
0.914274417835	0.882861427251
0.798897112227	0.892073029329
0.663684576274	0.884158588755
0.545465736032	0.87725724527
0.429728734224	0.859312234641
0.357633620898	0.852068850861
0.216889163251	0.816148893698
0.0571699280861	0.715055729655
-0.11132194656	0.64180267942
-0.246386162448	0.563105367639
-0.448821984959	0.49628422917
-0.533355375217	0.477189983168
-0.663636090266	0.369994922284
-0.814879073568	0.262450348699
-0.956118635852	0.160996278375
-1.12588503336	0.0549895378948
10.5804623778	-2.20456100314
10.7393487087	-2.37718393895
10.8106186669	-2.49812880093
10.8866744872	-2.64136853438
10.9190991183	-2.76384231106
11.0142449457	-3.02470150643
11.0697514991	-3.18927986917
11.0869015597	-3.33742161155
11.1505701591	-3.54327450923
11.1672717903	-3.68844355781
11.1791123403	-3.8012337467
11.1954642553	-3.98834349066
11.2162545566	-4.23093784561
11.2228200519	-4.30947898631
11.2384884523	-4.52362436561
11.2712696128	-4.95504299405
11.2600460656	-5.23444318724
11.2548755694	-5.4197870265
11.2498693937	-5.64726295566
11.2362412285	-5.83323787159
11.208552645	-6.20793539154
11.1815644863	-6.55508894717
11.1606002644	-6.72017327567
11.1465819237	-6.86475363381
11.10461236	-7.13285327894
11.0506712702	-7.42690146438
11.0124193905	-7.61518059676
10.9827763614	-7.7666800036
10.9483235699	-7.91235688939
10.902572069	-8.07805215383
10.8538500469	-8.27055881052
10.8103623754	-8.42253398665
10.8223421025	-8.55144752762
10.7761989294	-8.73932386489
10.7550851433	-8.81330307621
10.7354499318	-8.88418039999
10.7103035414	-8.96139848091
10.648748633	-9.11594036268
10.6241608353	-9.20275529726
10.5845351165	-9.34868090586
10.5341513088	-9.52296638881
10.376038237	-9.96545398047
10.151780205	-10.5282998662
9.68232839274	-11.4405587724
9.32246052463	-11.9528139854
9.14440427811	-12.1861878314
8.89476597377	-12.4606970439
8.60317264034	-12.7318032693
8.46922549945	-12.8435764527
8.31082620623	-12.9942437145
8.12463105772	-13.0993956495
7.98545617245	-13.1784769907
7.80775953447	-13.2508546687
7.66867823757	-13.2917596946
7.53904589712	-13.3134858526
7.40125642092	-13.2245113897
7.33023779213	-12.9794417885
-14.8718671187	4.99241296319
-14.8717623048	4.99242816563
-14.8718730339	4.99242212095
-9.46372629572	3.8039967687
-9.41155884999	3.81482533208
-7.24139086191	12.9538951522
-7.24135802128	12.9539442428
-2.52177669941	5.64266979416
-2.30576118916	5.65613318958
-2.1609660993	5.6529540612
-1.93665488236	5.65491887251
-1.74522306713	5.63279600903
-1.60544806147	5.6089311616
-1.4838895403	5.59182164533
-1.35961769529	5.56100943557
-1.18118338677	5.55100727995
-1.06511242759	5.53234143255
-0.917235573561	5.55000073569
-0.762945023583	5.55118533977
-0.562024460149	5.55113896295
-0.382690993085	5.57554016209
-0.295184051858	5.56957781521
-0.148384620764	5.56902089925
0.00620986761427	5.5689404125
0.10421539935	5.56937341919
0.206968652435	5.56987575206
0.290960255731	5.57005085189
0.468889572098	5.57143712714
0.627845521631	5.57468812253
0.839451010203	5.57537036453
0.986386811419	5.57732739959
1.05360766679	5.57818385183
1.15550364167	5.57805918567
1.28854493488	5.58011215831
1.46608065384	5.58445734277
1.58969907571	5.58668684688
1.64170629259	5.59120292849
1.7735359432	5.58621403399
1.84299548729	5.58476196441
2.05290155386	5.59375957467
2.27694772513	5.59930453518
2.39894399805	5.61590844882
2.56264415228	5.62665124194
2.64609963077	5.62718125817
2.81674599145	5.63864579605
3.06811211601	5.65316278613
3.14968805064	5.65843439442
3.29966024401	5.66734213424
3.41232954545	5.67499839694
3.49533897408	5.67986547813
3.58504028435	5.68598375911
3.88331042073	5.71085951127
3.93090766558	5.71468191538
4.05059801909	5.72962207198
4.15228755228	5.73530984321
4.43302855679	5.70808340683
4.59454019981	5.7575258587
4.74047005686	5.77404544666
4.83600494933	5.77525202096
4.95982034452	5.79231623145
5.1158097463	5.73788039105
5.20608204985	5.74129992563
5.40397919076	5.73643011365
5.49041950551	5.74293467558
5.63156518413	5.86407319715
5.80839916281	5.9295052483
6.0505015575	6.00439364052
-6.38678687378	9.32182896417
-6.33271065263	9.11355409655
-6.32702420477	8.98544201816
-6.32699855373	8.89818679393
-6.31441045333	8.61716884285
-6.23565729304	8.49733269431
-6.19045079013	8.40276475044
-6.17241382661	8.36893909049
-6.13788514246	8.30255791834
-6.09865896812	8.2162068021
-6.1930693721	8.05404866785
-6.17355985733	7.95551112675
-6.18455280759	7.87154017622
-6.09351605372	7.75329055834
-6.03642809221	7.58286099582
-5.97936167567	7.44880008073
-5.91647025187	7.38838680079
-5.8770362033	7.27903598406
-5.84512790169	7.19547522083
-5.7862794451	7.05327211602
-5.74099621174	6.91841845288
-5.68513247172	6.80667812062
-5.62664773424	6.697494087
-5.53870803135	6.54535328991
-5.40278477201	6.32054538043
-5.24764410781	6.10859895649
-5.14382609823	5.9541985284
-5.08489985124	5.89018583522
-1.79224927189	10.2996315099
-2.02502237259	10.3501180059
-2.20220936711	10.2328208757
-2.26343489092	10.1827820227
-2.32874435883	10.1582051158
-2.40501655566	10.0945397659
-2.49879986282	10.1069083524
-2.6087625719	10.0428721297
-2.70562877333	9.98360353234
-2.90130246823	9.87142008296
-3.07263831508	9.76365089686
-3.16652315837	9.66447062088
-3.28479710396	9.57900908865
-3.50110647781	9.48368051617
-3.61305599606	9.40521221713
-3.73403560564	9.30504726735
-0.481498143669	11.0030340775
-0.329628323506	10.7675612923
-0.27667363607	10.703940189
-0.204722370456	10.6437989394
-0.0736000374924	10.406377889
0.00880585692754	10.3444746441
0.116793998253	10.2439461995
0.154513230779	10.1232216184
0.267730899427	10.0460856797
0.355151191594	9.98560758482
0.506507975531	9.86834481989
0.618560505636	9.7912057844
0.698065144858	9.72875539676
0.792063747641	9.69070010488
0.971921070281	9.57905412116
1.05680832495	9.52606843289
1.11153784388	9.49132422365
1.2567027962	9.42969242564
1.36205113591	9.38440870798
1.47181508639	9.38905537044
1.5899231683	9.38980749831
1.68264563789	9.39172400726
1.84941146362	9.40774866626
1.91508804978	9.42693973392
2.02244993745	9.48656579832
2.0660193762	9.51918227485
2.12783229947	9.57843195078
2.17018891983	9.61231781539
2.2544517799	9.72211751775
2.35937529097	9.86819541429
2.47493535628	9.99503788679
2.55716026033	10.0954108514
2.64417563998	10.1821272816
2.70543195117	10.2485530642
2.80457719473	10.3980090477
3.07607186648	10.6294502416
3.18561823217	10.7305187544
3.34677279558	10.8233015301
3.56932617323	10.9488598034
3.66651919609	10.9921425882
3.9469903181	11.1754143812
4.08649046947	11.2411827832
4.28402171219	11.3476538233
2.16050240198	13.9234762707
2.32503468145	13.783580278
2.47793958207	13.665026266
2.71230986638	13.5360305319
2.9368073217	13.5053129449
3.02909940098	13.4714679291
3.22873272348	13.4090590183
3.35618076169	13.3735364934
3.48599087995	13.3352320936
3.63496677595	13.292636126
3.80198218612	13.2553206587
3.95813921838	13.2261238573
4.41691275123	13.1595825373
4.66316476482	13.0534670912
5.01222302348	12.9044463784
5.1848073072	12.7935187023
5.32988996213	12.6675747041
5.46264452671	12.5320330579
5.59762731107	12.3617781464
5.71377224841	12.1680091216
5.91271182913	11.9081848688
6.02856922623	11.7462377698
6.19904947673	11.5024949873
6.36037492887	11.2675544181
6.49412741523	11.1027552109
6.55460805204	10.9966251076
6.66357985484	10.8131068704
6.7419932123	10.6782594157
6.86973719929	10.4562175977
6.97676362416	10.2717426897
7.13683247675	10.0569333574
7.26883799129	9.82972749119
7.37649814716	9.66489524562
7.43785571892	9.54986241105
7.47764260368	9.47543915282
7.54872768063	9.34087264327
7.62941037269	9.19058019416
7.68248768471	9.0944440395
7.74104540067	8.98253611777
7.7946301753	8.87459221427
7.84474851713	8.76985132484
7.90670073322	8.64466399136
7.98059960518	8.4903839842
8.03921422407	8.37592824091
8.09577038998	8.24432781484
8.19082937425	8.02293976039
8.26311739181	7.8325831559
8.33051179214	7.63522583818
8.47549987962	7.24317393654
8.62471924142	6.82764358316
8.68964867964	6.64184159639
8.80052934691	6.30242473147
8.89863857563	5.98847517497
9.01923750689	5.61936881034
9.06392122134	5.47990237008
9.13613289299	5.25314440216
9.226610504	4.9801316371
9.273543803	4.84480993837
9.39958090873	4.5026995445
9.56416948675	3.9306190952
9.59984109089	3.82252027125
9.6302314464	3.72777625146
9.68985360046	3.54088647186
9.75517283442	3.31854192914
9.80798883164	3.13460713995
9.86211400766	2.94598393385
9.91222839024	2.77086851281
9.92189775994	2.73154834231
9.96774416622	2.54651371409
10.0224646204	2.33032599957
10.08138456	2.11374309406
10.0842651359	2.09937588332
10.1349731433	1.83789539637
10.1709028228	1.65057756545
10.2258939422	1.43711657379
10.2484591996	1.30425309036
10.2817960478	1.09477330868
10.3335635724	0.75165574585
10.4026276785	0.212697448997
10.4136273112	0.0964952194805
10.4286369589	-0.0721747725094
10.500783228	-0.563380780613
10.530985975	-0.767899622314
10.4987018963	-0.838839339075
10.5041493363	-0.992353001528
10.5058349665	-1.26088354665
10.5656392343	-1.48757474405
10.5830890073	-1.64687858591
10.565254708	-1.77254488751
10.5768763745	-1.88128532581
10.598934954	-2.07318441737
10.5804861316	-2.20452823956
1.58404316658	15.7221602581
1.43166017424	15.8033299648
1.30223114368	16.0033018534
1.2261638973	16.1459682929
1.11846179853	16.1637486725
1.03921956649	16.1484598741
0.909820338597	15.9857529542
0.807866823078	15.9828642523
0.618354498271	15.8791924836
0.500548345173	15.8684939503
0.31892876614	15.8053246579
0.240913474321	15.7280002457
0.10148160274	15.5999559914
-0.0296661247454	15.4197928375
-0.0335477790986	15.4121089073
-0.0975652520894	15.3341268445
-0.143881722373	15.1109785689
1.08259653301	-5.34641947394
1.25381156267	-5.52184519377
1.61541332604	-5.82089051797
1.99556705712	-6.0624331333
2.17399095481	-6.16226062468
2.38431089599	-6.27047863475
2.5879637656	-6.3651440981
2.6528410352	-6.3877926446
2.79257504348	-6.4080656626
2.87581316068	-6.41782747963
2.97304040428	-6.43143833247
3.08711007859	-6.43988069086
3.10777372011	-6.44105281504
3.33214879346	-6.44760394481
3.45528325603	-6.45091851336
3.68832195044	-6.45981534178
3.89382809444	-6.47874229623
4.20866474006	-6.49619025103
4.45478829217	-6.55008021294
4.67340540602	-6.61568152481
4.77598739694	-6.65316543007
4.84784377675	-6.6934104101
4.98621900959	-6.78794939477
5.05594505065	-6.83658119076
5.12161071689	-6.88732334948
5.24606200829	-6.9756417212
5.34754818363	-7.05803571504
5.44893286095	-7.14565304113
5.55717701897	-7.32366224324
5.70561742625	-7.40701477545
5.79629660495	-7.49909710822
5.81945773541	-7.54380568373
5.84394403867	-7.64279574555
5.84449322382	-7.7381115911
5.82933182543	-7.82761244316
5.85917231523	-8.05639562343
-1.80052187606	10.4648530693
-1.89783747219	10.5044391198
3.65873775717	15.2318574032
3.57793727827	15.3870556481
3.42500066475	15.476011041
3.30475379419	15.5430443502
3.16879339957	15.5232366675
3.17177995497	15.6532249257
3.12882653503	15.7431694622
2.97185451378	15.771609397
2.85439940403	15.7974749095
2.77259465706	15.8332798222
2.69136946829	15.9453017876
2.51418502902	16.0287229472
2.42498378469	16.1100988296
2.34090338869	16.0497927686
2.26211192469	16.063152674
2.17283065879	16.0787610134
1.97673816	16.1582836751
1.90508770139	16.1463999531
1.77260562547	15.8204924628
1.58611985318	15.7214301206
8.58430960291	-10.0723513799
8.42056101597	-10.1105593397
8.2329440709	-10.1000989232
8.05885172141	-10.061137178
7.85864195439	-10.1272154365
7.79170923666	-10.1247004829
7.67340269155	-10.1180938551
7.60874839207	-10.1101002035
7.45574728425	-10.0831077667
7.11839213495	-9.99403890683
8.18919727437	-5.59460377728
8.34573131411	-5.43658279254
8.61124215622	-5.1200973215
8.76418074127	-4.88456708881
8.87421319372	-4.59502869605
8.95628538041	-4.52652944304
9.01147028027	-4.42412091584
9.12301535478	-4.20548951201
9.19774378491	-4.0628373025
9.24457826534	-3.97593010102
9.31851429092	-3.83325319966
9.41431076134	-3.67000398946
9.48440146127	-3.57856410878
9.5632963657	-3.45288524132
9.68297103501	-3.24794858683
9.73010945958	-3.14469698258
9.78792542827	-2.98606395352
9.82834006069	-2.90922916133
10.0236895692	-2.75594988405
10.1895256532	-2.54212378218
10.3222767837	-2.39316747464
10.368860314	-2.30679863476
10.5804623778	-2.20456100314
8.29050461943	-0.175442663519
8.28405756667	-0.181630317838
-12.6261828564	3.84209810438
-12.3433332078	3.65793398345
-12.2787898943	3.54292938671
-12.220308983	3.48527573124
-12.178918194	3.39778234788
-12.125577806	3.2921054324
-12.0506778125	3.21949221227
-11.9755071399	3.08045884807
-11.9375527064	2.95040579737
-11.817543883	2.8310148432
-11.7895987402	2.77113030919
-11.7428782981	2.69407310629
-11.7029873215	2.6067674683
-11.6590637398	2.48570096976
-11.5532575259	2.33318854299
-11.4558995832	2.26299497941
-11.3322242421	2.1169760425
-11.2185904833	2.02016567834
-11.1079788356	1.93106132838
-10.9744801087	1.78305187084
-10.7880632638	1.68109234699
-10.7121419614	1.64225723351
-10.6511001413	1.60518110744
-10.490520866	1.51058349887
-10.3134910863	1.44297470143
-10.2468656923	1.40818636117
-10.1927727743	1.40014188249
-9.96887590203	1.46222964498
-0.143480640908	15.1101228752
-0.0296101144271	14.9017159704
0.0954928467926	14.8388646037
0.191872374533	14.8053723987
0.39465411115	14.7447664691
0.640754843662	14.6713552905
0.820393173347	14.6103319062
1.34690878922	14.3896451222
1.64723173716	14.2745045186
1.91023214674	14.0983607631
2.16061284694	13.9232451251
5.85917232767	-8.05639569124
6.02954981721	-8.06446506165
6.26705839659	-8.10296167692
6.4096846204	-8.11598006016
6.4910198655	-8.18427678742
6.5955853277	-8.196158978
6.71450289591	-8.29814414173
6.85327440949	-8.46064704894
6.93301974162	-8.58028727086
7.00755453323	-8.72380167354
7.03274960864	-8.83439742166
7.06008745307	-8.96412145252
7.0409679594	-9.08881076313
7.04451859479	-9.35102783183
7.05210189964	-9.5448741395
7.06974540543	-9.67331902958
7.05811200766	-9.81764969141
7.11839213495	-9.99403890683
-10.0890864099	8.45856113656
-10.103885377	8.25142113823
-10.118155595	8.05594735304
-10.1289915794	7.94965593481
-10.1253904921	7.79277690336
-10.0823841446	7.58444071299
-10.1236254234	7.43062586012
-10.1228775734	7.4127364931
-10.1354194956	7.1048980106
-10.1224715975	6.96054409795
-10.0749398529	6.78380462162
-10.0557037626	6.69858817826
-10.0446042428	6.59596607406
-10.0717860908	6.44008222076
-10.0352782125	6.28311678359
-10.0354382767	6.13939697548
-10.0100699284	5.92163691569
-9.99319319419	5.82454855974
-9.92303706814	5.67607080876
-9.86814089791	5.55725173709
-9.86988215098	5.45747696051
-9.85122296832	5.38942203457
-9.83576326847	5.30846958151
-9.80517808844	5.15312998456
-9.79152930763	5.07890449962
-9.7522256085	4.90255235389
-9.72951187222	4.80615734997
-9.74876921185	4.70667618761
-9.71960788041	4.54562124956
-9.62700789642	4.32615555818
-9.64049532996	4.23158223913
-9.60369283429	4.12414096224
-9.56355354644	4.01126882876
-9.46372629572	3.8039967687
-1.5706013571	-10.4796401866
-1.53744461906	-10.6147667794
-1.54273185072	-10.7431181049
-1.4936772336	-11.0696239634
-1.44412560525	-11.2903061687
-1.41472872477	-11.405942595
-1.39411808361	-11.477087723
-1.35892653037	-11.5914025136
-1.28652679687	-11.8123760799
-1.2088952383	-12.0376861702
-1.1519883945	-12.2127979762
-1.10474839845	-12.3336509383
-1.07800994464	-12.4433104293
-0.950574576065	-12.7037561184
-0.867294890004	-12.8594481241
-0.740282267441	-13.0762545671
-0.613048588838	-13.2744842569
-0.526344968813	-13.3906237652
-0.479472655424	-13.4519487291
-0.437620289482	-13.4992968685
-0.381551516694	-13.5528774786
-0.283176673284	-13.6451978566
-0.178230010113	-13.7464583294
-0.061335613726	-13.8504306472
0.0927830813624	-13.9649797938
0.262384731444	-14.0674372511
0.311157131786	-14.1088790779
0.424201546231	-14.1366111268
0.489042787475	-14.1717688113
0.566918746994	-14.3081896039
0.67414107882	-14.3390514744
0.7971738991	-14.3821804616
0.880085578004	-14.3972118553
1.01583907115	-14.4193459654
1.06727752997	-14.473724453
1.19323444302	-14.4902421106
1.32742264068	-14.4932818879
1.50155401916	-14.4999497866
1.64737260938	-14.5867550634
-12.782729774	6.64455315847
-12.5946533844	6.45136155897
-12.5681832673	6.32771672293
-12.5275545846	6.20248275612
-12.4839339762	6.06876368128
-12.4540113575	5.82898915405
-12.5073354805	5.69504825657
-12.4860833537	5.59851884385
-12.4831696966	5.44752876982
-12.4634508745	5.30211162979
-12.441827273	5.1728192468
-12.4549725021	5.05782372888
-12.4497922591	4.91492109943
-12.4070463663	4.60517988067
-12.4001884117	4.48144868119
-12.4152839804	4.39969579339
-12.4889526873	4.18914625627
-12.5052739208	4.13691011776
-12.6261828564	3.84209810437
0.636202837211	-2.50741982159
0.419255393959	-2.29509886949
0.343303817589	-2.20321721841
0.223273461593	-2.12423285145
0.125562253143	-2.09675585763
0.0284245445078	-2.03871390789
-0.066774503579	-2.00514359031
-0.181798896292	-1.89432762073
-0.250357526986	-1.82441999418
-0.273693975517	-1.68251684191
-0.372926336379	-1.59338469818
-0.450145725239	-1.51642968203
-0.549075941606	-1.40870031675
-0.652080194882	-1.26999446665
-0.7391561523	-1.16659990762
-0.866882533074	-1.00484208088
-1.03108229219	-0.779234836785
-1.13734495779	-0.568590856263
-1.18365436865	-0.359965674514
-1.21741951142	-0.263104110967
-1.20750157715	-0.183701922176
-1.12583872142	0.0549625824919
3.10769327403	-11.0195029995
3.10722634057	-11.1752410038
3.07509163724	-11.3405069311
3.03117955494	-11.4639855276
2.95845343368	-11.6885427322
2.93505769911	-11.7889208665
2.79687568084	-12.0808390707
2.75324971423	-12.1869509182
2.7194003108	-12.2662373355
2.66587407784	-12.3889958483
2.62131377511	-12.5096038361
2.54499114798	-12.7206605924
2.49933805277	-12.8604491095
2.45105997084	-13.0578534919
2.35322728077	-13.373723239
2.30452762268	-13.6341122272
2.26264494424	-13.768638914
2.15837740764	-13.9566770925
2.08409265967	-14.1472795695
2.01555716385	-14.2031635008
1.91521196891	-14.3457810455
1.84960852737	-14.4423469449
1.64804733218	-14.5867233339
6.05049883127	6.00436154399
6.09281549245	6.277677664
6.10271822362	6.3821272268
6.10808461794	6.50571691922
6.10052673149	6.55252227025
6.06029162395	6.70160145087
6.00977094823	6.87595614636
5.93949731869	6.93711011364
5.87698241219	7.19450307487
5.85081141883	7.3437767094
5.83785980701	7.44697473638
5.78243920816	7.487049513
5.78791599619	7.5785474612
5.75479167273	7.7306846425
5.71990249662	7.84962253038
5.65464089543	8.08958066998
5.62639423584	8.18895428439
5.60868102163	8.24041982852
5.57622530653	8.34855430604
5.53114718548	8.48855230783
5.50029781678	8.62091977043
5.47119015505	8.70716659211
5.38123018221	8.96923865176
5.33592783246	9.12841664406
5.28975270564	9.25203417034
5.23591587219	9.37398793703
5.16614004944	9.51370812057
5.10864749481	9.71153680093
5.03493134663	9.8814448691
5.01397962064	9.93375836359
4.9754624141	10.0282196035
4.93324752509	10.1237052767
4.77438152334	10.4397053212
4.7058432638	10.5876654867
4.63445489929	10.7484906388
4.48451287351	11.0094323705
4.43232767571	11.1047646786
4.32037894506	11.2631577682
4.28297592836	11.348223709
1.8507413771	-16.7562321985
1.63895457048	-16.8550142562
1.3176108621	-16.8801041544
1.25933245907	-16.9145928469
1.02222051814	-16.8579428893
0.872674601655	-16.8068525007
0.601675029374	-16.6966603981
0.45761748351	-16.7047622139
0.351881425823	-16.643996721
0.191204246691	-16.5430818266
-0.24457077361	-16.2606513465
-0.51544026795	-16.0848021695
-0.777458764532	-15.9409095036
-1.04608232719	-15.7057317851
-1.27458971567	-15.5099979799
-1.47108614712	-15.3400688065
-1.61978373143	-15.2091014764
-1.76715536325	-15.075103856
-1.85853708101	-14.9735017075
-1.97627253244	-14.8427792703
-2.1573186631	-14.7041813883
-2.26662342131	-14.5482796313
-2.38647478787	-14.4172178126
-2.4668364374	-14.3257017666
-2.57156284243	-14.210300336
-2.64024211675	-14.1055538023
-2.69102512263	-14.0458765217
-2.76037679298	-13.968555008
-2.82988304962	-13.8761460887
-2.87731008611	-13.8181033788
-2.96801151623	-13.707695835
-3.0351705997	-13.6242000842
-3.1027558515	-13.5462408569
-3.17041625046	-13.467000907
-3.23341712704	-13.3821570099
-3.2843617248	-13.3191590855
-3.51388997385	-12.9143044119
-3.56667692803	-12.7813143072
-3.60051386383	-12.7126989339
-3.62777298757	-12.6580808008
-3.84499066804	-12.2862514371
-3.43220197316	-6.01935034835
-3.68618728429	-5.82748196493
-3.86089486396	-5.65506279714
-3.9395981553	-5.5873224081
-4.03026162757	-5.51912593358
-4.12422047535	-5.42612711076
-4.28485646491	-5.22999866036
-4.46558328462	-5.03961845727
-4.62839992908	-4.85280842226
-4.74351362785	-4.71446641556
-4.87592393394	-4.59855399846
-5.00795370618	-4.46632090804
-5.09173763366	-4.38831429049
-5.23039247384	-4.2742033761
-5.3098288523	-4.21271491572
-5.38687099636	-4.15252766926
-5.49939890726	-4.04133548593
-5.62272073305	-3.97575819652
-5.7941890726	-3.88069577865
-6.02513696868	-3.75861126645
-6.18808369288	-3.67652747975
-6.35453138004	-3.60365810278
-6.52038943353	-3.52670406451
-6.7052037006	-3.43072362366
-6.86038312749	-3.37805233689
-7.01822800245	-3.28555784599
-7.10699535903	-3.23574718088
-7.28353389613	-3.12975476863
-7.52826708452	-3.08560733366
-7.74355176606	-3.11629370937
-3.43270931913	-6.01922504676
-3.27994362424	-5.94241292517
-3.1394251235	-5.88006664598
-2.91153080409	-5.79225969706
-2.75283931175	-5.73014936508
-2.61757611662	-5.67498461687
-2.39015804237	-5.59524388132
-2.16585007913	-5.50709365245
-1.96429288938	-5.44970385607
-1.81778202692	-5.40539450843
-1.50773843877	-5.34583714471
-1.36763290628	-5.33466415498
-1.25661422779	-5.32355543787
-0.945608954779	-5.30176426438
-0.84318782864	-5.32110296569
-0.523508671064	-5.32373599403
-0.377259349368	-5.31826593878
-0.210199238725	-5.31070915843
0.274406863082	-5.32117259627
0.481723780881	-5.32827205269
0.632074923076	-5.3107271509
0.789294552517	-5.31865560926
0.905397061839	-5.31528367657
1.08257792228	-5.34645676589
-7.74354338926	-3.11630351194
-7.78044353313	-3.33293157545
-7.78448177301	-3.50105564905
-7.75400700837	-3.70846809689
-7.72185965299	-3.86176506874
-7.65752286815	-4.07984398465
-7.61798839726	-4.26889255765
-7.54758677098	-4.51443114167
-7.52445150371	-4.59086338979
-7.5023170262	-4.66427391112
-7.46720549324	-4.78492142956
-7.37338798824	-5.09115690662
-7.33985116017	-5.21235881631
-7.28281547367	-5.3880902845
-7.1924432893	-5.65066499761
-7.13020489603	-5.80493341527
-6.98597134544	-6.12044796845
-5.64378767575	-9.12215810558
-5.45684914918	-9.59095224761
-5.36440716521	-9.8022321028
-5.26349596574	-10.0353357692
-5.22719347086	-10.0854020824
-5.16184744595	-10.2251175686
-5.04474547561	-10.4841727762
-4.93929115812	-10.6973477055
-4.82867144591	-10.9012792846
-4.70280016832	-11.1174979037
-4.6106198742	-11.3170881942
-4.50653181625	-11.472284693
-4.38358427193	-11.6432056876
-4.341626827	-11.6983278416
-4.18703688571	-11.8636879685
-4.12640492805	-11.9864920928
-4.09266531859	-12.0153438859
-3.96531768066	-12.1409489639
-3.84505524085	-12.2862675884
7.14946974413	-2.06980600202
7.25213549001	-1.92596872046
7.3434057708	-1.8346926213
7.43326166759	-1.75275587084
7.53756345318	-1.56330826575
7.58329447379	-1.49903491854
7.66844224837	-1.3819608769
7.70512996079	-1.30057703842
7.82483481565	-1.1822465765
7.87304897006	-1.07567335361
7.9352628596	-0.972889023617
8.0017692107	-0.790647682304
8.05593173348	-0.677816774449
8.07911864031	-0.624672375268
8.12039112324	-0.522926939785
8.27364777721	-0.243908585072
8.29427575794	-0.185552169974
7.14945048672	-2.06986458917
7.09348260982	-2.26691170028
7.15649602585	-2.38507138121
7.17979477254	-2.42584526973
7.20439812923	-2.67507971621
7.26191905889	-2.79440475491
7.28599295484	-3.16286346714
7.32237842279	-3.33068848709
7.32990037187	-3.41854288847
7.3497380086	-3.54281849421
7.38160061196	-3.70353688757
7.43589098761	-3.84184681399
7.45811859415	-3.98775991782
7.49285947126	-4.18639812154
7.53789135926	-4.4000179464
7.57988644488	-4.57148624066
7.63776327643	-4.8229565544
7.66763165309	-4.91991764656
7.69750734849	-5.00532247841
7.76800475205	-5.17807059478
7.86085874086	-5.30012719406
7.93937992086	-5.39423273769
8.18882721525	-5.59476308804
-9.96923137875	1.46209439055
-9.88605956575	1.57004465742
-9.87619329672	1.6688202109
-9.84706588994	1.79899720707
-9.84404457105	1.9903829609
-9.83676458334	2.10521433259
-9.76076246577	2.32296201571
-9.70509294471	2.52659249014
-9.68637030428	2.70554315748
-9.66735218556	2.79892374207
-9.58736823609	3.1766860188
-9.54095290909	3.29223369403
-9.56722381529	3.44328363563
-9.54308269546	3.52160243842
-9.46372629572	3.8039967687
-1.12564612273	0.0549351125052
-1.42997920463	0.0587762115619
-1.56067350228	0.116487081896
-1.66699061031	0.162825873549
-1.85079847289	0.228837650968
-1.93902652613	0.346172384158
-2.00411626032	0.427498106649
-2.0851158436	0.502868757278
-2.19557279993	0.63600826324
-2.31451983071	0.716639257647
-2.39305280072	0.825364161713
-2.48904507534	0.926161009987
-2.63761321766	1.05474316127
-2.695783442	1.11477615221
-2.75056213974	1.23005139234
-2.81654236816	1.41236336725
-2.8793518174	1.58529377146
-2.95499163935	1.85572950879
-2.97025570119	1.95310087175
-2.98837294504	2.06857381384
-3.0056294448	2.21994663237
-3.01710681959	2.40298213983
-3.02578837458	2.5556540958
-3.0191076826	2.71509414768
-3.00097105639	2.97197562801
-2.99060933188	3.18520838416
-2.98185978147	3.29292809136
-2.95348985344	3.51178674846
-2.93915180437	3.64073025246
-2.91616013564	3.76417993967
-2.89783286405	3.9286445035
-2.85324359544	4.16458658247
-2.820914834	4.31087166457
-2.80624893915	4.37992314666
-2.77851200534	4.52411953166
-2.7328554268	4.68379781071
-2.69905910775	4.89673990917
-2.66584509892	5.21559773642
-2.65631737036	5.33239773918
-2.62115099921	5.40508158985
-2.52177669941	5.64266979416
-2.52236040656	5.64233037604
-2.60096182084	5.78437037336
-2.69973978042	5.89596498082
-2.73318993247	5.94679949575
-2.84501294362	6.18982135884
-2.94105659924	6.35111519862
-2.98922769282	6.46080575132
-3.08877185604	6.58674332775
-3.21636870873	6.81741276892
-3.3166977551	7.05437507823
-3.35423781385	7.14030934596
-3.44003120705	7.32891928034
-3.50072874166	7.46652431268
-3.55810567287	7.63982512859
-3.59927273752	7.77897067992
-3.64033837715	7.90660981308
-3.66575480898	8.03303406323
-3.70336045164	8.12878384233
-3.70317958769	8.18653397383
-3.7259586077	8.30576053667
-3.75633365245	8.38198297858
-3.79569079265	8.5493780325
-3.8174157885	8.6739487342
-3.8286016834	8.78400823511
-3.87567380287	8.87408719072
-3.79360069848	9.05728353113
-3.73403549733	9.30504736698
-6.38656934089	9.32189520289
-6.46975257224	9.47271666123
-6.47398246457	9.57160959702
-6.54625214669	9.64377658344
-6.61420298573	9.66378919151
-6.80210392213	9.71980430274
-6.94314806735	9.83087161436
-7.02094806385	9.90852181267
-7.1601088302	10.0665830624
-7.15332716708	10.1226652048
-7.1914191439	10.2679091598
-7.23802849287	10.4799844801
-7.20806555482	10.7365077913
-7.20124262111	10.7973664969
-7.18968767132	10.8928143109
-7.22201411741	11.0114061313
-7.1764874207	11.1267241249
-7.14095489012	11.2000044043
-7.09203029496	11.2956442745
-7.02803351364	11.4213877599
-6.96232685802	11.5289279332
-6.9500591977	11.5781311189
-6.81498394927	11.7899491376
-6.67534538255	11.9813196088
-6.50820700321	12.2039651573
-6.40365120355	12.3308638976
-6.36704727237	12.3862812517
-6.31450555871	12.4508882435
-6.22790482138	12.5602420917
-6.12112438219	12.6884426979
-6.04226336401	12.7793207617
-5.91236274211	12.9041797227
-5.80979146308	12.9937594371
-5.56345255237	13.1928524035
-5.50272401819	13.2493540391
-5.35583099951	13.348710925
-5.27262043213	13.4053624109
-5.13965669839	13.5023461218
-4.98214418287	13.6023988462
-4.90756130389	13.6490366337
-4.7649152327	13.7362456374
-4.60077647378	13.8264636526
-4.50435296931	13.8656124283
-4.37579599675	13.9382913948
-4.248392373	14.0375362143
-3.9907390702	14.1556670995
-3.79750300451	14.2474900353
-3.5143642142	14.3655173981
-3.38318384	14.4186818888
-3.22143788539	14.4845289567
-2.99269835931	14.5643742901
-2.72860395027	14.6559701086
-2.64412841356	14.6769075321
-2.41510603477	14.7445813268
-2.2167439321	14.8213758635
-1.84633324278	14.9258520453
-1.60989831782	14.9888479413
-1.40207234402	15.04244231
-1.24241707021	15.0849337837
-0.99576578339	15.1379959997
-0.886370800246	15.1473740359
-0.525302767857	15.1479361168
-0.315658422898	15.1105749745
-0.143949798687	15.1116695617
-6.38693471126	9.32178880227
-6.08509343546	9.32947076221
-5.96552758719	9.36415489068
-5.75714461097	9.38648576507
-5.67399197808	9.3979240406
-5.55567683346	9.39281964329
-5.45702885438	9.37858315818
-5.37173281556	9.36808615008
-5.21439142733	9.34424323812
-4.93251014164	9.44751337415
-4.71406007908	9.39269551202
-4.40357973561	9.36745465422
-4.22480438331	9.28792682875
-4.13492025919	9.29879879631
-3.73414731479	9.30494246158
-1.89783747219	10.5044391198
-1.5208658327	10.5378965836
-1.34355262213	10.6532176467
-1.21586643597	10.7420323045
-1.15581694873	10.7561806823
-1.09587172823	10.7484878409
-0.961216851939	10.7843019928
-0.87525176877	10.8866985022
-0.788702289013	10.9910884134
-0.756078202406	11.0044563177
-0.481475978705	11.0030561826
-0.48147853244	11.003053256
-0.413588776946	11.2888498303
-0.357775570825	11.3349460377
-0.26018219799	11.3904990909
-0.208488968694	11.4923821312
-0.128019159715	11.6032956558
-0.0945984042889	11.6772369631
-0.0452740738677	11.7860300378
-0.0134197881602	11.8639440773
0.052339272018	11.964936919
0.192076160989	12.2530906896
0.245143356305	12.3560653053
0.347850946064	12.5554838941
0.438593613535	12.7470005623
0.504691627661	12.9030742661
0.549626262275	12.9842977503
0.57057746448	13.0383224075
0.619155228229	13.1627362163
0.633130947106	13.3554567007
0.67433458062	13.4466630057
0.715153216488	13.5927035531
0.776826714706	13.7586845023
0.866990139367	13.9700121761
0.933136160089	14.1234039757
1.02282094668	14.3386945716
1.28777151731	14.9024433512
1.33070309678	14.9988672315
1.42075522532	15.2481546131
1.46434563237	15.3914908774
1.46723997029	15.4587635564
1.48768666455	15.5612906687
1.54460844099	15.6916557189
1.58109170271	15.7244519975
4.28352608142	11.3476961539
4.25842729265	11.4358892857
4.19713515244	11.6359540189
4.14201266619	11.7110809521
4.07742375414	11.9279868072
4.05266186396	12.0275932843
4.02995006979	12.1824128396
4.08064797009	12.4118362779
4.13379443995	12.6746702534
4.37296145558	13.4733670721
4.3958997682	13.7311638844
4.33978628283	14.0378727106
4.32447471	14.0846325674
4.26938443529	14.2485045965
4.20887298665	14.3869837268
4.14511618298	14.5733403004
4.10495042271	14.6316778
4.06196600176	14.7370605449
3.9983280311	14.7913161327
3.9177630545	14.8206983353
3.83348464759	14.9563965248
3.7702323667	15.0598229362
3.6590140358	15.2322263807
2.16052657307	13.9234207831
2.39067502719	13.9664526924
2.418054325	14.0216465885
2.4785438321	14.1363635259
2.52828447589	14.197866518
2.65825271272	14.2853489468
2.76579677597	14.3947192221
2.77514057617	14.5830794095
2.8279283417	14.6608839311
2.94588061203	14.7561155984
3.03282279289	14.8854997324
3.23001377324	15.0374863098
3.30727973882	15.0657965754
3.46040599614	15.1267057746
3.65843142813	15.2315670821
1.08260011837	-5.34640567193
1.31533603231	-5.26188713244
1.40490636304	-5.26721919122
1.59812056444	-5.23352413737
1.76054945601	-5.17012938388
2.06787670794	-5.07076973155
2.29050245524	-4.99986411682
2.43635173662	-5.01069781983
2.56367848721	-4.98614216896
2.73495766052	-4.96627904447
2.85197088919	-4.95058342397
3.09046226224	-4.93173143637
3.1516738341	-4.91065103331
3.19464971105	-4.90744313704
3.40156607883	-4.88298513293
3.58932708201	-4.85058000303
3.80825355497	-4.79818360298
3.94972459609	-4.74401845847
4.06602070912	-4.66771400095
4.12138643549	-4.56795334872
4.21694481178	-4.44260382986
4.28872634874	-4.34409814134
4.35777175835	-4.24278449145
4.41761702822	-4.14891081986
4.47040594767	-4.0463754925
4.40541639789	-3.93435867226
4.39537215758	-3.73307151615
4.38624894974	-3.66820651599
4.38015364241	-3.54418962066
4.3410329012	-3.37902580268
4.23982415457	-3.27962811838
4.16244043494	-3.20598579649
4.1205887319	-3.17360796636
4.03834791889	-3.11638986795
3.91775826626	-3.01200129159
3.77619005032	-2.94955592156
3.60802124848	-2.9986106235
3.48731538059	-2.87104801547
3.17569177529	-2.70578591043
2.93245370052	-2.62487200327
2.81077265837	-2.58906330118
2.65067047722	-2.57331050131
2.47164117721	-2.5472929616
2.31638805864	-2.52001668318
2.20125101449	-2.51299649781
2.00912367961	-2.49268244742
1.90955289545	-2.49286290719
1.66110151581	-2.48894680076
1.48115873007	-2.48223927839
1.33497287014	-2.49427913806
1.09944856801	-2.49189655888
0.928841901441	-2.48783765347
0.636204180575	-2.50738145377
7.33022063741	-12.9794622005
7.6259234444	-12.534423199
7.8556470533	-12.2617597671
7.94721339287	-12.0942527086
7.97200802118	-12.0585957432
7.99873507696	-12.0195147156
8.11613215247	-11.8702528748
8.19214228687	-11.7307856546
8.38624116439	-11.3858456464
8.45943019043	-11.2010081932
8.51680463556	-11.0968117883
8.57198561121	-10.9729603195
8.65678097112	-10.5258939947
8.63595604387	-10.389005361
8.63482501739	-10.355139793
8.58436349185	-10.0723553521
8.58434580441	-10.0723205033
8.64314183927	-9.78016575632
8.62504438691	-9.63640138524
8.63876760915	-9.49863188189
8.68931195295	-9.36057044066
8.69553797021	-9.24203454803
8.69461751007	-8.98814643948
8.68664592058	-8.83079252597
8.67253313731	-8.63924231653
8.6608231474	-8.47981292563
8.61212875441	-8.1855327075
8.54806801724	-7.83839373091
8.5233848907	-7.6058555983
8.49445443821	-7.47319810812
8.47097240173	-7.30864111598
8.42482137436	-7.0526461626
8.37564539536	-6.93457910018
8.34673662994	-6.76063755363
8.32019593086	-6.59054221352
8.29546473337	-6.4285650302
8.27641037852	-6.26182657984
8.23818727443	-6.08854407921
8.18945918896	-5.93195767365
8.14724675154	-5.84316305242
8.14129715311	-5.72935098634
8.18915688749	-5.59462008357
-12.6261828564	3.84209810438
-12.8826673799	3.68416676666
-12.9740257106	3.6545560126
-13.2628978392	3.60791963265
8.29417515791	-0.185504497835
8.30336324791	-0.0797886314882
8.31725585118	0.0475553323763
8.34882677592	0.213295735962
8.39818114761	0.353810947848
8.40784591051	0.518519021185
8.43466663215	0.711813497717
8.41481836842	0.872716787828
8.39742974522	0.980308835663
8.39263432077	1.10931337318
8.36692972785	1.26728785104
8.35999448682	1.37064228367
8.32281820308	1.56481099465
8.28382188042	1.68474406798
8.249150712	1.8294136893
8.17199833968	1.98567680204
8.13299338918	2.03707854419
8.10661019495	2.16809827094
8.08509346743	2.27674914679
8.03096222439	2.39420873945
8.00031940207	2.52076572951
7.97921400527	2.6121216434
7.88877417134	2.88303679739
7.83361518881	3.02657886753
7.79096607838	3.1370859672
7.77486274792	3.18883852689
7.67990873738	3.39981447398
7.57989985193	3.61448976913
7.56119832186	3.65200363512
7.53046307884	3.71558683513
7.50471676305	3.767595464
7.47247526132	3.83337344408
7.42333546893	3.92482243275
7.35970412657	4.05337275547
7.2746893434	4.20816419589
7.21316987764	4.309555483
7.11320074784	4.48007395023
7.02755766225	4.6302267162
6.97450797462	4.72091147053
6.83614009909	4.97157558194
6.72675815038	5.10539997337
6.67097743869	5.2278239219
6.57748259315	5.35850114723
6.5519645357	5.38696652361
6.47048601227	5.44521701333
6.43186254592	5.5198323849
6.32089334476	5.71404750972
6.1978820337	5.81176709936
6.14814814439	5.89343781719
6.05051042475	6.00434139976
5.85917231523	-8.05639562343
5.61903366161	-8.21138074143
5.42224619325	-8.36752635206
5.28117833648	-8.48415698113
5.26933737409	-8.49889076645
5.13958335519	-8.62620184536
4.9551219051	-8.79298311504
4.82018288602	-8.91998140697
4.75067615454	-8.99843774063
4.77077464408	-9.03411743633
4.67129185169	-9.14264593821
4.56889664734	-9.25119859071
4.41793243785	-9.40581979297
4.31024676654	-9.52567664435
4.18563650855	-9.66299909425
4.07040775631	-9.79770530107
3.97371636289	-9.93149285626
3.84821708035	-10.0872729467
3.6808308903	-10.3144865572
3.57309151109	-10.4538214272
3.34282824495	-10.7685216928
3.26339479406	-10.8478638354
3.10764188737	-11.019541488
-10.0947005582	8.4542206644
-9.85416795889	8.4622706583
-9.6646411652	8.47414527671
-9.45429447569	8.49253348715
-9.33918835025	8.50312143758
-9.21383459368	8.46643046542
-9.11973628803	8.43168232207
-8.99772900159	8.36572583341
-8.70695844572	8.22081666926
-8.58805334925	8.13664940956
-8.5133930849	8.07928833892
-8.4405138361	7.97173398576
-8.31284285137	7.82815744614
-8.21449931	7.65809364559
-8.16878295994	7.56795977761
-8.11313939142	7.45764301252
-8.03826708894	7.3792257897
-7.96071066411	7.21300802587
-7.85151321246	6.96414226908
-7.81598344398	6.88322283004
-7.77325427321	6.77959550557
-7.73696253511	6.69291779466
-7.69005580614	6.57650249255
-7.65154926212	6.47450640102
-7.60233251585	6.33360636021
-7.55780002577	6.21743520278
-7.51026915535	6.08883049818
-7.47746917738	6.01023142776
-7.38180523761	5.75560857374
-7.31232081743	5.56548165872
-7.29140684494	5.51362200171
-7.21155190319	5.32773833445
-7.16999540068	5.1977100298
-7.09876934766	4.97124664092
-7.08985565495	4.94065342331
-7.04679961457	4.78757591335
-7.00482900848	4.64191294184
-6.96012821739	4.48851049168
-6.88274044879	4.22763884562
-6.80327840639	3.96018009542
-6.75625039575	3.8059338675
-6.72842524601	3.71513256732
-6.66474395761	3.5189512801
-6.58480922995	3.24559439805
-6.52433614392	3.06607527075
-6.46827320342	2.90606490224
-6.44657493921	2.82758145586
-6.38686969235	2.6571134236
-6.35547878031	2.56950699699
-6.31265428434	2.45799939651
-6.2723350354	2.32380231146
-6.21920816389	2.14501838704
-6.12304034022	1.92459267276
-6.08040608656	1.7694457021
-6.00773447717	1.59837165398
-5.90327135473	1.36429003601
-5.74640206607	1.04000346362
-5.70101703018	0.928839503925
-5.6513875794	0.819357170451
-5.64060528303	0.789183468657
-5.59018846709	0.674547770891
-5.5145018051	0.525190527092
-5.43925981704	0.389998054875
-5.34696925655	0.21006300086
-5.26438315475	0.064465960122
-5.19219379844	-0.060619671627
-5.14550666121	-0.14237520188
-5.0644306945	-0.283932119163
-4.98243404061	-0.389835752335
-4.86249057041	-0.57528801151
-4.79559422765	-0.675046441465
-4.70805704906	-0.80348817446
-4.6011868847	-0.979283547297
-4.51327828048	-1.11443699416
-4.43836906216	-1.299916766
-4.33931222812	-1.45094888344
-4.28368700773	-1.51266797132
-4.18699765492	-1.69435916226
-4.13470560133	-1.7673062768
-4.1007929721	-1.82545326859
-4.05139789089	-1.89762302689
-3.86209911484	-2.15397200966
-3.77028016378	-2.28311507725
-3.66525562538	-2.4130630668
-3.58385916692	-2.52092905232
-3.4767550884	-2.6246749225
-3.34168743582	-2.73742644783
-3.28308327564	-2.7996481788
-3.18225906334	-2.89035972115
-3.07283857587	-2.97969966123
-2.95414954673	-3.06922493842
-2.67084898226	-3.26440006226
-2.40184815931	-3.41751934112
-2.23090214191	-3.50242829337
-2.13712529868	-3.5489905492
-2.05476214162	-3.62626356891
-1.96109060326	-3.6721988832
-1.78060942007	-3.7252989687
-1.69311962573	-3.74826449274
-1.40250253789	-3.78826720879
-1.2169030995	-3.80324529166
-1.0579360878	-3.8059681196
-0.959464649086	-3.79562540984
-0.870428535464	-3.79570250169
-0.797336998405	-3.79241352646
-0.64869879236	-3.78195489455
-0.432653733357	-3.76023810664
-0.367972720168	-3.74296641812
-0.243542707361	-3.70953710384
-0.0790309696761	-3.57610829437
0.045882734413	-3.39028866439
0.131990194066	-3.27856379428
0.313469373999	-3.03663621538
0.466377447872	-2.82935963572
0.472794146118	-2.80977924903
0.636173188824	-2.5073412213
-10.0874043429	8.46634485795
-10.1898878429	8.55206448533
-10.4748944425	8.53037509265
-10.5188894062	8.58137640011
-10.5974436653	8.6071304417
-10.68014996	8.5838255727
-10.8221122473	8.52337766438
-10.953651441	8.45364605099
-11.0973643891	8.36138550944
-11.2505451604	8.24377576244
-11.336017675	8.15472646654
-11.4356179394	8.06467566191
-11.5519266427	7.91990192642
-11.7055049341	7.76928454583
-11.8530118096	7.62786201982
-11.9984504939	7.45923814913
-12.0620580833	7.41538415336
-12.1661710711	7.27435975654
-12.253081307	7.16800119597
-12.3920366564	7.07209515238
-12.5203790316	6.87893327927
-12.6547593872	6.74720393757
-12.7824332044	6.64450168836
-1.57015741317	-10.4796063002
-1.46651742806	-10.4838067081
-1.29234749408	-10.4240353144
-1.06723728374	-10.3778794366
-0.798220737839	-10.3250842597
-0.646989053502	-10.3351467909
-0.4389038676	-10.3526310419
-0.342183481848	-10.3645164059
-0.284588324452	-10.3676215407
-0.13843387173	-10.3784775242
0.102339254081	-10.396209411
0.266932560662	-10.418629395
0.344033493846	-10.4438955576
0.435203440508	-10.4539182859
0.591378760551	-10.4660442553
0.749628986482	-10.4926401476
0.905556910272	-10.5479215398
1.02851127641	-10.5763278484
1.18322631436	-10.6196369088
1.45881126948	-10.7028583022
1.53945638541	-10.7232393119
1.81720817216	-10.8041373493
1.93140990048	-10.833683045
2.08132371022	-10.8650795699
2.28900341299	-10.8861583753
2.43119059378	-10.9092766184
2.54817035313	-10.9239078416
2.79549381942	-11.0033848642
2.86748738198	-11.0211811975
3.10768589128	-11.0195092301
-12.782704269	6.64455271546
-12.9692227663	6.52758006016
-13.0774258515	6.41542082521
-13.1126835916	6.37734006465
-13.2357388259	6.21163399722
-13.3153292567	6.0203112043
-13.3850352301	5.84014225292
-13.4387942286	5.60758150907
-13.4539906359	5.47524095549
-13.4871109818	5.31163120752
-13.5162895252	5.17535515977
-13.5310948607	5.03996221885
-13.5940902355	4.73556308693
-13.6404543163	4.53527986992
-13.6274896552	4.33761257168
-13.6180171186	4.2666243305
-13.5921261981	4.13374478626
-13.4812694268	3.8645292207
-13.3633442532	3.72462792064
-13.2628978392	3.60791963265
