1738 0 0
11.52139836	-2.48861858884
11.4944011822	-2.36162934943
11.4338660268	-2.20283072627
11.3362530464	-1.97880197271
11.2949148581	-1.80922491089
11.2153778001	-1.63820172144
11.1616316528	-1.44580226465
11.0897425957	-1.21482362636
10.9695408017	-1.0110319698
10.9018594375	-0.739136342814
10.8336020586	-0.548252056876
10.786909651	-0.448468997414
10.7240070967	-0.312709715337
10.704102696	-0.232322448829
10.6684598551	-0.107264086767
10.6187934991	0.103655123911
10.5484457597	0.281855063177
10.4830345933	0.388974252842
10.4371178775	0.451187590453
10.4216081362	0.521963680129
10.3555088856	0.813895276492
16.0950075483	-3.69053530394
15.9628828263	-3.6643521548
15.8193262592	-3.69038409525
15.7151779395	-3.64384049736
15.6173963057	-3.64739125764
15.4566723424	-3.65504763288
15.3621387422	-3.65215657076
15.2219402383	-3.64598028267
15.049324099	-3.65389903273
14.8556984591	-3.67562237087
14.7392789288	-3.6945026102
14.6343022418	-3.73243574851
14.5532052375	-3.79540724707
14.4734419786	-3.86890414318
14.4457347052	-4.01525393397
14.4522067954	-4.14419634406
14.4576348502	-4.27587516673
14.4829506915	-4.3929593512
14.5043491647	-4.48154609933
14.5873673595	-4.66807240409
14.6220519556	-4.76260448278
14.7190322447	-4.96104430226
14.7819915323	-5.09161458467
14.8256353162	-5.24534773225
14.846431185	-5.35661455427
14.8970987434	-5.53792468621
14.9641126612	-5.86293539105
14.8732118812	-6.00805307976
14.834477906	-6.06159773577
14.7977183615	-6.15376812444
14.7309457543	-6.2125652021
14.6717639639	-6.26074461538
14.3480014683	-6.31997335118
12.9385873735	0.511394030799
12.8922406187	0.247916977771
12.8994783902	0.120925564767
12.9565278359	-0.153039786784
13.0016422803	-0.309592965714
13.0568738721	-0.441079776628
13.1099574051	-0.626989931028
13.1496302695	-0.714276316792
13.2966852271	-0.960624127284
13.4739879471	-1.22778624029
13.502719689	-1.3306982009
13.5745186171	-1.44855398119
13.6312552007	-1.6045810863
13.6970726015	-1.7385219345
13.7896623295	-1.84270783013
13.8452219961	-1.95513597745
13.9298635422	-2.07035601196
14.0563055378	-2.15492028853
14.1622864657	-2.26665927341
14.2445113557	-2.34445352313
14.3390967415	-2.42047079538
14.4356051678	-2.47586914833
14.5558835762	-2.53587277077
14.678514821	-2.57424940959
14.7977003615	-2.57165259857
14.9385962467	-2.54946257086
15.1893403794	-2.45148934939
15.362958359	-2.37014525318
15.3799188727	-2.36108630852
15.5091507803	-2.28694307031
15.6137467954	-2.19945475435
15.7198249679	-2.14036979808
15.7684543443	-2.05116933567
15.8326290473	-1.85692552623
15.8536966777	-1.72745192432
15.8602035106	-1.62776065668
15.8476604377	-1.46664110093
15.7221746155	-1.11442563433
15.6175188193	-0.888758045923
15.5779019944	-0.786031267674
15.5271236412	-0.69205985876
15.4778337624	-0.589153763415
15.4289504119	-0.500819861396
15.275975061	-0.235812885791
15.1728610491	-0.0968207282078
15.0717356654	0.0660986144634
14.9573175556	0.222259413709
14.8306296135	0.3810871736
14.6992946519	0.512124492933
16.9396633893	-5.2200221287
16.9171813943	-5.18714888595
16.8843683853	-5.13914671174
16.8575092583	-5.10147396977
16.8375143673	-5.07148402239
16.7962119934	-5.0091272676
16.7421776006	-4.94455399891
16.5684989349	-4.68793245942
16.4131822591	-4.55050374371
16.3827294949	-4.48244818867
16.3650518859	-4.43559627251
16.3158488628	-4.30643267256
16.2460065571	-4.04494076552
16.1481986334	-3.85362068788
16.0937332615	-3.6907036438
17.4737070728	-6.83905395886
17.4737370904	-6.83907602869
17.4737386239	-6.83906815648
5.74792328203	-3.27811615636
5.63701541572	-3.56229879273
5.53278707964	-3.69666605628
5.41250507623	-3.86279365512
5.31482994669	-3.95053751314
5.27450117347	-3.99732955952
5.19215429856	-4.14081650614
5.07256157674	-4.25806343472
4.98949726434	-4.39260551998
4.843160712	-4.61633065597
4.76517808601	-4.73452110355
4.69453740583	-4.83775694886
4.64528889863	-4.91012511887
4.5616460313	-5.02839414241
4.51477287623	-5.0926924128
4.44743187678	-5.16055120864
4.32687770102	-5.35729456942
4.24011379878	-5.46244896759
4.13461769252	-5.61861724129
3.99564925864	-5.83007250758
3.87527852999	-6.01681337401
3.86629259283	-6.02824832132
3.8150706333	-6.16053597053
3.73866879993	-6.3103840878
3.68028858368	-6.47248494607
3.56455514614	-6.56675024727
3.51647132447	-6.63215847876
3.38956838772	-6.75192252508
3.34407050567	-6.87287647168
3.1459774785	-7.08328510507
0.510409983689	2.88055653309
0.510409982504	2.8805565327
0.510410449925	2.88061723784
-9.62711990282	-11.5063342282
-9.62714729017	-11.5062874121
-9.62716872692	-11.506257873
8.14008713348	7.03695831212
7.85310222259	7.22858655915
7.80300689372	7.2665146705
7.76412218915	7.31807799339
7.63733429693	7.38029116095
7.57763206282	7.42256192324
7.42741151091	7.50659231875
7.12542362183	7.65156220014
6.93373985255	7.75417548737
6.84006546526	7.80107226004
6.70721296409	7.8690734898
6.52094857071	7.95392936914
6.31621999427	8.0484022848
6.11765203084	8.1424054148
5.80835054788	8.34233991008
5.45145330975	8.511061878
4.98368973711	8.71551185047
4.46560515736	8.91988168371
4.0190559179	9.09114700759
3.72723054396	9.21052788748
3.3975025719	9.31578586367
2.96502332841	9.4488544071
2.64654905564	9.55590120373
2.41122794175	9.6502439401
2.23558324519	9.71854200667
1.99665438616	9.81466948843
1.81534819833	9.88286700262
1.66885167703	9.93983262132
1.53856549018	9.98348000076
1.42427831267	10.0242770051
1.22314300058	10.1273964323
1.07947257378	10.1921955482
0.948658052173	10.2348016102
0.78128851474	10.3029903019
0.633111667301	10.3626614401
0.44398531245	10.4372249643
0.33787059167	10.4781461219
0.172456509319	10.5490483468
-0.0426754683565	10.6419960946
-0.303927118635	10.7388040446
-0.468331056787	10.8099131628
-0.809746801976	10.9249061382
-1.1547123694	11.054867143
-1.44409459062	11.1601428469
-1.73334326979	11.2644609742
-2.0464389551	11.3751660505
-2.20178763643	11.4296363204
-2.4178864374	11.5029137101
-2.62064163389	11.5630921425
-2.82648802203	11.6162789595
-3.01967935642	11.6625954363
-3.1157015598	11.6809158663
-3.32216892237	11.7231149326
-3.46143361006	11.7472838648
-3.60058179911	11.7711540836
-3.75953879751	11.8031256576
-3.90190687437	11.8241346261
-4.03929384867	11.840271184
-4.28284020749	11.8628496121
-4.37575759532	11.8721277088
-4.57212008378	11.8890559291
-4.67475100308	11.8966176926
-4.92113476959	11.9137186811
-5.10518828908	11.9219665982
-5.37762379873	11.9296371777
-5.52304860175	11.9309063033
-5.74320563688	11.9290412195
-6.07001502393	11.9143898424
-6.19471748451	11.9079006838
-6.4405677475	11.8954303383
-6.6447301285	11.8842167669
-6.87743778721	11.8743396504
-7.15718235419	11.8185367769
-7.53547195326	11.7729526349
-7.81100282421	11.735107064
-8.09948066106	11.706156826
-8.30390151937	11.6829204248
-8.52827533153	11.6210860354
-8.6848753786	11.6169629451
-8.89957353413	11.6355550898
-9.08595961149	11.6204018142
-9.32191098163	11.5845636344
-9.50602881949	11.5622632753
-9.84621932845	11.566745832
5.75562626822	4.22390268729
5.72708060803	4.35755408838
5.66880233256	4.49226581443
5.63027223133	4.5623470252
5.61761146021	4.66338723245
5.54711649163	4.77648826972
5.48247872472	4.91945650177
5.40557506709	5.0660292101
5.27809916811	5.14206017031
5.24716751159	5.23827705303
5.19927376688	5.33684597756
5.09562044181	5.51089844341
4.99900737669	5.64872766476
4.97186840738	5.71023205465
4.87307304125	5.84346386774
4.78005187395	6.00550729914
4.74588617511	6.07841774641
4.68397492718	6.14796550741
4.49360460899	6.32385546054
4.40393667543	6.42155876718
4.29567661583	6.51502790573
4.18295622047	6.62392954709
4.06408332816	6.72632939863
3.97004203267	6.79811845966
3.94615086215	6.81514214566
3.89996355485	6.83996888216
3.74118153787	6.91953755417
3.58693842882	7.00420569754
3.40816945967	7.08359045257
3.21525060017	7.16289744921
3.12384860823	7.18063213726
2.96858137991	7.22054881565
2.8596420753	7.27997386214
2.79847755595	7.28531602865
2.44132380813	7.36035112877
2.31682447212	7.38795978123
2.17083050978	7.40816171925
2.03919313699	7.41288703929
1.96100491639	7.42354714468
1.84282526828	7.44455581273
1.63631712965	7.47855420136
1.19585354904	7.56616021391
1.02093221984	7.60560560245
0.861868354427	7.64422307679
0.757338815161	7.66149538639
0.63321892383	7.68143839989
0.498768002274	7.7081216362
-10.0302342937	-9.4767001618
-9.79597831137	-9.63570656542
-9.55543102852	-9.71786326606
-9.34359659815	-9.80590416033
-9.17433182796	-9.83348991113
-9.08799388465	-9.87063443765
-8.98596038571	-9.9198036672
-8.78181681959	-10.0141367985
-8.6630982452	-10.0546517589
-8.52090570326	-10.1193006935
-8.44870721114	-10.1518687552
-8.35924779094	-10.1852968343
-8.33168825346	-10.2049537216
-8.0464984242	-10.318843857
-7.91658120329	-10.2856410023
-7.87835133073	-10.3195365337
-7.83514408949	-10.3382647689
-7.74706367392	-10.3788460845
-7.66854117524	-10.4702236169
-7.53181741901	-10.51908186
-7.43770220109	-10.5595448379
-7.30380662347	-10.6000753799
-7.23030821419	-10.6267246437
-7.16165020422	-10.6454711307
-7.04852268005	-10.6773154764
-6.83517619777	-10.7474235502
-6.73414557345	-10.7711595813
-6.60692766551	-10.8083839907
-6.54719042725	-10.8274202583
-6.46841531227	-10.8547349338
-6.39769208925	-10.8817412252
-6.47458931623	-7.87177973561
-6.57554968061	-7.99029443011
-6.6378286151	-8.05268486843
-6.72043070965	-8.11655670471
-6.90266763229	-8.1387963951
-7.03230456003	-8.21857747144
-7.09076096497	-8.26665717274
-7.14264029122	-8.27169618574
-7.25537629756	-8.24528941276
-7.31420514267	-8.29834739997
-7.54948852281	-8.31153047802
-7.70891986815	-8.33113603144
-7.78182300693	-8.36983929051
-7.91002562154	-8.36906929071
-7.98030523277	-8.36214024775
-8.12630879408	-8.29945080952
-8.32760920061	-8.30298278385
-8.42711961164	-8.2952998414
-8.57708905382	-8.30389614821
-8.65568591157	-8.30092743768
-8.73812358413	-8.27109532279
-8.88307632947	-8.23917153615
-9.00491377134	-8.20663120563
-9.12638692211	-8.21069781008
-9.21074178369	-8.14740766855
-9.29749572125	-8.12250139778
-9.41066058649	-8.10789653363
-9.62265094062	-8.08365199764
-9.92230689125	-8.0058034045
-12.8806888928	-8.26598140161
-12.8650953056	-8.20481005361
-12.8410781541	-8.14205646633
-12.8022679437	-8.05541026991
-6.34594751692	-3.72980180303
-6.37932419132	-3.71533999129
-14.0132698713	-7.49829393236
-14.0132856532	-7.49822702994
-14.0132861084	-7.49819003177
-7.70185537041	-0.995663562215
-7.76391117868	-0.988675758505
-7.82629026657	-0.980599881747
-7.8905847209	-0.971140990956
-8.01990294386	-0.948029442192
-8.12831215969	-0.928304396553
-8.27038092154	-0.90239203869
-8.45663268504	-0.851378555499
-8.56536063228	-0.828402052548
-8.69357940668	-0.801954396892
-8.74303949972	-0.791567809117
-8.85400467199	-0.77940355271
-8.99216289032	-0.745403954365
-9.17021869942	-0.699923913905
-9.33563571477	-0.658651999725
-9.51819441876	-0.617514136958
-9.68530364233	-0.570802323398
-9.78483863415	-0.542515130167
-9.89184891214	-0.511956618893
-10.0428244048	-0.522890051516
-10.3135019922	-0.452895708684
-10.4761860529	-0.384542712572
-10.7282931275	-0.337629296717
-10.8849998457	-0.273831924168
-11.0258260759	-0.191371669213
-11.1745066138	0.000730687091867
-5.77964384135	0.854360588408
-5.74778093205	0.660698971277
-5.6799576483	0.590178600973
-5.59575962047	0.539852661339
-5.59343226405	0.43555083902
-5.54564208765	0.329637123629
-5.45967393319	0.266562759577
-5.3780358157	0.195727388235
-5.28944433724	0.121368039354
-5.10358025071	-0.0218482297911
-4.99176864283	-0.154540625818
-4.85956638096	-0.278284814153
-4.66486969308	-0.484404402331
-4.48578552385	-0.700254772203
-4.3217569858	-0.869460450576
-4.19766056359	-0.979935702438
-4.02044241663	-1.13611123744
-3.82122164584	-1.32097279286
-3.67542652427	-1.41616301584
-3.63510230402	-1.44715639737
-3.4424945904	-1.56645214887
-3.29912046893	-1.64661800965
-3.13488440433	-1.68449903814
-2.99301469925	-1.76180514025
-2.86206140621	-1.79423866601
-2.69866304407	-1.84024476228
-2.64708948996	-1.85430144914
-2.55159884409	-1.87239239914
-2.40370679434	-1.91121575359
-2.17006539842	-1.95715708868
-1.9923172777	-1.95339530953
-1.90035622265	-1.95332723778
-1.72484967119	-1.93455716479
-1.55066968066	-1.92138489836
-1.53134301143	-1.91871921837
-1.44668379107	-1.90192284419
-1.21294101146	-1.85025206245
-1.10611172082	-1.81036454216
-1.04624047017	-1.76423684826
-0.91663838964	-1.71226792904
-0.791482566036	-1.67882803054
-0.636147543723	-1.63094286561
-0.417154896566	-1.54562308074
-9.60838446168	2.43977780575
-9.42014561631	2.20523877646
-9.3448360303	2.11850445867
-9.22986763359	1.96668445881
-9.08000886539	1.84971631493
-8.94567137228	1.71260599365
-8.88365573213	1.66338843759
-8.77528380055	1.58122109829
-8.71598669481	1.5421064007
-8.53914140501	1.43866871869
-8.42984801899	1.38420794058
-8.31007481793	1.32696683698
-8.19265293187	1.27512824496
-8.0693574411	1.21107771172
-7.95067661773	1.16378560681
-7.79513584172	1.09678676756
-7.67460117213	1.07576697065
-7.47156991752	1.00274281989
-7.35373794013	0.963007929838
-7.20827271884	0.914162053079
-7.05991895092	0.87439548792
-6.8703506344	0.823994573184
-6.71283724778	0.785806328815
-6.56659495748	0.753705355442
-6.46070344318	0.735109317273
-6.38819577978	0.742089871399
-6.24476926383	0.782333078058
-6.12954854039	0.792640737051
-5.98968640532	0.789107724824
-5.78767176798	0.85410888232
-6.6137277921	9.63201504706
-6.4131651079	9.66916527331
-6.35247406383	9.68227114558
-6.30070751335	9.7077538174
-6.12134152546	9.73599811032
-6.03128195201	9.7453347775
-5.90449236168	9.69240997804
-5.75898979432	9.67421448865
-5.58828586709	9.66589041153
-5.50446977308	9.67043050411
-5.39616032445	9.6884098195
-5.25508483458	9.6570998737
-5.16646657427	9.61122788771
-5.01100300776	9.60636071917
-4.85706407545	9.53386498146
-4.64358981918	9.45253418882
17.014180295	-3.50193055626
17.0032981565	-3.50194760392
16.9465380718	-3.5020288384
16.9058746718	-3.50353258628
16.869404491	-3.50861127481
16.8010796086	-3.51476344202
16.724538335	-3.52149390845
16.5019944682	-3.56418849787
16.3951186772	-3.59148625536
16.2898124959	-3.60232159684
16.1812941959	-3.62308531356
16.0937183531	-3.6906911868
11.6088222697	6.37282046285
11.5642349525	6.34717906345
11.5133977973	6.3360176261
11.5065253965	6.33942232557
11.2955481769	6.2762347122
11.1567653868	6.24020726484
11.1442882145	6.23629268989
11.0625422308	6.21142093807
10.9940937131	6.17975498076
10.883792863	6.12057360713
10.619464892	5.99992846396
10.4153458979	5.90708020659
5.14725413169	-8.33877206441
5.32403548101	-8.30477188732
-12.9263495918	-5.91306110179
-12.546583463	-5.97165272499
-12.2922572457	-6.09261945851
-12.2162267911	-6.13116842933
-12.0146415153	-6.25306768269
-11.9481196627	-6.33862646605
-11.874564982	-6.40205212681
-11.7731688947	-6.48563331111
-11.6193675627	-6.52640866458
-11.5468685063	-6.61149624767
-11.4947851014	-6.66438753871
-11.3276974529	-6.84881979391
-11.2151354047	-7.00085978777
-11.1436353113	-7.05670797098
-11.0769512391	-7.11614835554
-11.0025343873	-7.18891642324
-10.8974075815	-7.29930525381
-10.7949505749	-7.40412800559
-10.6971659143	-7.48286093538
-10.5284767826	-7.53936073064
-10.432367056	-7.60059979621
-10.2686153657	-7.69999943168
-10.2315719046	-7.70542678888
-10.1940941733	-7.75460978282
-10.1421884642	-7.81513720558
-9.92231360931	-8.00564921073
-11.1745265586	0.00070237536561
-11.1484786977	0.20437971274
-11.1316641651	0.328824802514
-11.0996497007	0.509796210229
-11.0515183873	0.666721859812
-11.0065620211	0.757966914559
-10.8628012463	0.999124836851
-10.7280218183	1.16037358292
-10.6365145152	1.39756721629
-10.5598895112	1.54039658751
-10.4979185394	1.63198663931
-10.2600425551	1.91460038919
-10.1728396026	1.98050013222
-10.0742899899	2.09413580077
-10.0147872372	2.15284859677
-9.95192376421	2.22005100529
-9.89273853634	2.27243516023
-9.78183439358	2.30201409217
-9.6083192278	2.4399256702
-10.0301205184	10.2245236932
-10.0220614876	10.3966112334
-10.0501015086	10.5480665324
-10.0928111815	10.7998858835
-10.1659141682	10.9114506864
-9.78653880424	11.0369074011
-9.81588401942	11.2204127957
-9.7658457846	11.3360870072
-9.71630146631	11.4175130898
-9.84618430959	11.5667081043
-10.7797385018	9.79031038359
-10.7501959661	10.2298900662
-10.6450741514	10.1974901513
-10.5456716394	10.1986890138
-10.4009711184	10.1978541125
-10.2899031091	10.2135368763
-10.0300294206	10.2254909775
14.3978959668	-6.33002334889
14.3913458741	-6.44667565817
14.6325919156	-6.61909724139
14.6597943178	-6.65865548651
14.6307172216	-6.75664002555
14.573619043	-6.91660328207
3.14590657719	-7.08318245812
2.89063645117	-7.16269928007
2.77674484967	-7.17987730567
2.67891116617	-7.20522996328
2.52871595104	-7.24496618359
2.40897493955	-7.30034311451
2.33350350141	-7.29886404336
2.18303426904	-7.35171781513
2.03627181409	-7.40117256915
1.90471285227	-7.44156641299
1.68547073061	-7.51223139808
1.58216189956	-7.54994780348
1.40497788791	-7.6176722779
1.25010105875	-7.70892627066
1.1587020782	-7.73330409314
1.00284931767	-7.81240510422
0.73309258912	-7.969550474
0.470857157922	-8.13395405115
0.300467909728	-8.24387721091
-0.0379069737861	-8.42304528829
-0.1418179	-8.49170781104
-0.16901302454	-8.50905734899
-0.297975286717	-8.68321737267
-0.318036214256	-8.76521796016
10.9173750562	4.22734226365
10.9189168686	4.48404151782
10.9155496056	4.65573722465
10.8386628112	4.89502461804
10.7706929899	5.12040043014
10.699627164	5.29515791388
10.6117290075	5.49343107263
10.5831746656	5.59698430231
10.5762296751	5.67199395597
10.4152328088	5.90682527456
3.06470486047	-1.72700395287
3.24667764084	-1.95478826486
3.28340697612	-2.1845899595
3.30353336635	-2.32882277759
3.37003847347	-2.60910785675
3.44409940243	-2.7718683531
3.43967088388	-3.09781936643
3.40151763123	-3.23016049083
3.28629805096	-3.45750881387
3.26309724948	-3.50124489302
3.10050197498	-3.77364597669
2.99523617476	-3.88017719108
2.82188671619	-4.0452984968
2.74783491125	-4.10740809678
2.65666789566	-4.19624216865
2.5135025178	-4.30705898104
2.34526553907	-4.39248915112
2.19335554359	-4.4963713013
2.030480386	-4.60070827603
1.91850108823	-4.6638240498
1.83739613792	-4.71300289499
1.71992325792	-4.78158717118
1.61805899215	-4.79924905471
1.51063546617	-4.82502759408
1.37230555112	-4.89988705942
1.21068947933	-4.95705611782
1.12103868624	-4.97899393158
0.97909623496	-5.03260866603
0.711813786003	-5.07566027059
0.614277348081	-5.08829016877
0.353110584772	-5.1252649454
0.19669714083	-5.12280173194
0.0670274241234	-5.12067935962
-0.15649257735	-5.12175571572
-0.356536991716	-5.11318027764
-0.529476260111	-5.10998523587
-0.786292312002	-5.09578056848
-1.06097507991	-5.08658801205
-1.11445741588	-5.0888831397
-1.4706308392	-5.0525575417
-1.73923626382	-5.02033415501
-1.90920754075	-4.99209568633
-2.12379956787	-4.95689121978
-2.27467078111	-4.93009551927
-2.3948276867	-4.91131051833
-2.58397242237	-4.87326342411
-2.71829071875	-4.84372577847
-2.83807500859	-4.81712173731
-3.08032930216	-4.75551804545
-3.30578090447	-4.69992200389
-3.49246152724	-4.64532415171
-3.60482354555	-4.61726639171
-3.76507239062	-4.57142789958
-3.8609246456	-4.54331030996
-4.00837446094	-4.49929866384
-4.32477243863	-4.40605652263
-4.49697973933	-4.34971508589
-4.62016323231	-4.30544611387
-4.79103648556	-4.25479250103
-4.96712239005	-4.19737333866
-5.16682563208	-4.1315172877
-5.31074624885	-4.08789085644
-5.55541946634	-3.98003864822
-5.74542176896	-3.91960311608
-5.89495058109	-3.87100160827
-6.02480018595	-3.83245050162
-6.17191798309	-3.78341581565
-6.37939935352	-3.71597610637
-12.3641942355	9.15977109241
-12.4374068165	9.33508099466
-12.487228109	9.45638521005
-12.5050791672	9.59045388046
-12.4843387476	9.76865157972
-12.3846215011	10.0661817645
-12.0958354266	10.5279875044
-11.5778160642	10.9865820054
-10.7458225143	11.3958901875
-10.3197207889	11.5260854478
-10.0786719193	11.5740109859
-9.84619927413	11.5667240128
14.5736190867	-6.91660329216
14.5416711333	-6.69747753684
13.9538949775	-5.82640947448
13.8965501645	-5.72049819289
13.8615444858	-5.65746221571
13.7702594623	-5.50707228375
13.7105154675	-5.28570860231
13.590163493	-5.16376092828
13.5253278299	-5.05663030969
13.4932628129	-4.99648295017
13.4184930519	-4.84124559951
13.3327383534	-4.64139739904
13.2313587827	-4.40487447332
13.1557937665	-4.20909523581
13.1128085991	-4.10004428961
13.0834562193	-3.97339161833
13.0752950932	-3.95155919913
13.0272858901	-3.82167403399
12.9732808021	-3.70440741332
12.9014743035	-3.55143372512
12.8322506924	-3.47052246552
12.7916771645	-3.40080206313
12.7224375242	-3.27342464267
12.6533368573	-3.16048459884
12.5729214209	-3.08931795662
12.4428542196	-3.04752848524
12.3274886122	-2.91948803561
12.2500600122	-2.845245534
12.1468999604	-2.74999259741
12.0278212597	-2.66254634347
11.9327822013	-2.60668442471
11.7251622004	-2.51678485394
11.5214544136	-2.48861492265
10.3554957535	0.813834354119
10.5733002275	0.937257448385
10.6467792949	1.03714764919
10.7441702376	1.12423099635
10.8408995321	1.19944437267
10.8721273958	1.22901177625
11.0009871799	1.29721352554
11.1691603436	1.35109474147
11.3827347651	1.38318538721
11.6265234891	1.34140096087
11.7184054032	1.32029096339
11.9287286379	1.24462067636
12.126924595	1.16434838877
12.1463587133	1.10718917748
12.2773351551	1.04879974137
12.4452429774	0.959407498033
12.5870690533	0.882302472176
12.6468383612	0.799659503023
12.9386551934	0.511471812975
-4.24994713935	2.68139037809
-4.25351229909	2.97758693601
-4.23929888553	3.20896286551
-4.24142720257	3.30738086375
-4.22537674951	3.4663838535
-4.20853010592	3.69840719972
-4.19178388513	3.81078194384
-4.21736048442	4.3263628467
-4.23654890423	4.51232512963
-4.24700154302	4.76904567438
-4.23513695132	4.92178344528
-4.23733841542	5.07026386707
-4.25380394989	5.21852955492
-4.25687516261	5.37889099655
-4.2756932867	5.49342831982
-4.26943237687	5.72680819186
-4.26201541308	5.81924889285
-4.25244167829	5.93353955
-4.24028784386	6.07805012501
-4.26285245243	6.16989123208
-4.31258660814	6.27418620391
-4.31757392066	6.39372251307
-4.325379627	6.49238158198
-4.32754249792	6.60084006178
-4.34083707477	6.75421803621
-4.3528609042	6.88081357093
-4.36948764895	7.01832335776
-4.37628598621	7.07678338443
-4.40012843468	7.22787410995
-4.41647614199	7.32560812919
-4.41321928195	7.4712966264
-4.46552633087	7.61506264819
-4.49828989435	7.77320869212
-4.51753676345	7.95158073875
-4.53253904917	8.11467147041
-4.54210082407	8.19335851037
-4.57398504897	8.31286225879
-4.64890552876	8.62147254468
-4.61190156886	8.97496989407
-4.60879357853	9.04504181408
-4.59223850509	9.23606043472
-4.64450446217	9.45264783241
-12.3455625075	-3.71736495161
-12.6168939552	-3.8448138232
-12.6667275727	-3.88700705261
-12.7523850786	-3.96453292296
-12.7538465099	-3.96767867487
-12.8158793366	-4.05419793135
-12.8472616199	-4.10346736117
-12.8970005155	-4.28760956901
-12.9155355684	-4.51684663751
-12.8690620706	-4.621505504
-12.8543620374	-4.72205217772
-12.8440009993	-4.82972577788
-12.8405017713	-4.93692650334
-12.9487817562	-5.07476985933
-12.9345687058	-5.17686951109
-12.9115414185	-5.34093667084
-12.9050322608	-5.40612512623
-12.8975757479	-5.5156018351
-12.8908499735	-5.69335150753
-12.9264023312	-5.91308274735
9.04302320732	-8.92498071596
9.25036963779	-8.81398352241
9.56812253077	-8.70906713341
9.88704727618	-8.64262163198
9.96393386555	-8.61513653706
10.1897908421	-8.57729338982
10.3256108141	-8.56971795495
10.4191848136	-8.5632158721
10.5935256867	-8.55603390731
10.962547739	-8.58237115187
11.1171126078	-8.57209310832
11.2605799978	-8.56686373726
11.5015643963	-8.5300430607
11.7773509867	-8.50813256409
11.8610988972	-8.480221137
12.0287459283	-8.44412675878
12.3279424738	-8.36964478077
12.5281225399	-8.30501134097
12.6095831771	-8.27553477913
12.7149705663	-8.22376144935
12.8265447577	-8.19962795428
12.9346627381	-8.15095057213
13.0692234286	-8.08883207807
13.172966321	-8.0783554893
13.4210461595	-7.94910087548
13.6533998438	-7.82992327993
13.7472111951	-7.77967119191
13.9283677913	-7.67978012055
14.0339078195	-7.53812892644
14.0900905614	-7.4345964815
14.1621501638	-7.23690473619
14.2708501747	-7.13005633715
14.3295218132	-7.03817224666
14.573619043	-6.91660328207
9.28574132348	4.29209788326
9.15845969123	4.62530818319
9.08037056078	4.8113581418
8.89701631924	5.11571561395
8.86497780716	5.16859840403
8.75957115136	5.3672202782
8.70226184372	5.47250682137
8.67543118257	5.56411980352
8.63638669264	5.67510995876
8.63946025516	5.80150963301
8.55312033889	5.93955833147
8.45772231717	6.03554806191
8.40661964005	6.16182559829
8.34477833265	6.36276065475
8.2936572286	6.55814023916
8.29175150595	6.62040042937
8.26096810403	6.76860387045
8.13899882044	7.0350002673
-9.14693742379	5.54097084379
-9.1982686203	5.73123643404
-9.26563974466	5.86613080265
-9.34024222689	6.02944892644
-9.34928328214	6.06489131495
-9.46753320068	6.27970788894
-9.5005355712	6.35977008551
-9.54743381898	6.48191864662
-9.59156500766	6.65045112202
-9.63938992273	6.76586331473
-9.64810487378	6.82918681483
-9.69629006436	6.93206459621
-9.71948445977	7.03188979378
-9.752755748	7.13468082177
-9.82726013723	7.33598255547
-9.86715300594	7.46070286676
-9.90523414739	7.52089212483
-9.96750563726	7.59065899175
-9.97554014916	7.75766650086
-10.0413664285	7.89712499847
-10.0512318712	8.00467039602
-10.0538607108	8.05166713308
-10.0630420792	8.09566545788
-10.074216707	8.1933242528
-10.1078798224	8.31718862472
-10.3054580867	8.38727291862
-10.3816343444	8.45312135522
-10.4175809483	8.5054788023
-10.4850097772	8.56132119664
-10.5111302516	8.64126064494
-10.5870514645	8.7332995211
-10.6300792412	8.8076289618
-10.6964167607	8.93081086674
-10.52423731	9.09005947708
-10.5422425647	9.18660979086
-10.5735010432	9.29249785025
-10.7102269224	9.36751569081
-10.7342100365	9.50448284736
-10.7405950089	9.54492151031
-10.7578919015	9.64390170043
-10.7796636941	9.7905048654
-0.31804127374	-8.76522038943
0.0646639321398	-8.99616747071
0.277212614549	-9.07340563437
0.467464684407	-9.1338887509
0.66424539388	-9.1664557509
0.817502691087	-9.22101605416
1.01748365357	-9.27219522166
1.14631616768	-9.32815202577
1.3226646079	-9.35163196395
1.42828580035	-9.38160414365
1.54716601395	-9.40587779271
1.87913485966	-9.47647895311
2.04447334958	-9.50977724138
2.19050820451	-9.53593683008
2.35049346538	-9.5721859648
2.4587349094	-9.60988911956
2.56389243127	-9.61415867397
2.71848721606	-9.64083355314
2.91006067789	-9.65989620051
3.05478172313	-9.67429461697
3.25463546668	-9.69720300405
3.3323090832	-9.70878642711
3.48222474888	-9.72743996472
3.60649543557	-9.74004833911
3.78542910857	-9.76223195468
3.93737295241	-9.76845511373
4.23403548474	-9.78596330119
4.36154017546	-9.78796338258
4.45055782673	-9.78935223356
4.57003779797	-9.78856519465
4.62550131148	-9.78704225275
4.94568932725	-9.79455206245
8.51661555926	-7.25700932914
8.73009193536	-7.20230284809
8.9879307303	-7.1424032648
9.10095950434	-7.11867369243
9.26415141384	-7.09753750467
9.48237065107	-7.06173584389
9.65301530882	-7.04347488699
9.86218077418	-7.01759675562
10.0358493475	-7.00264176052
10.2177191998	-6.98656754457
10.3863031363	-6.97162452673
10.4912852906	-6.94759917262
10.6849671832	-6.93550212697
10.7414299085	-6.93660708565
10.8547196736	-6.93100209238
10.9665048871	-6.95039364997
11.0722264956	-6.94315373204
11.1836228648	-6.93391845422
11.3158365018	-6.91937500665
11.3540529703	-6.91405234884
11.4444764748	-6.90131206504
11.6158796015	-6.87217840456
11.8539000964	-6.8639596034
12.0351353885	-6.83109011673
12.0917828032	-6.81854430981
12.1938146036	-6.80191141165
12.2824523299	-6.78959165095
12.4072796576	-6.76630122997
12.5197341911	-6.74466431968
12.6534841362	-6.73906118543
12.8921851265	-6.70658367101
12.9684214342	-6.69265862615
13.0072627	-6.68439686901
13.1086539945	-6.66706075298
13.212376273	-6.64619475061
13.2894752233	-6.63995576213
13.5557361363	-6.59394895434
13.6966183017	-6.54561494226
13.8788724406	-6.46111075759
13.9855020528	-6.42438802892
14.1436999099	-6.38860307465
14.1596596798	-6.36580687629
14.3480358526	-6.32000247943
11.5212875796	-2.48862035232
11.3815408355	-2.6579620526
11.2007202652	-2.9075171405
11.1657177324	-3.00783550676
11.1002180258	-3.1859738047
11.0110454444	-3.41158841757
10.9016416335	-3.68216356886
10.832439169	-3.89833512454
10.7571165168	-4.15221533744
10.8131157264	-9.914891552
10.6898696288	-9.95589703675
10.5894284146	-9.94978338657
10.4687178072	-9.93648265633
10.3329251048	-9.9346150698
10.2621768699	-9.92585875369
10.1929664541	-9.89642222682
10.132239567	-9.88089237762
10.0229975168	-9.85144316161
9.86962565045	-9.78444798184
9.70748238127	-9.71566890873
9.66394911766	-9.69206736393
9.5953702668	-9.65227205597
9.47889695907	-9.56305854378
9.33307686461	-9.44768589244
9.20238301912	-9.28578045246
9.1420248931	-9.17997121833
9.11024109353	-9.09804203607
9.03887653508	-8.98445673335
9.04302342059	-8.92497494804
12.9385873806	0.511394032546
13.2295647097	0.469749274563
13.2841680783	0.457262977207
13.4538262736	0.40489834613
13.7088093209	0.304887730352
13.9797386585	0.182386041433
14.1174741076	0.15481585666
14.1570074416	0.147815868849
14.2600866706	0.225110424106
14.3081521829	0.28190932858
14.4732086644	0.38238582872
14.6992603358	0.512122717741
14.6993014943	0.512125089238
14.6370586182	0.730618134933
14.5816948262	0.817518896745
14.5313574682	0.889134102464
14.4240796943	0.988453647597
14.2659176041	1.33851503404
13.889124206	1.68167235057
13.5357091345	2.03853150748
12.8550221463	2.63835642495
12.2082476583	3.19782768532
12.0221791582	3.36959379553
11.8066953685	3.61465414366
11.5067317389	3.76612266761
11.2943838761	3.9075019444
11.1653466266	4.01085469557
11.0834762503	4.07191476858
10.9173341517	4.2273069361
5.74792328203	-3.27811615636
5.76134426817	-3.04234161811
5.8078722971	-2.90458248938
5.82647846096	-2.75821388395
5.83905336136	-2.63824953444
5.87206311152	-2.42901673176
5.88991765681	-2.36128623163
5.94274519017	-2.16467596795
6.0042425855	-2.02115992425
6.0689433493	-1.90107847633
6.16211165197	-1.68367996593
6.23094936044	-1.53526202198
6.34073702265	-1.43395208401
6.40844379633	-1.23083446466
6.44797811642	-1.14050830006
6.49072226294	-1.0026821596
6.535323065	-0.876417872488
6.66432153267	-0.602640013854
6.7761788145	-0.337102619098
6.80174313937	-0.224342564982
6.87079694932	-0.0341810091403
6.88435147978	0.0648381753522
6.84466686713	0.188852802262
6.83009772689	0.300538322577
6.80738738937	0.487651549809
6.78195265042	0.5938335593
6.7122441663	0.687913737909
6.59201836041	0.812008567374
6.51236989079	0.846812109106
6.3753302555	0.897869661382
6.33490783351	0.899870161345
6.2385405547	0.926598673249
6.06719556343	0.895674138382
5.9830355575	0.840854189718
5.83990054677	0.869538049907
5.72495319733	0.858014741577
5.52387510785	0.797296739973
5.40863444611	0.760020097878
5.36748295013	0.726227256219
5.20117691141	0.622053570526
5.03299635609	0.51086249936
4.84818937864	0.357911307159
4.65595413996	0.195122999104
4.58588485744	0.124175203299
4.47080418636	0.00163398653836
4.21655703591	-0.302682719145
4.05583206519	-0.517589842262
3.93898869795	-0.636447283743
3.82955859973	-0.77952456801
3.75668150999	-0.882605861943
3.59174608413	-1.07738076672
3.49646894799	-1.21716906115
3.37886622521	-1.34023454497
3.28525697915	-1.46840208701
3.19543975299	-1.60838517183
3.06470238695	-1.72700298089
5.74792328203	-3.27811615636
5.94713959478	-3.36491369064
6.02149969532	-3.37777320478
6.15614882837	-3.31508727001
6.25038330026	-3.29000965716
6.37528388833	-3.23938886924
6.59609929648	-3.1205916051
6.75434584841	-3.03863693794
6.89651568834	-2.93383122884
7.21839000865	-2.58885335233
7.36097851251	-2.41173276221
7.42706065521	-2.30510813571
7.53444196773	-2.13248681217
7.62553192236	-1.97090787913
7.74013980721	-1.71266506515
7.81640794966	-1.54749533493
7.89470810258	-1.35470078367
7.94163275799	-1.20651170547
7.96448857648	-1.14068774488
8.03819277853	-0.904799323108
8.11957754869	-0.640397905913
8.15926108729	-0.50461316532
8.23010078783	-0.426234475816
8.28693823917	-0.234597939389
8.38288731306	0.00669377060234
8.51765707166	0.246784362114
8.61364650938	0.442191829094
8.73538639614	0.620755140078
8.79523785244	0.716687535213
8.84326717551	0.78228402263
8.88387297364	0.830529472923
8.94572702581	0.894879031437
9.0596798365	0.968928363576
9.1483089216	0.993007203874
9.30438399914	1.0604092265
9.54323058891	1.15856175843
9.72137300219	1.14711034441
9.89932681921	1.13790983111
10.0395380888	1.07972454299
10.1221090087	0.952409893349
10.2166916982	0.87261657154
10.3555093856	0.81384414783
8.14947295108	7.04646905204
8.54751662943	6.90525563169
8.61540926646	6.90357987748
8.74874838859	6.92823117186
8.85811298334	6.91693559612
9.04345479955	6.88735341774
9.20617611161	6.836167106
9.49658797096	6.68717713428
9.63559045195	6.62690020377
9.69109182881	6.59576505392
9.7871143687	6.54921981554
10.0629105964	6.39354924078
10.2278484761	6.28346642806
10.2674397268	6.1865540186
10.3158908813	6.12465351129
10.4152515897	5.90686832053
5.75562777759	4.22389786793
5.60805984836	4.0998824772
5.51482250172	3.9737202922
5.42112197213	3.91169387751
5.28058430174	3.81080660695
5.00872505852	3.65579129567
4.93303345462	3.62234848791
4.85847682838	3.53148272625
4.77518038613	3.4580630759
4.69142522133	3.37392249512
4.56287742424	3.25079023722
4.49273236762	3.19113269074
4.40891577401	3.09692100162
4.33009223993	3.03321772461
4.23720026253	2.96454953462
4.15346383989	2.90157307282
4.05743322303	2.82037865432
3.89145913494	2.69940094332
3.76067052539	2.58223618454
3.66231370218	2.56297263967
3.52036296702	2.49892726363
3.3344519933	2.39233615923
3.2877602332	2.36584638412
3.18693852782	2.31045938163
3.09814774508	2.27132303284
2.94782140603	2.18062588677
2.81957662227	2.12106846656
2.74449704329	2.08976928308
2.6604544098	2.02795125608
2.55823204526	2.00662062991
2.39594745275	1.93221002686
2.27822006274	1.87980496118
2.17800556737	1.82732560371
2.06258826076	1.74739283986
1.97254035794	1.69567170213
1.88293697031	1.64483866759
1.76801624589	1.58131636576
1.7030124979	1.54312212022
1.61242175769	1.49249641305
1.31862608486	1.3514269607
1.24269178335	1.29428395277
1.12767309125	1.21038855911
1.03204281264	1.13886273128
0.896451922784	1.02915331977
0.845374110706	0.993606280038
0.742482672859	0.875869077957
0.638856509904	0.753224052011
0.460755889752	0.511133461899
0.307935218885	0.278319356839
0.24169193037	0.113115982081
0.217774774445	0.0193977457914
0.166742399163	-0.0366530641724
0.144683777382	-0.12256199493
0.117670451985	-0.215263145723
0.0994735541028	-0.272836849554
0.075035518251	-0.336384928021
0.01330800028	-0.54172743968
-0.0854049455218	-0.681981447819
-0.130180443638	-0.859251098455
-0.174184892227	-1.02749119601
-0.230937325602	-1.13985693743
-0.285837498769	-1.26242889765
-0.417076814738	-1.54516471242
5.75561408138	4.22392264134
5.9270206642	4.18938859756
5.98153316036	4.19449977182
6.19939140634	4.20382971295
6.28772786213	4.16442631791
6.39471742679	4.0773442623
6.51281593388	4.03319986287
6.57967282012	4.0086081204
6.69031066451	3.96305589382
6.89653904661	3.86221075903
7.05050767555	3.8559470817
7.10410694484	3.82349055569
7.36814012119	3.76796585819
7.50830134986	3.70252740336
7.61650270541	3.71775095051
7.67431002452	3.7667687301
7.79185088258	3.70593905404
7.88939800378	3.67583432464
8.04971722455	3.63127049466
8.293176793	3.58649690372
8.40407166167	3.61340695679
8.42193170854	3.62032577709
8.49520882827	3.65515949975
8.56676384079	3.67299836602
8.68848678698	3.64303605902
8.86017209645	3.66416977227
9.03499302331	3.75585114515
9.16730874321	3.85060723108
9.24315127991	3.90800702405
9.27499064229	3.99325271352
9.28580265929	4.29206868595
-10.0302059203	-9.47670750101
-10.2906815885	-9.47930188008
-10.4127018607	-9.4745751143
-10.6329323072	-9.42772947924
-10.7501421121	-9.41413201397
-10.8842607161	-9.36209978419
-11.0450520043	-9.28183008952
-11.1473612264	-9.20633373372
-11.2833927657	-9.14308312357
-11.4629657438	-9.08298725593
-11.5581414049	-9.01425294955
-11.6969850017	-8.91947855187
-11.8092115138	-8.86130615183
-11.9212601616	-8.76222813104
-12.0950636858	-8.58112761411
-12.2351612529	-8.46466005436
-12.3841436639	-8.32143997206
-12.4691182554	-8.2410653154
-12.5744184439	-8.1605433815
-12.6391572485	-8.12042376856
-12.8022832667	-8.05542630083
-10.0302645169	-9.47675954781
-10.0789915247	-9.33191533401
-10.0651713158	-9.18328314722
-10.0146619668	-9.02085029186
-9.94634598382	-8.85054938493
-9.98626307778	-8.71442749732
-9.96157533082	-8.63997454637
-9.95325848952	-8.59128942517
-9.97921784114	-8.50225102811
-9.98055032438	-8.40044586321
-9.92231360931	-8.00564921073
-6.47458931623	-7.87177973561
-6.53536788571	-7.66491269582
-6.61885548627	-7.50284459068
-6.77181574136	-7.38851719237
-6.93623464679	-7.25170202284
-7.0627859797	-7.11924803597
-7.16760865534	-6.92922368631
-7.29833182568	-6.80150021798
-7.38651128123	-6.71813798129
-7.47582937947	-6.64898062839
-7.55995212558	-6.5697198774
-7.74344475896	-6.39248239189
-7.81053882457	-6.31075632623
-7.91437735625	-6.23287031732
-8.04706461817	-6.12972212516
-8.23578660652	-5.9781609566
-8.33325441723	-5.91395049081
-8.41978033729	-5.86227283941
-8.5114515023	-5.80092041237
-8.60887899789	-5.73287637759
-8.84877881694	-5.60294885834
-9.09530203321	-5.46748306156
-9.22586797773	-5.39639647682
-9.33635037475	-5.33126651892
-9.48127506025	-5.25786735092
-9.58854325408	-5.20834398025
-9.72480588893	-5.14202521636
-9.85093263992	-5.08173220136
-10.1048228718	-4.95426455065
-10.3222822126	-4.85663568753
-10.4706305894	-4.82166459113
-10.6813687405	-4.73263779747
-10.8798722848	-4.63851813469
-10.9764921884	-4.59630989955
-11.0620770537	-4.54121280801
-11.1964375284	-4.45868735695
-11.3301764071	-4.38805999876
-11.469931399	-4.30441453199
-11.6052505697	-4.21306753745
-11.6838378003	-4.16860864561
-11.8813716947	-4.02887288757
-12.0578764359	-3.90329397836
-12.1771570751	-3.83402636299
-12.3455625075	-3.71736495161
-6.47458931623	-7.87177973561
-6.28151949416	-7.94451114418
-6.1248716416	-8.01527485797
-6.04165729634	-8.05614380074
-5.94216094274	-8.10273454985
-5.77089929951	-8.14873229068
-5.64015608313	-8.18572628929
-5.56209532362	-8.21660351031
-5.43654915224	-8.25618669387
-5.3459340993	-8.24674922033
-5.25482782242	-8.26627712431
-5.15901029824	-8.31217162103
-4.82461929185	-8.36356159686
-4.20464416095	-8.44562427725
-4.0484016019	-8.46661117379
-4.00393971391	-8.47124889281
-3.79191439636	-8.49229249965
-3.64659030387	-8.50895982294
-3.42488303629	-8.53248344704
-3.18047850385	-8.55132700324
-2.87089689224	-8.57288950098
-2.69302053996	-8.58634068012
-2.33751590839	-8.62631192257
-2.09168523562	-8.63679943146
-1.91010493444	-8.64541698135
-1.55054089348	-8.67056132656
-1.23934587909	-8.6829484019
-1.09600565041	-8.69163314063
-0.933715575972	-8.7046398834
-0.741270435747	-8.73519272519
-0.67866532446	-8.74518105204
-0.594624675955	-8.76365768142
-0.318037900819	-8.76523741899
0.498805651638	7.70807214451
0.398356359949	7.64375572272
0.332211464811	7.45262191254
0.281460302223	7.32891082817
0.25810031093	7.25648819382
0.224729305608	7.12792875593
0.188365360436	6.97977046587
0.160965479613	6.85834848405
0.149158047379	6.80682514069
0.12095212687	6.67929342689
0.0862376250927	6.53944544872
0.056751714879	6.42518966423
0.0273438725588	6.31827008705
-0.0477897701715	6.0959072524
-0.0993472869176	5.95143874212
-0.145255898901	5.8237654537
-0.181298526483	5.74076635585
-0.230057367516	5.64170679069
-0.35793258089	5.34455227011
-0.424424738758	5.16044183598
-0.494133611714	5.1011033316
-0.547695869886	5.00073557587
-0.640542233375	4.82282016585
-0.746507676028	4.65056088849
-0.784378460671	4.59230425976
-0.874760323974	4.46089674026
-1.05041334244	4.20939758031
-1.12798826469	4.12199295
-1.28081064899	3.97583589149
-1.44439803317	3.85422880006
-1.70900300853	3.66218078541
-1.82709915535	3.58905375292
-1.97190262847	3.50991329273
-2.08865215167	3.44870696165
-2.27462172076	3.36476654768
-2.69135175181	3.19756438345
-2.7953372376	3.16685417211
-2.91984148409	3.12639495908
-3.14991143945	3.05236035666
-3.3359363257	2.98440922003
-3.44050755369	2.94277766979
-3.69910889948	2.85245622525
-3.83212820937	2.79253591169
-3.97418101469	2.74419893998
-4.12188871605	2.67624400712
-4.25024147103	2.6812802088
0.498750345919	7.70809278573
0.334866885169	7.84898385748
0.188700211917	7.93074481553
0.0102625637339	8.00764705008
-0.218005392013	8.13447509194
-0.286617943541	8.16750566217
-0.448085699743	8.24420886406
-0.722845172519	8.39825421377
-0.856372971641	8.466725476
-0.98708650548	8.49194969827
-1.12556204518	8.5708681449
-1.29146458709	8.65768638834
-1.42514260666	8.71604741531
-1.54155399878	8.79539071291
-1.71586588767	8.87838979927
-1.79652025314	8.90152208362
-1.90820702283	8.94687204446
-2.02916446942	8.99892370957
-2.13112287981	9.03584274782
-2.264168685	9.08651022626
-2.42682836703	9.13190843864
-2.54833697552	9.17452531751
-2.65238659728	9.2050778452
-2.83093810694	9.26885232115
-2.9097384045	9.27895573576
-3.03820755529	9.29922432211
-3.11889785206	9.29958882087
-3.2088963405	9.313337296
-3.29047090061	9.32191907488
-3.36645193943	9.31813830718
-3.45647195053	9.31676100628
-3.58616985688	9.31312982901
-3.69937910114	9.33865473416
-3.77742132493	9.44426071577
-3.95183699314	9.54492845237
-4.00966992236	9.54897338248
-4.14655202027	9.55467151145
-4.26703416424	9.54989741125
-4.35847528497	9.50990968762
-4.64532570309	9.45187677538
-5.78763884813	0.854061393679
-5.61305392771	1.05062253576
-5.47387782148	1.15514048202
-5.38155104811	1.21065250727
-5.26552656851	1.29256617186
-5.18538943976	1.37624798948
-4.93341341179	1.62787667206
-4.8587034087	1.74508469963
-4.78027919652	1.91299876502
-4.58052428472	2.07220424315
-4.41776035836	2.34090097946
-4.34041531078	2.50684782341
-4.25006282579	2.68141652003
-9.60838443786	2.43980510465
-9.65656241244	2.68246537368
-9.71664741456	2.80849195342
-9.69412243903	2.89986634497
-9.6748750405	3.03832310055
-9.65760943064	3.14235383884
-9.6399945295	3.29950229326
-9.62838854857	3.40621712705
-9.62480983598	3.55225265341
-9.60732817286	3.73552846667
-9.57643275982	3.90383235867
-9.55164302364	4.04920946325
-9.52439248539	4.20145742002
-9.45846029748	4.53403684093
-9.42965411386	4.65297866882
-9.42473303187	4.68751600857
-9.42355351619	4.824267943
-9.39253242419	4.90254461019
-9.3775821145	4.99252435318
-9.35761485206	5.18632975506
-9.32174279664	5.30720530921
-9.28828619122	5.40126211407
-9.14693742346	5.54097084379
-6.6137277921	9.63201504706
-6.60892442492	9.40302567843
-6.61959280241	9.0196056046
-6.60341963282	8.9678859971
-6.58163800236	8.73509053844
-6.51967157577	8.48950936376
-6.44574734268	8.33924840496
-6.38988098442	8.12823698417
-6.34639777659	7.96109640729
-6.31916823851	7.88451212141
-6.25628659446	7.81422645747
-6.23571058502	7.7205556735
-6.21037289798	7.60654407227
-6.14876624772	7.41967567104
-6.09818308977	7.27516528033
-6.00270051538	7.08960421787
-5.98407903309	6.99954826294
-5.93203833939	6.8874050627
-5.9031634811	6.81890288988
-5.87955567586	6.75464432855
-5.88078909375	6.69575517271
-5.86005375688	6.51981803635
-5.85988461372	6.40322911444
-5.87214580519	6.28804415468
-5.9198704621	6.19666483198
-6.00395647324	6.0562052179
-6.0510962252	6.00307575867
-6.10567457911	5.95749616818
-6.19630932715	5.88041106026
-6.26239597642	5.83853310609
-6.35035761272	5.79494525649
-6.50736200195	5.74898025196
-6.63767242293	5.67323209788
-6.68599522076	5.66312266028
-6.78300622686	5.63399326028
-6.86680339577	5.61027318328
-6.97465827539	5.61159958709
-7.15326791515	5.59872627033
-7.35352973496	5.59473185959
-7.60819944977	5.58672984451
-7.81087400833	5.57311835916
-8.07114444087	5.5401825598
-8.21318132785	5.5290208757
-8.3343176347	5.52344343151
-8.46667190626	5.52171273885
-8.63935245757	5.55214703948
-8.76346594221	5.59267870897
-8.88875377914	5.6070835954
-9.14694359547	5.54095741767
-6.61355746624	9.63183260619
-6.75403096847	9.65188812176
-6.97645898411	9.64827806336
-7.06394547086	9.59921279357
-7.18654601478	9.55552467297
-7.39720009243	9.64759143887
-7.51994573764	9.7072677245
-7.57884452979	9.79016489404
-7.66333182612	9.81687508913
-7.77614465073	9.8426397207
-7.91793997865	9.88691210658
-8.00356316074	9.89610112791
-8.12818256512	9.90712146806
-8.2377585739	9.92806264248
-8.35078963955	9.93767870253
-8.5563421947	9.96985255683
-8.70909856304	10.0010176802
-8.7710363112	10.007735058
-8.87576749636	10.0206134468
-9.08265457478	10.052619032
-9.25513601194	10.1278194138
-9.41243336889	10.0373107938
-9.46777703745	10.0461598048
-9.53322466519	10.0644920959
-9.61835992241	10.0857706033
-9.76985656546	10.1139144865
-9.83485822275	10.0949476734
-10.0301205184	10.2245236932
-12.8022467979	-8.05534995376
-12.8428202247	-7.87929007684
-12.9363854494	-7.57385601405
-12.9534308646	-7.26698588365
-12.9649737894	-7.19283430375
-12.9788715493	-7.04819650892
-13.015283876	-6.77083798001
-13.0254840779	-6.66089708102
-13.02935785	-6.53934399303
-13.0300726073	-6.47825046856
-13.0220965217	-6.31336329854
-12.9951173647	-6.14540428535
-12.93075369	-5.91328999455
5.32784079348	-8.30392375482
4.89648231946	-8.11314211545
4.74035146558	-8.0471920383
4.50726053646	-7.9218624735
4.38481845221	-7.87219741825
4.24408174211	-7.77557395623
4.10122211028	-7.69075816521
3.99169141346	-7.60224433967
3.79413170685	-7.42910070302
3.59740024933	-7.2857437506
3.47851378507	-7.25687940442
3.33222796119	-7.15620704275
3.14591874309	-7.08307512176
5.32837898491	-8.30486986654
5.65808877507	-8.38354382027
5.91058355533	-8.43333608133
6.42454639589	-8.52660732592
6.57563209472	-8.56231164996
7.03426004357	-8.63235919768
7.44842645366	-8.70449696695
7.588226444	-8.72302704131
7.74782306407	-8.75139158296
8.1261512496	-8.7994818544
8.25695721118	-8.82117907461
8.31068588029	-8.82591651578
8.44390633824	-8.86891476967
8.54369419882	-8.8824875276
8.74126218391	-8.91539657124
9.0430288876	-8.92500844818
-11.1745231629	0.000707545420557
-11.3740856231	-0.0923370402918
-11.5217509724	-0.108759411304
-11.6502373417	-0.0898141800205
-11.8725805473	-0.0726661597869
-12.1518466535	0.00951079510398
-12.2671587657	0.0295300799835
-12.3559120166	0.0782089759948
-12.4509544555	0.140827202106
-12.5637267302	0.229381823569
-12.7015306767	0.357854012203
-12.8289727312	0.492452619878
-12.9001680377	0.58379584169
-12.9852416036	0.713616892299
-13.0006510665	0.734680661082
-13.1619071199	1.02205819146
-13.3338109421	1.33530823552
-13.4409335457	1.6680187621
-13.508786419	1.85914532106
-13.5913691046	2.07779183282
-13.6312687689	2.24180320351
-13.6581770318	2.35866411782
-13.7141787222	2.6195365187
-13.7475020891	2.81476105829
-13.7778929216	3.00852633564
-13.8059553984	3.2054693893
-13.8251378062	3.38700614775
-13.8363892212	3.49747434993
-13.8446108681	3.6197657736
-13.8484572491	3.81552423056
-13.8491697823	3.87962423377
-13.8498714171	3.98870229581
-13.8480390632	4.0874007333
-13.8413551333	4.22695711424
-13.859512058	4.42923217699
-13.8440252937	4.52375400027
-13.8448332945	4.62500934637
-13.8108070625	4.75314953601
-13.7871682775	4.87695174889
-13.7486779572	5.11425316285
-13.7225755	5.24690891984
-13.6886507134	5.43230097714
-13.6252631778	5.76549359931
-13.5962397555	5.91263669359
-13.5561486249	6.09101929443
-13.504982036	6.30618870373
-13.4339941014	6.60662322247
-13.316587334	7.03760609468
-13.2335825413	7.35423148346
-13.1457163481	7.66026606744
-13.0671729932	7.84837967462
-13.0467499289	7.90615668255
-12.9776313395	8.09978584828
-12.8888577578	8.36194986981
-12.8744140011	8.40993268058
-12.8055315544	8.58794974859
-12.7399840823	8.71264327959
-12.6630038805	8.83487551354
-12.5506250616	8.97342679694
-12.3694459152	9.16258128845
-10.7797273156	9.79061160572
-10.945061259	9.97300854818
-11.0314258593	10.1272125212
-11.1049660942	10.1850964405
-11.2518133892	10.1675374927
-11.3623268507	10.1635766228
-11.4743925771	10.1599502026
-11.5450677813	10.0020061723
-11.5763666537	9.92725935832
-11.6866248624	9.87370305211
-11.7712634663	9.80027501297
-11.8828828813	9.71417254039
-12.0151374229	9.59337620778
-12.0806259393	9.51329546662
-12.1410460745	9.36301030588
-12.2021786536	9.28913351259
-12.3694459152	9.16258128845
-6.37932594431	-3.71531995003
-6.53775294534	-3.66623272647
-6.73241879073	-3.59549879737
-6.97777052895	-3.51437377046
-7.07218101696	-3.47411063817
-7.26495936903	-3.40818763748
-7.39951265206	-3.3653447846
-7.57563754246	-3.2898607671
-7.68034650681	-3.19351884035
-7.78024490519	-3.14778669282
-7.9161870651	-3.08745727206
-8.18945249341	-2.97854801504
-8.3239245919	-2.92403031813
-8.43703617774	-2.87813283266
-8.53048130555	-2.83920508879
-8.63138968575	-2.80052665084
-8.73380167162	-2.76238899939
-8.82809857148	-2.73029160671
-8.96682850761	-2.66622731622
-9.16744346834	-2.60237919003
-9.33677007084	-2.53975180312
-9.42386110678	-2.51281007122
-9.59379942269	-2.46082580818
-9.76137698668	-2.40722696422
-9.85007827848	-2.37740057341
-9.95604075247	-2.34580950741
-10.1796793498	-2.28113136466
-10.3207244857	-2.24607192162
-10.5938566839	-2.24042632254
-10.6768940006	-2.21665242246
-10.7775452659	-2.21154904237
-10.8998416053	-2.22649840524
-11.0902332637	-2.2474310548
-11.2439999667	-2.26558569987
-11.3458894314	-2.28537504955
-11.4429799164	-2.31593839648
-11.543390447	-2.3544559158
-11.6309715306	-2.40771302827
-11.7372299235	-2.52813168738
-11.8556977315	-2.65293389834
-11.8977274654	-2.71756225508
-11.936665537	-2.75739991227
-12.0362133504	-2.84233909475
-12.2101393316	-2.93613039532
-12.3012045557	-3.05542328171
-12.3789175336	-3.19071759996
-12.457472203	-3.32713185506
-12.4749229291	-3.47875700909
-12.3455625075	-3.71736495161
10.9173645116	4.2273032018
10.5708694448	4.08026222665
10.5321978013	4.06646953879
10.3511961345	4.01680319181
10.258756409	3.9961779084
10.1075168776	3.96914824204
10.014666075	3.97215815779
9.83143629036	4.00438674481
9.63536459003	4.10672016701
9.52202529549	4.17304047028
9.28580265929	4.29206868595
3.06468669346	-1.72699968598
2.92768950129	-1.70353712968
2.79081308116	-1.73699398481
2.60353215313	-1.78985969328
2.38343814867	-1.85309621702
2.28330417743	-1.87580198701
2.12417940477	-1.88019634591
1.98087013965	-1.9048821667
1.76789234403	-1.87301101477
1.67988308231	-1.86670861799
1.56082261076	-1.84990237736
1.44197181242	-1.8346024775
1.33179681112	-1.82125142847
1.16389359461	-1.79172739975
0.799403400907	-1.73415352004
0.653244938668	-1.68698577801
0.540833186427	-1.65926988102
0.443155012974	-1.68059665019
0.319039090224	-1.67191010899
0.128799836638	-1.62287486222
-0.0226940832263	-1.54549511157
-0.126867941129	-1.47619561895
-0.41715489657	-1.54562308072
