2630 0 0
-2.93244136441	11.8349759576
-3.02598733569	11.9838272997
-3.07931027324	12.0543743276
-3.20845210832	12.1857132656
-3.27364879779	12.2678466031
-3.36095608256	12.3714857746
-3.46922321119	12.5078193139
-3.62384387719	12.7296671783
-3.69622135801	12.8423090962
-3.83117425348	13.0354938999
-3.9235454029	13.1858061556
-3.96800706133	13.2658410412
-4.06092439123	13.4285092578
-4.13643198272	13.5467149989
-4.15457960476	13.5789764199
-4.19004294136	13.6623643539
-4.26886171938	13.840030293
-4.34303540648	14.000779923
-4.38382712222	14.1006764014
-4.38493262587	14.1655838245
-4.39203089166	14.2309008089
-4.39740688381	14.2871996984
-4.40123053661	14.3539854435
-4.40043311237	14.4479260299
-4.2885405943	14.636946602
-4.21917479959	14.743380092
-4.16977667514	14.8004977272
-4.12121437871	14.8332243638
-4.05385990901	14.8672078733
-8.2146104065	14.8858653872
-8.1235837392	15.0702795328
-7.98850217346	15.1857601733
-7.89221858849	15.2697606338
-7.82701089832	15.3259209283
-7.56144290061	15.514590718
-7.41523904184	15.5803649664
-7.29688935633	15.6253485979
-7.21792592033	15.6476582177
-6.97354333418	15.7353048077
-6.82484246474	15.7849504841
-6.71802717661	15.8180481639
-6.63603236674	15.8396674426
-6.40941229398	15.8911117163
-1.2136391534	8.9472243531
-1.15527853448	9.08013793564
-1.10558015784	9.32800216882
-1.16262785621	9.56094847849
-1.12933740104	9.62648985362
-1.16726261456	9.76394318678
-1.25827881605	9.9502568864
-1.32820805743	10.1078181488
-1.4361325179	10.2403442705
-1.62891957769	10.4812227651
0.579745343934	8.33111756489
0.495084546313	8.49546237337
0.425536026772	8.61647278637
0.357633135607	8.68555881212
0.256336822086	8.85505753293
0.191233730091	9.0353624579
0.130021473332	9.18789365453
0.0941705919878	9.33862578529
0.0800855874075	9.40917549648
0.0546014898738	9.56367145523
0.0251172273399	9.68115689868
-0.0255072884513	9.87682884814
-0.03389907163	10.1195032488
-0.0291422881741	10.2288537048
-0.0345356233441	10.4017051655
-0.0544229150361	10.5861837281
-0.688434625588	7.55702682411
-0.491504138817	7.49797971627
-0.313713538609	7.54459918336
-0.148767077476	7.59309331292
-0.0853824038512	7.64544125116
0.026994805012	7.70723156884
0.0859414186916	7.81871118896
0.147336497283	7.95964929088
0.214252102778	8.0902625349
0.354910174472	8.23195257946
0.579709470651	8.33110901229
-3.93536275496	7.02814629152
-3.76974815978	7.12231170364
-3.64953883581	7.17474943556
-3.46887421323	7.28307229338
-3.30182251354	7.33314692442
-3.04000912084	7.43478853149
-2.91607461896	7.50150497175
-2.79543179485	7.54211148677
-2.68813303588	7.59213347568
-2.56271349714	7.5983764917
-2.39607084987	7.6450572175
-10.5751427984	10.8119362396
-10.488267918	10.9023431927
-10.3688854316	10.9445868706
-10.1851693102	11.0303222295
-10.0296726776	11.1189863505
-9.93098988829	11.201164505
-9.83385199624	11.29593819
-9.64638913791	11.4664390218
-9.54034519511	11.5572356996
-9.23791097057	11.823173999
-9.13161461815	11.9317504613
-9.00604706497	12.0518791988
-8.90773057431	12.1357081294
-8.82896899335	12.2145667362
-8.7319235126	12.2918504985
-8.63883476069	12.383996642
-8.56264423155	12.4409592648
-8.40424645999	12.5386294773
-8.30715394161	12.58290824
-8.28459011317	12.5912163941
-8.18125226893	12.6329259225
-8.10921530352	12.6598156286
-7.98076897001	12.6723308694
-7.91031639596	12.6761158583
-7.82807566305	12.6666136899
-7.75286739185	12.6615369625
-7.65603066116	12.6450337177
-7.51356251662	12.6211186673
-7.38809978443	12.5941287909
-7.24158090578	12.543663409
-7.10739860062	12.5125136767
-6.96845809003	12.485548055
-6.8357144903	12.4515095615
-6.77910789245	12.436553729
-6.63632795037	12.4146144803
-6.53689647767	12.3939133927
-6.37142204381	12.3735492525
-6.19327398433	12.3346172329
-5.99494763111	12.3396307115
-1.05297612146	15.2231653899
-0.722426186072	15.2005741911
-0.551305372647	15.2040426911
-0.430956297667	15.2108142472
-0.397441950867	15.2069910354
-0.29453247366	15.2324253795
-5.21958277314	6.70345976639
-4.97177372374	6.8851368538
-4.92619963276	6.94467696389
-4.84681115896	6.99900981795
-4.76765689417	7.01191996026
-4.7179435662	7.03293007895
-4.53453632635	7.06170411042
-4.30290944029	7.0594726691
-4.18612995416	7.05686833608
-4.09152745983	7.05123830108
-3.93534386355	7.02815595416
1.25703764784	7.65322262357
1.35051324509	7.73233526704
1.44993146212	7.75932104414
1.61884927171	7.79768334968
1.71954662801	7.80567359425
1.88324873576	7.8020349917
2.04782304176	7.79117270406
2.18435741498	7.76775318355
2.24479763155	7.75964390819
2.30904820055	7.75701253046
2.42474096087	7.72177589553
2.48247658539	7.7027779954
2.55832844237	7.61042037569
2.62355447264	7.51254950195
2.66750694729	7.45826092582
2.73216342651	7.3828547855
2.80693990905	7.31006271682
2.95359209962	7.29424575359
3.01822614588	7.30752983829
3.18169127632	7.27972545021
3.23663824554	7.26038062815
3.26521401033	7.24397538523
3.34403915484	7.22464405512
3.49242908665	7.21206893813
3.64418566726	7.15331154825
-8.76915632162	10.8204883417
-8.75338695627	10.7209916421
-8.65134637718	10.5971291802
-8.55305334761	10.4446702558
-8.53253001569	10.3201709411
-8.50072860241	10.2621839308
-8.468809309	10.208766333
-8.40445113915	10.140471052
-8.36887107531	10.0887014227
-8.30577670608	9.94391373395
-4.95675335347	5.68975455642
-4.99681003719	5.76075805159
-5.053104471	5.88248907998
-5.09570698926	6.04953528775
-5.14282664236	6.22618693832
-5.16682165597	6.36313257235
-5.04116221996	6.53304561757
-10.9852854374	6.92125757317
-10.9069860354	6.84331898569
-10.8299155766	6.84600028104
-10.7213218702	6.91580763169
-10.6463825399	6.98173290187
-10.5614748319	7.00835391578
-10.4855340516	7.06984634154
-10.315451582	7.19531579028
-10.2281598835	7.28081885295
-10.1323955774	7.30995325948
-10.0449292573	7.32963493956
-9.96295168193	7.33646122294
-9.87827025831	7.33884391251
-9.66866832932	7.29496149213
-9.51552632926	7.26924195332
-9.37957435171	7.21420942452
-9.29394781164	7.19075723457
-9.14994848649	7.16395366437
-9.10322971225	7.15497246667
-8.93580259326	7.15417608705
-8.76387142231	7.16579869831
-8.58697642563	7.2004954735
-8.47077662676	7.23895723289
-8.36190243082	7.31574782049
-8.24242636324	7.38582237597
-8.16365414919	7.44384082104
-8.12143458706	7.52776202481
-8.10450806322	7.56919184466
-8.08811739516	7.61934902547
-8.06810016339	7.67656504868
-8.13958125919	7.76859328979
-8.25101133777	7.86394788864
-8.37605720486	7.93098300495
-8.39296892494	7.93852724351
-8.54029957677	8.00720925036
-8.6887120202	8.06456934012
-8.76281857119	8.09297052929
-8.88706106131	8.14242384862
-9.04363544715	8.20442941565
-9.17483018526	8.27765907533
-9.36535749459	8.40897491427
-9.58864881559	8.5340782456
-9.80613639089	8.67843536072
-10.0397673858	8.91288672975
-10.2618611045	9.14905633614
-10.5043974035	9.50310394026
-10.6056708806	9.76696954662
-10.6563446378	10.0617287918
-10.6639170217	10.2071568796
-10.6668226422	10.3390108562
-10.6361939109	10.5368117223
-10.5751427985	10.8119362396
-8.27954112268	5.51335503511
-8.26526220108	5.46853964581
3.64429946533	7.15339695747
3.69472837413	7.27041268223
3.69489978543	7.48122726633
3.64535498574	7.77472328716
3.61791115278	7.9403880228
3.59105159829	8.07402557382
3.58322048304	8.10466593392
3.57987154574	8.26567077961
3.50960693789	8.45772017875
3.42250969789	8.64041888259
3.35359669194	8.75670000417
3.29059381563	8.87485290694
3.21019429143	9.02019643668
3.14313955218	9.13447207457
3.10055491869	9.23680079702
2.98289377683	9.4399358247
2.92857753287	9.53265775104
2.86677929678	9.63508448962
2.7774478655	9.78737216512
2.6725657126	9.95765764279
2.58084780751	10.1202305058
2.44363014737	10.3198326633
2.37943067817	10.4164128677
2.28260821527	10.5780164681
2.20381405699	10.6750623026
2.08280325805	10.8274125664
1.94974127897	11.0274690412
1.8529984386	11.1262997826
1.72680515542	11.2389948421
1.62811285095	11.3509532466
1.42129999673	11.4963874692
-8.29690789781	5.29093620384
-8.40950264156	5.19947594321
-8.56010557854	5.01102115182
-8.65861980253	4.93114880644
-8.74949451778	4.86813179339
-8.74422584283	4.79051879534
-8.65375611201	4.53884198309
-8.55514862278	4.30284557751
-8.52871547476	4.19180423742
-8.4723968222	4.066410545
-8.42593693378	3.99456428553
-8.36219198718	3.90106276651
-8.33195483919	3.74982383667
-8.31795883456	3.61482372163
-8.30152300372	3.47178003304
-8.28732838883	3.34283790408
-8.30596874879	3.21428851317
-8.29253466591	3.15165471659
-8.3227499033	3.09019413476
-8.34234740299	3.03529287536
-8.36650545732	2.98639462036
-8.50766275045	2.89923970028
-0.232818962492	5.19395905886
-0.199696533562	5.21007277643
-0.129628068437	5.24011980685
-0.0562083692266	5.27672880739
0.0336396663617	5.31147483708
0.307017226486	5.40587141983
0.40127694301	5.44011276391
0.563915650786	5.49925505127
0.692156149798	5.55328012067
0.800665499768	5.58849309421
0.941736453827	5.61099919594
0.987527775213	5.6248494792
1.11674659875	5.70314029739
-11.8240039048	5.12408459707
-11.8118749769	5.13451372688
-11.7671883016	5.17975464596
-11.729462843	5.2129063008
-11.6780208907	5.25219286341
-11.5493568156	5.4434340116
-11.4019839336	5.64886512763
-11.2890172793	5.77866459086
-11.1955057173	5.85029744931
-11.0434036121	5.90716292673
-6.26306286071	3.11274761143
-6.19223124613	3.17546027698
-6.1353995435	3.24201812432
-6.08698753385	3.31875126138
-6.04302639387	3.42840704145
-6.00998627234	3.5667902863
-6.00675265793	3.56874819827
-6.00397098803	3.69430261211
-6.01318277149	3.84349117922
-6.01578184214	3.96675485281
-6.00998508554	4.11449568521
-5.99163609997	4.3267609148
-5.97820673806	4.4523389692
-6.04818662411	4.6455638749
-6.09751458748	4.7757267414
-6.16401382065	4.91024663461
-6.22283022855	5.01851764427
-6.30916897885	5.13112512959
-6.38595393318	5.26566332762
-6.41034737576	5.33564773784
-6.42745077028	5.36231730356
-6.47280906858	5.4261407367
-6.53130937894	5.57732420963
-6.62369578723	5.81776359005
-6.68599766405	6.13708757341
-6.76944417245	6.32945609378
-3.17915585193	-7.70844805813
-3.16424268517	-7.8858115176
-3.11991619128	-8.11245360909
-3.08150730523	-8.2631270141
-3.05591579869	-8.3510185356
-3.01554861941	-8.4713300429
-2.99301295795	-8.53748414991
-2.94173694366	-8.67668273826
-2.88592789547	-8.83028419669
-2.82947120077	-8.97223981272
-2.72489327072	-9.18056048744
-2.65180708817	1.42145832948
-2.88859231381	1.27648737743
-2.95995219197	1.2503984165
-3.01948635069	1.23180845977
-3.18848590448	1.18417602828
-3.2860434812	1.1836650726
-3.46795166543	1.19346949779
-3.62577181584	1.20974074231
-3.7260854684	1.23020008207
-3.839188134	1.25889807223
-3.96339638068	1.28323844445
-4.06587170227	1.32428906968
-4.18556515151	1.36340104074
-4.37685157826	1.41825814566
-4.60464184776	1.50882883882
-4.61605184454	1.51342145445
-4.71417132512	1.56595091813
-4.87678033293	1.64744356422
-5.05017801034	1.7447821696
-5.18767447017	1.84802633871
-5.24797119109	1.89579839177
-5.32507471329	1.96040662878
-5.45528127753	2.09403922235
-5.58654731894	2.22977642749
-5.68604074774	2.34863153739
-5.76529153434	2.4460555994
-5.82710543669	2.55241212504
-5.90489127188	2.64105314138
-5.96294264165	2.7498431215
-5.9808908375	2.82098259774
-6.06797474981	2.91386927499
-6.26305775728	3.11272630292
-11.5615444052	0.953431268952
-11.5685073271	0.963477999008
-11.5553854928	1.00473901257
-11.5220586148	1.07593715981
-11.4949078393	1.108604482
-11.4525739016	1.14531647066
-11.4330278202	1.20342413224
-11.4021007075	1.30947696029
-11.3762531248	1.39108309164
-11.3534273613	1.45395865719
-11.3233639268	1.57342785689
-11.2980560917	1.71246971893
-11.2690179847	1.83710506211
-11.2459081368	1.91965480942
-11.2247537091	2.0802738545
-11.2249103669	2.0802882528
-11.2238349335	2.17994507082
-11.2290060211	2.2761480958
-11.238097073	2.42891867588
-11.2540541703	2.62822286538
-11.2692958554	2.728802632
-11.2597105812	2.77874026254
-11.266785264	2.88245322146
-11.2637968424	3.16409763997
-11.3099148031	3.43400554268
-11.9248813969	-1.7058378959
-11.9146524563	-1.73036235325
-11.8998311046	-1.76717511272
-11.8822889008	-1.79579938038
-11.8521039575	-1.84100463037
-11.835504438	-1.87259012546
-11.8012795871	-1.93613885655
-11.7813050482	-1.96249605776
-11.7653221915	-1.98938018647
-11.7248585587	-2.0540988536
-11.6981149797	-2.09168652136
-11.6675093895	-2.13871070532
-11.6242156696	-2.21362043074
-11.5921837044	-2.25809039185
-11.5695684503	-2.28978538369
-11.5461646331	-2.32918535211
-11.5187670399	-2.38004729049
-11.4760355506	-2.44712555675
-11.4830258169	-2.50540275141
-11.4748619876	-2.58462668655
-11.4368128943	-2.61151004205
1.07909442417	-1.74414645611
1.00209193261	-1.93320618161
0.937177256617	-2.15500708801
0.899136858254	-2.43070031654
0.870067196807	-2.68263250255
0.855718309513	-2.83361309413
0.846331295182	-2.92951109012
0.86218100494	-3.01138617878
0.864714336606	-3.12736295794
0.861861344041	-3.30208416659
0.853882326256	-3.59248889744
0.851132952937	-3.79731945011
0.842517564334	-3.96681431654
0.797006637558	-4.22350078444
0.817966546381	-4.55597910443
0.811753700315	-4.68541884211
0.805300655871	-4.85333416785
0.827278633879	-5.02136638858
0.842385762133	-5.41635218361
-0.513485589238	-13.760143598
-0.500164326758	-13.7686302215
-0.428586922887	-13.7795550974
-0.381927185059	-13.8018087053
-0.274519138593	-13.8543785715
-0.255235498536	-13.8645975762
-0.11652046034	-13.9296485138
0.016133752978	-13.9917450085
0.100006083298	-14.02962769
0.319203788984	-14.1087006177
0.392430858132	-14.1299489105
0.52198018991	-14.1615275672
0.659224450684	-14.1998114462
0.768372506232	-14.1675714139
0.584176679259	-4.136296304
0.584168041198	-4.13630348253
0.584187968017	-4.13631435478
-1.24545612502	-10.1015727462
-1.29664987589	-9.87568333373
-1.37345000765	-9.78174698871
-1.447295582	-9.68841564807
-1.49655117899	-9.66004836985
-1.51148732472	-9.63319269598
-1.65681505824	-9.30558772357
0.788843961917	-6.26950283467
0.681014964758	-6.22710481685
0.644350789808	-6.2370705325
0.61663869216	-6.17258146654
-3.53547392181	-0.659809815067
-3.18294320896	-0.723823360911
-3.07166968934	-0.750202595335
-2.80970289962	-0.753563224689
-2.63009810536	-0.748906739968
-2.50898026312	-0.756824022321
-2.39390501167	-0.771147636128
-2.17599791571	-0.780540880672
-2.01266405444	-0.748814557541
-1.82852236015	-0.746329032827
-1.68963694488	-0.7418055093
-1.43367673195	-0.73845618346
-9.69118338611	-0.20963079207
-9.65093110921	-0.107255741556
-9.64173819528	-0.00513977040981
-9.62889631469	0.0959203476787
-9.63411686785	0.205247533412
-9.59379127604	0.261759040011
-9.53958951627	0.347602169034
-9.59327255181	0.522323952347
-9.54074986336	0.670087821396
-9.4489804299	0.817913593162
-9.3931864533	0.892702088903
-9.30559031611	0.931157296323
0.89266118287	-7.20041349625
1.1040557311	-7.28292425078
1.17686365287	-7.28403066838
1.3258838425	-7.33076736242
1.40736606022	-7.34353705242
1.49199552788	-7.38068348984
1.62715223069	-7.38138979975
1.74953986319	-7.39445077674
1.9044775634	-7.41582968003
1.99436022572	-7.43046069148
2.08388802076	-7.42798842008
2.17709729131	-7.41357599621
2.27674313545	-7.40066853888
2.44245616524	-7.37441249781
2.71970159527	-7.33555784636
2.8271326333	-7.31197361214
2.98711697017	-7.26427927247
3.09173451849	-7.22766160026
3.21715513667	-7.14892314342
3.27773626259	-7.10072789968
3.32585410221	-7.05435613725
3.41852492125	-6.9677904812
3.50364749446	-6.81348531206
3.57796793033	-6.57228739702
3.61354592502	-6.495517998
3.66555097836	-6.38330416085
3.73457829694	-6.23688415312
3.80239036278	-6.04909326457
3.87816576876	-5.92852192188
3.93429821853	-5.82427987126
3.98819601297	-5.76081878651
3.9908543261	-5.6819574498
4.04740108022	-5.51890580557
4.07788219741	-5.47353914722
4.2442942097	-5.30962573364
0.673016744648	-9.64775838332
0.660576885049	-9.69837378838
0.645287147328	-9.82409755945
0.632201185912	-9.91438900327
0.611358832281	-10.0350298043
0.594295093763	-10.1777956695
0.56137363137	-10.3759331986
0.542578048997	-10.517080055
0.531216624222	-10.6316795428
0.521055290179	-10.8408265331
0.551487138459	-10.9703633241
0.542802567995	-11.1237834236
0.619091979221	-11.3027166023
0.711374147996	-11.4918857419
0.813978699989	-11.675304451
0.958087492958	-11.8985378261
1.02031554382	-11.9837948015
1.08827335221	-12.0633194097
1.16586970598	-12.1886677758
3.45400662969	-3.36287100509
3.09342735163	-3.19264252877
1.16574370394	-12.1886200653
1.07724715127	-12.230161801
0.951059611186	-12.2996666537
0.83947671295	-12.3999811688
0.804302902533	-12.4332020244
0.728279865295	-12.5716509057
0.665433811673	-12.7159006614
0.57786086715	-12.8376969604
0.595660966676	-12.9907326925
0.583091196666	-13.0871228589
0.598315144571	-13.2048090711
0.61330575281	-13.3039987838
0.655782508208	-13.3888718409
0.675795459202	-13.5538205341
0.710850366171	-13.7084588198
0.719420794198	-13.8209721315
0.729009138485	-13.9036669818
0.749364578716	-14.0360751599
0.770318820325	-14.1672955405
4.2442942097	-5.30962573366
4.26211852427	-5.06306685006
4.20318534708	-4.89661262601
4.12012552065	-4.72856011717
4.05250675503	-4.6099780803
3.90303582795	-4.42821920733
3.84736388873	-4.1948830415
3.77885803974	-4.00459183496
3.65838339294	-3.70249205029
3.57040383303	-3.50797837867
3.45404774803	-3.36288090661
5.09586868021	-5.6065309393
4.92232862807	-5.46959772422
4.78566451355	-5.38303446481
4.74404527983	-5.34341030172
4.5897497852	-5.25313068885
4.2442942097	-5.30962573366
11.7908394515	-4.01066937364
12.0676722919	-4.05200768249
12.2646720514	-4.11397474267
12.3299162606	-4.1284293978
12.5503359825	-4.10475162828
12.6164063696	-4.05859044998
12.6499464325	-4.02566835729
12.6890423823	-3.99936323285
12.7876380924	-3.91216256227
12.8160093958	-3.85542891852
12.8314272878	-3.8226406825
12.8390701438	-3.75739783556
12.8510662028	-3.7153384778
12.8802625362	-3.64628659834
12.8947709701	-3.58887176633
12.927602119	-3.49460393173
12.9544298699	-3.4022278858
12.9688046601	-3.23707473679
12.9573027717	-3.12450842533
12.9311938145	-2.97028808575
12.8920729063	-2.84004626598
12.8688205664	-2.80397776594
12.8559423169	-2.74206782318
12.8263807693	-2.61085368682
12.7953608921	-2.44522288436
12.7723227964	-2.36905675948
12.7541912603	-2.30923458556
12.7226152826	-2.22433503446
-10.6786757496	-1.98146385087
-10.7588766443	-1.87125738175
-10.8184911795	-1.78366480698
-10.9190149359	-1.6458112304
-10.9917735844	-1.55230484955
-11.0797214544	-1.41486619369
-11.1438880657	-1.32675657055
-11.1952142882	-1.1830772423
-11.2435358296	-1.12414201175
-11.3074399124	-1.03856299378
-11.3310272221	-0.972869224114
-11.3387801758	-0.908321460032
-11.3459041019	-0.818235915446
-11.3340860803	-0.736794245601
-11.3282104828	-0.654338817347
-11.3073176428	-0.564113315371
-11.2548809127	-0.500091888578
-11.2052135823	-0.488554901615
-11.1777885699	-0.422725649966
-11.1545254505	-0.384599942993
-11.0421818534	-0.255667634023
-11.0177377012	-0.234406444725
-10.9605982451	-0.199329278869
-10.838295062	-0.147976138275
-10.6887998713	-0.109057364064
-10.5533854092	-0.104860582157
-10.4974440446	-0.104550230873
-10.41001388	-0.118993398653
-10.2763419563	-0.123660889978
-10.1228103199	-0.105090882959
-10.0368327171	-0.129175704285
-9.91445716637	-0.172124293765
-9.83239480052	-0.185216073742
-9.69121020946	-0.209625095638
11.9747738163	-4.53301776087
11.9227174589	-4.31544898615
11.8631403892	-4.18479067234
11.7920817647	-4.01051279995
13.4535286778	-9.09031290524
13.4349193983	-9.1383697827
13.4191386102	-9.17225095671
13.4000937957	-9.20852919365
13.3696825075	-9.26696244057
13.3383991633	-9.32080945099
13.2838672206	-9.40712891673
13.2455356573	-9.4641004659
13.1501763711	-9.50456021353
13.0795195797	-9.57790157736
12.9192910476	-9.72728739104
12.8547392893	-9.7695597847
12.8063859853	-9.80371512192
12.7567595886	-9.83120098381
12.7120296034	-9.85263534612
12.6696125366	-9.86661532306
12.6104204231	-9.86838786338
12.5167917739	-9.88328494922
12.4164029736	-9.87651944239
12.3689764045	-9.86268121542
12.3172488485	-9.85101477365
12.2760418713	-9.81813551612
12.2357244691	-9.77341652049
12.1250532462	-9.52087076153
12.0080390261	-9.36686107527
11.9536573791	-9.25476285817
11.9089705464	-9.21238018622
4.73875247923	-9.23619415899
4.62891578029	-9.03270994266
4.60030471589	-8.87876697647
4.55648874145	-8.75737863009
4.56843901137	-8.67196625276
4.54584858245	-8.54363921069
4.53331538221	-8.40533937238
4.5337524324	-8.22450150542
4.53524878748	-8.0297740416
4.5447456885	-7.91383653712
11.281493332	-6.86825167687
11.4946690347	-6.94458911552
11.6224981345	-6.98813047404
11.6991093846	-7.06607460612
11.7434646932	-7.08766228495
11.8004511055	-7.12041025348
11.9360059516	-7.23879388918
12.0687621824	-7.32976700945
12.1394943313	-7.39213387803
12.2726324541	-7.50572964258
12.3260060072	-7.57735404035
12.3835200968	-7.68168255647
12.4444647232	-7.72288438591
5.8337400055	-9.85599911514
5.96081367167	-9.83847781879
5.98510325582	-9.83410910515
6.07969657685	-9.8210012355
6.26792811048	-9.82351074588
6.43150370585	-9.86813975922
5.44243183384	-14.6191717227
5.61228450033	-14.6381789007
5.66674368745	-14.6349335744
5.81354966499	-14.6155682809
5.98594152751	-14.6114015217
6.11505229923	-14.5747888803
6.35950784609	-14.5114068181
6.48168014311	-14.5051144459
6.56083082457	-14.4969394436
6.66069745699	-14.4866091292
6.7268849741	-14.4777705274
6.88173276464	-14.4575654257
6.9877231495	-14.422762705
7.17681844948	-14.3903673784
7.31886257038	-14.3430656432
7.43231098243	-14.2950738174
7.56155142978	-14.2469588835
8.46294271507	-12.6562770181
8.47744464144	-12.664347473
8.5079602841	-12.6964359871
8.57910978979	-12.7622444812
8.63999341825	-12.8108606309
8.78202260387	-12.9595059723
8.84919404811	-13.0879592134
-8.50106217942	9.23088540583
-8.49462569527	9.26427312637
-8.47807038846	9.33107760332
-8.45363260168	9.4345279682
-8.4446033123	9.48276606491
-8.43258643774	9.53572532259
-8.40415445569	9.60648359636
-8.3844706238	9.68602962532
-8.35042544193	9.83119881917
-8.30603185802	9.9438110127
-1.97727027528	2.88855744909
-2.10640596212	2.90108321292
-2.16252556569	2.90790543316
-2.31995136269	2.9417150899
1.38603042442	-12.2532685848
1.4486745309	-12.0391036556
1.52471256434	-11.9711514591
1.65852980995	-11.9021573527
1.82157352796	-11.8621631872
1.93535222656	-11.8396870178
2.05807331303	-11.8215074189
2.14672807265	-11.8128567667
2.28328540892	-11.8022491687
2.41769996398	-11.7822934168
2.5597481727	-11.7516448608
2.72656218544	-11.7374329741
2.87348084687	-11.7469802728
3.06835216264	-11.731623884
3.2189196246	-11.7225760158
3.30661379301	-11.7188381639
3.45477308973	-11.6975867814
3.60193049922	-11.6926664139
3.69397392406	-11.686830218
3.82253909861	-11.6737572818
4.00978367668	-11.6512279514
4.109232029	-11.6325895732
4.23537578263	-11.5891453285
4.38664943802	-11.52400647
4.49358826066	-11.4703001627
4.59160613741	-11.4139219066
4.8104027469	-11.303262371
4.9495162871	-11.209612792
4.9658549183	-11.1979418882
5.03313941536	-11.1402316962
5.10210887474	-11.0705993824
5.1794314391	-10.9940466002
5.25509127472	-10.9124269541
5.34823772065	-10.7904550723
5.39180571227	-10.7179912151
5.45276475734	-10.594474143
5.49336970791	-10.5337494817
5.52305334144	-10.4454435837
5.55228659686	-10.3754222387
5.56493003033	-10.3246758809
5.57741493796	-10.2462515867
5.63979216252	-10.0009346926
5.83352496896	-9.85561835398
3.2221445943	-10.745633587
3.11812824969	-10.5799244821
3.07657741252	-10.5081768112
3.03684080485	-10.4110555589
2.99475252746	-10.2862189685
2.97510234599	-10.142561598
4.60091786594	12.41647001
4.648298048	12.3780848494
4.70991989932	12.3300810318
4.74174074287	12.3056292233
4.78447255566	12.2732765992
4.807011913	12.2560276454
4.85721756846	12.2179937229
4.89832275487	12.1659242946
4.93435213057	12.1459113606
4.96925978828	12.1225968748
5.00962645611	12.0959150008
5.0520620277	12.0692522684
5.08447015188	12.0369464927
5.13599380315	11.9981472174
5.17270845069	11.9787425453
5.19811807203	11.9648661629
5.20709592297	11.955030215
5.25884012909	11.9306181433
5.27140073766	11.9255817269
-6.33083530699	15.9935130829
-6.35323396353	15.9586031848
-6.36177452724	15.9383771218
-6.40940578071	15.8911233687
-5.51684667015	14.9536239169
-5.30791629567	15.0391450225
-5.2161205098	15.0470581247
-5.00555716205	15.1413178812
-4.89451217304	15.1762176766
-4.83243429556	15.1979662689
-4.70828616868	15.1576224281
-4.50304877045	15.1178368271
-4.31762605585	15.0633370479
-4.21162084328	15.0188646367
-4.06643088515	14.939466761
-4.05385990901	14.8672078733
-7.20463526664	14.5818960753
-7.02126080231	14.6897322683
-6.91225858496	14.7160230503
-6.83384650103	14.7431191996
-6.69826354561	14.7635727051
-6.56656206699	14.7747773091
-6.44161504814	14.7579106415
-6.34516204979	14.7547023419
-6.15159776349	14.7783400293
-6.03708341837	14.8002676898
-5.88225825259	14.843615002
-5.82611895222	14.8672751237
-5.51686905417	14.9535985016
-3.99418523731	6.66029783621
-3.8928959008	6.87728882757
-3.93603402797	7.02814579739
-7.63995273187	11.1976030259
-7.67328154246	11.0949904817
-7.77056194406	10.9609582709
-7.82645727424	10.7727241474
-7.84319965483	10.7135511911
-7.88264949879	10.635890601
-7.90971919742	10.6092132053
-7.94487143539	10.5354585967
-7.97744928781	10.4648567433
-8.02126071297	10.3807397439
-8.08882309898	10.2519021628
-8.1653704143	10.1388106405
-8.22519991637	10.0438179269
-8.3058065865	9.94392265766
1.11671111385	5.70317665755
1.11229404553	5.89534688896
1.12196750442	5.97603083812
1.11246537766	6.10448106742
1.1262304376	6.22591785978
1.17488536308	6.34893067607
1.17144378281	6.48388872208
1.14052323136	6.58211877053
1.14780740285	6.70380550376
1.15957212329	6.78469897647
1.1735605656	6.89156598231
1.19194978736	6.96080196967
1.20670870075	7.03342221048
1.21658823214	7.17093577613
1.21155706474	7.38846029111
1.21368380043	7.41664120156
1.22480169666	7.52029309093
1.25703148209	7.65322728276
-1.43368079088	-0.738469772781
-1.52406255147	-0.60493691264
-1.72089113661	-0.350524725435
-1.75838220679	-0.288051131383
-1.89917595668	-0.172800673466
-2.05244914574	-0.0648029525939
-2.29607881837	0.0795924868007
-2.48920147174	0.131393544921
-2.66413582118	0.142713914072
-2.73934465798	0.139737968381
-2.85477477522	0.160844534032
-3.13190156272	0.0556869253304
-3.34290115569	-0.0324354880557
-3.48556286041	-0.0972525146333
3.11200103954	-14.0823027493
3.08903538579	-14.2589561989
3.05628740475	-14.4697928295
3.05913933129	-14.6073085657
3.03766903431	-14.7100901583
2.9474393893	-14.9136617689
7.56161049639	-14.2466356275
7.52686783946	-14.1775060933
7.49569992708	-13.9918298447
7.4650055751	-13.8644505512
7.4699771515	-13.6233463041
7.45925778344	-13.5551087947
7.45697233476	-13.411982008
7.46874055298	-13.2800341556
7.44627809303	-13.1369012274
7.4254704146	-13.052476358
7.38753443689	-12.9498490364
7.33815817049	-12.8184482576
7.27498080735	-12.7483030004
7.15768838372	-12.6065822216
-6.40940664503	15.8911222001
-6.31750856971	15.8574454379
-6.27180171418	15.8348691331
-6.19808151134	15.8202386082
-6.09707626722	15.7924626101
-5.98463844144	15.7269028304
-5.9364510104	15.7208779083
-5.88453407851	15.6864936316
-5.79830820037	15.6216287422
-5.72598401084	15.5183535383
-5.69189792333	15.4265478192
-5.66401418647	15.3207257776
-5.64906602331	15.2382522293
-5.63767111265	15.1976561454
-5.62356777524	15.1176900873
-5.61837414072	15.0522715738
-5.63374825825	14.9895881207
-5.51744807646	14.9521588774
1.42129256209	11.4963880638
1.30743444235	11.6619807978
1.26082395522	11.7566547598
1.16983672952	11.8674499036
1.07967929935	11.9575050233
0.987093083097	12.0502931314
0.859590958383	12.1632978227
0.718013443267	12.2703371369
0.567458379371	12.4015871219
0.436209009096	12.4881696697
0.197040519771	12.6310089461
0.0733308698793	12.6981183208
-0.237107020587	12.8425911115
-0.538052079717	12.9454246749
-0.757385655122	13.0157152757
-0.838460204053	13.0439563837
-0.953656425969	13.0837574368
-1.10517118071	13.140064081
-1.3627044604	13.2167987426
-1.57790177372	13.2895688277
-1.6585737612	13.3169305655
-1.81620871364	13.3802579477
-1.96731533967	13.4426077272
-2.14187292404	13.5065144298
-2.38927465432	13.5681705986
-2.51244616525	13.5964907909
-2.54555999542	13.5781997402
-2.54515669564	13.5249942659
-9.84580522477	3.70193562346
-9.770619971	3.62264872117
-9.72895558088	3.61488735208
-9.68098001615	3.55906959227
-9.62193949819	3.49567035848
-9.46656202241	3.31811583124
-9.33261033266	3.21003704373
-9.22348900978	3.16126478331
-9.15121379221	3.11729402013
-9.02176912223	3.03625956889
-8.90454350489	3.0051447166
-8.82053085825	2.97361428726
-8.69459411601	2.9389823062
-8.50769133145	2.89923675137
-3.4855628607	-0.0972525146201
-3.6886989976	0.00773920436214
-3.75764012369	0.0555275641165
-3.87767759568	0.155373711796
-4.039399492	0.261457048229
-4.12770670033	0.362191912074
-4.32970799994	0.451038756401
-4.50730079967	0.482565703657
-4.55842288443	0.48480544757
-4.76008693021	0.518745445906
-4.90895727633	0.523207587914
-4.94971582804	0.505525922228
-5.03295622562	0.479525609545
-5.18600161012	0.414179431382
-5.32552518035	0.333753645388
-5.42121448672	0.262233224601
-5.49865087142	0.183227523916
-5.60809731641	0.0914760766207
-5.69233460542	0.0236914008681
-5.75843924835	-0.0446680238583
-5.88054366483	-0.163771016407
-5.94717246946	-0.223018099077
-5.97212694499	-0.278380238601
-6.08954092008	-0.406659483438
-6.16468501158	-0.490183922948
-6.25931342953	-0.620918069917
3.09340801181	-3.19253147962
3.13878942316	-3.33875136541
3.08383923861	-3.46498260717
3.02815392797	-3.63124215289
3.00322546068	-3.65989847271
2.9524768448	-3.76766062404
2.90320240737	-3.8786877011
2.86893489298	-3.95090450264
2.7924003401	-4.10332197287
2.69571717454	-4.26705154293
2.64394020918	-4.35955692809
2.52046906934	-4.53471348075
2.46393815834	-4.60842542301
2.37669898357	-4.71560494013
2.28081013638	-4.88681589728
2.11672624021	-4.98466011531
2.04201950715	-5.02368680181
1.913694619	-5.09155762451
1.79385243149	-5.16568565436
1.6721191573	-5.22393543085
1.60041083465	-5.2368581181
1.48570268923	-5.28051009648
1.41436790589	-5.29051748325
1.28697281273	-5.30580063159
1.20566381479	-5.31301295822
1.1135050499	-5.34713164818
1.0626613493	-5.35640049405
0.842378572496	-5.41636358751
2.97509728304	-10.1425412576
2.846006019	-10.1336900457
2.71521578685	-10.1232068187
2.61009538457	-10.1094745852
2.53878245154	-10.0730329441
2.49135597637	-10.0427297959
2.39621985289	-10.0703283407
2.31458258757	-10.0563158393
2.15141796018	-10.009549024
2.03494671017	-9.94551311217
1.95758759963	-9.88635643796
1.87917003809	-9.8437424289
1.75841388857	-9.76424910388
1.64443608706	-9.66990214627
1.56638531506	-9.58910485744
1.53249232913	-9.5516672586
1.44880487619	-9.39983945765
1.28030425185	-9.25070593153
1.21444075477	-9.1557135313
1.15890343884	-9.06527167086
1.07471186983	-8.90259017861
1.00534934988	-8.68805464314
0.985433197928	-8.62136098276
0.9449052271	-8.49926598475
0.920210510806	-8.40398390915
0.890535662495	-8.3135344253
0.876149999124	-8.17552932093
0.839405750621	-7.95017247818
0.799759688433	-7.8039267948
0.834873686987	-7.55710874136
0.857339668816	-7.46295009233
0.892661183007	-7.20041349624
4.27422780074	-15.4252344209
4.31175632605	-15.4837481856
4.38988119468	-15.5702785018
4.48640598152	-15.6711248387
4.58762288678	-15.7432417725
4.62941040933	-15.7667927918
4.70366980359	-15.8189323138
4.79555861019	-15.8917959798
4.83981005199	-15.9144187555
4.8974229195	-15.940348145
4.99849131133	-15.9782765438
5.07131911136	-16.0085882501
5.38684555688	-16.0785923194
5.52806146837	-16.1314274919
5.81417751268	-16.1516731834
5.88178918963	-16.1277468998
6.02123179748	-16.1215835485
6.17559588643	-16.1078663991
6.37392362213	-16.0848421089
6.60287544576	-16.0573990393
6.70644817621	-16.0394288836
6.7832253097	-16.0247335447
6.85750573813	-16.0081259726
6.94532573716	-15.9871079814
7.1575380102	-15.9307910282
7.48727857218	-15.8237021929
7.86266381574	-15.6908236637
8.14530137263	-15.5384277098
8.40683426521	-15.3791897826
8.74162110904	-15.1533851816
8.87042567806	-15.0711437663
9.05517130756	-14.9330915868
9.15125615458	-14.8543495404
9.25618557347	-14.767585194
9.40728979263	-14.6460523365
9.62353489096	-14.4276870115
9.80384735444	-14.2414316754
9.94589099424	-14.0814006989
10.1179659485	-13.8748420033
10.2626920436	-13.7125631885
10.3876345263	-13.5446050546
10.4685882239	-13.3725869144
10.5245321085	-13.2536146181
10.6001477965	-13.1110848714
10.6667632286	-12.9719889205
10.6832444806	-12.8638498853
10.6861329446	-12.7398392183
10.6867126739	-12.6160905608
10.6565663322	-12.5170288038
10.5895342041	-12.3835099272
10.5823407436	-12.2746402846
4.56300891593	-14.0864568923
4.429713525	-14.0743892299
4.38345217053	-14.0710528088
4.28370349353	-14.0770258841
4.11299407816	-14.099238268
3.97047574627	-14.0390699051
3.70331674628	-14.0402556321
3.6878473904	-14.0407549972
3.56840485965	-14.0722940318
3.52052460122	-14.0722327483
3.36752201519	-14.1084208515
3.11200031052	-14.0823015647
10.0642611761	-8.28777473924
9.98148052393	-8.11537698315
9.94169380679	-8.04855521208
9.79794699929	-7.78406849145
9.68771192224	-7.58528677178
9.6241089228	-7.48910517797
9.55643394888	-7.35710933881
9.43748585998	-7.19367031896
9.36565928077	-7.08299023379
9.30594923199	-6.97347042625
9.27971042975	-6.9132213738
9.14178010274	-6.8065868513
9.03516601398	-6.70189382894
8.8639110655	-6.5389433836
7.15735267228	-12.606561975
7.2079314653	-12.465189344
7.22461328938	-12.3771502961
7.24847078283	-12.2815747923
7.25858999252	-12.193236711
7.27641359611	-12.0913187047
7.28899466159	-11.9689835009
7.30625767061	-11.8304451685
7.30688421133	-11.6490394988
7.28938967878	-11.5346535862
7.28867790604	-11.416000415
7.27001624262	-11.2701368204
7.20914093331	-11.1549200269
7.19457905801	-11.0950275434
7.16057741605	-11.0683021195
7.12729760899	-10.882858871
7.10745060006	-10.7872797326
7.08882586398	-10.738959811
7.0786505711	-10.6619173805
7.04045290238	-10.5995870809
6.93926157043	-10.482952916
6.77384682164	-10.2505694747
6.75284173934	-10.2169866025
6.68876611569	-10.1528456903
6.55703566979	-10.0175903948
6.43149912407	-9.86811873735
-11.3098675496	3.43401442368
-11.2039513086	3.33638186219
-11.0929875034	3.35966076033
-11.0026158916	3.39957566947
-10.8408469064	3.41495101977
-10.7304174469	3.40995675234
-10.5797238297	3.41833377249
-10.4737376893	3.3903907149
-10.4154790962	3.40058483663
-10.3340921148	3.38285219882
-10.2495391291	3.38808550938
-10.1526943622	3.4165706651
-10.0479381717	3.45824001645
-9.95752382199	3.5774081388
-9.84579846265	3.70194294803
-1.34077600286	6.88109755926
-1.31056168889	6.74416809887
-1.30901038254	6.63041243689
-1.4328642016	6.34744684944
-1.59360276873	6.26175099251
-1.65284592006	6.21216111981
-1.73899263107	6.11728146927
-1.86422366528	5.98573365682
-1.93981078875	5.92988733966
-2.06428276768	5.85583528027
-2.18854984256	5.8303101045
-2.44016137636	5.7977283744
-2.55058564247	5.8159521277
-2.69826838934	5.85029689895
-2.81608882689	5.88307284538
-2.97462673467	5.93405458561
-3.23383641392	6.07097525267
-3.33115101845	6.11984780677
-3.42457757251	6.16451817453
-3.5672232447	6.23096055527
-3.6649121382	6.32273804925
-3.68074951166	6.3353730066
-3.76182159918	6.40286052832
-3.83316357923	6.51211239716
-3.99418213658	6.66027276973
-8.27029713109	2.68349097859
-8.34402109097	2.76608274249
-8.41974995621	2.81980639242
-8.50766521666	2.89923965729
-3.45172771759	10.5846475147
-3.30611490257	10.4504372418
-3.21148133069	10.3774824487
-3.13760403074	10.3278128726
-2.94689784864	10.3123795142
-2.82728471438	10.2753885617
-2.7123624253	10.2570804251
-2.66694550394	10.2438021766
-2.5577420712	10.2428349011
-2.43191244529	10.2562918727
-2.3696416995	10.2675242663
-2.25358835286	10.2981683372
-2.19228561472	10.3148696849
-2.09970230171	10.3442058244
-2.05631420559	10.3587331286
-2.05411420569	10.3610811823
-1.89793589325	10.3614857201
-1.76587656515	10.4241587754
-1.62885174349	10.4813790681
-10.2611503106	12.1752060059
-10.0598838245	12.3606889808
-9.87367975734	12.59724794
-9.77476594401	12.7417282901
-9.6774558169	12.9312601457
-9.55241302472	13.3441880034
-9.43190539066	13.5746478848
-9.36897613412	13.6717831417
-9.21515978219	13.8640305996
-9.11186806674	13.98488315
-9.01847216566	14.0856032297
-8.97127465794	14.1385301474
-8.84567319131	14.2554401743
-8.70971327596	14.3985510246
-8.52178178041	14.5722272461
-8.45191655446	14.6476351385
-8.21463002594	14.8858652784
6.4314854814	-9.86811414042
6.52826748648	-9.68203030928
6.68726865105	-9.57956663261
6.7466980476	-9.54010598681
6.86908635727	-9.47663759517
6.95442749102	-9.43101779029
7.17474722946	-9.36095385551
7.36515201107	-9.30893952552
7.55790806541	-9.36180062825
7.76051764535	-9.41671671168
7.82851104292	-9.45302582826
7.96554073077	-9.49240169322
8.04268650006	-9.55535712103
8.16410623748	-9.62630895879
8.23084113015	-9.67796975871
8.28631585203	-9.7367686098
8.38977696697	-9.84839195245
8.41007426563	-9.89350654291
8.44503771958	-9.95207642689
8.47367013659	-10.0065320835
8.54193007428	-10.1428502827
8.64963235381	-10.3768939562
8.6644410886	-10.4378333231
8.69216431019	-10.4936569627
8.7086000905	-10.5433033375
8.71682130426	-10.6257726552
8.80998090251	-10.7712172462
8.87845983232	-10.8744206363
8.96243198118	-10.9729570583
9.0084212256	-11.0155691904
9.23162443234	-11.1099833185
9.42982030795	-11.206852853
9.54974313543	-11.279818894
9.71896219499	-11.3120584119
9.85892172888	-11.335170673
9.98297277433	-11.3558627086
10.1102649176	-11.3674182522
10.1801994191	-11.3903377872
10.2233416782	-11.3951814996
10.3252001224	-11.4047443024
10.4495518918	-11.4040932545
2.94730408361	-14.9136446957
2.79101983091	-14.9270287446
2.68650526829	-14.915500418
2.6572516385	-14.9152946052
2.60729924531	-14.9126298076
2.47077249126	-14.8893573078
2.40733986486	-14.8999918042
2.34731672133	-14.8600421107
2.32317678398	-14.8543617265
2.12347046167	-14.802627254
1.88871697305	-14.7610954024
1.81806094839	-14.6768179547
1.68749560715	-14.6329304381
1.57054090156	-14.6014452683
1.49997406113	-14.5861484684
1.26944668779	-14.4745745589
1.20030022914	-14.4301572255
1.13077744513	-14.4163991414
1.06460046965	-14.382965741
1.00729818713	-14.3517655005
0.88253968918	-14.2787174496
0.769602854567	-14.1673164844
12.4444970072	-7.72286792493
12.3392873231	-7.98363042944
12.2793752882	-8.13245382998
12.2362178155	-8.22606355607
12.1709670737	-8.34736100896
12.1082268279	-8.46598087204
12.0928436563	-8.49297899743
12.1358460441	-8.57559490396
12.0786480314	-8.67863461991
12.0669476015	-8.84680567045
12.0174266418	-8.95227183053
11.9602538448	-9.07304306411
11.9090338605	-9.21235675786
-2.5451575962	13.5250027213
-2.69805058596	13.6665802592
-2.83090742148	13.7965725572
-2.95761944021	13.9364684771
-3.12436745497	14.0861153505
-3.26671102602	14.2023977769
-3.42886520837	14.3774490186
-3.49621496023	14.4503277701
-3.58006989106	14.5306786467
-3.62552478289	14.5727993415
-3.64913402448	14.5911417106
-3.77573929259	14.7003647045
-3.86238945345	14.7788296608
-4.05385990902	14.8672078733
10.6667319907	-11.6058951507
10.7777437871	-11.5564744831
10.9003365046	-11.4960187233
10.9957379746	-11.4142347282
11.1390326524	-11.231420701
11.2051450237	-11.1481213773
11.285838788	-10.9924430124
11.3732930869	-10.8888171388
11.4422416432	-10.7120390994
11.4820885074	-10.5890954766
11.5068974555	-10.4567034961
11.5173166959	-10.2414296971
11.5623394092	-10.0679917164
11.5777075099	-9.96305032612
11.5895843568	-9.8407040641
11.6007984237	-9.77946169551
11.6471046763	-9.60457932791
11.7457527593	-9.38804108417
11.8593251469	-9.25168421187
11.9089957061	-9.21236746083
0.362312431437	14.4497938886
-0.0324926762529	14.3984242688
-0.163359272976	14.4010120707
-0.325707224391	14.4108284624
-0.476942433194	14.4351765855
-0.630284298687	14.4784121889
-0.836413341754	14.5447212089
-0.96605188725	14.5830754467
-1.03497173338	14.6062180671
-1.10594166929	14.6308191874
-1.20059869935	14.6638131404
-1.38297061687	14.7431479636
-1.52429995595	14.8037579361
-1.81594990657	14.9071447498
-5.53782413917	13.075667562
-5.72534825358	13.1534656561
-5.88810694382	13.2045428487
-6.00014813233	13.2372543173
-6.10985591809	13.285045039
-6.18084313629	13.3214925924
-6.25146239586	13.3505405491
-6.33261129281	13.369650571
-6.45551420253	13.4053133907
-6.59417486115	13.4673821031
-6.71107666893	13.5184380618
-6.75725932638	13.5503536502
-6.85077457627	13.6033754892
-6.94308220121	13.6762169332
-7.02641144009	13.7417594328
-7.06559537032	13.7821910091
-7.12340927402	13.8528555392
-7.15923029635	13.8977702532
-7.20079522968	14.0077329022
-7.2342875532	14.0955165748
-7.24999755985	14.1781412222
-7.26368704092	14.2758480414
-7.26080184176	14.3425560003
-7.26396506599	14.4559366751
-7.20463616596	14.5818457555
10.4494378323	-11.4040784062
10.4893236945	-11.250969686
10.4384878111	-11.0443345165
10.4229030104	-10.9788350834
10.3926670343	-10.8483251594
10.3710602448	-10.7714866308
10.3328571542	-10.6301364972
10.2759766908	-10.4827374307
10.240882705	-10.3282206482
10.184667556	-10.0486580511
10.1296081567	-9.758941714
10.1173411811	-9.74155136501
10.1055723756	-9.61131065759
10.0965670485	-9.53878434466
10.0824259553	-9.34202900991
10.0692330617	-9.21627193861
10.0765574559	-9.10946442521
10.0763510125	-8.97399131368
10.0801026594	-8.87274955822
10.0629382415	-8.77751853447
10.0904087837	-8.6568898949
10.1009814703	-8.47719494213
10.064284093	-8.287783828
10.7394414962	-2.30235808392
10.6374265794	-2.31053563353
10.4627202312	-2.35446332156
10.3952495261	-2.37461871239
10.3536007168	-2.38618734204
10.2156000646	-2.43398628805
10.092257315	-2.43831736271
9.83736668081	-2.43119764201
9.69011643246	-2.4348610782
9.50503409434	-2.43548254522
9.41657955594	-2.43065530883
9.32463970259	-2.42208896312
9.19370202216	-2.41220266223
9.09466074764	-2.38131399365
9.01291455952	-2.37136414613
8.92410738197	-2.35468619147
8.74610366102	-2.3386265858
8.60274429748	-2.33650949077
8.2863991654	-2.33629563209
8.21068298212	-2.33780006742
8.11811695103	-2.33661786827
7.99032513664	-2.33065913461
7.75420336602	-2.32700724684
7.550810478	-2.34491124472
7.33468349494	-2.3352059849
7.16788231548	-2.31770813569
7.08995763036	-2.31056199152
7.01730564368	-2.3080283119
6.92065570869	-2.30237791643
6.88364998628	-2.30095200032
6.72871455818	-2.29829126473
6.67414483891	-2.30099518625
6.55317845643	-2.31500720419
6.480981778	-2.32960641017
6.39272462517	-2.38226190094
6.34174335958	-2.41865146211
6.26500519521	-2.48685231672
6.22331995208	-2.6050173373
6.21026635243	-2.69986500344
6.19237286666	-2.78611224617
6.14919053938	-2.86960325634
6.1643796877	-2.98926953803
6.19167057848	-3.24593428738
6.35667928211	-3.53496788485
6.33373767223	-3.62161310305
6.40672967038	-3.71763388892
6.46644733433	-3.8142695338
6.55645588987	-3.96064239872
6.61824843052	-4.04562061261
6.6636668121	-4.12127934883
6.7024134334	-4.19975490754
6.76760932881	-4.34833716759
8.86391105375	-6.5389433818
8.75834930236	-6.29065440028
8.71189320712	-6.13280937253
8.66149728602	-6.01461784466
8.5961364936	-5.87629570844
8.50945148277	-5.71266726203
8.41012406421	-5.53602072454
8.34410242459	-5.42318833729
8.2963704697	-5.34489774951
8.05996822812	-5.05371197603
7.9405072621	-4.93621783855
7.87910254305	-4.90152380721
7.76520372321	-4.80391982725
7.6922021613	-4.75158050979
7.52188206158	-4.64358659231
7.34041521011	-4.57034500303
7.22498807388	-4.50903311968
7.12353067275	-4.45527656319
6.96588708141	-4.37751665667
6.76761809721	-4.34836001373
-1.65681957396	-9.30558490098
-1.87004983601	-9.24131914021
-1.97041196578	-9.22298950809
-2.07709916105	-9.23168507696
-2.12570914407	-9.22741142263
-2.17525785423	-9.22816669042
-2.21723423531	-9.23379022145
-2.41148881376	-9.18517414425
-2.56070100507	-9.17852803461
-2.72487502998	-9.18056619588
-11.0430040672	5.9068649877
-11.0273629644	6.08615860546
-11.0191337471	6.21263515638
-11.0108566177	6.40346443825
-10.9840140491	6.63660378907
-10.9856880172	6.92166034417
-2.39677104413	7.64120994948
-2.3031952953	7.90061807308
-2.25261420537	7.9883785717
-2.20835318214	8.06543344964
-2.14925518413	8.18349063958
-2.08102180595	8.4001792009
-2.00408163806	8.58401136313
-1.95245407949	8.68747607309
-1.8682776536	8.78036995456
-1.80258517609	8.83754018086
-1.69878093658	8.90390238837
-1.56553131117	8.92679405417
-1.4114539665	8.96665537781
-1.35014390577	8.96783975966
-1.21364925246	8.94720784908
-2.93244136441	11.8349759576
-2.80327520544	11.8293876442
-2.72870074088	11.7981342591
-2.60804880448	11.7342502143
-2.45369846457	11.6343492778
-2.39687793524	11.6118280037
-2.35067680869	11.5784250784
-2.2834501231	11.5293253972
-2.21672376944	11.4424466155
-2.06578654016	11.2912402613
-1.92100796047	11.1359701702
-1.80744577803	10.9932687687
-1.74638109234	10.8822796952
-1.69407117355	10.7481595035
-1.64973113288	10.6223172788
-1.62890390536	10.481193723
-2.93244136441	11.8349759576
-2.97452453672	11.7028736984
-3.02553666067	11.5966910152
-3.04988656117	11.43865142
-3.13778629493	11.296055704
-3.24221823758	11.0439769102
-3.30452794527	10.8998641308
-3.34473540911	10.7854908345
-3.45172440993	10.5846626237
-8.2146306194	14.8858649888
-8.1785115402	14.8170135197
-8.11274968072	14.8241760091
-8.01912563745	14.8186276332
-7.95917262561	14.8056127524
-7.87352478417	14.8015725336
-7.65943825265	14.761176691
-7.55546799481	14.7179094536
-7.48015086186	14.6967372815
-7.38460048712	14.648829044
-7.2046479502	14.5818803423
-1.21363037928	8.94718542392
-1.14078590334	8.85706606117
-1.02147133512	8.68149767405
-0.983641764639	8.60477472811
-0.884235005595	8.43274437468
-0.838503425368	8.30841097468
-0.810576987066	8.20955996135
-0.787761071177	8.1305369016
-0.798677166955	7.98170682887
-0.755786154748	7.84245799927
-0.706386739833	7.6673152729
-0.688439426814	7.55704274642
0.57974430077	8.33112290733
0.747981537135	8.21582741479
0.823872859545	8.11242957781
0.96753116163	7.99811403665
1.09869208676	7.88542670791
1.17683972036	7.79035619843
1.25703802292	7.65322209124
-0.688457911871	7.55704315883
-0.7559475191	7.45578795532
-0.802791336961	7.37491718221
-0.856669169088	7.28093451343
-1.00483883847	7.10732357973
-1.08506157685	7.03227995969
-1.2016543068	6.95222074608
-1.34077051442	6.88112345487
-10.5751427984	10.8119362396
-10.5889777659	10.9907651051
-10.5948360032	11.1127300133
-10.5868294898	11.3257677064
-10.5689056416	11.4546980844
-10.5466357225	11.6069638409
-10.4684079832	11.8217202065
-10.4097258724	11.967183639
-10.2611503126	12.1752060058
-5.21958487741	6.70343628881
-5.59183959005	6.62053911324
-5.76867236793	6.6450950157
-5.88228173785	6.63521840823
-5.98602284254	6.63026426817
-6.09765190865	6.60270517918
-6.19364127833	6.58312913868
-6.25755556724	6.56057018983
-6.34335246633	6.53613233514
-6.40314691683	6.52823303836
-6.58618194056	6.42100631382
-6.76945690208	6.32942628549
-5.21958436507	6.70346817282
-5.04123938848	6.5337072946
-8.7691536202	10.8204898482
-8.98202669661	10.6836486442
-9.10732011273	10.6065145242
-9.37764611637	10.3706833668
-9.44473453334	10.2978913914
-9.49998794231	10.2278449714
-9.61738780478	10.1315601473
-9.75625683246	9.92695614801
-9.83929281284	9.84662921975
-9.93294259855	9.76976683285
-10.0082799134	9.68230672981
-10.4467652886	9.15304192764
-10.6788300674	8.76963488097
-10.7493790472	8.60834720028
-10.8110037174	8.40755653884
-10.8989566686	8.00530039289
-10.9323377601	7.89150283357
-10.9827270014	7.69315221007
-11.0106046649	7.58116534067
-11.0359068688	7.45676575086
-11.0656581913	7.25863622233
-11.0074874935	7.10325075514
-10.9853959913	6.92105533183
-8.76911749279	10.8204985165
-8.60089734825	10.9739335437
-8.45090286477	11.0938467761
-8.35403659032	11.1726661247
-8.25370885182	11.2064030259
-8.10484063301	11.2470286559
-7.93995995472	11.2516595343
-7.84364275993	11.268810296
-7.74863379229	11.2270854146
-7.64009411151	11.1977297629
3.64298404281	7.15458203082
3.74805484619	6.9765652354
3.76591392657	6.95575557226
3.83010944654	6.63013161101
3.84854503168	6.54601194444
3.87479296674	6.42271181675
3.89220567679	6.25996779794
3.90949424325	6.14525566847
3.92609989651	6.04329005301
3.9379311146	5.98068990231
3.95490464648	5.86934461509
3.98733617296	5.58485093785
4.00064389205	5.4813888547
-2.6172773634	-5.31930475556
-2.6289865379	-5.3913113217
-2.65002783611	-5.52101277935
-2.65570399586	-5.59571277133
-2.67399131698	-5.70585229553
-2.67127707678	-5.82448618138
-2.68813009428	-5.91738207925
-2.70904088038	-6.01921654655
-2.72984791652	-6.11109403197
-2.75891398177	-6.24151128997
-2.80895500902	-6.46151463949
-2.87244239622	-6.73605439837
-2.95848229777	-7.1311533456
-3.00694716949	-7.30489800113
-3.09561963584	-7.60004302679
-3.17913858615	-7.70845758854
-8.29574800772	5.29004033344
-8.17080950263	5.18029003508
-8.1009028421	5.12983815066
-8.00071972256	5.03998240575
-7.85255809723	4.90893367971
-7.75839993254	4.83446691238
-7.66130635654	4.66078826091
-7.5758767435	4.56527102132
-7.51697140651	4.46760296646
-7.39955744607	4.27030546617
-7.33083956116	4.16867333211
-7.22418046414	4.00661915338
-7.16056409865	3.9158618923
-6.97446283818	3.72902849249
-6.76107557213	3.51486883668
-6.63466282901	3.395747945
-6.53349806781	3.31425279984
-6.51170908009	3.31017749285
-6.26305425334	3.11277232715
-8.29632552043	5.29015946852
-8.26526147683	5.46852831107
-3.17916113368	-7.70845663636
-3.29265839044	-7.59238659588
-3.34969483659	-7.51018396354
-3.51716929216	-7.30274481713
-3.55772191034	-7.25238781064
-3.60909166582	-7.2123536239
4.78299896126	9.7440356261
4.65896865914	9.85794237117
4.62989840781	9.88177328251
4.5967233562	9.91357180733
4.53550624602	9.96387677781
4.37972962804	10.0969598437
4.28486427932	10.1659763434
4.20282549277	10.2294681102
4.1325832588	10.2876575348
4.07077492516	10.3442339147
4.01384751586	10.4045447952
3.94075333526	10.482788851
3.84260558562	10.5869707861
3.7714673117	10.6698221505
3.66005318092	10.8084322555
3.58642892074	10.9050664301
3.47921769805	11.0759310655
3.42285577442	11.1638901956
3.32945715347	11.3017761176
3.24658977597	11.4154603755
3.14651926938	11.5653836259
3.00922967347	11.7781323253
2.91794197168	11.9155523982
2.81743852415	12.0619875132
2.67477867661	12.2443082778
2.61815204198	12.3233222623
2.47332679233	12.5132702285
2.38884300903	12.6184922383
2.31383758989	12.6998098828
2.23261345786	12.7940276911
2.097530826	12.9458793276
1.92595283218	13.1366131647
1.81803248468	13.2450976548
1.71782198852	13.3426507598
1.54548341979	13.5081572472
1.48880126751	13.5597609027
1.32573785364	13.7017252277
1.19515606608	13.8104826351
1.03494494403	13.9549774971
0.858760370353	14.0944064323
0.727466255965	14.1900472006
0.665450268502	14.2317652463
0.619353840018	14.2636704351
0.36231243139	14.4497938886
-2.65177868104	1.42147599623
-2.56836341247	1.66719643398
-2.5059909584	1.84208398408
-2.49510240733	1.92353863308
-2.48321357652	1.95174305206
-2.465851648	2.05771788287
-2.4544421411	2.20923847839
-2.421910178	2.31126227417
-2.42413557848	2.48137220302
-2.39127906828	2.66538392354
-2.31968125014	2.94170724084
-2.65177566065	1.4214740838
-2.60592785917	1.26274618374
-2.49769843845	1.1909583565
-2.43594502821	1.16472353549
-2.34928747368	1.13200188435
-2.2319330274	1.09877890894
-2.14456926383	1.06706433726
-2.09903013436	1.05115396009
-2.04740460004	1.0400821438
-1.84900405571	0.994087895782
-1.60435009619	0.9403646711
-1.44563464994	0.904802569096
-1.301850626	0.846095972983
-1.18429690884	0.815195123257
-1.10414497898	0.822626164465
-1.01174994119	0.830274572771
-0.904252688181	0.806281601729
-0.820314806816	0.784090993624
-0.695025999662	0.759811454887
-0.606512469311	0.741886022601
-0.434873928815	0.695067907377
-0.328140902972	0.670552127579
-0.124310558248	0.633153031359
-0.077039751318	0.623410873063
0.0188015746101	0.602162885103
0.0975489423582	0.582085865543
0.147909775221	0.550632092492
0.216249183946	0.516860738032
0.283679478232	0.475390762272
0.354460249647	0.42749960541
0.533763750107	0.273910557681
0.601324298702	0.187599492948
0.66408977554	0.112634226686
0.736943232476	0.0196754839773
0.804769677798	-0.0571891457997
0.887076158525	-0.165675066536
0.94831301496	-0.28407670638
0.988606706227	-0.381092567627
1.0242293772	-0.454924264173
1.05939741853	-0.570011062697
1.083111133	-0.673492239167
1.11155332606	-0.907201723969
1.1478784818	-1.0744282504
1.16819413401	-1.22349534752
1.17263262655	-1.38053584689
1.1112052965	-1.4816170647
1.07909448032	-1.74414647465
-11.224919869	2.08030876233
-11.1000717482	2.0266039101
-11.0195823843	1.9978683926
-10.9076753995	1.97830474348
-10.7087067554	1.96974903222
-10.5587358448	1.92158315623
-10.2583300856	1.83520309544
-10.1608650849	1.78696997025
-10.1006819769	1.76842688156
-10.0337410688	1.72612058788
-9.98152011475	1.70051763112
-9.90399985354	1.65171226814
-9.81487535199	1.55166588255
-9.76623936962	1.4605938459
-9.65720048579	1.35283901904
-9.5495827461	1.26696523208
-9.46948279622	1.19366341915
-9.37795063572	1.09333441049
-9.30556453701	0.930939220353
-2.72488836722	-9.18056346553
-2.71235892537	-9.43778299589
-2.71301354216	-9.4408699604
-2.71042291989	-9.5251012328
-2.67465597734	-9.69250848488
-2.6082104604	-9.91551330059
-2.57317849652	-10.0187419498
-2.50515804368	-10.1441902742
-2.47825942834	-10.21242539
-2.43584046185	-10.2846553647
-2.27534219192	-10.4461392731
-2.21831723515	-10.5040344807
-2.12209705325	-10.5924910099
-1.89883822093	-10.7628255378
-1.78061205846	-10.7933716168
-1.67716287625	-10.7920436555
-1.59821714668	-10.7860878699
-1.52897895341	-10.7749724964
-1.44485627329	-10.6300145219
-1.31377030765	-10.4379723044
-1.26163881057	-10.2828531431
-1.24853782346	-10.207786313
-1.24544658037	-10.1015674461
1.07909449161	-1.74414648141
1.07586968317	-1.79005607503
1.10951690402	-1.80470414151
1.15187626512	-1.86719318215
1.28640294139	-1.96092788822
1.37559414554	-2.00482761351
1.54019139348	-2.0437580945
1.69347108182	-2.06856304938
1.80584314181	-2.08549208826
1.94370584871	-2.08378565265
1.98371514166	-2.11142563908
2.04627150239	-2.23125567791
2.11564583215	-2.28838858767
2.18846774631	-2.34577377839
2.24003519753	-2.38396451994
2.29452083997	-2.44477735979
2.34692830479	-2.50182202549
2.40462321355	-2.55786944664
2.45249976547	-2.67965656472
2.50366293902	-2.72325028023
2.58219595625	-2.77145197332
2.68744180597	-2.86496969471
2.78370326246	-2.98974627049
2.93773255674	-3.09023495597
3.09342735228	-3.19264252878
-1.24546372496	-10.1015690101
-1.16686201582	-10.0578885352
-1.01917418988	-9.99664159221
-0.824648457946	-9.94984889436
-0.70706030421	-9.91839680168
-0.639157138618	-9.88850190804
-0.544747404221	-9.77121873936
-0.484486101255	-9.73069580299
-0.371453424608	-9.68992219234
-0.306219531629	-9.64060333134
-0.277077091284	-9.55438592546
-0.232941288192	-9.47404263159
-0.189359646605	-9.34540698682
-0.140440295982	-9.16071684394
-0.107471940972	-9.05034865134
-0.0745995438137	-8.93869386389
-0.0857144605175	-8.839359109
-0.0943440082916	-8.71795372941
-0.105167647618	-8.62664549602
-0.122131329674	-8.53038938368
-0.136107612905	-8.40753116949
-0.14565788763	-8.27422236418
-0.160155402655	-8.17351350596
-0.17166065315	-8.08250532527
-0.187197637232	-7.91661333469
-0.203020800505	-7.70928093619
-0.202094520588	-7.5404359981
-0.210556543121	-7.39493603391
-0.208835919943	-7.21756586908
-0.203684074927	-7.15556642041
-0.236918250922	-6.98745039929
-0.236658925356	-6.83614430931
-0.246309163774	-6.70472165214
-0.264753711836	-6.5838035361
-0.267003558153	-6.50006151967
-0.271141431377	-6.34614647828
-0.270874327962	-6.06451614664
-0.265453672573	-5.90635478548
-0.259728359111	-5.788088188
-0.241056705052	-5.59960781088
-0.235945698687	-5.4988734503
-0.222544499768	-5.34413726582
-0.174160918541	-5.24524358438
-0.153768410025	-4.93183787558
-0.147761907549	-4.75936806343
-0.118968640832	-4.56216134076
-0.0926396380771	-4.28642745357
-0.0711298616354	-4.08334628695
-0.0190599172176	-3.80670206065
0.0355604235497	-3.59232915692
0.0711476395549	-3.44688276365
0.0962875608195	-3.35193843807
0.15751373505	-3.21387597684
0.177989717043	-3.01260769329
0.216822642063	-2.82701149851
0.285292978879	-2.43378306544
0.344932295082	-2.22079920945
0.422258981187	-1.94838326444
0.515360712374	-1.64797920596
0.605658895954	-1.45592097206
1.49690360678	-0.576258467613
1.62146169621	-0.21298419012
1.67464137725	0.207142814461
1.7198765496	0.427751103435
1.72526781785	0.616563697213
1.67379047199	0.865760179486
1.66089036559	1.05998361933
1.614184247	1.25406734619
1.59840759296	1.34708414971
1.56317814617	1.51761506116
1.49320864819	1.79429590503
1.43985914999	2.08346296232
1.4145761182	2.237248813
1.38213583638	2.4314140131
1.34243855841	2.61210610956
1.30809854298	2.77413375366
1.23888771433	2.96692317412
1.19281468046	3.06423376447
1.14839359488	3.17532333223
1.1154552246	3.26942738984
1.03689193943	3.40185781869
0.917893254977	3.54308085738
0.836912885665	3.62288530747
0.742393873347	3.70045117096
0.603265198383	3.79063802372
0.423227414594	3.90323481559
0.307925870485	3.95071628514
0.18266873049	3.99306932403
0.136160669976	4.00833405894
-0.007513093113	4.0492799315
-0.145208164877	4.0907421002
-0.311790750957	4.14234177414
-0.389590200382	4.16558508567
-0.532873929147	4.21176127465
-0.694316645384	4.30342386701
-0.783597893991	4.35608095191
-0.905568206456	4.40650599405
-1.01331272975	4.44828881235
-1.17016590459	4.49847114175
-1.31390876848	4.55576973935
-1.47669978969	4.60096377215
-1.64818792374	4.62877060776
-1.73787819502	4.64773394924
-1.8355157066	4.66792843319
-1.95257236196	4.67838909636
-2.06149497511	4.67671456031
-2.1552939175	4.67207694008
-2.29100934952	4.6571577499
-2.45982721142	4.61232765195
-2.5939229939	4.5623571474
-2.66399789398	4.50853375653
-2.67358823334	4.4562031667
-2.70424059505	4.3842316273
-2.75446207234	4.2775963019
-2.79061862187	4.16689436904
-2.81309190461	4.1022125154
-2.83989949795	4.01783229695
-2.85723438865	3.78142483325
-2.79699789544	3.64057556028
-2.76570838239	3.54444936112
-2.71132560407	3.45039421422
-2.65167500153	3.34823628612
-2.51304038348	3.13171250353
-2.41963578822	3.0227269953
-2.31960731271	2.94166861016
0.788842959604	-6.26948507902
0.848619940499	-6.40218298637
0.864331455163	-6.52117441661
0.867286186188	-6.59560675055
0.873761008191	-6.75005765381
0.879003213023	-6.9315689357
0.892661182945	-7.20041349624
0.788837945237	-6.26949968658
0.833024471379	-6.00008058884
0.826922997069	-5.7893830135
0.842366474094	-5.41636119344
-3.53547392173	-0.65980981538
-3.69125649185	-0.709879682288
-3.78795547339	-0.745513398864
-3.91377724802	-0.804703783911
-3.98804560886	-0.825491639918
-4.15249287811	-0.885487623012
-4.23564486419	-0.913362165939
-4.37596575014	-0.964790108933
-4.52224229062	-0.998387129911
-4.65579539348	-1.0502550471
-4.70383948247	-1.06290673154
-4.8374699227	-1.07498006726
-4.96850163665	-1.10367694275
-5.21151713566	-1.10437619113
-5.44600228267	-1.11346263407
-5.51524951774	-1.10833319283
-5.62626611272	-1.07671138327
-5.71066740459	-1.04199477331
-5.81912512271	-0.994348087116
-5.97932062216	-0.921643116263
-6.09047944199	-0.860920182708
-6.17605579446	-0.802412530463
-6.25926051666	-0.620885681314
-3.53547392278	-0.659809818447
-3.57015571696	-0.534722364917
-3.59488939361	-0.395325665066
-3.4855540102	-0.0972607400204
-9.6911807545	-0.209631724178
-9.59965969234	-0.311753173373
-9.53311107537	-0.381964047002
-9.4810464347	-0.454126706417
-9.44952899605	-0.536735368119
-9.35717441405	-0.635952881346
-9.26250730951	-0.737094727139
-9.1039227978	-0.932410607262
-8.92632856731	-1.05202757845
-8.86274894952	-1.14073429604
-8.75643951429	-1.26621902137
-8.6603084298	-1.38266427104
10.7759937377	-1.88617544525
10.7845158084	-1.9688194364
10.7863201536	-2.12066166999
10.7809992527	-2.19419526902
10.7679679491	-2.23045898959
10.7411939468	-2.30345598141
3.45398948675	-3.36283440435
3.44328455972	-3.17942090136
3.52428944755	-3.04540335366
3.55851771035	-2.95051959797
3.59177125935	-2.92057530495
3.60738455255	-2.826250036
3.60975198929	-2.7203610327
3.56507496764	-2.63176416748
3.56619101633	-2.55831568574
3.53108688673	-2.40165433242
3.50426282764	-2.27990598702
3.45424950809	-2.12422804687
3.39220315636	-1.99109079237
3.27658444179	-1.79742355105
3.1886530677	-1.6577826804
-0.942342926232	-0.992943032178
-1.11815326462	-0.903861851819
-1.21725409704	-0.831483348922
-1.43367673195	-0.73845618346
1.16567503308	-12.1886462045
1.3862898776	-12.2533322244
5.09589133864	-5.60654310535
5.26124851576	-5.99470201879
5.32576813225	-6.10293888563
5.39404549556	-6.2227605418
5.4590560623	-6.34187488569
5.51239693034	-6.43289470724
5.52236951332	-6.51121196062
5.56008489122	-6.56632273945
5.63704051712	-6.68200059929
5.73606629012	-6.78653759046
5.88886472978	-6.94386909575
5.93993410953	-6.99180496782
6.05651045303	-7.12449318856
6.3178303909	-7.29972722959
6.50761762996	-7.39973671051
6.63435294717	-7.45878949518
6.86774140462	-7.53377439761
6.99944931194	-7.56180690401
7.10478044138	-7.57719461615
7.22995729313	-7.58012698685
7.40268725637	-7.51559209298
7.48339997661	-7.46512127178
7.56516405589	-7.40913521493
7.68501443985	-7.32236909504
7.73390145728	-7.28415154124
7.77882516344	-7.24180909625
7.85869748151	-7.19763365583
7.99389944085	-7.08073297604
8.07782407916	-7.01365111291
8.15393973637	-6.96293182936
8.26927393997	-6.86750195604
8.41971696154	-6.75637934808
8.53964262282	-6.68250771016
8.6188071135	-6.63755201912
8.69140999098	-6.6002946242
8.8639023573	-6.53895126948
5.09588422078	-5.60652431831
5.16544794273	-5.52550800786
5.23159600161	-5.50243716102
5.34518940839	-5.45973734102
5.49677065895	-5.41474913273
5.6489306731	-5.36981543525
5.74849259844	-5.32992452204
5.79233280786	-5.27494335599
5.86437190382	-5.20737851763
5.92444611974	-5.15169878531
6.01348936071	-5.06675567966
6.1189823288	-4.96086117369
6.20096810291	-4.92256907965
6.29584228643	-4.88562354736
6.35128505187	-4.81719503177
6.46554718516	-4.71520134209
6.50968998769	-4.66839140808
6.55249393041	-4.61666263781
6.68844358654	-4.4314648315
6.76761339901	-4.34832553122
11.7919058015	-4.0105483646
11.7135446493	-3.8576861314
11.6713337192	-3.80305221317
11.6303522998	-3.74090790637
11.5944090666	-3.69227135491
11.5614983013	-3.61787420816
11.5282498042	-3.57038479172
11.4896609825	-3.50330799321
11.4445908949	-3.41788800987
11.3981991375	-3.33250136016
11.3752969152	-3.26594197771
11.3098173288	-3.15339137354
11.2221655682	-3.07626055045
11.1642348475	-2.96363982333
11.06698003	-2.80314616256
11.0367414769	-2.75969169342
11.0202389464	-2.71402422546
10.9625855785	-2.61860793669
10.8864216193	-2.49750864671
10.8072695456	-2.38315364759
10.7393671423	-2.30243444094
11.9748099312	-4.53300636503
11.9240144425	-4.60966121401
11.8106433748	-4.65548777263
11.7548451823	-4.70121091214
11.7014533373	-4.72346477952
11.6544151141	-4.80460650866
11.5995680704	-4.86027644369
11.5473329838	-4.88984368328
11.5000225991	-4.95798121696
11.4104646716	-5.05694480945
11.3438473227	-5.16169146996
11.3115046791	-5.23210487602
11.2719363813	-5.30180737228
11.2389011021	-5.38774856375
11.1800465286	-5.5057870096
11.114840259	-5.65846441688
11.1201302824	-5.77463063331
11.1039680496	-5.86918933498
11.1026095931	-5.95455041375
11.108369129	-6.03029343331
11.1558462568	-6.18384480139
11.1817899302	-6.26578379936
11.1920460528	-6.3005388332
11.2010738971	-6.45476624406
11.2217180387	-6.56902331575
11.2494431589	-6.68535230012
11.2641670053	-6.73620277146
11.2815125894	-6.8682104671
11.9751376514	-4.53322753888
12.0749920975	-4.54504358196
12.1592777032	-4.64202873254
12.2083759956	-4.70431183702
12.2795813611	-4.83786113671
12.3722981635	-4.96828922402
12.4475439321	-5.110031509
12.4778178872	-5.16793493346
12.5052363764	-5.27859071818
12.546308309	-5.54156318323
12.5997938934	-5.67663441633
12.6603737669	-5.79832461808
12.7037392912	-5.8949322441
12.7541743203	-6.03382102814
12.8064986145	-6.17224234362
12.8448857735	-6.33002942265
12.8706754361	-6.43885723202
12.8810476251	-6.50078044667
12.8893583943	-6.5711713899
12.9000791337	-6.67263203541
12.8777108285	-6.71763014371
12.8585464457	-6.95740743093
12.8398991171	-7.00841513447
12.7721218052	-7.17829775369
12.6980951445	-7.45606425763
12.6683819905	-7.48893184283
12.6333218414	-7.52200800938
12.4444647156	-7.72288438594
4.73874023375	-9.23620296035
4.58694746906	-9.26299725134
4.49167278396	-9.28458197777
4.41627915213	-9.30369834346
4.36609795719	-9.33557141231
4.21566021675	-9.37001389271
4.03444532967	-9.45015974774
3.99300837418	-9.49355481435
3.85657234915	-9.56306499051
3.7410053552	-9.62048143962
3.65314466952	-9.66791801638
3.60448468548	-9.68861577391
3.3943646025	-9.80873152377
3.21991130763	-9.94787184178
3.04698728134	-10.0701042486
2.97506778815	-10.1425283565
4.73873922708	-9.23620374891
4.90543359143	-9.33386644057
5.11418095859	-9.41696110645
5.25309585252	-9.48724274814
5.33323958563	-9.52889433087
5.58095066601	-9.62057022811
5.65569898796	-9.72632023415
5.83373618602	-9.85578300954
11.281636602	-6.86820922793
11.187844344	-7.06188380281
11.1489163203	-7.21558731212
11.1197014076	-7.26784665233
11.0974123777	-7.33201120098
11.0328557488	-7.48751943463
11.0178849007	-7.5231832492
10.9511696051	-7.62633591421
10.9450441998	-7.72524247146
10.8523230225	-7.8343872682
10.7823406519	-7.93652705184
10.7081897685	-8.00418766956
10.6598669926	-8.06815498765
10.6005232543	-8.10880367113
10.4931685608	-8.14994238952
10.4207609322	-8.18566802262
10.369385268	-8.21056835184
10.2856330918	-8.24185387964
10.1569489246	-8.2764316236
10.0642940781	-8.28779589993
5.44240804756	-14.6191802136
5.34363602307	-14.5692022153
5.26636520038	-14.4977859752
5.12487628369	-14.4026581169
4.97285393848	-14.3042191285
4.90087072736	-14.2512060594
4.81151941091	-14.1939803569
4.62444971749	-14.1232179636
4.5630136193	-14.086469693
5.4424254323	-14.6191536252
5.32052654294	-14.6477708729
5.27228321447	-14.6985439787
5.12834321578	-14.8311101895
4.95711951213	-14.9366525017
4.87463391461	-14.9525314849
4.77169199289	-15.0122314482
4.65688663336	-15.0817826797
4.59334842524	-15.1438057174
4.4697635865	-15.2295425788
4.40203023756	-15.318443044
4.27422761265	-15.425234495
8.84919404811	-13.0879592134
9.05209794606	-13.0672978743
9.10216999267	-13.0812283249
9.22472201382	-13.0147795539
9.3040733326	-12.9737077852
9.40842469423	-12.9008479907
9.47679607852	-12.9143327152
9.5433191963	-12.8638796993
9.67777718844	-12.8432311905
9.83540754047	-12.7674512688
9.8499147756	-12.7548335422
9.91559980533	-12.7069425757
10.0264071643	-12.6522645074
10.0904996265	-12.6159683464
10.2330975249	-12.5237970902
10.3030629072	-12.4559911962
10.4170702317	-12.3848047258
10.4812405317	-12.3303549
10.5821181748	-12.2746228216
8.84919404811	-13.0879592134
8.85136740159	-13.2670654526
8.78474251848	-13.3537496488
8.74905057918	-13.4650280017
8.66903139289	-13.5615156401
8.61763979409	-13.6374055154
8.56386546227	-13.6947928379
8.48808903969	-13.7740591095
8.37498823428	-13.8934935685
8.29100574818	-13.9623083627
8.21461390575	-14.0096573856
8.09477531697	-14.0766591387
7.9541034606	-14.1456879868
7.84546169637	-14.193307146
7.75534633275	-14.1977503756
7.56171857509	-14.2466485267
1.38603528901	-12.2532810849
1.51727545353	-12.5458850167
1.62816873874	-12.691447867
1.68401132787	-12.768729441
1.74206706945	-12.8226471061
1.90570244025	-12.9142238104
2.047253124	-13.0478203047
2.10505235625	-13.1133131877
2.18249091587	-13.2049702946
2.29385178951	-13.3291172956
2.37758639218	-13.4119730608
2.48637247834	-13.5197632452
2.56544169005	-13.601272613
2.62944226088	-13.6665102041
2.75712735639	-13.7552995878
2.88734102599	-13.9530292071
3.11201320542	-14.0823180617
-3.99419419067	6.66028283523
-4.17564063683	6.62400074693
-4.33170448919	6.5703516206
-4.61962900347	6.4805212219
-4.78460992383	6.52811211524
-5.04116223095	6.53304561749
-7.63999861145	11.1983918959
-7.52179598509	11.236258817
-7.39097463179	11.3087931583
-7.24254292421	11.3860898866
-7.04779467795	11.456441405
-6.73715698028	11.5995077762
-6.6087613554	11.6597751133
-0.826575398558	15.5985376446
-0.682632295367	15.5559385752
-0.5289768335	15.4434955292
-0.47995133907	15.4050774684
-0.421705412621	15.3534406566
-0.294532622963	15.2324284156
1.11674021506	5.70315715775
1.21469732746	5.52689898248
1.30304418861	5.41966909411
1.39509279725	5.28439357944
1.47324197689	5.21398932826
1.56429218633	5.06935013512
1.6596912848	4.87201314834
1.72009765877	4.71665906893
1.7871377414	4.58823634637
1.87460804859	4.38003825576
1.93175413787	4.22651171131
1.94921696561	4.10621882757
1.99887836786	3.98893063177
2.02380272294	3.92683850639
2.12195000013	3.70560137542
2.18271099879	3.55509138018
2.21917627571	3.4485029609
2.23385188888	3.39409133744
2.25119349919	3.34249169035
2.30975272632	3.16940216625
2.37993484631	2.92313075648
2.41019702328	2.79534629617
2.4129776239	2.69347970818
2.44386752165	2.52692544881
2.45532003619	2.39886557909
2.46330413173	2.15662377355
2.46388453745	2.07360925022
2.46402223425	1.97994193682
2.46396241138	1.89412836464
2.47052387812	1.7959818794
2.51086194854	1.56124293663
-0.959655727073	-3.33384803223
-1.02213454541	-3.50715603909
-1.1306953019	-3.83890655468
-1.1639831877	-4.03676435781
-1.24549680291	-4.35231472026
-1.25299457757	-4.38631674359
-1.30342498618	-4.64500452517
-1.33021643447	-4.80819545345
-1.34134764103	-4.89917862214
-1.35093701956	-4.97361457794
-1.34094603729	-5.09937148439
-1.34484041008	-5.2475362385
-1.35717529944	-5.43844787673
-1.37365826907	-5.67114049096
-1.38276580868	-5.77048579732
-1.3919008038	-5.91684299266
-1.4042464669	-6.15226660613
-1.41917930751	-6.29643462228
-1.43419514021	-6.42403555889
-1.44233037083	-6.59332339666
-1.47596136909	-6.82021780417
-1.50198735371	-6.94342852954
-1.50952083469	-7.01499708634
-1.54803550684	-7.24500084723
-1.57333076485	-7.38314849778
-1.57786186301	-7.58397691819
-1.5909069446	-7.74871763232
-1.6044638304	-7.87225543179
-1.61585147246	-7.97260452916
-1.63186257856	-8.10032430517
-1.66297718048	-8.30831109948
-1.69504479124	-8.42802449477
-1.70051692478	-8.57756066967
-1.71610818439	-8.68185733171
-1.70680762964	-8.79720998728
-1.74249829898	-8.93539115059
-1.6568147918	-9.30558793298
1.42129250668	11.4963931983
1.32740471779	11.4394286762
1.24359142519	11.3661281181
1.07657516141	11.2165172232
0.994995206091	11.1453630223
0.918217765835	11.0887323094
0.824802277547	11.0870808698
0.719709605482	11.0352481029
0.604589797414	10.9663080441
0.513720385372	10.8537946908
0.431482487443	10.8161932143
0.355189104378	10.7832752868
0.32196203234	10.7734569289
0.222225267675	10.7473139667
0.132527657567	10.7258088726
0.0980358449914	10.7040978811
-0.0544230006304	10.5861841367
-6.76945511382	6.32944703381
-6.98360953022	6.31313176394
-7.10646015639	6.28574357746
-7.1674133255	6.27654983983
-7.23162230276	6.26654267549
-7.34073068709	6.24389161991
-7.54441263492	6.18598461551
-7.70158699055	6.16709511236
-7.78811689896	6.13249347308
-7.90957991213	6.10316575302
-8.02220698263	6.04567377239
-8.1305984968	5.98322872508
-8.212622079	5.89940689054
-8.23485220615	5.81317839883
-8.25698101415	5.70870842412
-8.26587777581	5.66232824232
-8.26523056978	5.46854767492
-9.84580483277	3.70193619151
-9.89466663219	3.85530994279
-9.93450846365	3.97642914196
-9.97945640458	4.05926164827
-10.057185795	4.23867935676
-10.10084605	4.34716943369
-10.210792143	4.56319302757
-10.2877287432	4.64146608082
-10.32190412	4.69428533137
-10.3421249761	4.72334645573
-10.3959995979	4.81439850912
-10.5384742984	4.98400286482
-10.5910745909	5.08855141183
-10.6477929046	5.28171363273
-10.6722462365	5.35518644598
-10.7354719973	5.50289991556
-10.7775311645	5.64157439547
-10.8582869532	5.80382663427
-10.9584688721	5.8486296542
-11.0430144405	5.90675575797
4.27422780305	-15.4252344206
4.04588723088	-15.4018050501
3.95322318627	-15.3705429237
3.84504120032	-15.3508950223
3.66987883493	-15.2500244047
3.5589161208	-15.1441204204
3.44368098213	-15.1355123094
3.38342848345	-15.1070004239
3.27003671509	-15.0458417248
3.16363402403	-15.0062139871
3.12622448622	-14.9785708741
2.94757334567	-14.9137124771
4.56300865427	-14.0864558619
4.73261765304	-13.9621123948
4.76230226032	-13.9063749909
4.9587135336	-13.6254133797
5.05141073955	-13.5152304501
5.15103584713	-13.4275126655
5.2555655499	-13.3676362483
5.32931015485	-13.3115098754
5.39529021218	-13.2570416888
5.44971704789	-13.2414967715
5.54283214944	-13.1773663986
5.59730470713	-13.1491759554
5.73842432454	-13.1062770087
5.8399592798	-13.0734378213
5.89608570575	-13.0453843497
5.96599500884	-13.0110165755
6.22681953755	-12.9008911887
6.34736547731	-12.8316308705
6.43997380486	-12.7930517481
6.51368784079	-12.7620065245
6.63746146251	-12.7187463952
6.82652167187	-12.6738937051
6.88814467978	-12.6634778702
7.00705670566	-12.6502121016
7.15735796404	-12.606545705
-0.0544225999484	10.5861788434
-0.222338063763	10.8559400143
-0.301817999164	10.9660408006
-0.331029738813	11.0042286862
-0.376625740861	11.0693439662
-0.449084110822	11.1663656438
-0.497472707246	11.2334495402
-0.575752175872	11.3249182718
-0.679750812551	11.4458525508
-0.803907625017	11.5907646314
-0.886314382023	11.6967827359
-0.920429683106	11.7330788463
-1.10132905637	11.9067792294
-1.21723959433	12.0128733175
-1.35327836009	12.1536875786
-1.50822318838	12.3094194809
-1.63703890663	12.4327110297
-1.71688704079	12.5230348279
-1.81047396492	12.6092420071
-1.89011466649	12.7050962289
-2.00193497455	12.8075225874
-2.31848714459	13.0993783127
-2.35891190506	13.1523631107
-2.428372451	13.251764786
-2.46324212167	13.3340333977
-2.5451470109	13.5249818826
-11.3099111629	3.43399906222
-11.2695372635	3.81194104375
-11.2878103324	4.02991699121
-11.2906444047	4.14800674777
-11.2890645555	4.30054549934
-11.2193134104	4.74553784112
-11.1215474789	5.34016491748
-11.0951182859	5.55853037069
-11.0433126723	5.90713610188
-1.34076695828	6.88109647823
-1.50238523218	6.94034592754
-1.60606278323	6.99900968597
-1.87177297738	7.15084657811
-2.06511132548	7.24786325313
-2.16807864626	7.39274922161
-2.27331505739	7.46498207889
-2.39620413587	7.64504194901
-0.294533289836	15.2324557118
-0.0717360540146	15.0518743434
0.0205137100061	14.9765135104
0.0909960001383	14.8527696201
0.136069585626	14.788438255
0.195616962505	14.7158064344
0.245881184609	14.6493695822
0.319630936843	14.5669677529
0.362305264428	14.4497856455
-3.4517530252	10.5846264499
-3.5780744711	10.5074161397
-3.61780675362	10.4864163681
-3.68061470327	10.4886196689
-3.80001018658	10.4401969422
-3.90326094821	10.4004855042
-3.97564224527	10.3817742482
-4.06208354448	10.3816651674
-4.12359016185	10.3629628705
-4.23390538306	10.3385523108
-4.36746809715	10.3312946971
-4.44960486696	10.3257114094
-4.59309965213	10.2882333264
-4.75795425799	10.2969316357
-4.87670165555	10.305046999
-4.96517307086	10.3127967492
-5.06152712215	10.3262588955
-5.12808741183	10.3371389219
-5.19688311695	10.3507792309
-5.24779308087	10.3609452482
-5.30246670976	10.3724260356
-5.38377750137	10.3902277933
-5.47837313374	10.4144706849
-5.54908597436	10.4328303891
-5.66426515355	10.4609701673
-5.76118382337	10.4941754727
-5.83762235901	10.5018470503
-5.89683946378	10.5156174178
-5.93544853452	10.5228193475
-6.01582403259	10.538801798
-6.13878980514	10.5638919543
-10.0144323372	13.2178029412
-10.1693087952	13.1788697873
-10.221420306	13.1434974747
-10.264793865	13.1032546094
-10.3069754365	13.0529998132
-10.3288538815	13.0296014699
-10.3575296615	12.9800193099
-10.385501022	12.9190989483
-10.4023162672	12.8733331107
-10.4280401037	12.750563954
-10.4436904381	12.6295406962
-10.4662813492	12.5303166458
-10.4865968082	12.3947888063
-10.4866942168	12.3182265389
-10.4600700769	12.2259902086
-10.4449249152	12.184080184
-10.3678703689	12.1348047295
-10.2611503075	12.1752060063
-9.30559031816	0.931157296505
-9.15873597411	0.950434431018
-9.02513440248	0.914637935461
-8.89370002559	0.899947294754
-8.82372489452	0.847320829429
-8.73840984421	0.787763671717
-8.56596503748	0.67258103689
-8.40939282404	0.578636903585
-8.28639338691	0.461108792228
-8.16001151074	0.351199804973
-8.04340382886	0.25199388635
-7.91074467163	0.155719739584
-7.69394918807	-0.013716859336
-7.5929615211	-0.072477105341
-7.36719682666	-0.220320469497
-7.24833381193	-0.28100486688
-7.07446587302	-0.360430126625
-6.88562733269	-0.44356908416
-6.79056506051	-0.482488996407
-6.62102658118	-0.563017513017
-6.47689826048	-0.602043769274
-6.25931253818	-0.620918188593
10.6667835423	-11.6059215752
10.4494378345	-11.4040783963
10.6668956392	-11.6059350979
10.7094684018	-11.8570260726
10.6328278431	-12.1672588775
10.5824895833	-12.2746798369
