2609 0 0
6.32496913169	26.0776450047
6.62541895279	26.392285829
6.86275972542	26.4047649501
6.95785524646	26.4001459269
7.33863591077	26.3425164784
7.83459962841	26.2302412217
8.16674272937	26.1217936503
8.33935134459	26.0557313386
8.62991379545	25.9627318438
8.90931849333	25.8148649299
9.06510540533	25.719883527
9.343602455	25.5607886669
9.60761234233	25.3940359868
9.73052434427	25.3070921183
9.91289339093	25.1814906042
10.1297775649	25.0287321426
10.225970809	24.9478483698
10.4652600596	24.7801015023
18.315000939	16.0629159123
18.5203126552	15.79436902
18.6238014501	15.6574437842
18.7082107068	15.5396226232
18.7741776282	15.430322304
18.9710789584	15.1308758045
19.1808064631	14.7878343311
19.2665542065	14.6195450433
19.3849824589	14.4192651511
19.4373113464	14.304845849
19.5794198463	14.0159644533
19.6333284894	13.9010306685
19.7482142805	13.6485776914
19.8011228062	13.5229120482
19.9032728402	13.2870462429
19.9682954	12.9522439933
20.0586093334	12.7611283151
20.1673281854	12.3972599906
20.3668456536	12.155984317
0.322678640234	24.3129216408
0.0191763281025	24.3321689726
-0.13906722878	24.3655904716
-0.390575479963	24.4420829887
-0.819014728266	24.5776466018
-1.01471843032	24.5959667947
-1.36374659324	24.6286849236
-1.36358160339	24.6285603447
-1.21581849532	25.0610709909
-1.16450134686	25.1831826415
-1.03727744007	25.4012484843
-0.925540174211	25.6040713061
-0.870365237937	25.861011968
-0.798066732875	26.0120463983
-0.694435592494	26.239222429
-0.548690206706	26.7364475699
-0.474538969874	26.983905341
-0.386057198353	27.2231928229
-0.26845569022	27.5550101228
-0.227677478586	27.7995226349
-0.201933088529	27.9794178188
-0.183298434323	28.0751045609
-0.16584120189	28.524390584
5.24431447634	20.6396419423
5.42865178376	20.472168766
5.64066808734	20.3193704591
5.81212266179	20.1630040241
5.91015544919	20.1018518835
6.27806070327	19.8739198273
6.49822675939	19.7175447065
6.71192042122	19.5544345646
6.83812691699	19.4371044253
6.99646954053	19.3188708864
7.17229329064	19.1654214309
7.4035017484	18.9338152899
7.53403717656	18.7594692974
7.64623799267	18.6006600815
7.83097448411	18.3059519888
7.9743076403	17.9934673058
8.06812791631	17.8283062513
8.158009043	17.6742030526
8.31740225477	17.4569241159
8.42674232275	16.9920971729
-4.16121821732	23.4571568464
-3.87130987919	23.5724552702
-3.50021189337	23.6711375521
-3.07961846594	23.8658311469
-2.78526110042	23.9725255154
-2.40642187473	24.1435635355
-2.19913367626	24.2047846374
-2.01491019132	24.2809558673
-1.75662014223	24.4645992917
-1.36363112099	24.628614877
10.5679679988	20.039003251
10.2942708029	20.4974561342
10.2435522336	20.6600685371
10.1775308073	20.7793500271
10.1154600316	20.8872275954
9.80805151448	21.3218335734
9.64170946987	21.6014555836
9.34480184437	21.9803766332
9.27915751078	22.0782099492
9.01114964034	22.4007900126
8.82123393328	22.6377982167
8.47693786381	23.0323937534
8.24250136923	23.28907466
8.22430786686	23.3597773043
8.06465105506	23.5486826562
7.91098518174	23.7266460217
7.81966890177	23.8263475596
7.62836241801	24.0200133325
7.41015989151	24.2833117717
7.22387863027	24.5079511787
7.07597153635	24.6927934086
6.89371861286	24.9219131904
6.59806879457	25.0811500078
10.8641313687	20.5015554088
10.856597399	20.4083609692
10.7939247931	20.3922132223
10.5677764194	20.0389959936
-3.40972826965	29.4043151714
-3.03763632156	29.4261261623
-2.84877948972	29.4319165562
-2.74943179589	29.40289821
-2.47749936157	29.4084844465
-2.2802602756	29.3733885795
-2.05482981058	29.2799621748
-1.80673062047	29.2261197776
-1.61055925966	29.1651697509
-1.35871259104	29.0847291604
-1.0229815936	28.9698643448
-0.886515348868	28.9394878776
-0.72561224422	28.8930952769
-0.523097806183	28.8171786138
-0.38416627457	28.7240766358
-0.165779231727	28.5244575136
9.55711962845	13.0746737502
9.31287956791	12.9826376068
9.0694733278	12.8722522036
8.8550140276	12.7762894095
8.6351015061	12.6300817545
8.46405554817	12.5232162604
8.0987674133	12.2987025114
7.68343060505	12.0464312261
7.38295396425	11.8685720842
7.03865156002	11.6979390107
6.77545193508	11.5700488607
6.64095239819	11.4958712818
6.34843439897	11.3671112138
6.2559922129	11.3267602567
6.1451432166	11.2799004217
5.84887112595	11.1769177957
5.59367718833	11.0831426692
5.33450914189	11.0204741083
5.0254820911	10.9912750389
4.78409510714	10.9795550553
4.52025113328	10.9837906386
4.26463972332	11.0064842553
4.121168977	11.0271431063
3.98487151537	11.0381515239
3.88546611077	11.1040187048
3.62183225562	11.1592761341
3.41800730286	11.2055666759
3.14043101379	11.2872402621
2.95440515939	11.3515062036
2.69661156695	11.4409692548
2.54001508972	11.5021023818
2.26518308939	11.6400905707
1.97769123788	11.7919422301
1.79155521225	11.9175459657
1.59961633693	12.0519610309
1.36835299462	12.2415985529
0.98455764934	12.5959180933
0.830003863974	12.7443126698
0.56659997208	13.0105169837
0.255255241791	13.3346217534
0.0333287734669	13.5744218528
-0.0926974917258	13.7044572905
-0.278987637423	13.9041348543
-0.560147746307	14.1623918365
-0.775461613958	14.354110675
-0.947446165849	14.4948117819
-1.165969638	14.64480737
-1.36126338481	14.7612522776
-1.60157412207	14.8807938216
-1.80196200094	14.9503778927
-2.19655997367	15.0364345484
-2.5804118776	15.1052147102
-2.90842479779	15.1496076282
-3.57180584743	15.1654368023
-3.86311064421	15.1471206488
-4.36895266162	15.0962574473
-4.87912715201	15.0145464088
-5.24646126195	14.9056601765
-5.47029996108	14.8105393232
-5.67015025195	14.7007952287
-5.87704459375	14.530709295
-6.15975824455	14.3628390227
-9.34520872798	17.5346152258
-9.14156157679	17.2640440338
-9.01669953157	17.2802271804
-8.7849339064	17.1521719934
-8.57303756935	17.1564934152
-8.36728799832	17.1178380594
-8.30061314805	17.1106770965
-8.03324773405	17.0371981599
-7.82679185832	17.0112885264
-7.4743800039	16.9821139246
-7.38941021489	16.9801724498
-7.28345298528	16.959527301
-6.89027749912	29.9144710171
-6.85298057098	29.8882757015
-6.81084915474	29.8521240275
-6.76159676348	29.8031451836
-6.66004753241	29.7211508738
-6.47631169452	29.5707001251
-6.23367950095	29.357516599
-6.01303583199	29.1866969985
-5.9140231217	29.020727753
-5.80456414871	28.9063425044
-5.73861153028	28.8921783768
-5.63983014309	28.760248256
-5.42201473321	28.4409435679
-6.15978418732	14.3628372273
-6.70809171233	14.4793545652
-7.03674886259	14.5033123377
-7.19193003691	14.4930035142
-7.33171750331	14.4978485095
-7.51643822521	14.4947228473
-7.69889419928	14.4416105601
-7.85674505171	14.3711321546
-8.02126045562	14.2356749129
-8.13935202769	14.1298328584
-8.3056779492	13.9462825932
-8.43715668699	13.7058298194
-8.58256766369	13.4033104043
-8.73465943301	13.0283172323
-8.75911991412	12.916927172
-8.82419692	12.6479968933
-8.98734486033	11.9894857417
-9.04940258267	11.770837549
-9.15235142944	11.4364670384
-9.28419039515	10.9739885272
-9.38276675634	10.6280230781
-9.43815922928	10.3979663443
-9.54956538421	9.87648394799
-9.60628137647	9.52290516944
-9.64700278288	9.2653855262
-9.68998816246	8.68155649184
-9.68255513112	8.32673298336
-9.66188645971	8.21333367277
-9.65734342524	8.0665761256
-9.62860043485	7.95385683135
-9.47603377336	7.54291406902
-9.41109836023	7.41570673024
-9.36460758643	7.33049711666
-9.29885238345	7.20233691398
-9.18084701759	7.04312028193
-8.96032623724	6.7602778514
-8.73009021623	6.42974676985
-8.59032381186	6.27955190393
22.4895572009	12.1495797571
22.3987098622	12.4789591472
22.3781862504	12.6754750228
22.3651041086	12.8813727326
22.3546938537	13.1388863649
22.3647708661	13.303450934
22.3538070543	13.4692036943
22.3197651433	13.6349394206
22.3248506574	13.880911299
22.3073369766	14.0815815252
22.2950875175	14.2653794659
22.2772185081	14.4152215937
22.2638587886	14.5056168802
22.2547098308	14.5704254608
22.2296658468	14.7006350228
22.1126644681	15.1105425898
-5.48670572521	31.4252096373
-5.36489407287	31.2967975778
-5.19710285513	31.1303179183
-5.05291104306	31.0731027737
-5.00933605829	31.0382270578
-4.97058768242	30.9230739687
-4.8017930171	30.889064858
-4.56335223987	30.7544986185
-4.33330282891	30.6455043141
-4.17981759457	30.5392179921
-4.04739038786	30.4297646312
-3.81223243949	30.21718068
-3.72756127168	30.1280365989
-3.6495872667	29.9913614183
-3.5987539621	29.8309306491
-3.5516894135	29.701506238
-3.40974397926	29.4042202209
-14.4943834613	16.2364184978
-14.1391977309	16.3545577295
-13.8982510782	16.3358492728
-13.5971475494	16.4136604868
-13.1871324357	16.5785737481
-12.823302561	16.7289319643
-12.677404912	16.7421093638
-12.4069521043	16.8195365982
-12.2581527759	16.8659597864
-12.0706055858	16.9234523164
-11.9161992017	16.958940077
-11.5691453674	17.0378059988
-11.3546923369	17.0683279905
-11.0522429655	17.1498645212
-10.9189234265	17.1807084907
-10.6495203616	17.1984785358
-10.4771403678	17.2003020892
-10.2979171454	17.2264239596
-10.1567189146	17.2535785875
-9.95670588122	17.1510616995
-9.8056081842	17.1912068872
-9.63766570965	17.2905060023
-9.53047343148	17.3564925891
-9.34520620951	17.5345164525
21.4468833041	11.4195507223
21.1804451087	11.6187075108
21.1043163216	11.6972177821
20.8916193678	11.9823657438
20.7060237956	12.0741547261
20.5622341016	12.1006575378
20.3669090151	12.1560326787
-9.08089243292	28.4696879596
-9.11084568729	28.4560347471
-9.19336667408	28.3729161517
-9.09863431182	28.1730802386
-9.13931721799	28.0575011174
-9.18340792613	27.9683182201
-9.2706964085	27.7708249279
-9.31224453551	27.596996304
13.7595694812	6.89524051953
14.0533934733	7.38430197846
14.235916303	7.60909602988
14.3746307495	7.80856794867
14.5791839468	8.10619377429
14.8903873672	8.48560567519
15.0954793594	8.88061995249
15.3413215348	9.16170208582
15.4807524762	9.61556021793
15.5231971759	9.82080927869
-15.4273704491	14.3266269433
-15.7769975808	14.3599041739
-16.0115558876	14.1604197303
-16.1236711545	14.0523305205
-16.3472778788	13.7877378487
-16.3909501749	13.7297816309
-16.538748413	13.5321412027
-16.6877713863	13.5018510411
-16.7805862202	13.3774211104
-17.2411722161	13.2065909409
5.58794421345	8.26269318569
5.66679176801	8.23097797094
5.85202509207	8.16075837597
6.09372262627	8.07604021693
6.37230870392	7.9833728507
6.58845690022	7.91291431052
6.80072438681	7.80146195155
7.07541369479	7.70399597517
7.29859471759	7.62900049639
7.60845553418	7.61478724283
21.0196886865	5.76036429445
21.2737960939	6.1832198532
21.2947430976	6.31229458048
21.3549344161	6.59307301025
21.4091775607	6.78717428106
21.4745873352	7.01590120959
21.5720581534	7.35273994264
21.62790625	7.59377194355
21.6721791148	7.92392251024
21.6988037196	8.10224314869
21.7376279716	8.43296624824
21.7497691361	8.55556512111
21.7687321094	8.74036302937
21.7836014728	9.01359765677
21.8057353268	9.30932038585
21.8063907222	9.510279363
21.8117138317	9.72141081261
21.8467595861	10.0104168832
21.8717156857	10.3515293043
21.8439997338	10.6457835501
21.7863378284	10.8561971596
21.446902964	11.4195544689
-17.2414223318	13.2037570816
-17.1114674976	12.7667472315
-17.1504321253	12.6391101303
-17.2022238199	12.3175144447
-17.30300697	11.8823509537
-17.3853354161	11.1475310238
-17.4712285427	10.3870871195
-17.5375376367	9.90817805426
-17.5990459118	9.48723219421
-17.7180976383	8.89594002577
-17.7935862568	8.47044357758
-17.8154684008	8.3886776041
-17.8544200706	8.16483763239
-17.9269603362	7.92223512525
-18.0938358465	7.33218354243
24.9423567411	7.90301365884
24.9423570887	7.90301374914
24.942352883	7.9030138074
24.3399768338	5.21374616513
24.326726414	5.19670785606
24.3163955868	5.10692570151
24.3031441651	5.03065361253
24.276222306	4.90012455414
24.2444180323	4.74533734073
24.1690413875	4.52828041526
24.1359156887	4.41656460386
24.0962254467	4.29499933058
24.0526650818	4.19201830885
23.9836271452	4.07503018369
23.9386449985	3.97287248747
23.9237935887	3.91644192617
23.919987956	3.9038833943
23.9057094521	3.85981618922
23.8982790192	3.84009571553
11.0707886577	2.75917926526
11.0337166321	2.83471489351
-3.5229992228	4.86194057894
-3.26834258146	4.76761812675
-3.14132533783	4.7301815557
-2.93954709656	4.60503746031
-2.93954709656	4.60503746031
-2.61391544435	4.91899463275
-2.4053606943	5.16368782506
-2.17996068878	5.40917598818
-2.02690837095	5.57546296903
-1.86556212857	5.74011237953
-1.70987411176	5.86506651436
-1.45935095036	6.08245624929
-1.16769208063	6.27884426174
-1.02851192066	6.39430024484
-0.944053637803	6.456749575
-0.816156214501	6.52077251694
-0.694952056909	6.58688267448
-0.514882691354	6.70730784223
-0.325581453489	6.79272941893
-0.177595823382	6.84340004302
0.0815182138675	7.04413978054
-23.6452377091	0.494229728463
-23.645218013	0.494186339129
-13.6874524079	6.7939885623
-13.6382683834	7.03818733805
-13.5862653087	7.26852967612
-13.5810319447	7.41437755124
-13.5861326725	7.53367946568
-13.6144178278	7.75466499603
-13.678464052	8.03190033653
-13.7494777848	8.25373108356
-13.7908188141	8.37089974209
-13.9016792923	8.57278141285
-14.0308061778	8.81060146571
-14.1053154803	8.9132862594
-14.2804163368	9.22438387984
-14.5045208286	9.59429277761
-14.5545950018	9.67910642162
-14.718585468	9.98064282969
-14.8273786114	10.1886451919
-14.9395022092	10.4500839394
-15.01396131	10.6519269744
-15.0662722784	10.7718611737
-15.1045855913	10.9521773319
-15.1744246347	11.2470745679
-15.1937706453	11.3832919847
-15.2121275361	11.6661685693
-15.2296286211	11.8929143535
-15.2195999495	12.1106964095
-15.2285721185	12.2556478359
-15.2196628457	12.4629296042
-15.205330183	12.9459239872
-15.1927908113	13.1744489497
-15.1976762499	13.3550495767
-15.2282440897	13.6063545682
-15.2569294246	13.7935640296
-15.3085430565	14.0156646012
-15.425117072	14.3260575508
-2.9234966061	1.70819844791
-2.754904018	2.1536512043
-2.90840754994	2.56331169337
-2.97743434776	2.87919249899
-2.97880847438	3.18186508649
-3.00437838042	3.44862590699
-2.99546989225	3.70478047341
-2.96870838718	4.02547172983
-2.94568738694	4.18966565086
-2.93971124314	4.60507995841
1.83238775696	0.395312147992
2.20997940195	0.311491415406
2.50760517362	0.0462589076071
2.94322818364	-0.311554853237
3.39065800655	-0.68337596299
3.60357876718	-0.853464464649
3.70644133514	-0.948272597862
3.9530591406	-1.17751638185
4.20790842744	-1.4108759825
4.45753981434	-1.62886376535
-10.1263051261	3.03950149155
-10.235450623	2.86326210278
-10.334926581	2.73143836537
-10.5611116898	2.52396723681
6.68530895611	-2.4902829131
6.72787755456	-2.54487343013
6.75223284845	-2.56968019272
6.77535081233	-2.59835644976
6.85083581508	-2.67778197454
6.95305529233	-2.77430367369
7.0161392852	-2.82375380191
7.1639936676	-2.89694649433
7.3075528128	-2.97371491017
7.49141167256	-2.9755203343
7.72962959523	-2.94269031031
8.25643209507	-2.84272272482
8.51717397213	-2.77371711925
8.72738061776	-2.68733928546
9.19372300906	-2.43594240696
-10.5612179723	2.52381082898
-10.8540234166	2.51772191245
-11.0016567685	2.51479082875
-11.2530292926	2.51150334696
-11.3622002715	2.51144880303
-11.6037565934	2.50557799265
-11.9379879294	2.49086033414
-12.248316113	2.45545843112
-12.5151949381	2.37947196879
-12.7618890643	2.33770401801
-13.106458794	2.29917162218
-13.3754916213	2.22755674462
-13.5960709795	2.18348679517
-13.8885361176	2.04542740821
-13.9582788651	1.87961285302
-2.00298893659	1.32814219364
-1.55869970583	0.891542073658
-1.10323808364	0.597264350651
-0.729566897956	0.361230602489
-0.63269153492	0.310430100392
-0.307036398968	0.140708899303
0.0613613918923	-0.0835505603868
0.256675923183	-0.165107228292
0.43668667443	-0.277107176535
0.582730141844	-0.394472416737
0.992013649092	-0.474087137173
4.6776158358	-4.36016626012
4.36064012953	-4.43440418368
4.15817702907	-4.4612265995
4.0242217248	-4.47369672297
3.8075636952	-4.4738582897
3.59169736124	-4.58909282908
3.44480357134	-4.67345079925
3.13985830248	-4.81988301032
2.95880076205	-4.92206451207
2.68889290882	-5.11208159036
2.34779698562	-5.35455850739
2.244794919	-5.48761744931
2.10543065634	-5.60208882466
1.94779155099	-5.74113887622
1.77616431434	-5.8886871427
1.56599730457	-6.07097214583
1.11714726478	-6.41689731803
0.879880449735	-6.60946923187
0.821907748767	-6.70893229869
0.571489211232	-7.0190890489
9.2668269109	-6.49760459285
9.3059848206	-6.55002193287
9.36935823191	-6.63042269588
9.45821777074	-6.75298186229
9.5535147448	-6.88322480146
9.620205829	-6.97482839225
9.65629607549	-7.02485581717
9.76788141891	-7.16355889272
9.8546699578	-7.28987180493
10.0255382262	-7.54113030508
10.1090933245	-7.67082505094
10.177091822	-7.7796323781
10.2583224661	-7.91281915564
10.3440313038	-8.08552225351
10.436096686	-8.25218272822
10.5606257579	-8.49345643912
10.7075516026	-8.78880769968
10.7784791353	-8.95562563829
10.8674513114	-9.15745974316
10.9711660371	-9.40439346927
11.0185717284	-9.52963764292
11.0604836332	-9.65938756315
11.1296605228	-9.84355147011
11.2128480435	-10.1256751066
11.2409710958	-10.301955403
11.3143794387	-10.643952833
11.3517583155	-10.8554543271
11.3651198412	-10.9871957173
11.3572118664	-11.2206545117
11.3625701892	-11.3208730833
11.3705662119	-11.4943959011
11.3768164949	-11.6311057612
11.3885002542	-12.0405713392
11.3977170481	-12.2910612151
11.4191431337	-12.8051503757
11.4868923318	-13.5487257743
11.4993689811	-14.3915282087
11.5078029362	-14.9284428171
11.5395494696	-15.5615424973
11.5512990398	-15.9195158598
11.5567918012	-16.1569288553
11.5638662231	-16.574981535
11.5590972376	-17.045548534
11.5313867463	-17.3925434455
11.5169185439	-17.5300838085
11.5473250128	-17.6225081414
11.5578431248	-17.7999543674
11.5530223216	-17.8736412893
11.5278022588	-18.0971604255
11.4664302431	-18.434235291
11.4284326173	-18.6232689618
11.3857107705	-18.8354760144
11.3550447242	-19.0576950411
11.3160720749	-19.2391460509
11.2511617459	-19.7233421666
6.17916388472	-2.41584323216
6.17501836606	-2.37419171034
6.13926141956	-2.26255346988
6.0854659856	-2.19058655338
5.9871720586	-2.13310281627
5.82392506032	-2.0698928414
5.58245149458	-1.89968005052
5.24683513412	-1.75506416192
4.7786601878	-1.63389271989
4.45753981434	-1.62886376535
-19.9244629967	1.92590729392
-20.2484496551	1.86714538006
-20.4596321011	1.73853794025
-20.6378349864	1.63784483311
-20.7405278072	1.56827361356
-21.0062990299	1.46244806394
-21.1264263575	1.30629286708
-21.2305469956	1.16530468441
-21.3968273779	0.95712297608
-21.5112192624	0.832140148697
-21.536468681	0.79121742492
-21.7712437074	0.504158827467
-21.874572677	0.307020942314
-21.9580370705	0.158276590769
-22.0498115509	0.0100423946471
-22.1292267954	-0.142853759264
-22.2083092522	-0.307212132376
-22.2541947601	-0.497064036345
-22.292288586	-0.68585643036
-22.3269920205	-0.890154144685
-22.3428834818	-1.04889302832
-22.3449725485	-1.16347066291
-22.3390690322	-1.3627868122
-22.3040790202	-1.48095001441
-22.3099035555	-1.59781282262
-22.2941036484	-1.81074615565
-22.273131098	-2.04003143302
-22.2456011593	-2.32103577877
-22.2193519027	-2.50088020878
-22.1985682232	-2.63948642857
-22.1820137023	-2.82749752875
-22.1608589694	-2.96610211188
-22.1425124514	-3.10781351699
-22.0964589432	-3.38034487503
-22.0625190428	-3.57500915453
-22.0195535443	-3.76183944897
-21.9936431448	-3.90892680738
-21.9665562426	-4.01604742311
-21.8736178952	-4.25510661926
-21.8232621375	-4.43344261985
-21.7462125694	-4.5783294274
-21.6405777754	-4.71902862711
-21.5240426547	-4.8670912335
-21.3881665335	-5.03574858392
-21.2823792175	-5.18220969029
-21.196320946	-5.29370210563
-21.1318605236	-5.3802461384
-20.9760483904	-5.56732244476
-20.6483023722	-6.00243321362
-20.5198113933	-6.19119684247
-20.4388556642	-6.28279114347
-20.2950055036	-6.43102849681
-20.070277539	-6.61537714213
-20.0516468217	-6.62683254733
-19.9183433669	-6.68395912654
-19.7906239887	-6.7616778948
-19.5691913585	-6.88766439739
-19.4738076701	-6.9254925527
-19.1304911628	-7.04757611364
-18.8727711379	-7.1288597691
-18.7255185517	-7.13770727666
-18.5755544	-7.16952855701
-18.1577980706	-7.03121396407
17.7371409268	-8.50716194385
17.9151058378	-8.48656536355
18.1135132496	-8.3145962687
18.4259745584	-7.97603463628
18.7023357638	-7.6768353035
18.7829919323	-7.56384995421
18.8071266215	-7.52768677892
18.9107884493	-7.35718274538
18.986578041	-7.22147767617
19.0396713637	-7.11427324457
19.1827353618	-6.82230388953
19.2930257324	-6.5898575166
19.3784956813	-6.40456565269
19.5671535336	-5.92985458527
19.7759049802	-5.37637414605
19.8645816925	-5.11109861132
19.8800760832	-5.06408743249
19.9676243899	-4.79726588284
20.0507474607	-4.51515039959
20.1194630602	-4.27470712074
20.178435691	-4.0396228144
20.2346308172	-3.80470336979
20.2867206928	-3.55822730295
20.3238223951	-3.37371903415
20.3803629819	-3.0333227168
20.4184295943	-2.8650970689
20.4477117589	-2.68941788518
20.5038248653	-2.54486587024
20.5336977871	-2.31465096826
20.5403812734	-2.30088842628
20.5562406018	-2.20982005095
20.5761123807	-2.05043106954
20.6008258869	-1.80975194594
20.6215206683	-1.55012720088
20.5467370466	-1.23265278995
-6.17168519602	-2.83766763023
-6.11314185654	-2.88840977317
7.2899289037	-9.8186515597
7.588064025	-9.99781107721
8.0505072611	-10.3390847669
8.35163062835	-10.6237267961
8.60699944425	-10.8696925178
8.66496670354	-10.9348509498
8.81697340824	-11.1269097136
9.01270092752	-11.4294871113
9.15641729442	-11.783067671
9.21282929962	-12.0300184763
9.2268499826	-12.3294253011
9.03844625375	-12.9252485494
8.94355658227	-13.121658942
8.81492055605	-13.2966291471
8.62848421654	-13.5205982488
8.52273156462	-13.6895260969
8.45357510334	-13.7535626917
8.11455955318	-14.0511120071
7.86912572756	-14.1807696539
7.69257423741	-14.2326395953
7.38378780377	-14.219562152
-22.3038310875	-5.87138355041
-22.3038160931	-5.91293478255
-22.3037497612	-5.91479841869
-22.2965080487	-5.92762898708
-22.2902875126	-5.96084889627
17.11234297	-9.60890591795
17.2394566245	-9.20534342975
12.0150867506	-24.1467972012
11.82850976	-23.913596843
11.8195556606	-23.6575151599
11.8087331767	-23.5606755225
11.7882599337	-23.2680638452
11.6905120024	-23.036664892
11.6452424163	-22.9005736017
11.5414841067	-22.6044868273
11.4462220295	-22.329280466
11.3905302926	-22.2432066987
11.0840239244	-21.9625781502
0.572242866688	-7.01868486085
0.769873640254	-7.26544112873
0.959885142693	-7.35821955116
1.37475260063	-7.48228897667
1.4903062905	-7.50164554535
1.7374997076	-7.54339064089
1.94741248486	-7.58251796411
2.18460759006	-7.6203053769
2.51997832713	-7.6720757478
2.73245175963	-7.70441209861
2.99974667622	-7.72718148103
3.27342260615	-7.74137448862
3.54011786775	-7.74666888076
3.93603334445	-7.75185039197
4.18838951714	-7.73921152428
4.8914312279	-7.64854101087
5.41255745317	-7.56627078908
5.58601218586	-7.53123761677
5.9104297163	-7.4491434245
6.21007438268	-7.28739904801
-17.5883355035	-4.11034893756
-17.8419498525	-3.91608965937
-17.8937641574	-3.66798027854
-17.947992184	-3.44391024654
-18.0116502578	-3.11108960769
-18.0894396979	-2.92988023831
-18.1882910042	-2.65676718579
-18.377964023	-2.22501398473
-18.5122488789	-1.90018576343
-18.7768114406	-1.22887160495
-19.0695425548	-0.405765622229
-19.2909777366	0.221968330977
-19.3889895618	0.430043333746
-19.5289546827	0.811474079159
-19.6319554482	1.07772128715
-19.6563548825	1.21978495506
-19.7007622455	1.43659698094
-19.7871742617	1.69728337138
-19.9243638393	1.92586078419
-5.99715213016	-9.38676261538
-6.09932251371	-9.58684658252
-6.20872586741	-9.87075474806
-6.3163093085	-10.1151377277
-6.32990224613	-10.250065217
-6.38552287487	-10.464940842
-6.39811751102	-10.6781085813
-6.54576675266	-10.9842597999
-6.73038027418	-11.2773421449
-6.79072688986	-11.4798132662
3.77933494071	-12.3287550152
3.97441393888	-12.1720349366
4.43992186279	-11.8493782908
4.96877715793	-11.4897990994
5.2021316171	-11.3385841302
5.39679371455	-11.2028570103
5.52977209294	-11.1150994128
5.74618661728	-10.9712451448
6.01083198275	-10.7837406277
6.26835836349	-10.5903139855
6.50525366434	-10.4271298619
6.69539068533	-10.3197467273
6.83227751284	-10.2322879867
7.05833766221	-10.0303169663
7.28993819172	-9.818624195
-6.79045999313	-11.4800467017
-6.41476030496	-11.6511424453
-6.17419919041	-11.8296258926
-5.99627002005	-11.9410788359
-5.77330552354	-12.1170503366
-5.42598081187	-12.3124942746
-5.08006630141	-12.4946616965
-4.89009231919	-12.5714218955
-4.73662317859	-12.6323347578
-4.5425831414	-12.6836235314
-4.25836454788	-12.7821969479
-4.00932590293	-12.8674292026
-3.69146216781	-12.9726480645
-3.43483222997	-13.02338677
-3.16793399935	-13.016051266
-3.04873504401	-13.0097235248
-2.89775146783	-12.9769593687
-2.4536879103	-12.8897299168
-2.26966710577	-12.8391109285
-2.13669179402	-12.7919327603
-1.5612101184	-12.5283443275
-1.17561693327	-12.29424262
-1.17534760959	-12.2950319175
-0.962722956036	-12.3162002966
-0.738380820406	-12.3019810425
-0.59811366531	-12.2950052728
-0.407717605919	-12.2986144513
-0.189221851522	-12.343594747
-0.0110378164211	-12.3409386999
0.187047333489	-12.3419386929
0.355559281368	-12.3389827544
1.06815698804	-12.3452194474
1.45637695224	-12.336652635
1.77391136673	-12.3286861991
2.10885826955	-12.3161409847
2.32116119329	-12.322790877
2.61471257385	-12.3116812832
2.77952495999	-12.3130775114
3.07422075271	-12.3033403884
3.28402388539	-12.2905236829
3.7795690886	-12.3285529208
-17.7101172347	-15.9651844245
-17.7106443255	-15.964860008
6.07679297028	-20.8256739648
6.06206436824	-20.7542371014
6.17256280845	-20.529378687
6.26767640832	-20.3506062873
4.0344249889	-27.1645134257
4.37589238909	-27.1017050727
4.50227958371	-27.0024093372
4.73087428464	-26.9467112788
5.15245236395	-26.7443761123
5.5069486483	-26.5691910255
5.91186459703	-26.3901002152
6.13268079171	-26.2745802208
6.40712503297	-26.1248454436
6.42502917951	-26.1148959699
6.57320706337	-26.0372770782
6.86517631016	-25.8672828937
7.17453128684	-25.6754895728
7.21321528023	-25.6424398937
7.46578163012	-25.4393830444
7.54078082319	-25.3837837581
7.94626606476	-25.0627145385
8.08385907289	-24.9486909289
8.12682745482	-24.9097686289
8.40235657911	-24.6732763178
8.66475565957	-24.4036517623
8.87868053456	-24.1953746689
9.15181207977	-23.9131938314
9.30979694518	-23.7399531705
9.55555532508	-23.448010488
9.7736398194	-23.2136312725
9.91299315694	-23.0504742167
10.1157022859	-22.8535228415
10.2301412576	-22.730839867
10.4357370643	-22.5447656341
10.7101008024	-22.2739775022
11.0850774201	-21.9625330206
-15.051653178	-17.0794631075
-15.4270025671	-16.7967806059
-15.5770363759	-16.6553021182
-15.6652187583	-16.5378302795
-15.8755379119	-16.2505965562
-16.199519772	-15.8014324644
-16.5775733005	-15.2527002022
-16.7662314839	-14.9848598582
-17.0094385054	-14.6176503968
-17.061113653	-14.552982455
-17.2424910263	-14.2791992208
-17.4520424251	-13.9579169279
-17.7055831844	-13.5198347393
-17.9867025799	-12.9581176137
-18.1009419112	-12.7118924026
-18.1645337476	-12.5501840409
-18.2394755122	-12.350998103
-18.2786421793	-12.2330446918
-18.31896021	-12.0926915044
-18.3838276918	-11.8031491763
-18.4233897899	-11.5999500413
-18.4515288071	-11.3696374427
-18.4885941825	-11.0878976614
-18.5123454452	-10.9145461656
-18.5244247626	-10.7296571135
-18.5347103672	-10.5031534942
-18.5501423435	-10.2665951163
-18.4789689679	-9.81701297214
-18.4774523269	-9.73362685484
-18.4512522255	-9.47268996073
-18.4035056692	-9.27170331529
-18.3157914964	-9.17170736698
-18.0226671132	-9.015162065
0.189523497276	-26.1596156445
0.103092964701	-26.4874680538
0.0892535835089	-26.646473711
0.0636692350885	-27.0941829302
0.0294768875628	-27.2589097789
0.0012548575324	-27.5888386235
-0.0342662672711	-27.8345824963
-0.0685810486464	-28.0290539725
-0.129847698926	-28.2915941429
-0.173370658908	-28.4400517934
-0.104656569802	-28.6973590207
-0.0774739930553	-28.8649805226
-0.0633134337727	-29.0445881551
0.179107848913	-29.30498541
-13.7755982209	-19.4675282129
-13.9024159422	-19.142152537
-13.9906137437	-18.9695307104
-14.2707481688	-18.4128326853
-14.3782552489	-18.2016841875
-14.6062753038	-17.7969519248
-14.68338324	-17.6592442453
-14.9162712886	-17.3660322375
-15.0516308724	-17.0794830083
-11.2410077641	-23.5868545914
-11.2655686416	-24.1362549729
-11.1902719603	-24.3860611975
-11.0791797169	-24.7581961682
-11.0548157561	-24.8881091004
-10.9034334096	-25.1568940074
-10.7825905081	-25.380786156
-10.6678757959	-25.5981171153
-10.4597972359	-25.9029836696
-10.3636911948	-26.17981146
-10.0387273962	-26.4651496638
-9.9554849335	-26.5888738149
-9.81839194766	-26.7017955288
-9.46021646951	-26.800380875
-0.374383639874	-29.7754371512
-0.785647221877	-29.5302475345
-0.926656134801	-29.5068133692
-1.15590134669	-29.4615858776
-1.66603713205	-29.263220554
-2.16927159839	-29.0559361739
-2.30425235791	-29.0433293234
-2.49466337789	-28.9559743222
-2.89992357092	-28.7710984121
-3.25429641527	-28.6074444741
-3.47494711035	-28.4981327445
-3.76109126286	-28.3554214638
-4.07657143256	-28.198681998
-4.4430429048	-27.934012703
-4.73063837535	-27.7647119979
-4.9686944076	-27.5774965586
-5.33937443049	-27.3043435702
-5.47288896799	-27.1083436624
-9.71188761848	-24.1612037209
-9.57716687794	-24.4963230925
-9.45036577533	-24.6023854974
-9.2593339895	-24.8203950455
-8.96962676889	-25.0390716775
-8.83593322433	-25.1858688722
-8.8004790216	-25.2368456364
-8.70333260875	-25.3174120401
-8.33869449182	-25.5875943952
3.94281806676	16.7168701835
3.49135829102	16.549000844
3.24400493845	16.5370161007
3.00360402098	16.4542790511
2.74833188963	16.476623445
2.51158908222	16.5022152199
2.18160265218	16.5273055632
1.96104963622	16.5803394639
1.80856327905	16.6164776372
1.60900987607	16.6510082859
1.43688456004	16.7071533473
1.28242839089	16.7661845305
1.12141645599	16.8708691899
0.983846580714	16.9574771253
0.745523534595	17.1180267971
0.550678566225	17.3364734241
0.487739886588	17.3937434403
0.384567636473	17.4566702497
0.20365084651	17.721740385
0.00303249659219	18.0958779383
22.7363409121	12.0905419561
22.4892351278	12.1496514623
-10.3243723072	27.3312025904
-10.276253637	27.3474051021
-10.0407906882	27.3913842312
-9.91973483318	27.5820505498
-9.81448477057	27.6216552925
-9.60072367667	27.6758575122
-9.30482783975	27.5946757257
1.29346217191	-1.57237954918
1.27295730552	-1.52426265684
1.22289969737	-1.40810243518
1.21937382126	-1.29055489923
1.10920288477	-1.06407822372
0.977376015786	-0.771096309541
0.991852840068	-0.47399489601
13.2802179265	-24.1996221594
13.1859714289	-24.209286156
13.0225064137	-24.2399282981
13.00304759	-24.2024805705
12.894250415	-24.1847269268
12.6899603437	-24.1920436703
12.5622978521	-24.1985736319
12.3547407318	-24.221142941
12.231559027	-24.1895379049
12.0150867477	-24.1467972223
-9.46015637988	-26.8003835435
-9.2559666354	-26.5835753886
-9.1369527831	-26.4910193945
-8.8904181167	-26.1531274687
-8.62981220042	-25.9114375069
-8.56118993519	-25.8106676905
-8.33736835316	-25.5871600436
-10.061893806	-29.117437385
-10.0264028044	-29.1358402013
-9.91880772394	-29.1940060493
-9.86513697828	-29.2087263198
-9.78382039163	-29.2447945726
-9.6882546918	-29.2889490154
-9.36631725266	-29.4317871283
-9.24142948743	-29.4439425215
-9.10781092696	-29.4680521556
-8.96810633538	-29.486654767
-8.77220616392	-29.4721307818
-8.67636739088	-29.4459542066
-8.57229212512	-29.3757177186
-8.41965197894	-29.1908867186
-8.32547544209	-29.0613131097
-8.33048660944	-28.9579811329
-8.37949278662	-28.8257308741
-8.46471500037	-28.64254718
-8.59574207298	-28.3990583128
-8.74614323886	-28.0832319651
-8.78613120377	-27.9705371175
-8.99186239225	-27.6654827698
-9.16613355495	-27.4984965936
-9.31269797158	-27.305820326
-9.35621478463	-27.035338338
-9.4601724159	-26.8003828138
10.9097401293	18.7034820037
10.7836340199	19.2748614464
10.7353421626	19.5064179462
10.5678633162	20.0389978118
20.5467371296	-1.2326527873
20.262662006	-1.10215019859
19.9873935504	-0.834174898125
19.6564994813	-0.473691197376
19.4843902143	-0.327796776349
19.3667960113	-0.240285214016
19.1680132418	-0.105135259197
18.9723313551	0.0500157532388
18.7461429057	0.193044090928
18.6397568905	0.259496843808
18.5193168845	0.341085521716
18.4153126248	0.415285010792
18.2784900205	0.504811238243
18.1891913495	0.565392005468
18.0787404105	0.640864822387
17.9107842087	0.746817651208
17.7275724535	0.87871882634
17.5951679679	0.97824684305
17.4924647507	1.04396164305
17.347597607	1.19168746539
17.1552774323	1.3474958473
16.9689107382	1.50613302561
16.8629743001	1.58233005379
16.658781452	1.81552563622
16.5203048383	1.94868528196
16.4369088179	2.04270224201
16.3539435946	2.14749169844
16.2729208277	2.25103020496
16.0950770694	2.494674836
15.9468582865	2.71654559533
15.8724576334	2.81415009989
15.7743503895	2.97779249745
15.6793212186	3.1398788101
15.5528374384	3.35054958031
15.3980937166	3.60924785263
15.3069680966	3.77309960419
15.1408091465	4.08753879271
14.9720325896	4.40906477439
14.8844141959	4.57809202066
14.7931195579	4.75569910617
14.5631380412	5.19806827157
14.4612160313	5.43006147732
14.2907061025	5.80381068406
14.1481088394	6.13241485872
13.9963329194	6.37091659184
13.907058586	6.5538818952
13.7591174049	6.89530910245
-13.7626628523	0.307287199244
-13.7590247735	0.543539051771
-13.7969376343	0.975578540323
-13.8215889459	1.23509987255
-13.8456249725	1.35833920334
-13.8829350623	1.58297844246
-13.9582877647	1.87964189694
-5.47280675385	-27.1082255653
-5.76079556986	-27.0409601968
-6.16317838325	-26.8948114746
-6.44380516899	-26.7281243492
-6.67426468683	-26.5913360014
-6.93625150056	-26.4561923383
-7.05591924928	-26.3889001965
-7.3329771986	-26.2750936152
-7.70441464461	-26.0023016437
-7.91876989582	-25.8583280169
-8.33826924144	-25.5872091458
-12.9766022954	6.28362532494
-13.1225726045	6.39191905808
-13.2386107446	6.50995431271
-13.4359342743	6.68130731948
-13.6874832752	6.7943714077
11.0333307344	2.83482597148
10.8259666145	3.22230832373
10.7559875068	3.3539421779
10.7307998932	3.40462083205
10.5735374249	3.68078521794
10.4531177741	3.97586894327
10.3496783157	4.24168394988
10.2570124952	4.40829778134
10.0877356465	4.84956553718
9.97960201213	5.12980669938
11.4751036409	11.7981387193
11.8699236035	11.9404466953
12.1194779442	11.9021209621
12.6521337633	11.8074051794
12.9695339968	11.8491751864
13.0858644295	11.8575182747
13.3466580754	11.8846546012
13.656498551	11.9555587329
15.5284842077	9.82322475409
15.7304383523	9.67821153362
15.973667485	9.52002468936
16.2911521751	9.42216208279
16.7207484036	9.30491456434
16.8768737688	9.25255191557
17.3011719213	9.09219803646
17.820640618	8.94017899961
18.206814301	8.95036113682
18.20671318	8.95029172709
18.3289907746	8.60632664934
18.4328099395	8.47198405583
18.5806171728	8.25470956012
18.7867557132	7.92986505054
18.8298502229	7.87301174218
18.9814386454	7.68988086058
19.1278137628	7.4999127781
19.2512467703	7.33949674601
19.6221479574	7.00201819494
19.671965365	6.95563625261
19.8656634711	6.70719168889
20.0661282757	6.48931631475
20.2061362529	6.34203624092
20.453311286	6.10040188919
20.7392689886	5.77695098299
21.0196214031	5.76030671846
7.60850234978	7.61491718927
7.97243669465	7.83702763769
8.27343071633	8.00403197726
8.43975207854	8.06458139275
8.56378888824	8.19394475538
8.70399616949	8.27232387179
8.86383909334	8.35818181307
9.10343858	8.54025751988
9.43506587514	8.71139855342
9.60964547171	8.80115139621
9.80384053633	8.93035506614
10.0095395773	9.05471660948
10.149022152	9.17942130178
10.3181710449	9.33217311918
10.4722370291	9.46967449686
10.6157588644	9.59642561542
10.7120980755	9.7566892241
10.783850274	9.90070344047
10.8766999314	10.0704138319
11.0081756192	10.3061958932
11.1911265927	10.7996426473
11.313417599	11.3435114136
11.3412340908	11.5800560242
11.4746806788	11.7983854426
11.2512460528	-19.7234206021
11.0570054216	-19.7682810522
10.8722701065	-19.6840358888
10.6438388885	-19.6435393763
10.4349546076	-19.677410804
10.2219671042	-19.6772862526
9.989958801	-19.7369726106
9.82340317936	-19.7910475139
9.6169182577	-19.8277708343
9.42562062459	-19.8523034903
9.1278565989	-19.885094716
8.91102563335	-19.9310551369
8.74064657776	-19.9641259653
8.51872178298	-20.0311189539
8.20531139569	-20.0915235252
8.10176924277	-20.1199036622
7.90439943817	-20.1671035563
7.63511870774	-20.2073417892
7.47545999067	-20.23732228
7.22851734067	-20.2804336593
7.06637092039	-20.2700288283
6.98858048207	-20.2826398608
6.62704687598	-20.3254558059
6.26767691734	-20.3506066042
1.14778415087	-16.7391159429
1.55129791286	-16.6866992646
1.8100806555	-16.6569777282
2.24383138766	-16.526809309
2.51558866772	-16.4784615976
3.03933392595	-16.3559513888
3.25037193059	-16.2944019455
3.36746460721	-16.2595217346
3.52860966339	-16.2130066552
3.99556244935	-16.1100976545
4.33414347379	-16.0408230241
4.53601115158	-15.9992124537
5.20314205055	-15.871035894
5.70453137417	-15.7474256184
6.02388088743	-15.6803243389
6.49432903085	-15.6255717402
6.64952984631	-15.5392354359
6.75984019174	-15.429352679
6.89074692308	-15.2884334972
6.99938225294	-15.1634183868
7.01910779302	-15.133141233
7.24697963728	-14.8310566127
7.43063774908	-14.4895117959
7.38945161173	-14.2213684991
1.53843378798	-19.8746615608
1.96039543049	-19.937657221
2.24157708796	-19.9011967306
2.56761133803	-19.9468738651
2.71924149914	-19.9493039788
3.04512956018	-19.9884912421
3.46000070452	-20.0244315949
3.77496241496	-20.052142883
4.05594708237	-20.0916652195
4.17811696047	-20.1060907491
4.20967048685	-20.110136864
4.81258859298	-20.1885668859
5.36553241041	-20.2490851647
5.54777534661	-20.2577922182
5.76336629628	-20.2881540802
5.8989327016	-20.301905878
6.26768935081	-20.3506812402
2.46604317198	-29.7455830009
2.24808629637	-29.3454926967
2.53604753262	-29.1863061251
2.69908489199	-29.1024237995
2.9153621544	-28.9525128323
3.26170946962	-28.6283113866
3.49937916477	-28.3523966228
3.71369148021	-28.0980285181
3.86657116502	-27.9419697645
3.99756697825	-27.7618145864
4.07127245542	-27.5014177591
4.03440681697	-27.1645102808
-9.527588934	27.7628257287
-9.12595091679	27.4288645357
-9.16994222953	27.2326429214
-9.25523848791	27.05233594
-9.3307559604	26.8403899209
-9.54059036647	26.3910608915
-9.6831694945	26.1867842908
-9.79797792996	26.0183350429
-9.96212222065	25.7707409559
-10.0865681951	25.5928463482
-10.183839667	25.4383995497
-10.3530857569	25.2259773567
-10.4907922016	24.9976618657
-10.6948013966	24.7365205259
-14.284265112	19.9043181543
-14.3703591016	19.7705170674
-14.54503499	19.4771430788
-14.7090204923	19.2088528171
-14.8371316949	18.9906299129
-14.892666124	18.7785653258
-15.0333114161	18.5229365469
-15.0342083186	18.3315646422
-15.0398583292	18.1377039282
-15.1049801159	17.9854426336
-15.2689599696	17.7100133619
-4.76154126309	9.00538820456
-4.96105156361	9.22310188071
-5.07716587621	9.37347252339
-5.18113452956	9.69722643977
-5.2676107731	9.95416182284
-5.32728008471	10.2267373912
-5.40560035009	10.5573587325
-5.45563206399	10.8859601745
-5.53268433035	11.1451248938
-5.55688731107	11.2368729678
-5.60762393592	11.4459396373
-5.65776235126	11.6965052288
-5.70091057189	11.9054917571
-5.77392272682	12.3007827195
-5.81775477789	12.6263201277
-5.84729908553	12.8304727855
-5.89694686902	13.1265073851
-5.94032518188	13.4394992842
-5.98959257187	13.7417699186
-5.99829933006	13.9356881157
-6.15975112299	14.3628393093
0.00266222625173	18.095172137
0.115649791593	18.3591615709
0.184250317065	18.5790542445
0.379143435101	18.9216127623
0.560545906026	19.2088238745
0.845457157436	19.6313325706
1.06135106448	20.0244144478
1.14031102233	20.1987306108
1.19723459774	20.3481934763
1.24121157956	20.5520009314
1.29063122083	20.7851435754
1.32538398943	21.1072788875
1.28302889976	21.4290595449
1.23057535918	22.0475332898
1.18000119624	22.2683777358
1.1296548685	22.5351218154
0.999423503409	22.888253543
0.878558021398	23.2094853184
0.671439976767	23.6042332386
0.547507846152	23.8893417244
0.40532997864	24.1131290805
0.32272569932	24.312953126
-15.2689599688	17.7100133618
-14.9392888432	17.3695235044
-14.8637010892	17.2421428431
-14.8624441469	17.1418364372
-14.9358740501	16.8991896611
-14.8943660197	16.7829288955
-14.6246162997	16.6279166989
-14.5621250055	16.5304980621
-14.4943834625	16.2364184979
0.0818026151719	7.04396921182
-0.152298241082	7.28101534014
-0.280985214241	7.57671670541
-0.419136625195	7.83150907114
-0.502319986467	7.95343980461
-0.632175400696	8.1225469044
-0.772042819835	8.19167980441
-1.0772664131	8.46277860137
-1.20670336226	8.55532736957
-1.30490783114	8.71041479527
-1.50041171847	8.81726769494
-1.81257279897	8.97281301794
-2.06872765228	9.03246200456
-2.42019555324	9.05657014176
-2.59220522511	9.06639479744
-2.76990567058	9.06649489086
-2.9644109698	9.07424765823
-3.31502121599	9.02249983456
-3.63284536161	9.00358626945
-3.90920102918	8.97204430089
-4.10396580523	9.02072523952
-4.34909989508	9.01804963737
-4.76154126308	9.00538820439
-19.581435643	3.28017957502
-19.5082221832	3.62177611641
-19.3619073893	3.95731121831
-19.2288299553	4.27080006548
-19.0292276606	4.80494476987
-18.8798312043	5.17617762219
-18.6819873909	5.66959261879
-18.6391238311	5.78991970983
-18.4922147202	6.17848643598
-18.4083792057	6.40081576226
-18.3080124293	6.65921916573
-18.2088247526	6.87051766678
-18.094190793	7.33225207475
0.179107851463	-29.3049851682
0.499980848247	-29.4233998808
0.684673375328	-29.4129948059
0.831144146085	-29.4136903482
1.11466447519	-29.4032983533
1.5040380049	-29.4341562537
2.46622995396	-29.7461402166
-5.42201473453	28.4409435619
-5.11073020624	28.4852155346
-4.87520779311	28.6767600666
-4.6494758712	28.8479037922
-4.4865047368	28.9535640695
-4.2865921146	29.0862164884
-4.09614815148	29.1840920425
-3.85131101611	29.2466521879
-3.40967284216	29.4044247573
17.2396762021	-9.20395711535
16.754342118	-9.3462873447
16.5854644295	-9.35785461466
16.4629651749	-9.40312523055
16.1764376835	-9.47468566035
16.1043318782	-9.49430282368
16.0630178918	-9.50133443869
15.8257131474	-9.55416464167
15.73834894	-9.53953114279
15.5414117667	-9.55541470352
15.2286510406	-9.5196727694
15.0374264023	-9.46554864276
14.6632412924	-9.39060614074
14.5059534732	-9.30657732366
14.383757472	-9.23526600934
14.231619448	-9.13008976128
14.0496133909	-8.96986361264
13.9417562858	-8.85861880073
13.7228607484	-8.6199506344
13.5651889153	-8.40567494427
13.3720369375	-8.09282721809
13.2418918236	-7.87719648093
13.1131833982	-7.63020584833
13.0084903776	-7.42290080215
12.8754849154	-7.1553715435
12.6382551848	-6.70143585635
12.4958927241	-6.444745478
12.314633614	-6.13582467272
12.1832747991	-5.97102871981
12.0238669676	-5.7199457817
11.7539770643	-5.33042085508
11.5482325236	-5.05302396834
11.3197734427	-4.76382223853
10.9600352507	-4.33398439556
10.6672101469	-4.02285906297
10.4599002706	-3.80061046826
10.3216629444	-3.66365999882
10.1807376293	-3.51538096383
10.0597730117	-3.39049753359
9.85418248717	-3.17303334615
9.6354619068	-2.94658045758
9.44830935097	-2.70539970205
9.19387951942	-2.4357257451
0.992130113757	-0.474067288074
1.26722459808	-0.161733666586
1.38713108127	-0.0520501524022
1.63015941042	0.110712181228
1.83138212259	0.395554946529
13.6566075188	11.9555965619
13.9391406199	11.7506112241
14.09992342	11.5173248323
14.2281865247	11.3357665487
14.4151612838	11.2110620232
14.781958313	10.8175298085
15.0864569143	10.4435784351
15.2304081134	10.2934039113
15.3342168866	10.0948217833
15.5291864674	9.82337278094
3.10646617387	27.7669100299
2.76773638504	28.0602463671
2.50115025932	28.1467541056
2.07528707622	28.2366641578
1.78619009477	28.298536756
1.49948542183	28.3248207737
1.28624266882	28.3566243844
0.876960083583	28.3966764488
0.768350459072	28.4563817394
0.629168259916	28.4891916224
0.196185345224	28.5677868298
-0.167476160569	28.5226448076
-4.57276266046	-22.3372463176
-4.52183795052	-22.5631562946
-4.52036118537	-22.742035547
-4.49975884862	-23.137238804
-4.49558777826	-23.4053245917
-4.4729758255	-23.5630237998
-4.47798710899	-23.894214318
-4.47570567883	-24.108977157
-4.50987400846	-24.4058611181
-4.55770198047	-24.6727746789
-4.59914132164	-24.8937835284
-4.63990196753	-25.0257259256
-4.69517128589	-25.2574838791
-4.79886302817	-25.5689329601
-4.87472531132	-25.7919949009
-4.9375377226	-25.9638276999
-5.12800609761	-26.4296867509
-5.22687596163	-26.6484217674
-5.25922096465	-26.7017691451
-5.3920635636	-26.8801291252
-5.47285386902	-27.1083852308
-6.29510193248	23.5154253193
-6.46858747535	23.3516046178
-6.6106894815	23.2567370844
-6.68517599943	23.1715623459
-6.85269574115	22.9901686417
-7.04972795969	22.7739293971
-7.46311568992	22.2942222741
-7.96187713623	21.6757050618
-8.43324288466	21.0503978032
-8.71840549255	20.6655374882
-8.85276459167	20.4445905584
-9.24924361466	19.7358398211
-9.42247656266	19.3051659328
-9.49664800922	19.0306166814
-9.47752270377	18.9313013422
-9.5667223681	18.4895871902
-9.56018267862	18.2714128215
-9.51721409834	17.9120410132
-9.34516184709	17.5343710474
-18.034004683	-9.01667608819
-18.1051710394	-8.78016921358
-18.2284457423	-8.54055648759
-18.0694880798	-8.24577817879
-18.1256250255	-8.117611266
-18.169245464	-7.93503201232
-18.1705404335	-7.63255404653
-18.1386870796	-7.03427122308
6.32502023446	26.0776384167
6.40394538153	25.724446736
6.55488292932	25.3302263501
6.59790179654	25.0811886512
6.32500046379	26.0776294203
6.00851674767	26.4643266826
5.8295899663	26.5137539413
5.49341780285	26.6619990209
5.27460234182	26.7758453173
5.15174838857	26.8551033611
4.93465062837	26.9620696327
4.51249829674	27.1791458771
4.33643760538	27.2745192632
4.09908817647	27.3866339684
3.92841466351	27.4560967589
3.83530223215	27.5017363419
3.57446387813	27.6927712095
3.46746584937	27.6954687046
3.10644756675	27.7669495132
0.322689460499	24.3129313767
0.746555970054	24.5890882749
0.901012500747	24.7365607999
1.18259592944	25.0637244552
1.50183656064	25.3515792897
1.66147660109	25.5025729106
1.8594939349	25.6902153863
1.98331076206	25.84638975
2.09643112215	26.0056808265
2.12989719723	26.0813229567
2.29652713156	26.3227924934
2.40186800317	26.4979966544
2.45189875647	26.633020067
2.51343021653	26.7457465057
2.52968451619	26.9093602982
2.56187135294	27.0178596222
2.6511438141	27.2412513227
2.77930123119	27.5273947841
2.96574635001	27.5921419542
3.1065044213	27.7668700001
5.23415724311	20.6385742463
5.11779334001	20.9003590808
5.03275489073	21.076711369
5.01999611044	21.2357916695
5.02775189619	21.5023484666
5.00913444999	21.6992344194
4.98579850828	21.8823384939
4.94588862386	22.1208291742
4.96658888977	22.2338743027
4.98298711568	22.4212679855
5.01622442437	22.6737517909
5.07218661592	22.9173554575
5.13873647397	23.1554498805
5.187134025	23.3060516921
5.25055185285	23.469583249
5.35803590912	23.6475014201
5.43402435333	23.7838677658
5.5294921046	23.9255346059
5.62070475316	24.0823144693
5.71994817302	24.2162223911
5.86390490394	24.3920996996
5.98978043954	24.5330984803
6.18309542952	24.7121532857
6.35979711977	24.9263028684
6.59795248416	25.0812357205
5.21775396439	20.636594185
5.0853858644	20.5568787557
4.98120053111	20.2453593011
4.9694385855	19.9935697383
4.85080094372	19.6107739987
4.64955910064	19.2254399548
4.55648430934	19.0334320515
4.46577278916	18.8440579774
4.42558894299	18.6830520537
4.36801892524	18.4997157556
4.30137923536	18.2964204008
4.22954144233	18.0247658488
4.1400673851	17.6280928837
4.0816211086	17.3396475163
3.94438386575	16.7171486184
-4.16999535698	23.4199189203
-4.06265111826	23.176629094
-3.99305327308	23.0617966439
-3.95283104201	22.8021890244
-3.89295087431	22.6395939158
-3.90820751285	22.5014114276
-3.84829380592	22.3324307139
-3.78242160217	22.1747258762
-3.70047499899	21.987532266
-3.55054044455	21.393715681
-3.47582928488	21.2087523892
-3.41520376278	21.0662053099
-3.37713401016	20.9819438272
-3.30399625909	20.8387849647
-3.11433982329	20.4791241255
-2.99189803952	20.2851887502
-2.85924896172	20.107325184
-2.68270321638	19.8903402063
-2.5410864895	19.7311783619
-2.4443691995	19.6386920965
-2.28454695079	19.4454765125
-2.12548065436	19.2984645117
-1.91573606843	19.1191423752
-1.61181538292	18.9089379203
-1.14449727457	18.7198354801
-0.979552111425	18.6419758947
-0.817586478844	18.572318531
-0.681091001997	18.5107767391
-0.389158347316	18.4004500559
0.00272814873191	18.0952540421
-4.1645779794	23.4384650882
-4.37311767186	23.4273303099
-4.50530128502	23.4141483007
-4.80579741388	23.4044691963
-5.02966435922	23.3705637224
-5.17508025743	23.4844054684
-5.44114044244	23.428487235
-5.64018730564	23.3372595336
-5.93569204314	23.2438141874
-6.06857045244	23.3570436368
-6.29521076037	23.5153938339
8.42654324813	16.9917798101
8.79323021234	17.269350756
8.95493051761	17.3300262047
9.12666060295	17.3868502928
9.30814641096	17.4236403671
9.58348473182	17.650653709
9.7845757795	17.8126004652
9.96694973284	17.9268697995
10.1126428005	18.0491846076
10.525568294	18.4081472093
10.9096629855	18.7034031479
8.42663882425	16.9919523798
7.94170793628	16.9116553704
7.59288827677	16.8397905327
7.47731441387	16.8145083504
7.17492930971	16.7512739669
6.9555155932	16.7254203086
6.73836002654	16.700510595
6.45580301168	16.6802201794
6.08606179682	16.6556830219
5.30056805569	16.6046466191
4.80273953859	16.5989050135
4.30581058362	16.5348005993
4.13253722759	16.5399244973
3.93973685596	16.7172093678
8.42650768941	16.9917984801
8.60252840462	16.5456980268
8.61791745502	16.2403769983
8.68174226028	16.0623104907
8.81877804062	15.6199983214
8.9053567979	15.3385569867
9.01542066261	14.9322545113
9.08640384598	14.7028422882
9.19733320303	14.2657492258
9.33354945357	13.8848265556
9.3872099502	13.6047592183
9.52893868702	13.406075904
9.5345190587	13.2207079854
9.55708484007	13.0746137665
9.5571215638	13.0746739689
9.95782933939	12.916415065
10.1404761856	12.748973728
10.3085603063	12.619892607
10.5934058434	12.4074125761
10.6598080934	12.3659012193
11.1323566627	12.0244308002
11.4746806788	11.7983854426
22.4895512748	12.1495994592
22.1531303453	11.9810518211
22.025539311	11.7879722765
21.8368860661	11.6218221887
21.4471058311	11.4194902789
-14.4943834609	16.2364184978
-14.7308788215	15.8735748622
-14.8716394342	15.6558544911
-14.9142695104	15.5937001409
-15.0397112067	15.4380120331
-15.142249702	15.2683435169
-15.2586694724	15.0015439815
-15.402699745	14.6779120113
-15.4250344923	14.3254190946
13.7586311392	6.89630382831
13.3717543469	6.88058881258
13.0792390959	6.85221688172
12.7310340665	6.83126804591
12.5142587307	6.77361132201
12.2036480452	6.69940148066
11.8885161054	6.59000255974
11.5728839372	6.47688007072
11.1601512462	6.23895224866
11.0095891621	6.17161973175
10.8017022775	6.00792641444
10.5611800392	5.81969856447
10.3661256083	5.61133445449
10.1426913485	5.37839061709
9.97964802982	5.12979182068
21.0196092516	5.76099262697
20.9664003069	5.48379615693
20.9720048639	5.34625735055
20.9945490779	5.19462552073
20.9873324243	4.86698979451
20.9904595069	4.62328556345
21.007944912	4.37552324114
21.0217344893	4.02409212854
21.0463994968	3.13601410757
21.0482843796	2.66201432886
21.0407263394	2.31025209945
21.0441429304	1.91822636034
21.0406756025	1.63928684647
20.9767763324	0.796458264202
20.926920103	0.337015721093
20.897446711	-0.095860009467
20.8865629037	-0.457281149829
20.8527796392	-0.690714589336
20.8188248406	-0.92501184352
20.7519905009	-1.0732681052
20.546737104	-1.23265278858
-17.2410202608	13.2053382545
-17.5497045214	13.3827882532
-17.6601014046	13.4119374848
-17.8178551514	13.420488622
-17.9068670583	13.4848049092
-18.0351908082	13.6740510579
-18.2452140495	13.8704268377
-18.4035335815	14.041780751
-18.5152980868	14.2246014487
-18.562689242	14.3675443078
-18.6568140565	14.5433762336
-18.6662140846	14.6115110608
-18.6898116932	14.8491890659
-18.7108463613	14.9724262012
-18.7229862073	15.1383529365
-18.7172363853	15.2562038997
-18.6752022952	15.351119719
-18.6036340022	15.4773327464
-18.544753104	15.5683907762
-18.4048774093	15.7966542165
-18.2195335453	15.9892426561
-18.0223186928	16.1944383916
-17.7710496327	16.4123816058
-17.590882031	16.5740219136
-17.3086966164	16.7778727487
-16.9904538222	16.9820226383
-16.7650048628	17.1100399198
-16.4921317506	17.3245731231
-15.9407901168	17.7196670652
-15.497739945	17.706435486
-15.2689599682	17.710013362
-18.0940671587	7.33214835025
-17.6530093351	7.33077332071
-17.4693428179	7.31584441613
-17.2539513345	7.29353152931
-16.9106247113	7.2137008637
-16.6639583663	7.17569127423
-16.3584291746	7.11211403297
-16.0182265556	7.07216543709
-15.7060470263	6.99846145144
-15.3271193658	6.91156995454
-15.1915774904	6.88039186798
-14.9895944281	6.83050059583
-14.6772252225	6.7377633431
-14.5378660672	6.71018338847
-14.4390603328	6.72312210135
-14.3012390388	6.76734818674
-14.1445074416	6.78635450501
-13.6875130934	6.79442250972
-8.59036403441	6.27944698292
-8.59459080345	5.8939896719
-8.60461795843	5.71364261692
-8.59641754081	5.47871502352
-8.56757850066	5.25749359728
-8.54912484488	4.99989992228
-8.54694114907	4.68345374728
-8.51178227574	4.3586289397
-8.46930019419	3.99871471991
-8.42522895899	3.75891681917
-8.36831413037	3.54306614398
-8.2586909381	3.27053500632
-8.16838691964	3.10781230184
-8.01475446173	2.84621473195
-7.86490517978	2.65125736546
-7.69547144745	2.45238349015
-7.55211339494	2.31419311576
-7.28547932432	2.09655274343
-7.14795808577	1.99176773422
-6.94567446621	1.8675880442
-6.74540624293	1.75115193161
-6.5670292616	1.64572822112
-6.36731175743	1.57462154007
-6.15752898022	1.52192616008
-5.93237951843	1.49619769292
-5.75871442826	1.45475606629
-5.61364045811	1.44135014875
-5.43858715096	1.44434893506
-5.30454641596	1.45467733687
-4.99513948239	1.48831834882
-4.67776347441	1.52331281872
-4.47652269713	1.55137679283
-4.21157971044	1.59011273944
-3.93852675818	1.63239616498
-3.57887878789	1.65006200732
-3.37906560716	1.68705942469
-2.92348484399	1.70822578969
-8.59027747579	6.27965508471
-8.28622252893	6.36772042478
-8.00857091253	6.52246106737
-7.84892094723	6.61136691604
-7.56555854897	6.74667789345
-7.23854309997	6.94560367821
-6.98170522086	7.09583047704
-6.77345521377	7.2194741587
-6.62260812176	7.29370130823
-6.40124619308	7.47736061568
-6.10075634692	7.6850276987
-5.87625798346	7.90101119902
-5.76757412868	7.99598838824
-5.66510728292	8.08882871623
-5.57201347247	8.16579043922
-5.44929443391	8.27124025646
-5.34495120304	8.45636754857
-5.18043931158	8.62418866405
-5.03722483444	8.79985257631
-4.76154126308	9.00538820423
-2.92352840227	1.7081625472
-2.43919988756	1.58641943974
-2.0031398348	1.32837579577
1.83238775696	0.395312147992
1.68149012354	0.740497499009
1.60900136332	0.833013033445
1.3963959273	0.975527330881
1.10648484954	1.11329219002
0.833820268531	1.23880323896
0.454582357821	1.32055703522
-0.095514082888	1.48320850401
-0.55667246818	1.61371626761
-0.879294616411	1.68235224594
-1.13429068604	1.72177165912
-1.40431228321	1.74184627617
-1.77022618505	1.678544172
-1.9534635142	1.64062694706
-2.00300457726	1.32819229978
-10.560850744	2.52320392101
-10.1859774986	2.21742236662
-10.0372816209	2.01226460712
-9.92877988189	1.8411523135
-9.85758797628	1.75107237796
-9.81418493303	1.69295644217
-9.73241875634	1.57221579635
-9.6179185086	1.39160648016
-9.51035849944	1.21665878301
-9.39911408143	1.02925287887
-9.23174424495	0.747245052008
-9.11301098826	0.547572764577
-9.01705714006	0.377935192853
-8.86150315282	0.073109657856
-8.66278053972	-0.237363931128
-8.61749167469	-0.307916061082
-8.38984533989	-0.640765547093
-8.2076804504	-0.861253367083
-8.12098394931	-0.95767842304
-8.00967886806	-1.09301690923
-7.91107804796	-1.21117956318
-7.62758422421	-1.5263080286
-7.41367706679	-1.74951430054
-7.30060608301	-1.86300595843
-7.12431379027	-2.03104857477
-6.96351311896	-2.17129763853
-6.70275251978	-2.39596116717
-6.69259934333	-2.40450167108
-6.41409632993	-2.63763559416
-6.11315370958	-2.88825143
4.67750362496	-4.36027323664
4.61515150524	-4.02129011472
4.49893349933	-3.62051186421
4.449793062	-3.19030855631
4.40335122379	-2.81191468965
4.36413114387	-2.51302474352
4.37334933049	-2.24057005343
4.38999776797	-2.05920977585
4.39276938109	-1.84588886444
4.45753838846	-1.62886381266
4.67749921892	-4.36026157952
4.81591189933	-4.53448591629
4.94969999724	-4.68355383237
5.16202612102	-4.89302430724
5.39150841969	-5.19215975249
5.60292333213	-5.44084751663
5.79207118519	-5.72622018023
5.85699169816	-5.83490393633
5.97230455099	-6.07147902929
6.04742671317	-6.33317647087
6.13384818243	-6.59737254417
6.17348555452	-6.84325130092
6.17827412446	-7.02463558145
6.21007438268	-7.28739904801
-19.9242709941	1.92580770773
-19.8614125837	2.25495838449
-19.769925887	2.57927398024
-19.7771593636	2.85787387622
-19.5791783417	3.28086156395
-13.9583710053	1.87958199867
-14.4492228877	2.17810116509
-14.7345788791	2.24622578856
-14.9875537433	2.2790075569
-15.2024218197	2.32109866952
-15.4540367306	2.37090945974
-15.7362101756	2.44588375803
-15.9646124744	2.49332102562
-16.2065082219	2.54710300023
-16.3874416361	2.57473798085
-16.5942707883	2.61612319161
-16.8359543369	2.66593424786
-17.0603605161	2.71767245862
-17.3758751412	2.79422478669
-17.6836461016	2.86758833287
-17.9407240047	2.9406226233
-18.2194374627	3.02191652232
-18.4747594977	3.08425102815
-18.5985240965	3.11011580327
-18.8654330207	3.16913402703
-19.0685123825	3.19780505391
-19.2872979506	3.26043572872
-19.5814356364	3.28017957386
17.7371420192	-8.50719770277
17.517582252	-8.850094822
17.238834312	-9.20305643506
17.7371790736	-8.50705446276
17.4812136799	-8.18118386801
17.3760416138	-8.03064817016
16.9879648105	-7.60626135469
16.8845471754	-7.45825984703
16.8233147489	-7.38123201882
16.7169566758	-7.2267505437
16.6438839433	-7.10804769229
16.5308233275	-6.88090203511
16.4387988582	-6.73066358689
16.304365732	-6.51218803632
16.1978676533	-6.34074578296
16.0908932235	-6.173288454
15.9292040636	-5.8988248157
15.8108581584	-5.72195918834
15.7080877288	-5.57942266555
15.548330692	-5.30533734642
15.3413679387	-4.97602010698
15.1421785233	-4.6852488876
15.0389643905	-4.54259926433
14.9010168598	-4.33622358602
14.7165723929	-4.07621243659
14.6037491851	-3.90059563985
14.5387568674	-3.79478433609
14.4619900554	-3.67247677785
14.3596555738	-3.4845338164
14.271101289	-3.32598401961
14.174786157	-3.12608643998
14.0264837347	-2.89277984146
13.8977798508	-2.6091339353
13.8258449398	-2.47388867137
13.7649143572	-2.35386701354
13.6772297798	-2.19633313827
13.6208118142	-2.05866707809
13.5486282667	-1.90958394345
13.4424577847	-1.65666818907
13.3877091868	-1.49064721223
13.3177806507	-1.32667036323
13.2279285586	-1.1295956292
13.1223727483	-0.904882224685
13.0349500121	-0.712441714669
12.9355218148	-0.530588149029
12.8570914524	-0.366930973685
12.659602978	0.00642089006012
12.5311252162	0.253071067054
12.3044495806	0.629085680753
12.2056804514	0.817847835051
12.0716941372	1.05607507072
11.872964853	1.38942843072
11.7680644811	1.57359155193
11.647627047	1.77765832408
11.4395810977	2.12578764687
11.2590153168	2.43232911231
11.1425949632	2.61895270232
11.0338385653	2.83475860256
-6.11297829654	-2.88825637811
-5.85314827377	-3.11469740075
-5.68323009191	-3.26768468494
-5.54806843179	-3.3896156211
-5.44980859108	-3.48473194878
-5.33913993593	-3.59033008692
-4.93389604858	-3.98760876758
-4.79603533575	-4.12979722824
-4.70941130784	-4.22438021389
-4.57403746039	-4.37651087763
-4.36035810462	-4.63807778139
-3.89648253209	-5.19219361102
-3.57558422053	-5.54539917281
-3.35870216813	-5.77862226491
-3.21355282832	-5.92743376718
-3.070582473	-6.06607358304
-2.83467390339	-6.28175935506
-2.64704057658	-6.435859232
-2.51178036097	-6.53289306936
-2.23626746554	-6.71737313656
-2.0002179784	-6.84154929558
-1.76683995819	-6.9569134012
-1.52829506766	-7.04073373305
-0.874697950485	-7.09750426114
-0.699049294298	-7.10811549684
-0.444181288164	-7.11634045746
-0.0617236022463	-7.11390202379
0.0156034498494	-7.11238542605
0.164599418676	-7.11177716343
0.571799392752	-7.01856129485
7.28990356952	-9.81857211978
7.28232526173	-9.56165863065
7.13624474059	-9.19359854364
7.02375379367	-8.94765530667
6.80601413032	-8.44227311785
6.71972759708	-8.2432092296
6.48725394544	-7.82838925214
6.21032836909	-7.28739342563
12.0159590762	-24.1477047203
11.7440865419	-24.3848899468
11.65999611	-24.5131024429
11.5758136489	-24.6131318011
11.52530967	-24.7068580085
11.4221526974	-24.8516159165
11.3143981797	-25.0239710769
11.2181835328	-25.1152160133
11.0646482541	-25.2731042664
10.7761743295	-25.3711386157
10.6407620693	-25.4856379778
10.4698794454	-25.7073859553
10.3237210286	-25.8318609648
10.2934153446	-25.9015713258
10.1126239646	-26.061185885
9.96598509911	-26.1886786865
9.75319359886	-26.3542493905
9.53404160396	-26.5162770417
9.29048897923	-26.6987237397
9.11890371031	-26.8283419391
8.93520797785	-26.9577297034
8.76385404786	-27.0806203459
8.64773014417	-27.1513906147
8.55687000309	-27.2286112497
8.31866795785	-27.3972210036
7.95384235663	-27.6494517806
7.93944944138	-27.6601932236
7.61716557382	-27.8603743019
7.44803607153	-27.9666464942
7.29628605466	-28.0565220705
7.0231484872	-28.2149957002
6.6692938288	-28.4081851286
6.27099423374	-28.6258210718
5.95801328266	-28.7854723545
5.61958707054	-28.9203031404
5.40811598943	-29.0167746537
5.05259532048	-29.1710480011
4.73007910607	-29.3023790412
4.38280883883	-29.4329264031
4.12753741767	-29.5182550707
3.90773485916	-29.5793594882
3.55506307616	-29.6771556456
3.27985988	-29.7200688029
3.08058475944	-29.737638716
2.46605737127	-29.7459841717
-17.5883327651	-4.11034947351
-17.6744155591	-4.3317670069
-17.7768079394	-4.65710452157
-17.7918098847	-4.86413728001
-17.8274688641	-5.0025999021
-17.8546810303	-5.15162293979
-17.9276013175	-5.53835474334
-17.988396629	-5.76727350826
-18.001022709	-5.92622328144
-18.0349619809	-6.25092203404
-18.0453607067	-6.48631054939
-18.0580225354	-6.65884983456
-18.1393324275	-7.02993180386
-17.587955324	-4.11041218413
-17.18924745	-4.03061755846
-16.9845899778	-3.93339967857
-16.8286701097	-3.88594727701
-16.656371798	-3.79067085277
-16.4038580904	-3.75303410646
-16.1835439022	-3.74152444361
-15.6930747421	-3.68961532929
-15.3754258698	-3.67556172049
-15.0978951519	-3.6705483831
-14.7788426467	-3.67901548482
-14.7105362131	-3.68764729677
-14.5824201065	-3.70335005472
-14.4014735529	-3.72115936925
-14.2388029159	-3.75818220982
-14.1009656518	-3.79159491985
-13.9831104746	-3.82471709365
-13.8419203744	-3.87359815444
-13.5622400583	-3.98008212523
-13.307355106	-4.07348902109
-13.0570307598	-4.17868704216
-12.8632880558	-4.26510400811
-12.635457365	-4.35950546055
-12.499689416	-4.41711233598
-12.2032220068	-4.55176132575
-11.9601152939	-4.66346508545
-11.4643359788	-4.90290932866
-11.2136531984	-5.02437765889
-11.043931931	-5.10836319846
-10.7284411485	-5.2699850644
-10.5701750557	-5.35189870307
-10.2716113146	-5.51287313468
-10.0540528427	-5.63100879578
-9.74745974231	-5.80888972712
-9.52494218019	-5.94183292074
-9.31490419141	-6.07623285319
-9.13432368243	-6.19257809184
-8.91103503572	-6.34666840592
-8.60426364766	-6.57266272915
-8.32735599532	-6.79386236724
-8.07784336441	-7.01422879396
-7.76555588811	-7.29496089053
-7.54952085525	-7.5099518235
-7.3867683898	-7.68424443894
-7.17814790465	-7.94337819201
-6.77484033082	-8.44603609982
-6.59398924727	-8.71569780917
-6.4355158763	-8.89108580399
-6.34825220777	-9.08015347103
-6.20903174476	-9.2435938182
-5.99160278301	-9.38134365238
11.0857056327	-21.9627684718
11.2117911392	-21.6812222249
11.2891666385	-21.3202753349
11.2615041885	-21.2210085536
11.2536311095	-21.0157632298
11.2879089467	-20.6799309545
11.2842023516	-20.3849992868
11.2682604895	-20.1400295894
11.2513097009	-19.723396349
-5.99715213105	-9.38676261742
-5.61015980344	-9.54489145477
-5.48082074511	-9.57866123699
-5.30811651393	-9.63008072312
-5.13590435199	-9.7425362002
-4.95658994594	-9.81409094994
-4.80643827406	-9.87559760043
-4.42571679389	-10.0282383888
-4.15970514724	-10.1619706738
-3.90971752947	-10.302604045
-3.54662378465	-10.4717021974
-3.34701589494	-10.5828919613
-3.19064251395	-10.6801040011
-3.0600724933	-10.7682991258
-2.59757722299	-11.1084054464
-2.32931507982	-11.2873003782
-2.11872445229	-11.4494660688
-2.01509820604	-11.5410467645
-1.72412836368	-11.7635844148
-1.50435852726	-11.871283553
-1.33323536918	-12.0118133084
-1.17554776254	-12.2942677871
7.38330380621	-14.2179177717
7.14058954143	-14.0522526932
6.6727127515	-13.7979608108
6.3099235914	-13.6455491512
6.11400781903	-13.5648985919
5.99379983487	-13.5200153853
5.66628607809	-13.3336785413
5.2803631978	-13.2048235187
5.05817297456	-13.1089146183
4.6538330363	-12.8484387552
4.61923330839	-12.8263009439
4.42067339168	-12.7110588541
4.09706610491	-12.4988736233
3.77947636217	-12.3288145919
-6.790526852	-11.4800055515
-7.05732990579	-11.6418112731
-7.10690599492	-11.6903594098
-7.24783740244	-11.7993230797
-7.3825417343	-11.9911959965
-7.52052865481	-12.1451282845
-7.68646440409	-12.2825576446
-7.78808319055	-12.3695506607
-7.97606808152	-12.5470443418
-8.1788055574	-12.7707996872
-8.36752728675	-12.9493175458
-8.38772177466	-12.9720328042
-8.52122319514	-13.1337979338
-8.59833524822	-13.2334374878
-8.73014906188	-13.4448550706
-8.7583099159	-13.6778301107
-8.80549121977	-13.8777480255
-8.84422934101	-14.1486069531
-8.86716401914	-14.4074916218
-8.88467696305	-14.6222239638
-8.8939818851	-14.7808583745
-8.89994582387	-14.9420773057
-8.91251904092	-15.2437643251
-8.92552472668	-15.5599412527
-8.92824708616	-15.7061386751
-8.93144817808	-15.8630373652
-8.9445695593	-16.1688282806
-8.96569874932	-16.3128933614
-9.0226882157	-16.6038563876
-9.05930175632	-16.7451596555
-9.10259517955	-16.8671823833
-9.14293301886	-16.9755069698
-9.20483030599	-17.11602098
-9.59896330571	-17.8757167181
-9.7035050268	-18.0412749305
-9.89783887073	-18.3202064162
-10.0734719156	-18.5455630394
-10.1782992207	-18.6405391475
-10.2737658307	-18.7440102454
-10.3657547518	-18.8293757082
-10.4432578209	-18.8784878698
-10.5446270999	-18.9731069215
-10.696128494	-19.0388279112
-10.9871372847	-19.1605725911
-11.2048894968	-19.2223570966
-11.4386161378	-19.2915379805
-11.6172434069	-19.3247993973
-12.2079532585	-19.4414471087
-12.3686969285	-19.4630575316
-12.7263176993	-19.5292298641
-12.9060056541	-19.5118189048
-13.2333430661	-19.4751923424
-13.3918475787	-19.4522785941
-13.5091720294	-19.4267519642
-13.7755269273	-19.4676938707
4.03440162257	-27.1645132399
3.75760512713	-26.977136363
3.56167514128	-26.8915464675
3.34738342932	-26.8644638442
3.16611902172	-26.8767681116
3.04661345515	-26.8509283381
2.92186760932	-26.8318398493
2.79704741586	-26.8010432865
2.62992086759	-26.7664867792
2.45942739505	-26.7697671844
2.30966901105	-26.7153512779
2.03057618131	-26.6428088846
1.74178361862	-26.5714025379
1.523561729	-26.5173693015
1.35700102187	-26.4716588574
1.29555928313	-26.4545490488
1.03018399875	-26.3712071145
0.863301827767	-26.3275007738
0.628883789991	-26.2830412855
0.189751749668	-26.158957054
-15.0515007817	-17.0795474731
-14.9451745349	-16.6903502009
-14.9094405617	-16.5607511714
-14.8934622626	-16.3849068055
-14.7781168816	-16.0679752208
-14.7496505537	-15.8659352758
-14.7626296182	-15.7350002392
-14.7341579811	-15.5423717984
-14.7240743903	-15.3747762689
-14.7004891732	-15.0864375673
-14.6716671579	-14.9182799198
-14.6360144754	-14.7661630791
-14.6100088093	-14.7018434026
-14.5901091687	-14.5934137986
-14.5506217576	-14.2405893128
-14.5355758635	-14.0164152835
-14.5721282304	-13.9293176773
-14.573237345	-13.8362538977
-14.5919318048	-13.6476973708
-14.6289591621	-13.3722667189
-14.6832428306	-13.0543132247
-14.7586080856	-12.7778941746
-14.8093571754	-12.5683916109
-14.8286411938	-12.5291194842
-14.9045009169	-12.3558893173
-14.9954219721	-12.1333709737
-15.032899569	-12.0429101103
-15.1567463102	-11.832239085
-15.3191172909	-11.5744342728
-15.4405209506	-11.376954672
-15.6421136333	-11.1173391906
-15.7924065201	-10.913467674
-15.8730683954	-10.8174246014
-15.9765946397	-10.7042598009
-16.1395194553	-10.5320798265
-16.3701801071	-10.2803827836
-16.5057560809	-10.1594753786
-16.5888809878	-10.048334747
-16.8213241921	-9.80537867189
-17.0034329066	-9.58706416433
-17.1319049233	-9.49205970147
-17.352545206	-9.43316417867
-17.5859433926	-9.21428511731
-17.6767827506	-9.12959972665
-18.0340505557	-9.01663844358
0.189523499209	-26.1596156422
-0.0426428246856	-25.8448244362
-0.139989986114	-25.6093156016
-0.327561913952	-25.3043424345
-0.41519959588	-25.1379892267
-0.569829939796	-24.8394537541
-0.670479754682	-24.6042864781
-0.74814066788	-24.3784495242
-0.818695345909	-24.1612611276
-0.858963507589	-23.9818416758
-0.863488792789	-23.956209051
-0.90464992982	-23.5008855182
-0.901260246085	-23.1565708397
-0.88623797813	-22.9729420909
-0.844729911069	-22.7610609339
-0.726674029134	-22.3596102992
-0.590491289999	-22.0015319419
-0.474449760909	-21.7805061887
-0.418891161238	-21.6735007481
-0.216074093492	-21.3932239173
-0.0413662540251	-21.1631838027
0.142449627531	-20.9815670285
0.429107559338	-20.7253391808
0.538402616687	-20.6486719162
0.622797370575	-20.5456588967
0.849751978883	-20.3686509196
0.924343885909	-20.3500994807
1.10297348323	-20.2132532205
1.21929128305	-20.1246230039
1.37378481362	-20.0709001883
1.53871403104	-19.8747138906
-13.774615775	-19.453196605
-13.6520894442	-19.8505311526
-13.4707491473	-20.1303894731
-13.302917944	-20.3559857165
-13.1218609641	-20.6220849785
-13.008601846	-20.79716249
-12.8601854378	-21.0189016313
-12.6292051787	-21.3432630991
-12.5098260366	-21.4951154584
-12.3429483046	-21.7743010188
-11.9009166347	-22.4343187931
-11.582009385	-22.9081238826
-11.4850550602	-23.1985282171
-11.3789974736	-23.3931788045
-11.3111428015	-23.6738240787
-11.2413046281	-23.5873230408
-10.901784154	-23.6268504847
-10.7536145923	-23.7558717531
-10.4820928522	-23.8725744588
-10.2982615572	-23.9481109669
-10.0873548906	-24.0781800759
-9.94946876756	-24.16461453
-9.71181209828	-24.1611547742
-0.374776567112	-29.7757072052
-0.127251526314	-30.0030863988
0.329353851793	-30.1814949177
0.969251647583	-30.28643325
1.28415490624	-30.2568585738
1.69458221837	-30.1728384383
1.88374063436	-30.0914855845
2.09349264482	-29.9958895876
2.4922354281	-29.7919212912
-0.376056926889	-29.7735483131
-0.197953683102	-29.5569895892
0.179107846217	-29.3049856792
-9.71160250222	-24.1611389154
-9.50033705012	-24.0073434447
-9.37042208627	-23.7552341377
-9.17040106293	-23.5152615023
-9.06136903071	-23.4062819854
-8.7891275165	-23.2258083733
-8.55793222685	-23.0721981386
-8.47331457513	-23.0352576957
-8.29424757747	-22.9089674339
-8.15583394612	-22.8368102622
-7.97537318666	-22.7389618183
-7.53303076695	-22.5663044257
-7.17211180269	-22.4357263272
-6.98860120857	-22.3937476978
-6.77953610377	-22.3530512444
-6.5967453509	-22.3311480488
-6.2929928927	-22.31793091
-6.05450643097	-22.3131651409
-5.86104983178	-22.3143061571
-5.6386261049	-22.3029421218
-5.37958633393	-22.2714409595
-5.24061287988	-22.2597787124
-5.03820262888	-22.2490255911
-4.92032015632	-22.2529626214
-4.57286964863	-22.3373486037
10.9089207117	18.7059404439
11.2051807161	18.467445095
11.4158406875	18.1442363755
11.5995308077	17.8527076045
11.7997704993	17.5400269773
11.9251578574	17.2877926989
11.9976440317	17.1669970146
12.0839313592	16.9785768595
12.3896644366	16.3128615184
12.5314410106	15.9958197377
12.8056689172	15.2960923841
13.4602699044	13.3335361071
13.5251731574	12.9960234831
13.626787766	12.6916653362
13.6880597266	12.5249715266
13.6565601489	11.9556403827
18.2068253024	8.94990362454
18.3182330379	9.18888239032
18.5367235451	9.44600550159
18.6293556638	9.5451719357
18.7994760667	9.77538800234
18.922909272	9.92725961999
19.0097980966	10.040438638
19.1042862418	10.1523515138
19.1938336916	10.2950864093
19.2775602158	10.5007899601
19.3707351165	10.6383852226
19.4890139603	10.844783694
19.5136343264	10.879786713
19.5900535902	10.9854300168
19.7121396637	11.2173917771
19.7968129749	11.473067287
19.8852410208	11.6953252739
19.9654834837	11.7968097142
20.0749044946	11.9109567399
20.3668960083	12.1560224903
7.60841668907	7.6147896325
7.67939402388	7.3188866368
7.75092647261	7.19800961587
7.89416698819	6.96055276889
8.06836133263	6.76660152198
8.1999769212	6.63760015401
8.3287846444	6.43325308541
8.499966719	6.29011038341
8.64484360603	6.13674508915
8.89392912461	5.92630764014
9.2660943029	5.65159803274
9.45020064236	5.54151280796
9.7386489442	5.32676615435
9.97951206263	5.12986968854
1.1476934591	-16.7391487382
1.17210470138	-16.938596902
1.20055936352	-17.1857955408
1.20657015143	-17.3706592505
1.22270181845	-17.5415591397
1.26129090657	-17.7766358786
1.29684317759	-18.0707030429
1.33412420614	-18.2594637107
1.32604121622	-18.4225993904
1.36176480371	-18.5781803658
1.46319963996	-18.977420251
1.49781512814	-19.0979469947
1.38905842529	-19.2463044329
1.41345081068	-19.3424521965
1.3997557602	-19.5504411274
1.53853371188	-19.8746824182
1.14779958625	-16.7391867071
0.726155072849	-16.5290912726
0.494045810157	-16.389863437
0.32403049093	-16.2436413078
0.121455211847	-16.1527726929
-0.178317138327	-16.0761320108
-0.311917552733	-16.0288852194
-0.482259363825	-15.9827624096
-0.784432227425	-15.9473930759
-0.955056486905	-16.0225741917
-1.16934422304	-16.1129012202
-1.2336937156	-16.1447764289
-1.51611648042	-16.317122119
-1.57645405074	-16.4214435384
-1.63534237272	-16.5325299946
-1.76509790789	-16.7773375742
-1.90901744341	-17.0552407437
-1.97592506616	-17.2686467345
-2.01389304819	-17.4728124981
-2.028820663	-17.6514896402
-2.04195044171	-17.8512909837
-2.0541489824	-17.9900710491
-2.08173571131	-18.2470046936
-2.09164974735	-18.4291148977
-2.11065785214	-18.6501990772
-2.12562990953	-18.8302024574
-2.16016331226	-19.0905256486
-2.19531912974	-19.3626483072
-2.24750441491	-19.5912461642
-2.30661555236	-19.77867903
-2.36403862224	-19.9303204183
-2.45161896113	-20.1011722058
-2.55767913522	-20.3169733854
-2.71387883906	-20.5090795557
-2.95077951401	-20.7652455558
-3.15436715694	-20.9385852525
-3.28436152251	-21.0696261424
-3.4902424443	-21.2993530131
-3.80526981212	-21.5990718828
-4.15518915027	-21.9422173167
-4.57291763247	-22.3373077776
0.0816837293169	7.04418633258
0.429995197052	6.87576650854
0.709650274649	6.78940015104
1.11860270705	6.63807902156
1.24734823772	6.58810085531
1.43304042969	6.53810454642
1.83899598236	6.34471348078
2.02268846949	6.25324599315
2.23085394773	6.12322165939
2.39679236921	6.01801938415
2.60955834148	5.85337252001
2.82966719707	5.66872416867
3.0500215469	5.45670619151
3.4208698003	5.06467299219
3.63456594739	4.81410017012
3.85989885553	4.53629610065
3.99279477177	4.35889520875
4.15684732454	4.15922177786
4.24910236306	4.04642341373
4.40931081809	3.85528638359
4.52278313913	3.73370178042
4.63600166934	3.61782252999
4.77635544826	3.48033902112
5.00390359583	3.31888027752
5.14398894536	3.19907198143
5.37230207945	3.01118995606
5.64951400016	2.79616485983
5.82151912415	2.66357128912
6.07445099262	2.47308483949
6.35577782771	2.25393474369
6.44441985081	2.18429888492
6.51302644598	2.13047782894
6.65052268377	2.01628790571
6.81972537063	1.88171059588
6.90812615703	1.80848699443
7.0425229199	1.67773661662
7.30608952959	1.40724491521
7.47162389012	1.224599182
7.57556021826	1.10209939121
7.70898884056	0.934743159471
7.8319591882	0.764938001721
8.0483026566	0.418987739035
8.20565552862	0.112367603356
8.48340324501	-0.425416369768
8.72511327145	-0.912823214791
8.83609404992	-1.14133415495
8.93951457967	-1.35357898178
9.07133258307	-1.68094892775
9.19937498384	-1.99284130084
9.19361960989	-2.43586942254
-5.42196489172	28.4408349863
-5.4209785276	28.0124998521
-5.51902125464	27.8132836727
-5.61493165403	27.62737375
-5.67362602598	27.4999367728
-5.72869689553	27.354608872
-5.85425687763	26.966330168
-5.94181937616	26.5706021889
-6.00811358104	26.3432775284
-6.08645801989	26.0114288646
-6.15569079808	25.7397757033
-6.24115092964	25.2648623364
-6.34150689102	24.5816422614
-6.3598790612	24.434093283
-6.41172741803	24.2203044539
-6.40497160915	23.9959203433
-6.42881979118	23.774458983
-6.29518970916	23.5153930249
